108820zack
10882008
10881988
10881916
108818
108817
1088167
1088155
108814
10881290
1088109m3
108810801
10881
108809
108808
108806
108805
108804
1088011989
1088004339joy
1088002012
1088000383
1087zink
1087v0
1087star
1087saebas
1087kg
1087elma
1087canoe
1087July
10879cali
1087998557
1087997818diez
1087997493
1087997396eli
10879968115826
1087996291
1087995930
1087995753
1087995423
1087995252
1087994883l
1087994531
1087994238
1087993641
1087993367
1087993248
10879930033284376
1087992959
1087991958
1087991116
10879909083221216
1087990410
1087990107
1087989583
1087988839
1087988677
1087987900
1087987037
1087986049
1087985167
108796
108792
10879112
1087910879
108791
10878s
1087897
108789
10878710
10878693
108786
108783395
1087828
1087806
10877990072
1087793
1087773jrh
1087753
10877343
10877108
108770893
108770.
10876fire
1087698katie
1087675
108767
10876627
1087654321
1087643142112369
108764
108761f
1087610
10875l1
10875992
108759
1087573s
10875657
1087553
1087552117
1087550665meli
1087548398
10875407
108754
1087531
108751r*
10875
1087487966
10874771
108745181
10874305
1087415503
1087410967
108741
1087408522
1087406879
10873874
1087378
10873684
108736469991912
108733
108731
10872oc
108729
10872647
108722m
1087225
108721351
1087185
10871724
10871666
10871572ml
108715617
108714
1087129946
1087126550
1087124618
108712
1087116059
1087108405
1087101
1087091
108707777
1087072
1087035
108703
108702rich
108701lester
108701
10870000314
1087..
1086vmh
1086masucambo
1086kl
1086ken
1086grt
1086eldiosmundo
1086ato
1086KIKI
1086974
10869533
10869434
10869321
1086922093
10869094
10869
10868EJ
10868787
1086845ef11ddF2a
1086810868
1086808
1086806
108679ismail
108678a
1086778236
1086754901kw
108675
1086740
1086726084
108672
10866kj
1086666
108662n
1086609E
108657
10865647
108655j
108654a
10865451
108653
108652058
1086512
10865
10864826
10864786
1086462
10864582
1086436AD
108642177p
108640547186
10863xp
10863792
1086360419
1086342
108633151
108632
10862delrey
10862837
1086278013
1086277
10862709
10862462
1086244
108623t
108622
108621
10862005
1086195a
10861683
108615
1086134386
108612rlm
108612
108610r
10861
108606+
1086045balh
1086043051
10860197
108601204
1086002
1085tyler
1085rl
1085pau
1085nes
1085love
1085kiara
1085goga
1085cool
1085ball
1085IH
1085AROD
1085987
1085937
1085921
1085917443
1085917213
1085913287
1085909439
1085908850
1085906849
1085905127
1085902493
1085901267
1085900564
1085899852
1085899758...
1085899
1085896996
1085890215marce
10858798225700
10858626
108583
108580ok
1085798
108576mig
108575480
1085743
10857115
108570md
10857
108568990
1085686388
1085677a
108567
1085657
108564nr
10856318x
1085629
108562278221
10856115
108560
1085585
1085573
108555k
1085548
108552
10855124
108546
108543ds
108542160
1085416
108540
10853889942
10853606
108534
1085329
108530e
1085285620
1085285151
1085281682
1085281436
1085280198
1085279766
1085279370
1085279137
1085278392
1085277995
1085277755
1085277132
1085277039
1085276869
1085276182
1085275718
1085274845j
1085274464
1085273717
1085273508
1085273268
1085273132
1085273049
1085272nc
1085272829
1085271161
1085270953p
1085270934
1085270814
1085270384
1085270082
1085269923
108526971708121988
1085269501
1085269074
1085268910
1085268727
1085268225
1085267843
1085266696
1085266549
1085266027
1085265892
1085265456
1085265
1085264820
1085264227
1085263638
1085262804
1085262664
1085262465
1085261955
1085261672
1085261545
1085261389
1085260619
1085259473cordoba
1085259399
1085258814
1085258582
1085258093
1085257811
1085257784
1085257734
1085257698
1085256984
1085256615
1085256390
1085256
1085254909
1085254295
1085253951
1085253564
1085251931
1085251225
1085250979
1085250530
1085250220
1085249977
1085249326
1085248790
1085248116cerveza
10852471
1085247
1085246432
1085246199
1085245905mary
1085245202
1085244714
1085244081
1085232
1085211
10851vc
10851cvc
10851F
10851905051991
108517.stu
1085167267
108515k
108514
1085122
1085119809
10851076
108509
10850892
10850715
1085063
108505
108504
108502
108501
1085/6710
1084steel
1084nw
1084mo
1084life
1084cj
1084bl
1084ame
10849aar
10849962
1084966
108495
108490bf!
1084873vn
108486n
1084846670
1084822010062
1084815m
10848026
1084782
108476
108474tmah
108473
10847103
108470
1084687
10846775125
108463
108460466
10845joe
10845803
10845491
10845292
10845140
108450
108448
108445ss
1084451japanese6
108444
108442600532
1084421050011
1084413
108441
1084388
10843842
108437
108434297
10843064
108429o
108428
1084269
10842527
10842462
1084240267
108423angie
1084230
1084223454
10842114
10842
108419s
108419
10841600
1084156
108415
1084145
1084132MB
108413
108410160
10840a
1084090
10840803
108406
108402
1084019
1084014kc
10840123
10840
1084*
1083xz
1083sd
1083robert
1083lww
1083hitchkik
1083georges
1083g
1083diosesamor
1083davjo
1083TN
10839j
1083994
10839892
108397
108396
108395
1083925
10839165
1083900
10838Y
1083883
1083879200
1083875052
1083873716
10838717930
1083869676
1083866065
108382033
108381
10838
1083790605
1083755
1083714
108371
10837050
10837
108369L
108366
10836554556
108364
10836206t
108361bq
1083611
1083600
10836
10835cara
1083576R
108357
108355at
108353
1083509
10834adida
10834863
108347455cah
1083463780
1083462196
1083458
1083439d
1083435
108342
1083408527*.
10833b
1083396
10833499
10833313498
10833268
108331
10832kem
10832953
108329
10832882
108328
10832750
10832676
1083249cc
10832296
1083222
108320
10831j
10831990
1083168
10831512
108314
10831322
108312M
10831101
10831001083100
108308
1083072
10830454mvhv
108304
10830336
10830308
108302pigs
10830128
108301
108300
1082vivi
1082vega
1082roxy
1082mar
1082jn
1082edy
1082brim
1082a
108299974044Gold
10829688822
10829543
1082947
10829324
108293
1082926
10829123r
10829056ra
10829033
10829
1082894200
108289
1082884438
1082879066
1082875929
1082861980
1082855798
1082851804
1082849866
1082847663
1082830
108281
1082794
108278
10827426
10827175
1082702c
108270
10826987
108266i
1082656700
10826416
108264
108257869
10825625
108255413
10825404
1082538
1082534
1082531
1082529
1082523
1082521
1082514s
1082510825
108250003
10824christy
10824922
108247
1082469
1082461
108244
108242
108241
10823fiffi
108237car
108237
108236
1082351991
10823384
1082330
10823204
10823100
1082305
1082297
108229
10822660
108225
1082244
1082230
1082212
10822004
10821jason
10821969
108218
1082161
1082155182
108214
108212
1082110821
10821098
1082103
10820br
108208308
108208
10820751
1082054
1082029
108201i
10820149p
10820018
1081z
1081xis
1081libra
1081hu
1081anne
1081abc
1081AMG
1081998
1081993SD
1081991a
1081990leon
108199
1081988010502250
1081985khadineke
1081983
1081981love
1081977
1081968
1081961
1081959
10819500
108193
1081910851
1081909729
10819003216
1081900
10818987
10818893
1081881801
10818695
10818507
108184
10818189
10817Z
1081793
108179
10817710
108176ks
108175KP
1081751
1081745mh
10817239
108170016
108168808
1081681
1081675
1081662
108163m n
108163
1081618
108160
10815sammee
1081593067
10815723
108154
10815320d
10815293
1081517
108151412
108151
10815
10814mike
108147
10814636
10814449
1081416
10814102387
1081408
10814007
10813jhw
10813933
108139186261
108138814j
108137637
108137052
1081363
108135427
1081321
1081315
108131
10812pj
10812922020602
108127387m
108125797
108125300
108125
108124
1081236297
108122454
1081214
108120428080
108119951s
108119489
108119130
108119
1081176
108117158
108116544
1081154097
108115182
10811478
108114109
108113toon
10811368
1081135
10811212497
1081120
10811151
10811113
1081106321
10811030
108109895
108109254
10810811
108107646402d
108106879j
108106834
10810630
108105
108104
1081030
1081029
1081024
108101111
1081010
10810092633127
1081007
10810
1080veneno
1080stalefish
1080rz
1080rockyou
1080pimp
1080nd
1080mike
1080lvb
1080ld
1080junkies
1080jdtp
1080hinata
1080drunk
1080craft
1080bmx
1080anthon
1080abs
1080MENCHI
10809dd
108099280
1080989
108096072
10809563
10809530
10809482
108094525
108093714r
1080932055
10809304
108093
1080921
108091sd
10809142
108091000094
108090858
10809029
1080900279
10808agustadrive
108088025
10808674
108086095A2009
108085060c
108085
108083751
10808350
108082564
1080822
108082
10807969
108078970
108078
1080771
1080769413
1080756
108074366
108073j
10807299897
108071714
1080700
10806aj
108069541
1080684
10806766k
10806742
1080669
1080664
1080654657
108064014
108063568
108062673
108062166
1080614
108061
108060024t
10805dmb
10805983
10805899
1080580
1080566702
108055533
108055
108054008
108053877m
108053188
1080522
1080521
10805168
108051425
10805065
10804m
1080496
10804862
1080473
10804719rc
108046749
108046689
108045615
10804514
10804484
108043108
1080424t
108042
108041
108040
10803931
108039
10803822O
108037
108036760mj
10803456
108033064
1080329
108032
1080316dan
1080307
10803052
10803004
1080291325
108028438
1080270
10802641
1080262
1080256
108024s
108024665m
108024
10802378
108023
108021528
10801md
10801996
10801978
108019
1080180745
1080148
1080131080
10801260
1080123
1080113168
108010894
108010807
1080105
10800977
1080090av
1080088
1080074
108007
10800633
10800609
1080057
108005356
1080051
1080041390601955
108004026
108003060beta
108002245
1080017850
1080015
10800123
1080010
108/67
108-besties
108%4Me
108
107zoe
107y46
107wivk
107wii@DIVINE
107weveret
107vlr
107victor
107trompaq
107tomv
107tae
107sunnyhill
107student
107southoak
107sfr2
107scary
107s107s
107ryuha_no_mai
107purple
107p5
107oothas
107ngave
107morris
107mittelschule
107mil
107manhattan
107love
107longmea
107linton
107knt110
107kirksyde
107kgapal
107jujitsu8953
107jjj
107jan31
107inocencio
107hxxva
107htk
107heaven
107guaymas
107goblin
107glenshesk
107fagg
107eman
107egleston
107dye292652
107dojo
107ddb107
107crlosilove
107clik
107chris
107chic!!!
107ccyy
107cat.com
107bus
107brian
107boo
107bigpc22ja
107baby
107april
107angel
107am15
107agkes
107abi
107YCP
107THUGLUV
107Pun
107KARIA
107High
107FY2KM
107ELI94
107CRIP
1079theend
1079rudra
1079jpjk
1079hall
1079aspen
1079Fani
1079991
107996
107994
1079912452
10798a
107988710
10798832
107987rw
107986
1079825
1079820
1079810440
1079804
10797l
1079797m
10797819
10797419
107973010810
1079710797
107969912504
10796833
107965455
107964
1079620679
10796051
10796017
10795db
10795990
107958797458
1079555
1079530.,
10795244
1079508162
10794e
107949425
107947
1079426
1079409545
107937799
1079358476
107930
10792eo
1079294
10792879
107928
107925
107923ayshaali
107923
107922
1079213d
1079211792
107920b
107920840624557
10791hasril
10791c
107919
107917
10791628
10791430
1079136921
1079132
1079103
10791018
1079093245
1079080
10790721
1079013
107900j
1078yahoo
1078urpi
1078miami
1078love
1078jdpg
1078garnet
1078cc
1078ao
10789j
107899h
10789830
107896k
10789588a
1078957
107894
107892
1078910
1078904
10788angel
107889
10788752
107887035
1078869
107885801
1078842p
1078836
107883
1078827v
10788191036
107881
10788056
107880
10787841
107875787
1078753
1078738184
1078710
10786j
1078690
1078685
107867
107865
1078639562182
10786296k
107860
10785bart
1078576516
1078567
1078542cj
10785170-4
10784m
10784804
10784572
107843
10784162
10784073
107840
1078384j
1078367139j
10783486
1078330
1078317
10783059
10782a
107826
1078254
1078250
1078238
1078228
10781sik
1078179571
107817
107813
1078107
10781028
10780lak
1078082h
107807404
10780651
1078046
107802
1078002
10780
1078
1077q1v1
1077mtr
1077lm
1077golden
1077dunn
1077cjl
1077AW
10779ame
10779772
107797
107796285
10779540
107794077
10779
1077889966
1077855001
107785
1077848882
1077845
1077842233
107784
1077819
10778107
107780
10777brk
10777554
107773j
107772N
10777226
107772
10777052
10776956
107768cmm
107767b
1077643
10776417
1077636red
107763
10776*
10775hu
10775970
10775555
10775399710
1077536
107753
1077519051907
107749750m
1077479
107747
1077464
10774593
1077449
10774446
1077442315
1077440415
1077439931
1077439289
1077437507
1077436
1077434847
1077433
10774328
1077432229
1077432
1077431937
1077431262
1077430976
1077430198
1077429949
1077427060
1077425618
1077424278
1077423
1077422471
1077420139
10774000
10774
107738
1077358vayolet
1077346172
1077335
107731
1077281
1077275
10772738
1077268
107726
107724
1077239205
1077228
107722508
1077215
107720
10771unity
1077172
107716c
107716404030
1077143659
1077131
107712
107711257
1077109
10771078
1077083055
107707xxx
107706
107704
1077035
107702960
10770232
1077020
10770000v
1076wg
1076sulu
1076lh12
1076jiama
1076hj
1076bpm
10769kg
107698
10769528
107694591
107691kt
1076877509
10768699
1076867
1076850
107683eh
1076837
1076818661
1076818
10768160
1076785
107677801x
107676759
107673em
10767200
10767
1076682
10766678
1076652012
107664521
1076633
107663
1076591
1076588010080989551
107655
10765370
107653
10764986
1076474
107645
107643
10764189
10764104
107640
107639113
1076389
10763776
107636995
107636633
10763619
1076350160
1076346
10763398
107633
10763248
1076324690
107632458
1076322651
107630x
10762j
107626jao
1076262004
107624
1076220302
107621
10762004
107619
10761586
1076141
107613id
10761234
1076116t2hphiphopboy
107611
10761029
10761
107609
1076074
10760693
107606
1076052
107604031
107604
1076030
1076025
10760136
1076-1996
1076
1075sz
1075me
1075hv
1075bby
1075TLY
1075@cmzm
1075978b,m
107594a
107593mex83
107592ER
1075906
10758jump
1075871571
107586
107584w
1075823
107580
107572965
1075711
107570
1075696
1075688521
107567110a
1075661693
1075659810
1075658664
1075658267mile
1075657939
10756562077
1075655821
1075654391
1075654067millos
1075653618
1075652972
1075651561
1075650945
1075650866
107565
107563995m
1075624967
107562
107561
10756*
10755701
107555k
10755430
1075530
107550600435
10754805
10754766
107547
107545@
107545541
10754443
1075435
1075403
107539
10753843
10753520
10753509
107534
10753273
107531
1075303031
1075302
107529
107527
10752507
1075244128
1075242887
1075241685
1075240696
1075236447
1075234395
1075232622
1075231827
1075230976
1075229888
1075228462
107522588
1075224300
1075223222
1075221925
1075220782
107521a
1075219265
1075217715
1075215316
10752150
1075211430
1075200
107515
10751198
1075111
10751076
107510
1075095
1075088824
1075078b
107507
1075045
107503j
10750221
10750042
1075001
1074tinir@u
1074owen
1074lmd
1074jvfd
1074ims
1074ever
1074bugy
1074PAM
10749622
10749472665
1074917
10749
1074897400
107489
107486013
10748413
107483232
107482a
1074814
1074808
10747888
107478
107477
1074727j
1074713389
10747
107465
1074621040004
107460sexy
10746
10745862
1074583
1074563
1074552
107453a
10745236
10745153
1074511
1074501
10744ba
107448a
1074480
107446
107442
10744141
107440963
107440
10743715
10743512
1074321050036
107431j
10743
10742609
107424abe
107422
107420
10741851
107417
107416
10741555
10741429
1074132
10741166
10741015
10740hakim
107406
107404p
107404
107403206
107403
107402
1074006
10740
1073ukester
1073san
1073poop
1073nt
1073mfs
1073linda
1073jrg
1073her
1073em
1073C1068
10739c
107398j
1073924516
10739201
107390
10738sss
107389chance
1073894
10738865
107384lc
107383
1073819jk
1073783jk
107375
10737441
10737300
10737
10736d
1073682792
1073681374
1073672028
1073657304
107364
1073605
1073601143
1073591
1073572
1073555
1073549
10735331
107353
10735185a
1073518
107351403488
1073500
10734loire
107349
1073472
10734522
1073443
107344
1073434
1073422
10734089
1073402
10733vm
107339800
1073382
1073351
1073334
107331
10733021
107330
10732kb
10732falexander
10732d
107328
107326
10732514122
1073235809
1073233097
1073232775
1073232114
107322
1073219
107320
1073189j
1073182
1073164
10731598
1073156895comanche
1073155483
1073155
1073154859
1073153970
1073152654
10731522
1073150594
107314t
10731314
107313
1073100
10730950
107309011997
107307
107305
10730430
10730230
10730130
10730111
107300c
1073.41
1072wero
1072tim
1072mcp
1072ed
1072999
1072978
1072960580
107293
10729168
107290hb
1072909
10728912
107287
107284
10728168
107280823
107278h
10727580
107274
10727290
1072712
107270bj
10727
10726815
10726726
1072652909
1072650307
107265
107264905
1072648463
10726437
1072642677/j
1072641
107264
1072630269
10726211
1072613hss
1072605
107259
10725777
1072568
107255
107254
10725372521
10725341072534
1072529
1072525457
1072522
1072515092536
10725119
1072500
10724v
1072485535
1072462765
10724528
107244
1072426a
1072422089
1072415
107240607jmcg
10723z
1072391990
10723834
107236n
10723609
107234622589103
1072335jmg
1072319922526885
1072315322
107230
1072271
10722579
10722520
107224gp
107224
1072218
107220896574112
10721m
107219492
107219
107216
1072153
10721327185528
107212223
107211410490
10721100jj
10721072
10721
10720pll
10720845
107206
107205
107203
1072026166
1072016
1072009
10720047311993
1072002
10720
1071tati
1071pepper
1071ma
1071leigh
1071hot
1071gh
1071997gg
1071995nena
1071995ez
1071993s
10719930
1071991694
1071990vucko
107199
107198548
1071984
107197789
1071975
107196
107195
107193-mert
107192
107190ky
10719025
107188011
1071860351
1071854
107183h
107183
1071822a
107181314
10718087mf
107179531
10717848
1071781
10717789
107174
10717
10716ps
107169331
107168
10716668
107165tds
1071649
1071639
107162
10716161
107160731
10715966
10715889
107156454-
1071549023
1071529
1071516
1071511
1071508
10715051
10715
1071492
107148835m
1071470
1071467053
10714653
107146
107144
107143
10714
1071394
107139
1071366
1071355m
10713535
1071347m
1071328816
1071321
10713171093
10713110
10713026
10712ap
107129576
1071271
107126945
10712530
107123342094
10712261
1071223jc
10712022
107119fr
1071181
10711793
1071164723
1071163931
1071142115
10711354
1071132
10711220AMCFLF
1071121
1071114
10711072
1071104
107110311027
1071102B
10710h
1071091058
107107mdy
1071079
10710729
10710702
1071057
10710453
1071044019
1071030
1071021035
107101dj
1071010
10710094
107100261
1071/1453/
1070werombi
1070q29
1070minn-
1070karuso
1070heli586
1070dj
1070bunce
1070Abc
107099
1070972
1070956074
1070955740
1070954044
1070953888
10709510
107095
1070948
1070945803
1070942312
107093
1070924
1070917823
1070910709
10709040
10709
1070892
1070875
1070858
107085
1070832
10708279
1070822
1070810
1070798
1070785
1070763
107074ever
1070729
107071058
1070705133
10706o
107069
1070669
10706503
1070633
1070620
1070618
107060147
10705rose
1070599118765
1070598508
107059728932
107059107059
1070589155
1070587091
1070585k
1070576
107057
1070549935<3you
107053
1070524
107052
1070514
107051
10705014
10704uc
10704995
1070481
10704793
1070464
107042932005
1070414
1070412159
10704053
1070402
10703k
10703950
107039
1070362
107035eh
10703402203
1070324
107032134
10703102
1070304699
10702q
10702carol
1070281
107026
10702551
1070250
1070235369
1070230
1070225
1070215h
10702031
10702007
10701lib
10701993
1070187
1070169
107016300788
10701560
107015254
1070137
107013
107012324
107010m
10701070wc
1070103
10700michael
107008
1070072
10700607
107005580
1070049
107003294
107002974
107002228
107001104
1070010
107000688
1070006260
1070002
1070
107.h.g.c.
107.8fm
107.5fm
107.1fm
107-6133e
106xsia
106woveyew
106waverley
106waquoit
106super
106state
106spirit
106simpsons106
106sam
106rebeldes
106quiksilver
106pop
106pine
106parker
106ok119
106mylove
106mtv
106mk1
106maple
106lyon
106love1123
106loc
106lita106
106lfcrule
106lake
106kota
106khq
106katia
106joseph26
106jai
106j21
106ilesstreet
106hudson!
106gti25
106foreversf
106faith
106emre
106dyr
106drift
106cuz
106crip
106chick
106castillo29
106caballero
106brooksby
106broadfoot
106bjw
106bennett
106badboy
106angel
106americus
106_skye_106
106STREET
106CRACLAY
106Ashfieldrise
106ANDPARK
1069ts
1069police
1069nw
1069mls
1069mael
1069lifeteen
1069fox
1069edb
1069ce
1069b2
106999c
10699845
1069965
10699601
106995nak
1069952e
106993
10699255
106991
1069904
10698s
106988manu
1069846
106984
106982
106981
1069802
106979a
10697779
10697427
10697321
1069729567
1069726885
1069726279
1069725401defgga
1069724533
1069723205BallesteroS8
1069722420
1069721363_jht
1069719895
1069713407
10697*
10696tf
106969krm
10696845
106966
106963-a
106962
10695jen
10695916
106958
106957511
10695591
10695394
10695207
106951
1069475848
1069468998
1069466
1069445
1069433232
106942
106940
10693Ieza
106938
1069360
1069352
106934748
106933
106932012
106931
106929ca
1069265
106925
10692345678946
1069214
1069208
10691g
1069198
10691723
1069155an
106911969849710
10691129
10691099valencia
1069107
10691012
10690lj
10690LJ
10690851maicol20
1069078130
106906818
106904
10690203
106902
1068yr
1068sean
1068ls
1068lm
1068ks
1068ic
10689emily
1068998
1068992
106898
1068973073
106897
1068959
10689423alex
1068935
10689282
1068927247
1068916x
10689120
10689067
10688l
1068869j
10688622
1068844
1068830A
106881v@n
106881993
1068815411
1068804
106880
106874
10687305
106872
106870
10686lg
10686isme
10686931
106869
10686788
1068654753
10686209
10686186
106860
10685tae
1068581
106856gethit
10685421a
1068530gina1922
106852a
106848258
1068473
1068453
106844muco
106840
1068375
10683502
10683217
1068316
1068310
10683034
10682c
106827994
1068269
106826
106824s
106824470000
1068215
106820570
10682
10681992
10681313
1068123061993
10681123luis
106810
1068082
106807
1068063
106805
106803
10680
1067nc
1067home
1067fea56e00
1067990
1067976s
1067964
10679534510
1067944c
10679234
10679185A
106789970
106789456
1067883719
1067881871
1067877053
1067870797
106786866
1067858780
1067856472
10678510
1067848190
1067843
1067841555
1067839
10678365798
106783
106781
10677a
1067794l
1067787
106776g
106773b
1067721
106771
1067696
106768784
106764yani
1067643
106762537
106761767
10676
10675m
106758jkt
1067573
106752
1067515
1067502
1067499gikiyd
1067481
1067463463
1067461
10674315
1067422
10674100
10674042
106740
10673987
106737wong
106736
106733eg
1067334
1067327
1067315
106731
10672bday
106729192
10672777
106726
1067248dd
106724
1067223
10672079
10671678j
1067147r
10671401
10671270
10671199
1067114
10671067rd
10670459
106702417
1067015
10670060
10670
1066zrc
1066twtw
1066thomas
1066savas
1066pippa
1066norisol
1066lagg
1066kin
1066kharah
1066jnr
1066james
1066hx
1066ha
1066dad
1066borell
1066ash
1066_1066
1066Battle
1066=boh
10669996
106697
106695GM
1066935
1066927839
106691
10668756
106687
106686
1066839713
1066822
106682
1066811
10668071
10668
1066794542
106678
1066763628
1066745
1066740
10667175
106671066710667
106670
10666me
10666858
106667
106665441
10666346
10666263
1066611s
106660
10665my
10665969
1066575
106655
106652
1066516
10665032
106650
106648
1066466
1066464
106644a
106644
1066435
106642681
106642
106640
10663a
106636
1066342596
1066311
10663007
106629ag
10662785
1066256
106624
10662244
1066221256
1066201
106619932
10661972
1066169
1066153
10661415
1066123SAZ
1066122
1066116763
1066100
1066074
106606
10660448
106603boxstop
1066018
10660073
10660+6259+2010
1065you
1065thrill
1065jr
1065fm
1065cindy950
1065NB
1065992551
106598
106596gj
106595642
1065936
1065927
106592
10659126
106590
10658bitch
106589
10658877
106587101390
1065863
106585
106584
10658164311
10657dr
1065745
1065721
1065709
10656ali
1065685
106567050
1065658
106562925
1065623056
1065619071285
1065615318
1065605629
1065601057
1065600884
10655971
1065590891
10655867721065586772
1065584627
1065578349
1065566707
106554
1065532723917106
106552102
10655156
106550m
10655034
1065501192
10655
106549
10654804
1065463
106545jr
106545
1065444
1065440
10654377
1065428k
10654213+-
106540e
106540
10653793
10653715
10653588
1065340
106531nnjk
1065315
1065311
106530
10652sd
106529
106527
1065257
1065243
106524
10652385
10652337
10652149
1065211033
10652
10651@Pho
10651851
10651797
1065169t
1065168
106514
10651144chino
10651063
106510
106509883
1065082
1065074
106506
106504123
106503
1065022
106502
106500
1065
1064tr
1064mt
1064london
1064ed
1064bird
1064az82
10649x
10649o
10649869
1064979324
1064976j
106496E
1064961
1064958
106494
1064922
10649
106488
106486
1064848
1064826739
10648134
106481
106480
1064788710420
10647537
1064752
106475
106473218
10647000
106468
1064676
106464713j
1064641
10646250
1064601
106458
106456mt
1064559
106453130688
1064528
106451
106449
10644773
106447
106444
106443
1064427588
10644178
1064400
1064388
10643593
1064353
10643479220
10643450
106434
1064333
106433
1064325
10643176
1064281cod
106428
1064266
106425
106423lol
106423139
106422911687karla2
1064220
1064210133
10641gemelas
10641993
1064171
106415
1064137
10641177
10641064a
10640hwy69
106405
1064047188
10640351
1064022
10640173
106401
1064004
1064/salamanca
1063yvc
1063free
10639y
1063989
10639716
10639463
10639029
10639*
1063896
10638794520
106387
10638588
1063845
1063822
1063814
1063809053
10638
106379800
1063784
1063782990975
106377
106375
10637005
10637
1063697
1063695
1063683j
1063669
1063647
106364
10636253
1063610182
10636
1063590
1063579
106357
10635526
106354kk
1063535342
106353
106350
1063487
1063477
1063467
1063456
10634446
106341b
106341
106340
1063383sk
1063378
10633570
10633438
1063333
1063317
10633024
106329imh
10632860
1063281253
1063270
1063249p
10632404
106323
10632144
10632070
10631983
1063196
106319
10631777
106317
106316002
106314a
106313
106312308
1063112
106310
106309
1063070
106306238448
1063051
1063050
10630445
106304
1063026
1063015
106301
1062trz
1062ryde
1062nw
1062nc
1062lovely!
1062jw
1062dabkellie
106299
10629782
10629437
1062938
1062928
10629165
1062900
10628C
106288jcc
106287432
106286
10628234
10627elm
106278
10627745patita
10627471j
106272514
1062712
10627
10626911
10626743
106266
1062640
1062636
1062610626
1062592
1062578
106257
106256
1062543
106253512
1062533
10625292
1062522
106251a
10625170
1062507
106249a
106249
10624468
10624374
106242secret
1062424
106241760
106240
106239
106238
1062363
106231282838
10623062537
10622coach
1062291209
1062290702
1062289277
1062286977
1062286671
1062284494
1062283414
1062281281
1062279896
1062277397
1062275887
106227
1062257
106224375
10622260
106221055
106220979
1062184
1062171
1062147xx
1062140
106213y
1062134
10621195
106210
10620801062008
10620780
106207
106206302402
1062055
10620531
106205
10620484
10620422
106202894
1062020
1062005lmn
1062001
106200
10620
1062
1061kmel
1061gmcd92
1061fine
1061a704
10619rt
10619b
1061993panisa
1061992ct
1061990144703
106199
10619895115
10619879
10619872010200456
10619844
1061981alim
10619715
1061970
1061965
1061961
1061956
10619555
10619510
1061947232
106194
1061930
1061923
1061914
10618817
1061844
1061838v
10618168
1061815
10618056
10617991
1061798086
1061790
1061774
106176
106175
1061745
1061736
1061733907
1061730573
106173
1061729438
1061728580
1061724570
1061724505
1061723163
1061722158
1061720511
1061719743
1061718420
1061717579
1061716825
1061715871
1061714740
1061714
1061711879
1061710741
1061709608
1061709164
10617085
1061707536
1061705771
1061705428
1061704306
1061703835
1061703240
1061702295
1061700723
10616ld
1061699111
1061699
10616978885
1061695755
1061694888
1061694038
1061693056
1061691992
1061691801
1061691185DAVIDESTEBAN
1061689
1061686747
10616854998624
1061685349
106167910
1061663kerry
10616448
10616318
1061625164
106161
106158
106157
106156
106154ang
1061533556
1061529377
106151993
1061518
1061495
1061472
1061457
10614438
1061432433
1061431
106143
1061422
10614
10613C
10613809
1061373
1061369969ana
10613668
1061355
10613468
10613320
106132
1061315
10613
10612dma
1061288190
10612778
10612644
1061260
1061248
106124
10612355
10612300
10612031
106120
10611928
1061172921H
106116106
106115403ii
10611452
10611266
10611260
1061123456
1061120
10611162
106111409
1061108938
1061107300
1061102250
10610kja
1061088064422
106108555
106107r
106107023
10610690
1061046755
1061042165
106104
10610334
1061021
1061018329
1061011062726579
1060vr01
1060pyle
1060paola
1060noel
1060mustang
1060fans
1060dann
1060dan
10609sandy
106098pearson
1060987
106098
106097
106095N
1060947
1060936
106092002
1060910
10609036
10608e99
1060886
1060880
1060873
1060863
1060847
1060841
106083
1060812
106080b
10608000406
1060787
1060778
10607696
106076
106074322
1060731n
1060718
10607
10606ta
10606me
10606c
10606992
1060689
1060677
10606534459
1060650123
1060648953
1060648286
1060648068
1060647613
1060647459
1060647318
1060647058
1060646879
106064
1060620z
1060620
106061395955.
106060
106059
1060588931
1060584
106058
1060561id
10605509230675
106054
106053
10605171993
10605076
10604p
106049
1060487
1060478037
1060469
10604605
1060455dde
106045
1060436
1060428
1060415
106041
10604020141
10603961
1060391005
1060361
10603577
1060349ethan
106033233175
10603171
1060314aguilas
106031
10603059
1060300
10603*
10602n
10602966
1060284GORDO
106028
106027
1060267
10602523
106023du
1060237404
106022
1060211
1060202241xue
1060201
10601luv
10601706910
1060156
106015
1060141213
10601339
1060122
1060119
10601060
10601
106009814
10600808488
1060067
106006058
1060057rdc
106005288
106004731
1060044
106003961
10600390
106003253
1060029
10600238
106001888
106001826
10600067
10600032410
1060000601
106/112
106.6fm
106.123
106-05
106&park4eva
105zie
105xo12
105wva
105wilson
105ud5XK
105trace
105tipsy!
105ther
105tang
105stpcs
105south
105scoot
105sampson
105romi
105raceway
105point7
105ozbirn
105ottomelara
105oki
105ny
105moe
105mgw
105mayo
105mary
105magic
105lobos
105leolove
105katherine
105k138g
105jewel
105iswereilive
105isdaname
105ilm
105hearts
105hammondville
105ghana
105felpin
105edwan
105duane
105delta
105dav91
105d105d
105cole
105clutch
105cedar
105cama08
105bob
105beech
105bay
105angie
105amiguis
105_mariluna
105SIA
105Hughes
105Eka
105EMMA
105Cleveland
105BYRD
105Asotin
1059rg
1059megbeg
1059lc
1059jm
1059jd
1059bash
1059AMMEGAN6289
10599blh
1059991
1059982827
1059981903
1059981115
105996MP
105996
105993alex
105992
1059906669
1059902660
10598944
10598767
10598721
105984
105983
1059811
1059804
10597m
105979
1059784849
10597564403
1059730
1059703
1059700730
1059696556
1059695
1059678909
1059642
1059638
105963
1059609pig
1059606810
10595des
1059596
1059592
1059551
1059549
10595442
105951159351
105951
10595
10594polo
1059487.
105946li
1059446185
1059444454
105944
105941572
105940a
105939
105938
1059366762
105936
1059356219
10593438
105933
10593280
10592s
10592jlm
10592e
1059273
10592584
105925
10592499
10592310s
105921
10591xx
1059197617
1059190
1059177
10591642
105915
1059132
105912
10591052
10591003
1059085
105908
1059071986
10590301
105902009
105902
1059009
1058rl
1058lr
1058l
1058bb
10589hec
105899
10589879
105898588
105898
105894--
10589246250982
1058912413
10589030
10588j
1058894
1058878
1058876
1058843196paola
10588304
105882107
1058817552
1058817212
1058816a
10588028
105880
10587kh
10587gun
10587amm
105878
1058737sa
1058729
105872130
1058709611
1058704
10586uno
10586amh
1058689
1058687
105867
1058663
105864p
10586330
105860
10585Kelly10585
105857
105856
1058550
1058538
105853
1058524291
1058507
10585046
105849
105848
10584496
1058443
1058439083892
1058435o
10584295
105841ty
105841234
105840717
10583jrr
1058368
105835
1058337
10583264789.
105831922822
10583030
105830
10582fb
1058290
1058286
10582787
10582666
1058249
105824
105823
1058211
105820
1058185
10581794
10581616
105815
1058141
10581271
1058118
10581144
1058105858
1058101
10580p
1058076r
10580710
1058061989
10580510
1058045
105803
10580188
105800
1057tsg
1057river
1057plaza
1057ofa
1057kpnt
1057fu
1057emor
1057dvd
1057buckingham
1057Thex
1057LOST
10579ov
105799+
1057986
105798
1057972
105795
1057943
1057919
1057884RR
105786
10578274
1057816
10578+
1057793
105778
10577501
10577360
105771so
10577015
10576756
10576646
1057650
105763266
1057625898
10576002
10575zubu
10575_zubair
10575920
1057583273
1057582229
1057581540
1057580339
1057579473
1057576727
1057576517
1057575497
1057574586
10575728
10575717
1057570262
1057556
105754150
10575313
10575206
1057517
1057511
10575012
10574jun
10574987200792
1057489
105747
1057466210313753
10574573
1057451elkonan
1057432
105741285
1057403
1057396j
105737
10573640dya
105734
1057325
1057312
1057304679
10572a
1057279
10572595
1057242
105723656
10572277
105720
10571962
10571811
105717
105715
105712z
10571252
105712006
10571144
105711
10571
10570983
1057078
105705707115
105701600
105701337873
1057011
105700785
105700118
1056xl
1056r0oki5
1056oeo
1056looney
1056garrett
1056am
1056a1056
10569978
105697455
105696
10569500
1056943
1056933
1056926
1056924
1056920
10569129
105691
10568vetty
10568874
1056870
105684300
105683
105682
105681686J
105681026
105679
1056773601jailer
10567674
1056744717837394
1056729
1056715
10566k
1056698
1056686s
10566696
10566584
10566310
105662505
105662
105661
105660116
1056600
10565868
1056563
10565527
10565500
1056545
10565341
10565213
1056511
10564sara
105649
105647dj
105647
1056454
105644
105643201981
1056430
1056427ap
1056421jlg
105642043849
1056419k
10564123
10563897
1056376
1056360
105632005
10563060
10563...
105628m
105628
105627
10562670
1056249
10562360
1056221
105620aa
10562080
1056205
10561987
105618
105616308585369
105616
1056143
105612ne
10561071
10561056a
1056103084...uzunkopru
10560HM
10560985id
10560927
10560807sexy
10560748
10560572
105605
1056049
1056044
1056042rrs
105604
1056035
1056028340.
1056023
10560213
105601ms
10560170
1056010560
10560000
1055west
1055soh
1055knac
1055kate
1055jp
1055girls
1055baxter
1055aycan
1055ah
1055BLO
10559968
10559826
1055974
10559608
1055958548
1055944
10559297
10559090
1055881
10558622
105585
1055840
10558334
1055832313
1055831
10558298
10558205
1055803
10557k
105579
1055775
1055728
1055723
10557007
10557
105569701
105569
10556799
1055678
10556684
1055658
1055654
10556345
1055609
1055602
10555garfield
1055595
10555618
1055558
1055531
1055527
105552
105551
105550
105549293710
105547
105546022
10554321
105543
10554265
105540j
1055371
10553530
1055350
10553304
105532
105531966
105530
10552975
1055291
105528
10552715
105526k
105524202
10552209
1055205
105520
10551985
1055186
1055169
10551571
105514444
1055136
105512981
10551229
105510e
10551063
105510541038
1055101
105509joa
1055099
10550851
105507
10550671
105505a
1055055
10550452
1055036
10550207
1055013a
105500667264
10550
1054zg
1054w083835
1054phloot
1054mvc
1054kenziemae
1054cards
1054aimee
1054990583
105498ad
1054989065
1054987622
1054987
1054986819
105497
10549624
10549557
10549423dv
105493072
10549252_orietta
10549218
105491j
1054918348
1054917308
105491
105489j
10548925176
1054875jh
10548724
1054860
10548436
10548420
10548349
105482038
1054810546
1054802
10547s
1054797
105478917
10547812
1054767c
105476
1054730
105471017
105470
105469a
1054695
1054694
1054678845
10546549
10546433
105462
10546117
1054608
105460
10545715
1054567
10545614
1054553901
1054551272
1054550338
1054548977
1054548131
1054543693cc
1054542
105453
10545248
1054521040092
1054508
1054500
10544tx
10544ho
105449
1054480JM
1054465018
105445
1054403
10543gr
105439
1054377
105435839
10543554
105435
1054322
1054301091
1054299
1054268
10542528
105423
105422
1054213978
10542049
10541hp
105418911
10541712
1054163
105414679
10541300
1054128796
10541184ac
1054113
1054110541
1054110
10541060
10540955
1054092
105409
105408784
10540711
1054064
105405
1054040737
10540386
105403
105401wb
105401812
1054004776
1053wdas
1053thebuzz
1053sdf01r
1053r5
1053monterey
1053m
1053lg
1053jab
1053glo
1053cars
1053aa
1053VWAdam
1053986069
105398053
105397
105395
105393
1053922
1053907k
10538l
10538ELO
1053863820
105384
1053821a
105382
1053803949
1053802250
1053800652
1053800330
105379a
1053799102
1053798786
1053798619
1053798554
1053797348
1053796622
1053795855
1053794659
1053794439
1053794
1053793818
1053793580
1053793459
1053793207
1053792933
10537923
1053791866
1053791801
1053791193
1053791063
1053790708isa
1053789465
1053789154
1053789090
1053789027
1053788974
1053788564
1053788501
1053788115
1053787871
1053787073
10537864
1053785898
1053785777
1053785363
1053784514
1053784147
1053783685
1053783104
1053782364
1053781harucho
1053781697
1053780ABC
1053780767
105378015
1053780014
1053779599
1053779062053
1053778493
1053778339
1053776809
1053776077
1053775726
1053775263
1053774013
105377363742
1053773
1053772924
1053772538
1053772312
1053771435
1053770596
1053769494
1053768499
1053766491
1053766291
1053766096
1053765119
105376
10537410
105373
1053721
1053702
10536sf
105368
1053654
105364
1053632
1053628
1053615
1053607811
1053607182
1053606358
1053603
10536
1053595
105357
1053567
1053557
10535312
10535095
105350212
10534?vannesa
10534768
10534481
105344
105343
10534212
10534127
10534064
10534
105337
105336
1053353
10533510
1053345
1053338
105333
1053325902
105332
1053314
10533011angie
1053288
10532790
10532781
10532725
1053266
105326
1053244
10532258
10532191
1053204
10532
105319722
105318
1053165
10531564
105315
105313137
10531233
10531113
10531054
10531
105308cmh
105308
10530640
1053044071
105304
105302
1053010530
105300fd
1053
1052panda
1052mom
1052lg
1052bj
10529951
105299110
105298
105297
10529613
105294947
10529428
1052934
1052901
10528ngy266
105288s
10528789
1052872
10528571
10528362648160
10528279
1052821052
105280
10527939
105278121
105277
10527617
105273
105272924531989
105272
1052709
1052706
105270
10526gwl
105269
1052681-7
1052672
1052639874
1052632
10526251746247
10526100
1052607
10526018941
10525chimp
105258
10525588
1052549
1052536
1052528
1052523
1052514531
10524s
1052498
1052492
105249
105242
10524152
1052407296
10524
105239AF
105238w
1052389198
1052388476
1052387631
10523869968
1052385204
1052384373
1052383452
1052381840
10523817221052
105238041873860
10523765001
10523571
105235
10523476p
1052346789
1052330
1052326
105231831
1052306m
10523060
10522m
10522931
105229
10522828bfdd
105226579
1052261
1052250strike
1052242
105223275180616018794
105221isme
10522099
10521kds
1052187
1052177
10521717
1052155w
105214s
105214018
1052115
10521112
105210786
10521062
105210521
10520q
10520M
10520844
105207
1052051200a
105204302
1052027
105201k
1052016
1052011
1052006devanicole
1052005lu
1052004
1052003
1052
1051str
1051qw
1051nk1801
1051mike
1051liverpool
1051kw
1051high
1051cqfm1
10519962323
1051993pao
10519931051993
1051993.
10519903
10519894819631
1051987cbv
105198477
1051975
1051968
1051964j
1051963
105194
10519242
1051922
105191vaf
105191918
10519148650
1051893
1051887
1051879l
10518712
10518561
1051849
105183istheshit
1051819
1051817135
105181513504
105179A
1051790
10517711
1051767
10517516
105174789630881
105174
10517370
1051722661
10517197
105171
1051708
10516reice
1051699556688
105166
10516410
105162
10516
105158
105156082
105156036
1051560
10515482
10515318
105153
1051518
10515100
105150077
10514ny
10514JEN
1051489135
105146mi
1051434
1051421
105141v
1051415n
10514145angels
105141426
1051414
1051412
105140737
10513s
10513J
1051366
10513616
1051353140
10513412
105132jj
1051325
10513131
10513124
1051310513
1051303
105128379
1051275000
1051263smk
105124ayd
105123l
105123456
1051227
10512234
105122
10512187GJ
1051207
10511958
10511927
10511605
105115601
105114
10511210
10511207
105111097
1051108800
10511020
10510980
105109
10510717
1051069
10510607
105105may
105105carlos
1051054
105105206
1051048
105104
1051029
10510189
10510110
1051007
1051006
10510014UDCA
105100
1050xmax
1050rama
1050n010
1050linda
1050ht
1050grov
1050gc
1050chris
1050blue
1050be
1050_4
1050PI
1050BABY
1050989
10509811
10509739
10509660
1050954
1050948993
1050945084
1050924
105090shadi-@
10509
1050895
1050885050
10508832
1050862
105086
1050855
10508475
105082
1050810508
10507baby
105079
1050767
1050764
10507541
10507318
105073
10507138bel
105070506
10507037
10507023
10506anewstart5330
1050698
1050695k
105067
10506616
105065
10506463
1050633061
10506231
1050612452
105061
1050605033
1050603
1050602
10506+980
10505cody
10505970
105059
105058
1050574
1050566
1050553471
1050549
10505401
105053289951
1050527
10505186
1050510
105050zz
1050503
10504986
105048599
105046992l
10504667
1050461011605
1050456
10504423
1050421
1050412
10504087
10503wer
1050385
105038
1050371d
10503590
105033yp
1050338
10503266
10503219oteb
10503020007
10502vicky
1050294grace
1050285
10502692
1050261
105024cf
1050247
105023a
1050235
10502291
105022790205
10502157
10502136
105021
10502015
10502
10501952
1050190a
105018b
105017t
10501767
105017
1050164
1050150
10501426
10501289
1050123
105011mate
1050114
10501121
10501094
10501050a
1050102
1050100
10500ing
10500954
105008
10500671
105006013
105005766
1050057
1050043
105004
1050037
105003322
105002cwc88
105002759
105002533
10500213
1050020
1050019
105001352
1050011a
105000854
10500057
105000202
105/66
105.9klaz
105.70
105.257
105.1515+71
104zar
104x828y729z
104west
104ua3
104twee
104tomcat
104theglade
104tacos
104stunna
104star
104south
104softball
104shiloh
104rubberduck
104room
104ragg
104race
104pu1
104pipa
104penguins
104oliver
104norfolk
104monies
104mnmjar
104missy
104mhz
104lrs
104longmead??
104lilac
104knl
104king
104kids
104jmc12
104jdd
104intent
104hotboi
104hello
104hassiel
104greececorfu
104gmn101321
104gilt
104galahad
104franc
104fosho
104fato
104experience
104drag!
104dhc
104datniggarob
104crip
104cn70
104cheer
104card
104burwoodroad1995
104blencowe
104belleoaksdr.west
104batman
104b20
104ash
104anas104
104alfredo
104Sw305
104PIRU
104LUV904
104Jacob104
104Frost
104EVER
104Cypress
1049pop
1049matt
1049imob
1049home
1049er
1049coopers
1049an
104998598
1049958
104993423
104992k
10499184
1049916
104990
104989
104987
104986320
104982
10498101
10497cd
1049780
10497717
1049731
104971
104969ers
1049682a
104968
10496777
104967
104963jj
10496239
1049621138
104962
1049618940
1049617719
1049616888
1049616405
1049614903
1049614452
10496144
1049612826
1049611467
1049607398
1049607
1049606
1049605067
1049604643
1049603820
1049602619
10495n
10495beth
1049565
10495455
1049532714
104951
104950***
10494an
10494976
10494745
104946
104944263322
10494339
1049425879
104942
1049416107
1049414632
1049411868
1049409835
1049402361
1049400560
10493thalia
10493k
10493isabel.ale
1049381
104937j
104933658
1049327191
1049313414
1049307
10492koonangphemai
10492hadi
10492980
104929
1049272
104925marjon
1049253a
104923
1049220131
104922
1049213b
104920
10491d
104919
10491789
10491669964
104913st
1049137
104911n1k
10491166
1049100
10490lco
1049099
104909
104907
1049065
1049061a
1049052
1049042628
104902490123
104902
104901678
10490056
10490000
1048green
1048bng
10489R
1048988h
104897rbd
10489741
104895
104893309
1048923
1048914
104891
104890300
10488j
10488979
104887700
1048864
1048860
1048857
1048846854
10488457
104883
104882
104880
10487at
1048791b
104878R
1048764
10487529
10487361
1048726
1048721
10487100
1048703
10486963
1048694ca
1048689
104867
104865
104862120
1048612
104860502026
10485971
104858766
10485761024
1048565
104855155
10485197
1048502
10484979
10484834
1048479jose
1048472
104846
10484485
10484244
1048409
10483t
1048384
1048378dick
104836015
104833
10483063
10482j
104829571
104828
10482696
10482558
104824
1048234w
10482296
104821937
1048208073
10482
10481970
1048177
1048161225
1048158
1048131119
104812d
1048126
104812279
104810
10480qrb
1048097
104808232605
1048078-7
104807241
1048056
104805
1048041577
104803k
10480351
104802
1048000000
1047wayz
1047love
1047kiss
1047kcld
1047joshua
1047hiphop
1047dakota
1047bry
1047benvesen
1047CECIL
10479lil
104799
1047967
104794
1047936
1047918
1047900
104789521
104789104789
104787T
104787
10478612k&m
10478579854
10478505
104783
10477DB
1047796
104777
104776
104775
1047742
1047739m
10477334706pln
1047719
1047711787
10477011
10476jen
1047676
10476640
104764179
1047620
10476
1047586
1047575
10475706
104755b6
1047550
1047548
10475400
104752520
10475159
1047505
10475
10474ll
1047478
104746601
104745
104744
1047432
10474217
1047419008
1047414
1047410234
104740830
1047407323
104740625
1047400689
10474
10473nme
104739c
1047396634
1047395698
1047392
1047390
1047389750
1047388135
1047386984
1047384396
1047379955
1047379063
1047377226
1047374872
1047369317
1047368883elieth
10473686
1047365928
10473590kinalove
10473542
1047344
10473401
1047316
10473079
10472r
10472Z
10472951
104728
10472507m
1047222906
104721
104720158
10471958
10471817
10471636
104713bw
1047123
1047112
10471064
10471.
104709
104706e
1047041
104704
1047029
10470154
1047013
1047010
1046zulaida
1046rns
1046mikenat
1046jrp
1046grander
10469699
1046953002
104693
104692
1046910469
10468bx
10468950
104689
1046878
104686
1046853123
1046819r
1046813446
10467l
1046789
10467843
1046779
104677
104675
104673423005300690
1046687
1046650m
104664
104662931HE
104662
1046614168
1046610466
1046593
10465862
104657
104656
1046544j
10465407
104653
1046520582601
1046514lm
1046510465
10464Kim
10464700
104644
104643225
1046421775
104641
10463k
1046377
1046356
1046344
1046330
10463227
10463205
10463111
104630
10462ri
10462ny
10462days
10462986
104627s
104627
10462577
10462500
1046231
10462283@
10462230
104621193
10462037
10462.curr
10461835
104617d
1046164856542743
1046157
104612277
10461155
1046108423
1046106
10461046a
10461
10460penang
10460a
1046092
1046088
10460702
10460630
10460615
104606
104605
10460300a
10460102
104600S960
1046003
1045wood
1045sof
1045rod
1045oida509
1045nb
1045mahalko
1045lg
1045jamuva
1045gem
1045eca
1045dorm
1045cristovive
1045bg
1045angel
1045abd
1045MJ.
1045CK
10459999
1045985
10459780
104593ilovecrystal
10459361
104592
10459140
104591045910459
10458a
10458963q
1045877
104586
10458545
104584
104582np
10458206
10458109
10457r
10457jls
10457MOB
1045798
104578cv
1045782
104576pr
104574keo
1045748
10457265
104572
104571
1045709
1045701k
10456po
10456johns
104568d
1045685097
1045681664
1045680672
104567m
1045674548
1045667948
1045667462
1045667318
1045659
10456549
1045636
10456200
1045602073
10455z
10455986
10455891
104557
10455525
104554
1045522
1045518
104551
1045504625
1045502306
1045500945
10454zaida
1045498772
1045495481
1045492
1045488666
1045487j
10454627
10454559
1045439
1045415
1045410
10453td
10453mm
10453d
104538
104537ff
104536
10453446
10453420
10453350
1045322
1045318
10452t
10452m
10452BX
104528sur
10452858
10452740
104527
10452530
104524666
10452365
10452290
1045226
1045213
1045211
1045202
10451j
10451ap
1045196td
10451866
1045173
1045163
1045158
104514945159
10451401ka
1045136
10451307
10451258
10451217lm
1045120
10451124
1045110115164
104510mr
1045105dia
104510407
1045100
104507182
10450544yu
104505
104504204304
104503577
10450264b
104502055
1045018732
1045014
104500j
1045000
1044will
1044reading
1044pid
1044green
1044bucs
1044am
1044JH
1044985
1044972
104496
104494059
1044922
1044919
1044914
1044911
104488m
10448723
1044860
1044834car
1044824
104482
104481
104480
1044780
104477
1044769
1044735
1044731
104471856
10447087
10446l
1044691
104468535
104467271193
10446578/
1044642c
1044618
1044603p
104460
104458lunna
1044583
1044578jg
10445686
1044558
1044539
10445366
1044521040028
1044518
1044504563
1044503016
1044502108
104449z
1044494
104447
1044455
104444a
1044439
1044423145
104441152
10444019DR
10443a
104439
1044362
104434
104431cb
1044300
10442844
104428
1044269
1044259a
10442551mg
1044236
1044218607
10442069
10442008
1044187531
104417
1044169
104415kms
10441504
10441334
10441276674
10441255
104411p
1044111
104410a
10440tb
10440978
104409
1044080
10440717853
104405203087
1044038
1044018
1044002
1043ynot
1043thomas
1043nick
1043kitty
1043jamesb
1043dexter
1043bg
1043ab
1043XME
1043992
104395061014008
104395
1043944
1043933
104392rsg
1043925
10439156
104389jr
104389268d
10438737
10438688
1043852
10438497523ck
10438416
1043833498
1043810438
104379
10437796101nico
104374
10437366
10437254
10436lhs
10436702
1043660
104364
104362407
1043624
104361
1043602
10435ks
10435954613steyjho
1043589
1043574
104355b
104355
10435386
1043534
10435312
1043510435
104350
104349857
1043482
1043456
10434545
104344303
104343836
10434310
1043423
1043413t
10434020
1043390
10433826855
10433777
104337
1043363725z9
104335
10433354
1043328t
10433171285
104330i
10433067
1043302
10432906
10432888
104328146
10432617
104325dg
104324forever
10432333
1043203
10431a6
1043197
104317958
104315523a
104314
1043134861
10431262
10431244
10431043m
10430k
1043097
1043079510100
10430627virgo
104305
1043026020
104302
1043015
104301
1043009j
1043000530
1043.93
1042wood
1042ravonne
1042lt
1042gh
1042bu
1042baby
1042ATM
10429jricedr
1042999
1042987
10429786
1042963210
104295
104294510
104294
10429272811
104292
104290923
104290
1042899
10428879
104288
104287
104285neri
104283s
1042835
104282
104281
1042801076
10428-*-
10427ra
10427916
104279
10427870
10427795468
1042767928
1042766251
1042765575
1042762541
10427492279
1042735
10427269006
1042706718
10426_cancer
104267064
104265
104264
1042634
104262325
104262
1042608
10425981
10425917418
10425663416
10425472
1042542
10425376
1042534
1042524
1042513
104250a
104249845814
1042490s
10424804504Go
1042473
104246898
10424589
10424510
10424439
1042422759
1042418089mayck1
1042417581
1042410
1042399
10423878
10423794
104236
1042355
1042349575
1042348742
1042341
1042333
104233
1042319a
1042311
104230998
104230
10422bb
10422811
104227
104226
1042258
10422500dj
104224a
10422319
10422273672
104222
1042211383
1042208n
1042202028sedaty
10421rotana
1042198
104218a
1042187
104217cmd
104215042
10421422
1042136
1042131
1042123
104211q
1042116
10421085
10421
104209cs
1042091164
1042089
104207k
104207
1042069
10420622
1042061
1042060920
104206
10420559
10420441377
104204
1042029
1042021st
104201301
1042006kc
10420041mdm1
10420
1041te
1041rwc
1041qkf
1041marcadisimos
1041lolx
1041kiss
1041hannah
1041ab
1041998m
1041998
1041995p
104199413
10419939575
1041991g
1041991..
1041990440359232
1041987jag
10419866
1041983
1041981
104198
1041973
1041971
10419652
1041961
1041950
10419484933
10419413
1041933gorge5131
104192
104190
10418jdr
104188a
1041864c
10418544
104182
1041817
10418126928
10418011
104180
10417mms
10417932
1041781982
1041772
104177
10417685
104175r
1041753
10417493
1041739
1041729
1041727
1041720
104171312512008
1041685
10416743
104166
104164
1041619
10416152518
104161
1041582
104158
104157
10415570
104155
1041539
10415368
10415200
10415162
104151
10415047
1041485
1041466
1041445s
1041441709807398
1041431
10414244544148
10414175cocli
10414078333
10413d
1041376bh
104137
1041341992710
1041325444
1041324
10413197
1041314
104130kt
10412s
1041290
10412879
1041279
1041267
1041258224
10412481
10412301
10412296
1041229
104122
1041208
10412007
10411zodiacmantis
1041199
104119
10411843
1041183
10411808161
10411732
1041150
10411433
10411306
1041127
104112135
104112
1041116
104110a
1041106423
1041103
104110234
104110022
10411
10410j
104109104108
1041087829
104108
104106h
1041066
1041055
1041041
10410319
104103102101
1041026
10410135
104101
1041006
10410033955
1041+1041
1040taker
1040shit
1040polo
1040oceana
1040markwell
1040man
1040lemay
1040kevin
1040jersey
1040hope
1040fl
1040code
1040brad
1040Rome
1040Jppl
10409lc
10409984733
104099699
1040991413
1040989t
1040982
104097
104095610
1040941501
104093
1040922
10409219
10409110
104090j
1040907162
10408c
10408993
104089
10408789
10408748
10408711
10408490
1040835174542
104083083
1040818
1040811
10407red
1040791
104078lizh
10407782564
1040768
1040762
104076
1040735148cori
1040734541
1040733298
1040732758
1040732553
104073
1040710
104070805020
1040702050
104070111
10406ss
1040699
104068998
1040688
10406706
104066520
1040654
1040641770
104064
10406314842
10406206870
104062
104060903
10406001a
10405<3
10405937
10405783
10405671
1040549
104054
1040529
104052
1040512244
10405083
10405060
1040502
10405
10404drew
1040493
104048ing
10404722
1040453cm
104045
1040445355
10404415714
1040439
10404330
1040428
1040421
104041
1040405
104039
1040362
1040347
104034155
10403333
10403318294
1040318
10403151132
1040311et
104030511837
104029858877
104029
1040271803
1040262
104026
1040256
104024a
10402449
104022g
1040228
104021492
1040212
10402055962301
10402038
1040201
10401ji
10401972
1040187
10401822
1040180536
104016200446
1040159
10401520cv
104014
1040137
10401303
10401264
10401254384840
1040122511319
10401158508
1040110
104010irs
10401091
10401049
10401040boa
10400949
1040091
104008t
10400731
1040070
10400602013
1040058165
104005622
104005282
10400505
104004742
1040045110
10400364832
1040034189
1040031
10400282240791
104002690
10400251
10400227533
1040015397
104001301
104001105
10400037id
1040000111
104/995
104/413
104.9radio
104.7kduk
104.77
104.7
104.5fatradio
104.3
104.03fm
104-395-645
104*2229
104
103ylime
103wvg
103white
103watts6
103valley
103unit
103tiger
103swimming
103stud
103snuffy
103she
103rvc
103rollout
103res
103rdloop
103rd.
103ray
103pigs
103papi
103ohv
103o04
103nodoubt
103nji98
103mrc
103meadow
103m10
103love
103lolo
103liinda.
103kings
103kilbarryplace
103katiebobox
103jck
103jack
103intake
103gsxr
103grapest
103god
103funny87
103fre
103floyd
103fighter
103emma
103ejb
103e477
103doeboyg
103devon
103cvs
103cute
103creek
103commerce
103ck6cjo4
103cherokee
103carnan
103bkolday
103berbert
103batman103
103babyk15
103b912
103ants
103angie
103alfena
103acb094
103a..
103_pounds
103VCiwil
103PRMBABYLOC
103NIKHIL
103Holly05
103GURL
103BLUCC
103?#*2l
1039stieren
1039rg
1039moss
1039dookie
1039ccda
1039994
103998
10399625
103995
1039922
10399209
103991
10398rr
1039896
1039891
10398895
1039885004
103988
1039867
1039846
1039842jr
103983
10398103
10398
10397bday
103978td
103978
1039777
1039773
103977
103975
1039701
1039689712
103966083
1039656
10396369
10396205
10396143
10395hj
103958
103956
10395457
1039532
1039517
1039504mj
10394w900s
10394jimmy
10394awong
1039480
1039453033
1039452096
1039451537
1039451193
1039450575
1039449
1039448164
1039447526
1039447095
1039443
103943
1039410394
10393p
10393march
10393frogs
103939
10393709
1039368s
103935
10393458
103933
1039322
1039313
10393125
103931
10392960
10392893
1039284756
1039282
103928
103924744
103923
10392270
1039224
103922010
10392158
1039212tm
1039206k
10391kvm
1039190
1039184
1039160336151038
103915
10391419
10391308
1039126
10391211
10391159
1039107
103910
10390jelly
10390ginavargas
1039093
103908y
1039086
103907
10390576
10390516
10390419
1039039
10390264
103902285m
10390119
1039/smosh
1039.
1038sxah
1038robert
1038kids
1038hameda.
1038chris
1038aud
10389phobbaleany
10389k
1038998
103899
1038976
1038959
1038942
1038922
1038916
103891
103890780
103889
10388692
10388644
10388599
10388454
103883286
103882mg
103881N
10388018
10387ebm
10387PM
1038798664
10387835
103878024123
1038768274
10387644
103875411
1038740
10387308
1038722
1038716
103871
10387010
10386jj
103866klh
103866
1038650
103864850sandra
103863
103862
103861
10385996
103857157155123
103856tgb
103855bd
10385476
103852vw
1038516
10384s
10384A$hlee
103848
103847
10384596
1038443
103843183
1038424
10384193
1038406602
1038404d
1038401
10383leger129
1038386
10383824
1038360ab
1038358088
1038345
103832
10382b
1038284
1038265
10382542524
1038252
103825
1038242149
10382317
1038210382
10381cr338
10381984
1038191
1038174sc
1038157
103815
103813m
103812a
10381129
10381106
10381067
10381042
103810
10380k
10380992
10380927
1038074
1038073
10380645K
10380607
1038053
10380435
10380206
1038010j
10380011
1037work
1037puppies
1037murat
1037merced
1037life
1037harris
1037eb
1037al
1037M
103797k
10379611gp
103794
103792k
103792502
103791
1037900
10379+
103787981
103784
103783
1037810378
103780918
1037805a
1037802
10377jyy
103778
1037776
1037769
10377654
10377521
10377376mm
10377191
10377165
103770425006
10376krk
1037697
103768
10376647
1037660273
10376557691123qwe
103765
10376396
1037627
1037608885
10376039
1037603170
1037601683
1037601435
1037600439
10375boom
1037595709
1037595533
1037594345
1037593392
1037593281nis
1037592636
1037590938
1037590531
1037590252
1037589290
1037588664
1037588
1037587807
1037586117
1037586
1037585560
1037583246
1037582178
1037581781
1037581387
1037580698kiara
1037580434
103757ha
1037578611envigado
1037577617
1037576038
1037575184
1037574053
1037573713
1037572083
1037571639josedj
103755
1037544
1037530sandy
1037517
1037510375
10374994
1037489
1037475
1037468
1037454
10374403
103744
103742
103741
1037404
10374
1037389288
10373757
1037351
10373431
10373288
1037322674
1037312
103731
10373036
103730057
1037295645
103729
10372823
103727
103725265
103723
1037210372
1037202
10372
103718
10371662
10371621
10371529
1037143
1037136wes
103712
1037103
10370b
10370708
103706
1037044398
1037028nom
1037028
103702309
103701249
1037010126494
10370099
103700517
103700328921
1036yaya
1036tank
1036sd
1036m@v@squez
1036km
1036chik
1036a&r
1036H
1036@@@
10369ohg]
10369DD
1036995
103699
1036978
10369692
10369564
10369483
10369421
1036939
1036935242
1036933803
1036930849
1036929758
1036929248
1036918
10369115
103690
10368maravilloza
10368992
10368930
1036868125
103686103574
1036850
10368399
10368255325516
1036811
10367922
1036786
1036784
1036780577
1036779857
103677
10367563
1036750
103673616192120
103673
10367144
10367
10366962
1036686
1036666
10366631671989
10366403gdcneves
1036638001
1036631134
10366301
1036629742
1036628863
1036625879
1036624971
1036621539
1036620642
1036619483
1036618232karo
1036618154
1036617328
1036616462
1036615745
1036614457samy
1036614308
10366138081112
1036613255
1036610552
1036609513
1036608946
1036608496
1036606686
1036605
1036602572
1036601599
1036600880
10365l
10365982
10365764
1036561
103655
1036542
10365247569824
1036521
1036511704
103650
1036490
10364882
103648
103645028jag
10364365
103642784
103641
103640
1036393421
1036392300
1036383
1036357
103635
1036337064
10363134
10363121
1036303
10362ab
103629a
103627386
103627
103625p
1036256
10362532
103625
103622as
1036220522
10362145
103620332
103620
10361995
10361673
10361524
103612776
1036123
1036111291
1036104990
10360907123456
1036087b
103608
103606640
1036062
1036058
103604s
1036036
103603
1036019
10360122
10360108
1036006
1036/jcc
1036
1035wimz
1035u2
1035ktu
1035kmk
1035fa
1035dtj
1035bumkin
1035beh
1035ao
1035JACK
10359949
10359838
103596
10359446a
1035936
1035913
1035911617
1035910
1035901
10359
1035888
1035855
1035854563
1035853061
1035851761
10358412
1035830359
1035829
1035823
1035812
103580scp#
10358006
1035798886
1035792
10357894
1035786
10357800
1035766
10357386
1035726
103571
10357
10356958
103569
103566
10356481assenav
1035623711
1035618
103561
103559
1035570moo
1035539bmx.
1035539
10355180xan
10354a
1035487
1035482K
1035478
1035468
1035451
1035444897
1035438
103542h
1035422614
10354218
1035421
1035420730
103542
1035419017
1035418793
1035418506
1035417080
103540
1035397
1035360
103534527
103534
1035318
10353096
10353055r
10353
10352n
103529
1035284
1035272s
1035261
1035252
1035237
1035225
103522301
1035222328
1035216
1035210
1035206
10352-1
1035196
10351884103518841035188410351884
10351789
1035168
103515900
10351553
1035138
1035126341
10351231
10351216
1035119
10351104
10351040trance
1035085
1035063
10350492
103504!
103502c
10350230
103501
1034x
1034toll
1034thales
1034rz
1034pha
1034nb1034
1034m
1034kns
1034caine
1034TT
1034E10
10349931
10349800
1034973
103496
103494537887.94
10349335
1034917
10349104
10349097
103490*
10348r
1034899
1034880k
10348703
103486
103484z
1034842
1034835
1034810
10348
10347baby
1034785
103478
103476
1034750
1034748a
10347359noukai
10347031
1034700
10347
103468v
103468
1034671159
103465
103463
1034620j!
1034610346
103460okul2008
10345sw91s
10345j
1034595lp
1034589647198200
103457
1034561
1034548z
10345302
103452
103451359
10344ar
103449
103448098
10344736
1034458
10344446
10344257
103442
10344
10343885
103437302
1034371
10343701987
1034364
1034348s
1034335
10343325
103433
1034316
1034312
103430343
103429d
1034289725
103428
1034270
1034267598
1034257
10342520
10342454
1034242
1034205cw
10341991
1034193
10341710
103416a
10341622
1034155
10341447
1034139600
10341231
1034119
1034110341
10341063
10341034d
10340t
10340bb
1034084
1034075
10340657
10340615
1034040
103403590
103402808
10340246
103401987
1034010146775
1034010139173
1034010
103400766
1033ytr
1033sfd
1033revere
1033kz
1033hay
1033gawler
1033divorcio
1033dic8812
1033death
1033c
1033Spike
1033999
1033988915
1033962
103395nueve
103394mw
103393
103391
1033897
103388
10338690
1033859
1033853
103382585
1033813
10338065
103379
10337786a
1033770
103376
1033742
1033730f
1033723728
1033720683
103371dj
10337174
1033716803
1033712877
1033712016
1033710
1033708038
1033705110
1033704523
1033702376
1033699648
10336982
1033697991
1033697136633186
1033696211
1033695724
1033694817marcela
1033693808
1033692460
1033691751
103369
1033688859
1033688272
1033684989
1033682844
1033682350
1033680986
10336805962408
10336789
103366c
1033656
103365
1033648579
10336418
1033638
103362
103360388753376k
10335949
1033589
103358
1033569
10335608254
1033553
10335520krasi
1033546s
1033536f
103351
10334z
10334aun
103348
1033467
10334498
10334386
103343
10334281
1033417438
10334118
1033410334
10334
103339879f
10333938
103339
10333790
103337
1033368
1033352
1033340
10333301
10333222
1033317917280
103331
103330
1033296
103329
1033266
103326
10332576
10332387
103322436c
103321336
1033210332
10332091v
103320061698
10331sw
10331992
10331919
10331810
103317103317
10331666
1033162
1033142
1033130
10331166
1033106
10331033103342
1033102
1033097589
10330844
1033077
1033072
10330590
10330500
1033043
103303sg
10330283
1033025
103302
10330102..
103300
1032valleyst
1032ryan
1032nohio
1032mvmr
1032kevin
1032k
1032jd
1032hemlock
1032gd
1032fire
1032da
1032cmc
1032SUN
1032MELENDEZ
1032Cata
10329999
1032985
10329655
103295984
10329565098
1032949
1032941
103293110
103293
10329161
1032912857
103290
10329
10328hg56
103289t
10328891
1032877370
10328765
1032873
10328659
103284
1032835
10328190
1032807556
103280
10327943125
103278p
1032780
10327790
1032771
1032769
1032761
103275
1032741
1032737
1032724
1032716
103270jl
10326kh
103265a
10326547
1032622
1032604
103260
10326
10325993
1032592
1032591
1032589
10325833
103257a
1032561r
10325428
103254000
103253789
1032535kem10
103253210
1032531a
10325159
103251023
1032503
10324972
1032488
103248
1032469
10324664
1032464018
1032451242
10324444
103244
10324356
1032433776Pach
1032432662
1032431910
1032431447
10324303
1032429
1032428
1032427813
1032427164_D
1032426649
1032426382
1032426064
1032425b
1032425331
1032423720
103242298948
1032422187
1032421993
1032420525
1032420136deer
103241a
1032419761
1032419390alexa
1032418931
1032418362
1032417939
1032417086
1032416163
1032415318sexo
1032414278
1032413885
1032412991880517
1032412407
103241
1032409790583
1032409045
1032408983
1032408620
1032407859
1032406564
1032405738
10324032
1032402274
1032402014
1032401lj
1032400153
1032400055
1032399068
1032398872
1032398001
1032396784
1032395895
1032395695
1032395079
1032393869
1032393501
1032392147
1032392
1032390193
103238996
1032389723
1032388999
1032388390
1032387471
103238503421
1032383743
1032383016
1032381960
1032379895
1032378471
1032378154
1032377953
1032377499
1032375877gesz
1032375
1032374362
1032372861
1032371220r
1032369898
10323679
1032365
10323644
1032364053
1032363993
1032363670
1032362169
1032360387
1032358756
1032357846
1032356923
1032356
1032353
1032338
103233012
103232p
1032324
1032316
1032314
10323017
10323
103226cli
10322650
103225516
1032248
10322361
103222
1032216123
1032207022
10322055135
10322031
10321tm
10321GR
10321979
10321958
10321901ricardo
1032169
103216
10321471
10321456avh
10321426
103213ro
1032131m
10321230
10321197
103210ny
10321065
1032105
10321
10320975
103208
1032071
10320705
1032067
103206206
1032059
1032053725041
103205
103203309408
10320252
1032021
1032018k
103201431240
1032010320
1032004
1032000
1031yinayiseth88
1031will
1031vicky!
1031tina
1031taxi
1031ssc
1031sobo
1031sja
1031seige
1031rog
1031rj
1031rg
1031rabbit
1031purple
1031october
1031nj20
1031nb
1031nan
1031muchlove
1031mommy
1031max
1031makayla
1031luv
1031loveyou
1031leila
1031kristin
1031kids
1031justin
1031jonathan
1031jess
1031jdjamaru
1031halloween%
1031gosal
1031fr
1031fiji
1031ea
1031dr
1031dor
1031desu
1031debbie
1031cv
1031chris
1031cdwml
1031cable
1031bmt
1031bk
1031auburn
1031arks
1031amber
1031abir
1031Paris
1031Hannah
1031FAI
1031DaZ
10319d
103199s
103199jr
103199G
10319956
1031994eva
1031991m
1031989sd
1031988mohammadov
1031988411
1031987osa
103198200
103198038153
1031978
1031974
103196y
103196kd
1031965
1031964s
10319614344is
103195j
103195cr
1031957
1031954
103194t
1031947
1031944
1031941
103193jg
1031938dc
10319329
103192q
103192d
103192aleja
10319268
1031924t
103192081
103191sd
103191k
10319156080359
1031912
103190t
103190ken
103190d
103190RR
103189s
103189jr
103189c
1031899
10318942090nh
10318907
103188xx
103188j
103188d
103188b
103188K
1031885464
10318843725
10318816
103187l
1031876012427
1031875
10318728
103186dps
103186cat
103185esv
103185c
10318552501
103184d
103184JB
10318445
10318402
103183j
10318354
103182star
103182e
103182K
1031822
103181mbb
1031814y
10318126
103180542
10318024
10318
103179ad
103179J
103178s
1031775b
103175a
10317547
1031749
103173a
103172a
10317109
1031707j
1031701604
1031698
10316740
1031653
103164mama
10316451491
10316408
103162d
10316187
10316056194
10315t
103159b
10315950
1031587
1031573
103156kd
10315597
103155233ugc291A
10315312
1031530
103152r
1031524
103151990luis103
1031519
1031510315
1031507080
10314titos
10314checota
103149tbptx
10314989
10314954
103149
103148897
103147
103145546s
1031451
1031445685
1031436
103143017
103142e
10314235
1031420
1031412
1031407
1031385
103137
1031358
1031352
1031348
103132
10313131
103131008
10313031
1031300
10312la
10312973
103128rs
103127
10312527
1031250
10312425
10312357
10312317
1031227h
10312249
1031221121
103121995
1031215
10312133
10312101
103120f
10312005babes
10312001
10311ds
1031199314
10311991
10311990k
1031199
1031198916
1031198719
10311981selina
10311977d
10311973
10311968y
1031196022
10311956
10311943
1031171
1031166
103115q
103114KIM
1031145
10311432
103113634364moogle
10311277
103112710
1031126023
1031124187
1031123513
10311231
1031122234
1031121698
1031120995
103111noe
1031119
1031115
10311123
10311107
1031106
1031103h
10311011
10310955
1031090
103108fun
1031088
10310866
1031082
10310809j
10310803
10310714
103107040429
103106o
103106aj
103106N
10310665
10310612
103105l
103105ilovejim
103105fnm
1031058sj
10310523
10310520
10310504
103104lestat
103104k
103104dk
1031043
10310406767
103103tc
103103n
103103hgp.
103103amd
1031037
10310330932870
10310319
103103131134
103103105
103103..
103102je
103102J
1031029ma
10310225
103102139
103101lc
103101J
1031016316114
10310131
10310100
103100yo
103100h
1031007
1031001699789
1031.1031
1030zn
1030zach
1030yisela
1030we
1030vester
1030tr
1030tony
1030star
1030sl
1030sj
1030sep@
1030rp
1030ro
1030rg
1030pr
1030omar
1030neta
1030ms
1030mf
1030mane
1030lj
1030lemon
1030lb
1030kyle
1030kemar
1030kate
1030jvl
1030john
1030jim
1030janm
1030hayley
1030guitar
1030gabe
1030fred
1030ffas
1030eliah
1030dino
1030cr82
1030chilin
1030carito
1030brad
1030beh
1030bc
1030baby
1030ap
1030anibal
1030andrea
1030ak
1030TONY
1030MAMA
1030DL
10309k
10309999
1030998
10309939848
103098rnm
103098mm
103097je
103097a
1030971
103096t
103096np
10309608
103095g
103095ans
103094jjc
103094c
10309408
103093a
10309395169
103092t
103092ct
103092_23
103092562101
103092370
1030922
103091s
103091js
103091ir
103091g
103091979
103090sl
103090r
103090lv
103090af
10309090
10309053141
1030901
103090*
10308vintage
103089nd
103089aries
10308923
103088s
103088Luiz
10308850
10308811
103088011387
103087jjujp
103087a
1030876
10308718
103086c
10308690
1030868
103085d
10308585
1030852
10308500
103084mb
1030848
103084566
10308430
10308328
103082adrian
10308279
103081mp
10308142711
103080mlu
103080j
10308084
10308079
10308000
10307920
1030790177
103078c
103078a
10307843
103077ryan
103077j
10307717
103076mdw
1030766
103075DAS
103074edy
103073lh
10307283
1030714
1030710
10307090ffx10
10307070
10306mw
103069mp
103069_72597
1030696
103068l
10306891
1030685
103067ld
1030676237
10306684
103065c
10306597j
1030655Sc
1030654padmf
10306486
10306458
1030645
103063381
103062rp
1030624
10306221p
1030612
1030610
10306087
10305north
10305hheo
103057b
1030576
1030573165
103056op
1030567271
1030566431
1030562343
103056123
1030560924
10305594
1030558251
1030556852
10305568
1030556659
1030555953
1030555383
10305549390
1030554
1030552936?sol
10305525lol
10305523
1030551485
1030549881
103054847
1030547798yesid
1030546913
1030546750
1030544832
10305442
1030543332
1030542166
1030541016
103054
1030539753
1030538890
1030537564
1030537052251510
1030536077
1030534738
1030533538juanda
1030532878
1030531477
103053
1030528999
1030527802
1030527
1030524977
1030523449
1030522528
103051b
10305180
103051781
10305121
10305047
10304wu
10304s
10304ld
10304978
103049
1030483
10304828
103047mm
10304693
10304601pik
1030441
103043659
103043
10304222
103042000hm
1030410g
103040w
10304064
10304050
1030401
10303dm
10303846
1030377
10303624
103034h9506
1030345
10303298
10303228
1030317
1030314
10303104
1030308c
1030304713
10302880
1030278
1030272538
10302706
1030262
10302604
103025cg
10302535
10302524
103025130719key
103024s
10302477
1030246
10302331
103022lara
10302219441
10302206
103021G
1030211
103020A
1030204
10302032
10302010
10302006cat
1030200
10301996d
1030199410
1030199313
10301986198910
103019845
10301975a
103019710
1030197
103019661807unv
10301962
10301955
10301944e
10301935
10301919
1030190
103018101989
103017999
1030174881K
1030167
1030161
1030154
1030151
103014879021123
1030144
103014026961
1030135
10301310
1030129
10301225
10301219
10301214
1030121
10301202
10301145
10301128wxwzy
10301120
10301116
10301106
10301102
1030110
10301092DUBAI@^
103010305
10301025
10301007
1030100
10300anik
10300930
10300915
103008ag
10300858686030
103008147
103007l
10300789
103007226
103006s
103006d
103006arna
103006898
1030064e
103006358
10300623187179
10300612
103005tj
103005k
1030054
10300519
1030051
10300504
103004s
103004JNS
1030046
103004127
1030041
103003x
103003cody
103003539
10300325
1030030a
10300306
103002jz
103002am
1030026300
10300214520
10300207
10300200
103001kyle
103001920
103001841
1030015
103001353
1030010300
10300102
10300089
103000592
103000404
10300013
1030.
1030+1
103/183
103.rd
103.7kissjosh
103.5rox
103.50
103-8348
103
102yz24
102wvaq
102wisin
102westC
102ulam
102tcw
102taylor
102suffolk
102stewie
102steed
102shoes
102shagbark
102sexxi
102sbev
102runit
102rocks
102rewq
102relax
102puppys102
102poos
102pine
102parkview
102ons2
102nvi
102ndst
102ndWAS
102mulberryclose
102mon
102million
102middy
102mais
102lynn
102luisf
102lovr
102lmj
102lady
102koira
102kimgibbs
102kidz
102kev
102jupiter
102jay
102igvd96
102hlbj7
102hemlock
102grown4u
102greekrow
102gordo1
102gimi
102gatu
102g4402l
102forlife
102five78
102esta
102emerson
102e193t
102drpepper
102dominic
102doggies
102dime
102demonyo19
102dalmation
102dalmatas
102comet
102colchester
102clark
102chubbs
102carolina
102bratz102
102boy!@
102bopit102
102blue
102birch
102bilin
102bands
102baby
102b145d
102asshole
102arcade
102anl
102angel
102ajk
102Tony4
102Thrashbush
102Ruby102
102MHS
102LUCK
102Jamz
102HOOD
102CtNr019
102CREATIVE
102BABE
1029zach
1029yn
1029yareliss
1029wesley
1029wc
1029vb
1029tt
1029the
1029tahibb
1029st
1029speed
1029solei
1029shane
1029scd
1029robert
1029railybenny
1029qpwosam
1029pu
1029pj
1029owen
1029oct
1029nh
1029nasreen
1029myluv
1029mnb
1029mmj
1029mine
1029mar81
1029lv
1029lf
1029l
1029knl
1029kitty
1029keith
1029k76099
1029john
1029jh
1029jacko
1029hund
1029holdme
1029gerzek384756
1029gage
1029elliszd
1029elena
1029doll
1029dejuan
1029dahl
1029coors
1029c1214
1029bff
1029b4ct7
1029aw
1029art
1029am
1029ajs
1029ag7
1029ada
1029abc
1029_flortt
1029TIFFANY
1029SEPTjan
1029MP
1029Kma2
1029Graham1029
1029BaByTiNkA
10299mike
102999m
102999999
1029988
10299813
102997alyssa
10299708
102996k
102996a
1029969854
102995dma
102994no
102994e
1029941329
10299405
102993svl
102993klm
102993jp
102993cj
102993a
1029931407
102992np
102992cry
102992b
102992A
1029929
10299260
102991p
102991mel
102991lolo
102991ada
1029917
102990nm
102990a
102990862
1029901
1029900
10298ar
102989ace
10298905
102988r
102988j
102988ds
102988bday
1029882
102987rlc
102987bd
102987as
102987BWW
10298741
102986s
102986m
10298687
10298622
102986138160kd
102985568320063lorena
10298529
102984a
10298404
1029839
102982cs
10298258j
102981v
102981cc
1029818
1029810298
102980n
102980420
102979nnco
102979bp
1029797
1029786
102977ml
102977drinn
10297720
102976l
1029769
1029763
10297600
102975k
10297599
102974nr
10297354
102972132
10297194
1029712
102970n
102970258
10296tmn
10296a
10296802
10296702
102966rev
1029666
10296617
1029661
10296570
1029646
102962p
10296200
102960c
10295973
10295832
1029574
1029570
1029565
10295558
10295455c
102954
1029538501
102953
102951522n
1029503
10294shank
10294h
10294b
102948532
1029483510
1029478
10294601
10294595
10294542127
10294461
102944
1029434
10294282
102942
1029416
102941
1029408
10293ora
10293M
102939g
1029397
1029392
102938z/x.c,
102938rc/102938
102938q
102938obe
102938eq
102938alli
102938Gus
1029387
1029385m
1029384milk
10293847sm
10293847hj
102938476
102938475J
1029384756v
1029384756sussy
1029384756poo
1029384756kas777
1029384756ilovemymum
1029384756godess
1029384756apq...
1029384756ady
1029384756a
1029384756@lol
10293847566666
10293847565647382910
102938475612345
10293847560
1029383h
102938*
1029370t
10293602
102935
10293418
102933680907
102933
1029324
10293222a
102931letmein
1029315
10293138
10293040
10292brian
10292A
102929384756
10292828
102927417408054203
10292723
10292534
10292525
10292365
1029229
1029223
1029217
102920gg
1029201p
10292010
10292000papo
10291s
10291moyo
1029199498765400
1029199
10291981kl
10291977j
10291975
10291966
1029196340
10291957
10291950
10291949
10291935
102918MX
10291814
1029170728
10291618
10291545
10291504
1029147
10291406
10291331
10291316
10291270
1029125
10291225
10291213
10291211
1029115v
10291127p
10291119
1029111
102910a
10291030K
10291029L
1029102901
1029101
10290sss
10290nightwish
10290jan
10290913
1029088
10290811
10290805
10290801
102907aj
10290726hehe
102906rm
10290621
102905s
102905jd
102905ab
102905SH
1029056
10290526
102904mk
102904aj
10290424
102903ryan
102903dp
10290352
1029033
10290309
102902dw
10290231875105
10290214
10290211
10290115
1029010
102900mehc
102900b
1029007
1029/2310
1029.tik
1029&?M
1028yast
1028wc
1028tori
1028sureshr
1028sj
1028sauer
1028sag
1028rm
1028rd
1028pony
1028ploqui
1028pd
1028o5
1028nessa
1028momm
1028moises22
1028mikey
1028may
1028madelyn
1028lynn
1028love
1028lina
1028ldh
1028kp
1028khor
1028k
1028jsat
1028jl
1028jeca
1028ja
1028irl
1028hurus
1028goldo
1028gia
1028fefe
1028eloise
1028eddie
1028djr
1028dh
1028dan
1028daddy
1028d
1028cnc
1028chubby
1028ch
1028buba
1028bhc
1028bail
1028auau
1028arpojia
1028ap
1028anita
1028amor
1028ak
1028a1028
1028SS
1028LS
1028KEVIN
1028GUZMAN
1028AC
10289e
10289a
102899S
1028990
102898j
102898707701
102897bf
1028972
102896s
102896aly
102896a
102896385
10289612r
102895ost
102895jdc
1028954
102894j
102894dab
102894MJ
1028949
102893k
10289313
102892sd
102892cr
102892b
1028926
1028924everokrbr
1028920
102891luv
1028919
10289123
10289107
102890yang
102890s
102890br
102890a
102889rea
102889hdc
102889ca
102889bb
102889a
102889+
102888jm
102888eh
102888A
1028888
10288813
10288801
102887s
102887c
102887JS
1028871
102886cj
102885hc
1028852107
102884t
102884a
1028845
102883lir
1028831
102882tyler
102882l
10288202
10288201
102881r
10288182
10288117
102880cva
1028805
1028800000
10287mel
10287jrs
102879sb
102879a
102879102879
102878mh
1028789
102877sara
102877719
10287728
102876gmv
10287654
102875dea
10287576m
10287569
10287500001
1028745
1028737
102872bob
1028723
1028719338
10287137
10287117jl
102870sc
10287034
10287010
102869t
1028687
102867tiger
10286718
10286643
1028656195
10286505
1028647
10286375
1028628
1028624
102861
10286061
10285m
1028593
1028589
10285792311
1028565
102856/m
10285544
1028526
1028523
102851547176953
10285101774568
102850443
10284edc
102848
10284796
102846rds
10284474
102843851
10284320
10284260
1028418
1028417
10284000
10283971
102839
10283805
102837531
10283745
10283698
1028361
10283596
102834c
102834
10283278
1028319010283190
102831634952
102831306c
10283114
1028310195
1028301114
102829646044
102828r
102828dog
10282825
10282700
10282534
10282502
102824T
102823921
1028238
102822bsb!!
10282219
10282035
10282009e
102819J
10281995am
10281992a
10281990.
1028198six
10281985a
10281980b
10281978cr
10281973
10281964
10281960
10281959
1028193
1028187679
10281850
1028176lrm
1028167
10281607
10281570
1028153
1028151
10281491
1028143
10281402
10281303
102812nong
1028129a
10281222parini$$
10281211
10281202
10281163
10281157F
10281126
10281113
102811101128
10281103
10281101
1028106
10281030
10281028ce
102810154ever
10280ms
102808dm
1028086671
10280789
10280711
102806tm
102806mg
102806e
102806bj
10280685
1028061992
10280605888010
10280603
1028060
102805rl
102805i
1028056
1028051
102804tnt
102804love
102804l
102804j
102804b
10280497
1028043m
1028043
10280422
10280405
102803j
1028038
10280330
10280313
102802wu24WU@$
102802a
10280227
10280206
102801A
10280117
1028010280
1028007q
1028004
1027zb
1027webn
1027tim
1027tank
1027swe
1027sk
1027sanantonio
1027sally10
1027rkd
1027qdw
1027pedro
1027okulnumaram.
1027nnc
1027nas
1027myr
1027monse
1027mia
1027maryoriejose
1027lynne
1027lv
1027lovely82
1027knt
1027kimber
1027kids
1027jt
1027jk
1027ivan
1027hottie
1027happy
1027francisco
1027ethanh
1027dj
1027db
1027collin
1027chris
1027chepe
1027camivale
1027brooke
1027briar
1027blood
1027bg
1027bd
1027ar
1027alana
1027aj
1027abg
1027a
1027SOUTH
1027MANUEL
1027GIGI
1027ALT720
10279j
10279`1
102799d
1027998144
102798e
1027982
1027981015
102797m
102797cs
10279792998
102797021605
102796r
102796eja
1027964202
10279623
1027961992
1027960154
102795aira
1027951227
102794jlm
102794dmw
1027949542
1027946954
102793v
102793lr
102793ef
102793MIRA
1027934montero
1027932118
10279315
102792mm
102792b
102791jak
102791a
102791A
1027916
102790zxc
102790mike
102790j
102790N
1027908k
10279060
10278molly
102789s
102789p
102789jg
10278993
10278916
102788u
102788me
102788j
102788a
102788A
1027887188
10278810
1027880517
102787l.
10278788
102786z
102786s
102786nan
102786KLV
102786501368201
102785j
102785ash
10278584
102785763
10278543
10278520
1027851
102784a
1027847
10278417ss
102783jo
102783Ee
10278377
10278325
1027830
102782eac
102782b
10278245
102782102782
102781c
1027815
102780pimp
102780j
102780asp
1027809173
10278080jj
10278034
10278025
102779k
10277983
1027792s
102778oct
10277845
102776lms
102774s
102774TM
102773m
1027738200
10277310
1027729
1027725at
10277201
102771854
1027700
10276t
1027688
10276845
1027682
10276731517
102766600
1027659366
10276524B
1027651a
10276373
1027624t
10276200
102761DAS
102761
1027603
10275jp
102759gn
102758jb
1027582
102757j
102757e
1027569
102755omar
102753s
1027539
10275295a
1027521
10275200
102751limbosuborica
1027509orawan
102749325993
102747988
102747
102745dad
10274579
10274463
1027442
1027435
102742k
1027429
102742535
1027420
10274197
1027418m
1027411693
1027409
10274++
10273cm
1027395916
102737
10273690
1027348
1027345
102734
102733383
10273331
1027319
1027312
102730421
10273015
10272jr
10272831
1027279
10272710
10272603
10272548
10272513sf
1027243
102724196
1027234
1027233110
1027230332
102722998
10272112
1027202
10272008
10272004bka
102720022b
10271or
1027199512
10271990wt
1027199
10271987elsa
10271967
10271963
10271958SLeBon
1027194
102718ya
1027182
102716@hotmail
10271630
1027160
1027154bae8e1027
1027150616
10271457
10271408
102713GJ
10271321
102712613
102712392
1027123
10271216
10271211122
10271129
10271121
10271105el
1027109david2k4paul
10271070
1027103
10271028jj
10271027P
10271020
10271010
1027098
10270901
102708lk
1027083a
10270818
102707w
1027072975
102707012
102706jc.
10270657
10270628
10270611407
102705meck
102705jb
102705h
1027058
10270551684
10270512
102704s
102704l
102704a
10270473
10270427
1027041894a
1027041227
102703940
1027036917
1027033
10270311
1027030405
102702just
10270233
10270222
102702120706
102701w
102701rmb
1027016
1027013
10270123456
102700ch
1027006s
10270049p
102700115489
102700072607
1026yr
1026tw
1026tag
1026st
1026so
1026sea
1026rina
1026r
1026paty
1026nyapsu
1026nd
1026mizz0728
1026michi1026
1026may
1026mami
1026mad
1026lvs
1026len
1026laura
1026killer
1026k9
1026jrj
1026jk
1026jcj
1026jadi
1026homedepot04
1026hey
1026gail
1026fi19
1026fairwa
1026el
1026dv
1026coll
1026cm
1026ckj
1026cd
1026candy
1026buba
1026boom
1026blinx95
1026bexia
1026be
1026aw
1026angel
1026alex
1026_ka
1026_1026
1026MAX
1026LadY
1026KIDS
1026JOSE
1026Avocado
1026A/558N/
102699ap
10269970
102698b/d
1026980
1026974vic
102696marco
102696k
102696g
102696A
1026969
1026967m
1026963236512
102696123
102695ca
102695M
1026954
102694s
102694lean
102694bear
102694L
10269435
102694081718
102693m
102693das
102693a
102693-102693
102692jasy
102692alex
102692P
1026921028
102691jw
102691cen
102691at
1026912787235422835
10269115
10269107
102690k
102690g
102690d
102690c
102690BL
10269072
10269031
10268lmngnn
102689sk
102689me
102689j
102689d
10268991
10268977
102689594
1026893
10268910
102688t
102688m
102688c
10268845011
10268810j
1026880012
102687n
102687e
102687am
102687M
10268716
102686k
1026860722
102685lw
102685112787
102684s
102684c
102683kc
10268367
10268347
1026830
102682j
1026826
102681c8
10268199
102680rb
102680lovr
10268028
10267leigh
102679e
102678t
102678b
10267887608eg
10267805
102677sg
102677b
102676J
1026766
102675djm
1026756a
102674s
102674_k
10267413
1026739583
1026729
1026725
102671m
10267123
10266gus
102669429
1026691224
102668mb
1026686
10266819
10266742
102666a
1026647
10266410
102663400
1026625
102661pb
10266180
1026610821
10266050
10265995
102658e
10265802
102657y
1026578943
1026574x
102656C
1026563294
1026562
1026561100
1026559396
1026559041
1026557991
1026557908
1026557535
1026555
102655328
1026547
1026545
102653Buccaneers
10265279
10265234
1026520
102651dr
10265156
10265000
10264h
102648r
10264850
1026483k
1026478
10264752sopitnaudom
1026470a
102647
102646
102645a
1026454
102643fe
102642534
1026421
1026419
1026400
10263970
1026391063
102638259
1026381597
1026367
10263609
10263599
102634698
10263355s
1026326
1026323
10263160
10263118
1026302t
10262fire
1026297
1026294
1026292
1026282901
1026281
10262781
1026273122
1026271
1026267329
1026266983
1026264307
1026263559
1026263419
1026262859
1026261072
1026260876
1026260465+laura
1026260181
1026259394
1026258415
1026256763
1026253584
1026252969
1026252767
102625229
10262512
1026250215
1026232771
1026226m
10262207
10262143
1026201
10262004hg
10262001a
10262
10261996to
10261994lorena
102619892007
10261987m
102619861031990
10261983t
10261981s
1026198
10261970a
10261965
10261959
10261956
10261952
10261949
102619203200256
1026189
1026186
10261819
10261693
10261603
1026154
10261521
10261504
10261443
10261399
1026136710
10261319
10261314
1026131
1026130449
10261294
1026126
10261224
102612165
10261204
102611966449
102611827
10261121
10261119
1026110261
1026103d
10261028luis
10261028
10261026ng
10261026b
102610261026
10261011
10261007da
102609aj
10260951tg
1026094m
1026092lore
10260909
10260901
10260829
1026081sb
102607o
102607jeremy
102607drex
1026073
10260729
10260711e
102606bear
1026062105
1026061b
1026061
102605x
102605anne
102605MII1
10260528
10260519
102604ce
1026046595150999
1026041
1026039
10260317
102602tds
102602md
102602acg
10260225
102602133018amor
1026020900
102601a
10260139059
102601308
1026010
102600e
1026007
1026004a
10260007
1026/80
1025z102
1025yugioh23
1025wm
1025wild
1025ttlpcy
1025tridelt
1025tk
1025sweetyoga
1025sra
1025rembrat
1025r446
1025pinche
1025oct
1025nena!
1025myd@te
1025mm
1025mk
1025mihoya
1025meehz
1025love
1025loka
1025lm
1025leirza
1025larue
1025la1230sha
1025km
1025kc
1025kay
1025jj
1025jeff
1025jb
1025jason
1025iloveyou
1025ifle
1025hs
1025gemiajg1025
1025flower
1025fb
1025ej
1025e11
1025duck
1025din
1025dd
1025dad
1025ck
1025ch
1025cb
1025c
1025bridge
1025blank
1025bdle
1025bayl
1025al
1025aac
1025_tomo
1025SCJ
1025LI
1025J
1025CHULA
1025@su
10259effen
1025997
102598h
102598b
10259845
102597si
102597hy
1025977140
102596p
102596N
102595s
102595faly
102595J
1025958
102594x
102594j
102594db
102594M
1025942JJ
102594101773
102593tm
102593s
102593a
1025938
1025934
10259312548
102592m
102592e
102592a
102592Ash
1025927
1025923
102591mls
102591jt
102591ey
102591bh
102591CRW
10259170830
1025912
102591123190
102590kmm
102590jn
102590b
102590726
1025905
10259017
1025900816
10259
10258ku
10258a
102589j
102589b
1025896321
10258929m
102588dl
10258890
10258827
10258823
102587t
102587r
102587cr
102587937
1025874412
102587*
102586iba
102586cah
102586anh
102586VJV
10258680
102586102586
102585kd
102585aw
10258586
10258558
102585347
102585233
10258519c
10258500
102584kevo
102584bitch
10258484
1025847
10258457
102583h
1025834
1025831
1025830
102582sam
102582cb
10258264
10258257
10258201
102581s
102581etc
102580f
102579olivarez
10257962
102578y
1025784
102577e
1025777
1025773
102576c
102575nt
10257555
1025754
102574g
102573072578
1025716
1025709
10256m
1025698
10256961
10256925
10256833
1025659l
1025641677
102563j
1025639
102562r
1025619j
10256158
1025615
10256144
1025605045
1025602042
10255rr
10255_cz
1025592
10255805
1025574836
1025570
1025555
102553p
102553
10255241yese
102551LOV3
1025505039
102550156
10254k
102548r
102548*
1025478963
10254702
1025463879
10254536
1025445
1025436
1025433
1025426
10254189
10254080
10253911
1025384start
10253722
1025367464
10253645
1025352
102534su
1025345dork
10253408
10253313
10253250
102531csr
10253110
1025310253
10253084
1025306
1025302931
1025291
102528lizy1220
1025283
10252801
10252787
1025274
10252723
10252641
10252625
10252618
10252601
10252552
10252535
10252510cb
10252510
10252400
10252327
10252317
1025221094
10252179
1025213diploma
102520349
10252009
10252003j
10251996lnh
10251994cd
102519905583073
1025199
102519880125
1025198610251986
10251967
10251963
10251955
10251947
1025192joyce
10251919
1025186
10251816
102517a
10251793
1025172
1025164
102515d
10251596547
10251591
10251530
10251427
1025135
10251300
1025129
1025125jd
10251228
10251218
10251206
1025116
10251122
1025111
10251080
1025105
10251025e
1025102504
10251011
10250s
10250mf
102509toj
1025099
1025096
10250922
1025091a
10250913acc
1025090a
102508321
1025081520
102507hppp
102507charity
1025079
1025074
102507141130
102506D
102506830
10250613
102505ss
102505lgl
102505d
102505botello253
102505ba
102505<3xo
1025059
1025056
10250525
10250513
10250508
10250506
10250504
102504ep
10250407
102503ns
1025039
10250331
10250321
1025031
102502oj
102502abc
1025021
102501p
1025019
10250125
1025010250
102500c
1025006
1025003
1025.55
1025!!
1024yvonn3
1024x100pre
1024water
1024tysalyn
1024taxi
1024sting
1024spruce
1024sns
1024shaq
1024semaj
1024sara
1024red
1024pynx_marie
1024punkin
1024pogi
1024okm
1024o83
1024ni
1024nessa
1024myjoe
1024mfmf
1024me
1024mai
1024lynnwood.
1024lot
1024les
1024le
1024ko
1024kel
1024kahyan
1024judgement0117
1024joey
1024jess
1024jdta
1024indians
1024haldol
1024grt
1024gec
1024fc
1024eric
1024em
1024elmore
1024dw
1024domz
1024de
1024cs
1024chaleloco
1024carolina
1024buck
1024brian720
1024boys
1024bones
1024bday
1024as
1024ant
1024am
1024adc
1024_q
1024_babie
1024XG
1024TK
1024RUE
1024Montgomery
1024LOT
1024ISABEL
1024DANNY
1024Bis#4
1024ADM
1024@fabian
102499m
1024998007
1024992079
102498wa
102497t
10249777a
102496j
1024969abc
102496121290
102495c
102495MONEY
1024952492
1024949
10249400
102493jm
102493fn
102493102
102492tou
102492leon
102492c
102492BG
102491m
102491j
102491b
102491aj
10249196
102490xd
102490mh
102490kc
102490cc
102490bb
102490a
10249073
10249008p
102489e
10248963
10248957
10248914
102488t
102488m
102488dt
102488bebe
1024887
10248822
10248812
102488!a
102487chuy
102487S
10248719sd
102486mg
102486b
102486BNK
1024863904
10248618
102485j
102485alex
102485108
102484smbr
102484m
102484be
1024846a
1024842
10248403
102483ruth
102483e
10248322582
102482n
1024826
10248181
10248136
102480ym
102480ka
10248/3
10247berlin
102479lili
102479Ry
10247999
102478w
102478d
102478153
1024770621
102476875
1024766love
102476300431
1024760
102475k
10247591
10247570
10247549
1024751
102474m
102474737
102473s
1024739170702
1024733
1024731
102471b
102470wt
1024708b
102469t
1024697
1024693
10246843
102467ll
10246732
10246700
102466bigr
102465e
1024659
10246485654
10246189
102460rak
102460ac
1024606
10246015
10246
102459AH
10245879
1024574
1024568PL
1024567ls
1024563978
1024561499
102455bs
10245555
10245417
1024526
102451669
102450836
10245070100
1024505299
102450375
10244nurse
102449mvdo
1024498239
1024496946
10244959
1024491171
1024489474
1024487792
1024486418
1024483847
1024482892
1024482480
1024480833
1024480124
1024479652
1024479
10244784
1024477332
1024476325
1024475260
1024474943
1024474013
1024473135
1024470112
1024463523
1024460
1024457
1024455
1024451
102444102444
102443641
102442er
1024427522
1024417
1024414m
1024410244
10244096
1024402
10243stasmejor
1024399
10243849ln
102438053
102437a
102436a
102435723
102434matt
10243384dc
102433234
1024325
102431rm
1024317
1024312362
1024312
10243099
10243007
1024297
10242917
1024291
10242827
1024278
1024273
1024272
10242709
10242656
10242609
1024259n
10242528l
10242509
10242436119
10242418jr
102424015
10242378
1024235
10242310
10242201
1024219
1024214
10242100
102421
1024204
10242010
10242007nd
10242002jm
10242001
10242
10241999amc
10241999
10241993s
10241992sw
10241992B
10241988r
10241988a
10241985beccay
10241984rm
102419809
10241979mdm
10241974
10241972m
10241968sB
10241959k
10241953
10241902
10241858
10241823
10241820
102417545
10241715
10241702
102416o
102416609
10241629
102415e3
1024152ZULEJUL
10241422
1024138
1024131
1024127D
102412288
10241209
10241207
1024118
10241126
10241121D
102411124823
10241109
102410vit
102410k
10241094
1024108
10241027
10241024pp
10241024ash
102410241024
10241007
102409d
102409302202fare
10240924
10240905
1024086
102408279
102408210
10240806
10240789
10240764
102406rp
102406l
102406g
102406bg
102406a
10240699475
10240614
10240602
102405em
102405D
10240589A
10240525
10240517
10240506
102404nn
102404m
102404b
10240480
1024045311
102404387000
10240409
10240402
102403hj
102403c
102403RP
10240389
10240330
102402tj
102402c
1024024199
1024020990
102401aw
102401544374614557
10240124
102400r
102400a
1024006
102400021
1024/44
1024-479
1023yummanat
1023xf
1023wtb
1023vibi
1023trs
1023tlc
1023tiff
1023tds
1023taffy
1023svr
1023spawn
1023snowball
1023si
1023saxon
1023sEm
1023ry
1023rosy
1023ri
1023rarick
1023pmy
1023oak
1023nm
1023nicnic
1023nao
1023mylj
1023monchi
1023mnm
1023mf
1023meghan
1023mcm
1023ls
1023les
1023kirkswest
1023kg
1023kelly
1023jk
1023jesus
1023jason
1023iko
1023hlb
1023haroo
1023gp
1023ginger
1023ft
1023frasier
1023feb
1023evvr
1023ed727
1023djd
1023dec09
1023deb
1023ct
1023crane
1023chris
1023chary
1023bravo
1023bn
1023benjamin
1023bd
1023b
1023atoms
1023apt3
1023anirak
1023am
1023aek
1023abl
1023a
1023MM
1023JER
1023Dakota
10239_10239
102399rc
102399pmc
102399kb
10239965
1023991
10239900
102398jb
10239841738
102397kk
102397j
102396tdt
102396me
102396782
1023964Jp
102395kk
102395b
102395a
10239552
1023951330
10239501
10239405
102393madonna
102393km
102393g
102393a
1023937
102393261m
102392sl
102392r
102392o
102392eg
102392b
102392abi
10239285
1023925
10239215
10239201
102391s
102391c
1023916k
10239129
1023910239
102390s
102390kcb
102390j
102390c
1023909020
10239075
10238nine
10238K
102389lvr
102389bcjp
10238988
1023898494
1023897
1023893752
1023893134
1023890767
102388rc
1023889924
1023885698
1023884261
1023883111
1023882
1023881364
1023880085
102387jr
102387j
102387a
1023879904
1023878
1023876991
1023874736
1023873210
1023871886
1023871044
1023870965
1023870640
102386kk
102386a
1023869227
1023868508
10238675
1023862867
1023860
102385jlm
102385cute
1023858
10238511
102384Me
102383n
102383austinryan
102383094rn
102382j
102382an
102382=PAUCAR
1023825
102381jm
102381LI
1023817
10238123
102381102381
10238106j
102380k
102380a
10238086
102380***
10237m
102379SP
102379BS
1023792469
102378mif
102378aj
1023789
1023786
1023781dd
102377luke
10237776
102376CJ
10237607
1023753
10237451
10237353
102372aemq
102372533
10237225
10237141
102370and031396
1023704
10236p
10236mc
10236f
10236987~
1023692287
102367veda
1023665
10236548
102365201
1023650a
1023645
102363mb
102363A
10236248
1023612
1023609
1023604
10235j
1023596
10235913
10235897
10235864
1023581
1023576
1023569
1023567
1023564
102356+
102355keys
1023558
102355160
10235498
10235476
10235454
10235310
102352tanya
10235257
10235199
10235136
1023503
10235001s
102350
1023497
1023486
1023481
1023473
1023461989logan
102345s
10234594590826c
1023456m
10234566
1023454t
10234444
102343360
1023431
10234277
1023426DzDbfaobd
1023420
1023411257
1023404
1023385
10233784
10233776
1023374016
1023362
1023360
1023350
1023344
1023332ab
102332bozzx13785
1023328
10233256
10233210
1023320
10233172
1023310233
1023300
102329d
10232996
1023294
1023291
102329011990
10232829
10232808
102327m
1023279j
10232729
10232708
102326599960
1023262
102325aa
10232536
10232532
1023241995
102323l
102323101103
10232188
10232174
10232145
1023212
10232106
1023209x3
10232007ep
10231thanh
10231998s
10231998a
102319952
10231991ao
1023198720
10231985h
10231979r
10231971sr
10231970
10231964
1023192008
102318Jhonteama
1023188
10231835
10231821
10231811
10231804
1023179772
1023166
1023159gk
10231501
1023143
10231414
10231345
10231319
10231306
1023126227
1023125
10231222
10231216t
10231214
102311mo
10231156
10231137
10231120AK
10231119
10231116b
10231114
10231109
1023110231
102310sef
1023105l
1023104820
1023102moka
10231023m
10231023b
102310232
10231019
10231010
10230amm
10230997
10230921
10230906
10230897
10230830b
10230826d
1023081979
1023081187
1023080
102307jd
102307a
10230725
