2256kick
225697
225689
2256875381
2256833
2256794
2256774
22567353
225666
225663
2256589720
225654
2256525
2256500
2256448
2256410
22564
225638
225630
225621
2256181551
2256157
2256123
2256073
225602
2255perla
2255baris44**
225590
2255887
225585a
22558
2255749
225571
225565
2255602
225559
225551
2255456
2255443
225539
22553627
2255336600
225533272
2255321
22552waleed
2255233
2255225
2255214
22551177
225510
225508
225504
225503
22550011
2254bnb
22549428
225490
225479
2254731496
22547
22546511
22546225
2254567
225455
225445778
2254330
225423
225421
2254123
22540611
22540359
2253tiff
2253855997
225383
225377
2253730123
225366
2253643car
225358
2253567622
2253482
225347
225346
2253404
2253359
225333
225330
22532holla
2253256
225323
22531603
2253131
22531177
22530984
2253011
2252tl
2252azt
225296
2252902
225287
225284
2252822
2252713
225268
2252657k
225262
225255
2252537
22525252
2252523
225250
225247
22523971
225234
225231
225228
22522541
2252214
22520858
225203
2252004
2251997
2251984
2251981
2251961
225189
2251828
225179
225177
225169
225164
2251599
2251565
22515225
225152225152
2251506
2251489
2251436
225136
22513
2251289
2251245
225122
2251208
225117
22511418
225113
2251110
2251022510
2250topaz
22509831
2250909
225087
2250825
2250793
2250726
225067031
2250631
225060
2250570v
2250489
2250432
2250387
22503427
225030
2250250
2250180
2250128
225005
225-357-2555
224west
224tc3383
224sport
224lncgg93
224996
2249843
22498
22495t
224957
2249461
224945
2249403
2249300
224928
224920
2249099
224899
22489++
224875
224872
224862
2248525
224847
22484
224836779
22482355
224820
224811
2247922479
224788
2247801*karem
224778
224762
2247560
224744
224736avvg
224731
224728
224724
224720
2247096783
2247023748
2246964
224694
224689
2246860
2246813
224673
224672
224666
224658
2246467
224644404
224634259
224633
224627
224616
224613
22461016
22460566
2246
224599
224593
224583
22457
2245688tb
2245681mj
2245622
224560
2245447
224540
224534860
224532
22453060733
2245251314
224523
224513
224510
2244sniffer
22449933
224490
2244883
2244863
224485
224473
224469
224466e
22446688a
224466889
2244666
2244664
224462
224455a
22445511
22444244
224440
224430
224426
22442355
22442216
22442047491
22441989
224418642
224417
2244149
224413
2244107
224404
22440066
224395
224389j
224386
224376
224357
2243530
224345
224336
224325
224322
2243162
224312
224310019
224306
224300
224290
224288
2242831
224277
2242674
22426243
22426
2242547
2242525
22425
2242426
2242347563
2242331
224230
22421996
2242144
22421
2242052
224200
2241hit
2241981
2241976
2241971
2241901
224187
2241769164
22417020
22416760
224161
2241548
2241458
224142
224139
22413132
224129
224123
224120
2241137
224110
224108590187164
2241077026
224105
2241021865
2241
224099
224090
22408709
2240707
224061
2240579
224053
22405
22404
2240335
22403
224027
2240223
224012
224010
22400
223love
223998
22399
2239800
223975
22397125632
2239699
223958
223955
223941
223934
223927
22392239j
22391214
22390929
2238lw
223896681
223884
223879
223868712
223867
223866
22385524
223854
2238331
223830
223817
223814
223806
2238001
2238
2237950
223790
22378598
2237781donnie
2237707
22376556
22376
223758
223750
22374814
223722
2237191
223716898
2237122
22371006
223699
223696
2236934
2236859c
2236834
22367767gj
223672
2236657
2236547
223648
2236450
2236406
2236388
2236285
2236265
22362554
2236169
2236151
2236090
223607
223606
223602
2235999
2235984
223592
2235888
223577
223575742
22357205
2235671
223565
223555
2235511
22355
2235477
223545
2235418
223539
223537
223534
223532
223527
2235219
22351659
223514
22350761
223505
22350326
22350219
2235003
2234975
22349
223485
22348
22347763
2234769
2234700
223465
223462
2234567
223455
223452313
2234500
22344763
2234461
2234455
223440
22343797
223427
2234251
223423
2234223
2234217
223417
223414
223410428
2234073
2234058701
2234006
223398
2233926
22338899
223385
223380
2233789
223374
22336677
223357
223354
223347
223344dixie
22334455a
2233444
223343
223337
2233349c
2233300
223327
223326
22332266
223321
223315
223313
22331144
2233110
223305
22330000
2232966
223289
223275
223267
2232618
223256
2232535
223253
223252
223250
223244
22324252
2232325
223231
2232281
2232274
22322532
223224
2232233
2232231
2232213
223221
223218
223210
2232044
223202
2232002
2231strive
2231cs
2231979
223196
2231839
22318110
2231802
22318
2231768
223171
223165
2231592
223157
2231557
2231481351
223144
22313265
2231312
2231232
2231169
223115182
2231120
223109
223106
2231033
22310
223098
223094
2230884
2230826
223081
2230736
2230689
2230637
223060
223056
223048
223040
2230379741256
2230341
223032
22302r
2230241
2230166
2230147
223013
223010
22300016544
223
222tledt65
222pig424
222kkk
222iloveyou
222florida
222ddd
222cat
222bnprq56
222big
222abc
222998alm
22299345
222989
222986
222980
222975
22296797
22296641
2229629
2229529
222951
22294574
2229417
222934
22292sk8r
22292663
222922a
222919
2229110
22291042
22290560
2229036
2229010
222899
222895
222888555
2228881144
2228859
222877
222872
222867
22286
2228531
2228481
222845
22284
222834
222826
22282475
22282
222817
22281402
222807
222797
222791122
22279064
222780
2227696
222753
222745
222742dyt
22274
222731
2227222
222721
2227145
222706
22270391
2227
222697
222693
2226899
222688
222683
222680
222676
222671
22266
222652
222646
222643
22264
22263
22261656
22260907
22260420
222600
222591
222582
222578
222566
2225643
222563
222562
222556
222553
222548
2225444
222541
222528me
22252820
2225183
22250916
222497
222487
2224810
222474t
2224709
2224625
22245641
22245
222444g
2224445
2224421
222438der
2224309
22242930
2224222
22241987
222411j
22240
2223xl5
2223kb
222394
22239
222381
222378
2223704
222368
22236377
222358
2223567
222354
2223349
2223336
222333444555
2223331
22232628
222319
22231226
2223113
2222sp
2222love
2222fish
2222ale
2222TX
222287
222284
222271992
222268
22226094
2222536
2222524
222240
22223344
2222314
22222r
22222j
22222g
22222c
22222A
2222234
22222333
222222h
222222b
222222K
22222275
2222222J
22222223
22222222a
222222222a
2222222221
2222211
22222008
2222200
2222147
22221212
222206
2222008
2222003
2221999
2221997
2221990bls
2221980
2221971
2221960
222189
222186
222163
2221556937
22215
222144
22214370517
222130
222129
222128
222124
22212222
2221211
2221181
2221136164
22210963
222105
22210254
2221/1987
22209
2220861w
2220849
222079201
222078
222071
22206863
222053
2220450
2220406a
222031
2220189
222017
2220121
22200809
2220075
2220032003
22200225
221isabella
221hal
221bbs
2219rrs
221995usa
221994619640
22198822
22198456
2219822198
22197479
22197179
22196l
221960
221945
221943
22193m
221937
2219126
221909
221902
221896
221891
221887
221882
221880
221870
221865
2218636
2218589A
2218538
2218473
221840
2218377
2218284
2218221822
22181538
221812181
221805
22180325
2218018
2217ray
2217cd
2217953
221794
221791
221781
221775
221771
2217643
22176007
221745
22173163
221729
22172007
22171722
221711
221701
2216936
221683
2216767
22167
221669
221664
221652
22165
2216458
221642
221631
221621
221615
221610
221607
22159632
22159
221588
221572
2215687
2215621
2215612
2215594
2215564
221550
22154719
221545
221539o
2215265
2215249
2215235
22152007
2215164
2215122151
221504
2215002
221496
221492
221484
221479
22146sam
2214664
221463
22146
221458
221451
221444
22144122
22143693
221435
22143007
2214243
2214131
22141
221401
2213lol
2213beky
221397
221390
221387
221384
221381
221378
22137
221366
22136
2213519
221349
2213443
2213363
221334
2213328
2213301
221329*
2213280
2213239
2213202
22131112i
2213097
2213058106AniluyJenny
22130
2212mzsexy
2212932
2212915
221290jo
221289chamis
22128722
221267
2212622
22126
2212536
2212533
2212522
2212512
2212502201
221247
22123456
2212330
22122903
22122610
22122549
22122518
22122405
2212213
22121998
221219803
22121963
22121960
2212165
221212321
2212123
221207rex
221203874
2212008
22120
2211tonje
2211rebecca96
22119962211996
22119924
22119711
2211969
221190a
2211890F
2211778a
2211741
2211662
221165
2211609
2211578
221154
221148
22114102
2211339
2211330
22112w
2211266
22112551
22112519
22112282
22112212
221121522525500
221121205
22112
22111989mms
22111977
22111970
221119
221113
22110725
22110088
22110055
2211
2210morgan
2210ma
2210je
2210alex
221086010203
2210789
2210777
2210708izrzbr4
2210645
2210636
221059
221054rb
221049
221047
221038piggy
2210337a
221032280933
22102826
22102541
2210253877
22102516
22102506
22102010
2210200019362
22101991lsfg
22101965
2210129
2210110211
2210080
2210-1996
220mat
220kmw
220hilda
220cotorro
220ave
2209ze
2209tella
2209mk
2209andrea
220991sxc
22099026
22098800
22098100
2209666
22096011
220956
2209536
220942
220939
22092810f
22092539
22092405
22092008
22092
2209199322
22091983trust
220912
2209025
2208boo
22089131133
2208881
220887dw
2208832
220870
2208677
2208656
220860
220856
220849251
220841
22083106
22082812
22082540
220825342007
220825307
22082522
22082518
22082002
22081973
22081971
22081955
22081006
2207jp5632
220793marinik
22079
22078813
220770
22076570
220760
220755
220749
22072523
22072284
22072177
22072002
220720
22071d
22071975
22071968s
22071964
220715
22070722
2206slapstick
220692sl
22069016
2206877
220666
220652
2206430
220635t
2206271014
22062523
22062515
22062001
22061973
22061971
22061966
220619
220611
2206012
2205sex
2205nop
220594ra
220590n
220590,anghy
2205852
220565
220561my
220557
220556
22054900
220545
22054
2205287
22052549
2205253267
22052517
220521
22051976
22051966
22051952
22051948
22051607
2205143
22051
2205070231
2205004
2204ask
2204985
220494220494
22049277
22048638
2204814835
22047878
22047
220463
2204608
220453
220449
220445
2204428
220439
220432535
2204282
22042541
22042523
22042517
22042506
220422AD
22042003
22042001
22041998
22041976
22041968
220418
220415
22041308
22041038
2203zuhaili
2203nick
2203901
2203850525
22037078
22037031
22036431
220363
220354
220349
2203450
22034114
22032538
22032531*
22032520
22032515
22032306ej
22032005
22031990230619602007
22031974
22031966
22031962
2203030
22030150
22030000
2202srg
2202986
220290.592359
220286m
22026383
220255
22024954
2202465
2202332
22023198_93_love
22022mangod
22022540
22022524
2202220
22022022
22022010652707
22021loveu
22021972
22021779
2202123
2202031b
22020304maria
2202000c
2201rose
2201996
22019777
22019661
220192lbutterfly
22018922
220180pjr
220170
220163
22015290
2201524
220149
220146
2201436
220130261
2201290
22012130ns
22012000
22011999
22011975
22011971
22011967
220119
220111
2200mobb
2200945
220087
220084
22008
220071
220062
22005511999944
220048
2200433
22003366
220027
220024
2200202
22001199
2200107676
220010
2200023543
22000077
220-1054
22/9/94
22/12/88
22/10/1987
22/09/92
22/03/1991/bgh
22//c//22
22.11.1992
22.08.93
22.03.92
22-12-2007manu
22-01-1991
22!5!1992
21z97z
21xoxo21
21wingheizi
21trouble
21toni21
21tippy
21tink
21tiger
21tiana
21therock
21tequiero
21swtbb
21sugar
21stunner
21stjune
21stjan
21stcentury
21ssoul
21smog
21singl
21sheba21
21shaggy
21setembro
21secret
21scorpio
21sandiego
21rockyou
21ri88a3
21reds
21rcwdw
21ramona
21radha&krishna
21qtips
21q21q
21power
21playa
21pinkangel
21pimp@atl
21phong
21pearl
21paz92
21pREM3e
21oranges
21okay
21octtammierene
21october2006
21oct05
21o6o3
21nowayman
21nov98
21nov88
21nov2007
21nov1994
21nov1989
21nov02
21noiembrie
21newlife
21nene
21nana
21muffinz
21mooree
21monkies
21mona
21milalay
21michelle
21metro
21mekah
21mei1993
21mcA71jee
21mayo1989
21may89
21may2007
21master
21marie
21march1995
21march1987
21mar91
21mar321-ht5z
21mancala
21mafe
21m249047
21lyn84
21lovalot
21lord
21lolita
21live
21lilone
21licam13
21leann
21kris
21kitty
21kids
21kelly04
21juni94
21junho
21june1988
21july2007
21july1985
21julio83
21juli95
21jose
21jojo
21joanne
21jesus
21jaybird
21janeiro
21jan82
21jan1985
21jake
21jace
21ivanrivera
21iul1990
21ismyfav#
21intermilanvceltic
21iloveyou
21hoops
21home
21hillside
21green
21grandpalee09
21goon
21gold
21gn3656
21girls
21game
21frog
21fred
21forecast
21flores
21fisher
21februari
21feb1985
21famous
21enero1988
21elephant
21e2006b71drc
21dummy
21drinks
21drea
21dnhlove
21diego
21dic95
21devon
21des1986
21demayode1993
21dekha
21decembre
21december1989
21dealer
21dcghie
21dares
21dance
21cynnog
21crush
21coxemail
21corazones
21colombia37_67
21cls09
21chris21
21champ
21cedar
21carljames32
21buck
21britney21
21bratz
21bocaj0
21blues
21block
21best
21beauty
21baseball
21baller
21babyboo
21babes
21augustus
21aprilie
21april30
21apple
21antonio
21anne21
21angle
21and24
21always
21alizear
21agosto98
21adrian
21abril88
21abril2003
21aailmamer99
21a018
21Zammis
21STER
21SEXY
21NOVIEMBRE2004
21Marzo1988
21LAUFER
21GUERA
21DPR2205Q
21CONLY
21BRAVO
21BASS
21?zimandgir
219hile
219faf
219avonave
2199TT
219990
219977
21995584
219952
21994kh
2199488
2199310
219928
219921
2199029
219899
2198938
219888837
219887
219878
219862
219857
219849
2198427
21983
219822
219820
219816
2198118
21981
2197911
219777
219772
219764
219748
2197258
21972069526726mm
21971tony32
219713
21970
219690
219681351
21966mami
2196566
219644
219633
219627
21962466
219609
219603
219600
219596
2195800
219563
219561103
219544590
219520
219517
219511
219509
219484
219472
219446
21942184
219412611
219411
21940542
2193molly
219392193921
219377
219368
219358
2193452
219334143
219330
219326
21932167258+
21932
21931
219304
2192999
219292535
219286
219278
219259
2192538
2192534
21925
219242035
219220
219217
219211
219207394
219205
2192001
2191rina
2191998
2191969
2191902
2191862
21917891
219169
219160p
219152
21915
2191417
219133
21913
2191189
219115
219109
219107
2190edel
219085
21907
219055
219047
219034
21901525
219012
219010452254
219006
219/1194
219-87-e
218morris
2189la
2189913
2189904
218986
21897986
21897
218963
21895313
218950
218939
2189313
21891965C
2189127
21890980
2189-junio
218899
2188791439
218867
218855
218850
218844
2188311
2188229
218821no
21881974
21881574
218811
2187mac
2187boo
218789
2187842
2187635jv
21875939
2187534
218741
21873785
21872254
218721
2187206
21871
218700
218691
218640
218638
218629
218618
21861001
218605
2186015
2185britt
218582
218574382
218559
218552
218549
218541
218534
218521
2185157
218507
21848jl
218482
21847
218445
218443
218440
218423
2184186
218407
218392
218366
2183544
218334
218333
21831972
218316
218312
218309
218303
218300
218296373m
218290
218282
218280
218265
2182603
2182548
2182537
21825125
21824
218234
218231
218229
2182245
218219
218214558
218212615
218207
2182004
2182002
21820
2181cuda
2181982
2181976
2181969
21819
21817131
2181632
218155
21815
2181439abc
218131t
218120
218119
21811
2181026
218095
21808361
218079
21807
218055
218047
2180372
218032
218020
2180057
217red77
217easy
217camar
217I406XO
217986573
217983
217966
217962211
217947
217927
217918
217913
217904
21790
2178918
217888
217884
217869843
2178544
2178413
2178389
217830
217825
2178190
217812
21781
217805
217795
217788
217785
217780
217764
217761
21774t
2177400
21773009
217728
2177259
217723
217721
2177003
217697
217671
2176484
2176469
2176315
217629
217621
217590
2175666
2175508
217548
2175350
217530
217520
217513s
217509
2175
2174902
217483
217477
217463635232
217456
217452
217441
217431871994
217421
217413
217408
217394
217369
217354
217321
2173125
217311
217309
217303
2172renee
217287
217276
217267
21726130061992
2172534
2172527
2172523
21725
217249
217241
217233
217222
217217458
217216
2172008
2172005
2171rr
2171becca
217197617
217190e
217187
217181
217178
2171771
217171
2171687
217161
2171547
2171463
21713631
217124747
21712201
217120
217113
2170lurnea
217092
217088
217084bc
217079
21707404
21706tc
21706602
217051
21705
21703ld
217033079
217028
21702
217002
216man
216jun
216ctown
2169jc
216998
216994
216990
216988
216983
21698
216974
216968
216960
216945
2169356
21692wa
216925
216916
216913
216904
2168ll
21689255
216885
216865
216855
216854155823
21684
21683
216823
216815
216811
216798
216787
216768
2167637
216761
2167495349
21674481
216743
216739
216730
216723
216710
21669239
21669074
2166869
2166857
21668023
216655
216650
21664861
21663894
216627
21662045
216616
216602
216586518
216573
216567
216551
2165461
216542
21653657
2165294ds
2165196i
21651452
21651287
216500
2164est0528gys87
2164917
21647215
216469
216464
216455
2164315
216427
216420tm
216417
21641193jmn
216409
21640518
2163bcb
21638132
216363
2163570y2122873
216354
216346
21633
21632018
216317
216305
21630
2162fa
21629
21628
216272
2162634
21626
21625641
2162534
2162529
216245
21623488616
21622992
2162261
21622451
216210
216204775
2161jl
2161985
2161981
216196493
2161914
216186
216182
2161717
216169
216161
216157
21615
216137
216132
21613
21612161
216120
216117
21611210
216101
2160911
21608
216066
216059
216054789
21605174
216049
2160456
21603brian
21603261
21603118
216026
2160227
216011
21600193
215watson
215cowboy
215bob
215996
215989
215978
215960
215933
215928780
215921
21591kdz
215910
215906
215902
215899
2158947
215875
215860
21584399
21583791
2158346
215830
215823594
215818
215811
21580
215792
215789
215777
215769
215755555
2157426638
215734711981991
2157260
215724
21572
21571738
2157123
2157075
21570368
21570000
2156956
215692
2156773
215670
2156577662
215650
215647
215624
215618n
215617
21561230
2156042
215602
215595
215576
215574
215570
2155617
215554
2155316630
215523
215513
2155101
215505
2154dj
215499
215489
215481216
215467
215463
215458963210
2154547
215448
215444
215437
215433
2154215
215412
21540namwarn
21540
215394
21538kd
215381
215378
215364789
215360
215357
2153495
2153432420
215336
21533104
215315je
215312
215306
215297
215291
215286
215282
2152814327
215271
215259113
2152550
2152531
215250
215248
215237
215231
215228
2152225
215219
215216
2152121360
2152100
215209
2152038
215202
2152008
2151ds
21519g
21519GD
2151995
21519799
215196
215195
215190
215178
215171
21515496
21515
215140
21513662
215133oany
215124
215122
215116
215112
2151029
2150vlr
215090
2150845
21507896
215076
215071
21506351
215063
215055
215053
21504477
2150401
215032
215029
2150276
21502
215017
215015
2150129
215009
215002
2150
215
214nars
214joseph
214hon
214dogwood
214d1kt
214c13
214barbie
214babyo
214allen
214___
214991
214987
21497d_
214970
21495i
214941
214939
214924
214917
214911a
214900tmp
2149
214893
214885
214881
21487mari
214870637
214865
214854
21485257
21484999
2148457
2148418309231007
214839
214830
214826
214820
214816
2148140
214806
21480377
2147matt
214793924
2147891358
214786203
214780
214778
214773
214762223
214742614
2147403
21473256kh
214731
214724
214719889
21471773
214714
21471025
214709
214705
21469976
21469190
21469
214687a
214684447
2146830
21467979
214677
214670
2146684102
21466316
21465733
21465392
21465
214647
21464
2146363538
214634135
214631
2146164
214606208
2146011
214593
214591128
21458901
21457
214566
214545
214543
21454060
214536
2145350
2145233236
2145201314
214507
214503
21449745
214487100
214485
214482
214473
214464
21445549
21445367
21445
21444871
21444608
2144445
2144344
2144288
21442750
21442293
214411
21440776
21439860571
2143973
2143926
214386
2143831
214381
214380
2143785
21436587s
21436
214355
214353
214351
2143413144
214333
214327
214324
214318
214316
21431
2143008
214298
214291
2142871
2142857
214284pp
214283
21427239
2142704
2142675
21426214226
2142587
2142551
2142537
2142531
2142441257
214244
21424144
21424
21423727
214236
214233
2142299
2142221
2142187
214216
214213k
2142121
214206
21420
214199
2141974
2141964
214191
214187
214183
214161
214157
21415333
2141508
214143241
214135451louie
21413321
214125
214120
214118
214110
214106
21410407
2141018
2140john
21409
21408362
2140817
214069
21406707
214066
2140600016574
2140592
21405014443259
2140455
21404113
214038
214026
214020
21401T
214016
214003
213wer
213thehardway
213soliders
213nev
213losangeles
213la
213eastside
213cdr
213bbr
213VS702
213LOS
2139965
213992
213989
213980
213968
213962
21395876
213956
21394106c
213933
21392648
213917
213901
2138997
213897
21389005182987
21388678
213885
213879
213872475
213872
213866
2138621205
213856458
21385256
21384528
213839
213830
213829
21381t
213813
213800
213792
21378512
213784
21376893727
213762
213760
21375
213749ab
21374589
213741
213739
213722
213712
213708
213701
2136jb
213699
21369
213684440
21368
213676
21366
213650k
213646
2136446
213635
213629
2136239
213622
21360449po
213601338
21360
2135AK
2135947
213582
21358
213570
21355816
213552
2135468790
213542
2135346
213532
2135284
213517
2135156891305
213513
21350408
2134life
2134ever
2134999
2134917
213489
213485
213482
213477
2134718
21346578
21346
213457
21345467
2134521345
213449
21344528
213444
213443
213439
2134332
213432
213427
213422
21341217
21339977
213384
2133816
213377
213371
2133652
213363
213361
213357
213350
2133387
21333160
213326
2133238
213322
213321342135
2133198
21331438
213310
2133090
2133066
213305
21330
213290
21328296
21328183
2132731
213266
213258
2132560
2132535
213251
213247yez
213236
213227
21322
21321321
2132130
2132113
2132063
213204
2132008
2131_555
2131982
2131978
2131930
2131855
2131824
2131765
21316m
2131621316
2131619
21315211
2131514
2131487
2131437b
21314151b
213140
2131397
21313529
213132kh
2131314
213128
213123321
213118
213110
21310123
2131004
2130vv
213096
213092
21309
213077
213072
213066
213056
213045
21303698
213031ye
21302536
21302
213015
213010
2130078
213-2185
212walter
212snn9436MZP
212nisey
212men
212love
212ftm
212GREEN
2129kids
2129jcp
21299145k
21299
21298421
212971
21296f
2129654
212958
2129555
21294jh
212944
21292930
2129252
212922
21291986
21291622
212913
21290736
2129039
212896
212893
212891
212886
2128819
21287s
2128789
212873
2128701
212864
212855
2128519
212843
21283677PAVBpavb93
21283534
2128314957
212827
2128241789
21282225
21282060
21281890
212816
2128075898
2127Jbaby
2127886
212781
212773
212769
212761
212758
212754
212740
21273245FATTOUMA
212730394044
21272987
21272427
212716394
21271287
2127040
212699fp
212693
212688
21268485
212679
2126636
212656
2126520
21264780
212633
21262829
212614ab
212611
21260930
212603
212602
2126000
2125914
212590
212585
21258353
212580
212569
212568
21255821
212556
21255158
2125456569
2125436
212542071
2125411
21253f
212535212535
2125337
21252745403447
2125255
21252320
21251985
21251718
21251522
21251203
21251078
21251
21250334
21250104
212500452
2124pau
2124lopez
2124akajordanw
21249294
212492
212490
2124871
21248435
21248178
212481
21248
212478
212477
21247
212462
21246
212455
21244886
212437
212429137
21242804
2124261
21242525
212421240
21241421
21241005
2123tab
2123db
2123ad
212397now
212394
2123924
2123867
212380
212378
212376043
2123728
2123672
212366
2123585
212354
21234903
212348
21234567
212344
2123421234
212339150
212335
21233370aw
212333
21232598
2123242529
2123212
2123160
2123143
21231
21230606
212301
2123000
2122xq
2122al
21229272
212290
212288
212286
2122828
21228072
2122747
212271666
212270
212265
212258
2122534
21225254
2122521225
2122515446
212245
212241
2122323
21223029
212230203
21222728
212224za
212224c
2122245
212224236789
21222421
21222324252627
21221994
21221406
21221310
212211s
21221014
2122081
212204
2121ss
2121sa
2121rmg
2121lm
2121kr
2121jtl
2121e
2121dee
2121as
2121MO
2121978
2121968
2121920
21218888
212184
212180422121
21218
21217979
212175
2121711
212168
212166
21215858
2121565
2121533
2121514
212146
2121442
212142
2121372
21213191
21212525
21212424
2121221
212121w
212121r
212121k
212121d
2121218
212121212
212120_
21211986
21211818
21211616
2121133
21211111
2121021
21210017
2120miko
212092
212082
212079
212073
21206cdl
212061
212054
21204d
21204733
212042114
2120395
212034
212030
2120293a
212028
21202440
21202177
2120201
21201978
212016993
21201200
2120002040
211tnt
211spyrou
211folyf
211bgd
211Bammers
21199180
211989rj
2119788
2119743
2119678
2119655awa
211957
21194481
211939
211937
211928
211924
211922
21192003
211918
21191674
21191237
211910g
211906
211902
211897
211890
211884
211877
211871bp
211870
21186875
21185036
21184840
21184772ayran
211839
21183
211828
21181908
21181332
211803
211790
211783
21177846
21177
2117611
21176
21175296
2117463
211737
2117258
21172528
2117173
2117154
21171
21170452
21170278
211699
211696
2116897
211682
211679
2116768
2116685222
21166731m
21166
211651
211649
211638
211632532
21163
2116245
21162
21161579
21161215
21160730
211602
2115ila
211599
21158
211577
211568
211563
211560
211558
21155379
2115444
21154210
2115312515
21153014
21153
21151800
211505
2115011204
21150
211496
211491
21148896
2114854
2114787
21146903
211467
211458
2114508
211447
211444ever
2114434
211442863
21143766
211433
2114285
21142612
21142114a
211419
211407346
211401
2113green
211388
211384
2113811
211378b
211375
211365
21136312
21135940
211356
211350
211347
211340cb
21134
211333
21133050430473
211327
21132504
21132151
21131a
21131623
21131460
2113117
21130376
2112pepe
2112mz
2112dmsb
2112Pirlo
2112987
21129
21128515
211280y
211279n
211268k
21126819106
2112613
211259
211256
21125396
211253
2112526
211252
21124life
21124724
2112429
211242
21124001360828
2112345
2112344
21123141
2112311
21122516
21122312
21122127
21121971
21121969
21121965
21121961
21121952
21121747
211216077
2112141785
2112134
2112125
21121026
2112079
2112042
2112003
2111995pok
2111973
211195kellie
211192e
21119143
21119
21118521
211183ab24
21117704
211168
2111646
21116
2111543
2111448
211141
21112551
21112529
21112522
21112408
2111202
21112002
21111965
21111953
21111330
2111078197
2111040553
2110tOMwelliNG
2110963
211091n23
21108935755
2110776
21107280
211071
211065
211057
211044
211040
21103233
2110304
21102522
21102519
21102506
2110199325021995
21101972
21101966
2110153
21101411
2110122300
2110120
2110088
2110022
210town
210spurs
210satown
210riki
210pon
210nana86
210kid
210ian
210corazon
210bq15
210ary2401
210angel
210BALLER
2109ruiz
2109958642
21099416
2109933818
210990oo90
210989mvc
210985/s
21098321
210973am
21097280
210966
210964
210960
2109584
21095
21094jne
21094669
21094336
2109414397
210937
210931pla
210930032585
21092yinya
21092550
21092534
21092504
21091j
21091971
21091964
210914
210911
21090943
2109014770
2108kori
2108_97
21089964
210897101161616
21088030
210866
2108616778
210858
210855
210842
210838
21082517
2108250148
21082063
21081998
21081973
21081971
21081968
21081109
21080462
2108000
2107she
2107nj
2107ep
2107dad
2107992
21079362
210787msm050713
21078416
21077
2107666
210763
210759
210754
21075
210748
210741
21073866zule
21073143
21072548
21072210
21071976
21071959
21071
2106lw
2106jl
2106998482
210690n
210689210054
21068492
2106775426
21066967
2106632
2106549113
210650
21064699
2106440513
210640
21062903
21062551
210625116
21062207
21062000
21061975
21061960
210613rn
21061101
21061
21060315
2105991
2105959
21059231
210589m
2105771052
2105733972
210571
2105692024
210565
2105583
210554
210548160
2105451228
2105445072
210540
210537
2105311532
21052525
21052519
21052510
21052309JyV
21052000
21051999
2105198
21051974
21051963
21051864
21051420
2105125603
210511918
21050950
21050703
21050017
2104net.
2104k
2104993
21049478
210493apz
2104930
2104909636a,.
210485OSCAR
21048448506
2104731
210463
2104620687
21046016
210459
210457
2104518433
210450
210447
210442
2104414564
2104405689
210439
2104318819
21042colby
21042519
210424ov
21042102
21042003
21042
21041975
21041961
21041899
2104125
21041108
2104086
2104010553
2103maple
2103986nw
2103976
2103913348
2103883705
210366
210358
210355
210352
210350
210347
2103265
21032004
21032000
21031998
21031966
210311666
210309119184
210306e
2103..5546
2102lpmh
2102dad
2102989
21029241
21028995
21028757
21028270
2102797469rg
21027419
210269
2102638796
2102633
21026014
2102563
210254
2102526
210251
2102488
210240
21023456
21022751
21022527
21022511
21022504
2102232465
21022003
21021967
21021962
210216
210210p
21021062
2102020869
21020063016
2102002
2102000
2101989s
21019822040937
2101975
2101965
2101962
21018321
210180kim
210167
210164
210159948
210156
210150
21014797
210142
21013665
21013351
2101324
2101319
21012540
21012523
21012519
2101214
21011eft
21011975
21011966
2101167
2101112
2101107
21010706
21010212
2100us
2100bb
210096
210090
210087
210084
21008
21007691r
210069
210063
2100607
210055
210049
2100474t
210045976
21003mj
2100337
210032
21003
210026
21002541
21002202
210020
210016tj
2100100
2100080
2100054
210001827
2100003
21/9/93
21/29677
21/11/91
21/11/1992
21/03/93
21/02/93
21/01/1988
21.july
21.8.91d
21.558.715
21.3.94
21.11.93
21.11.1966
21.06.94
21-8-93
21-2-94
21-09-89
21-01-93
21 aquariuz
20ygub1
20wm4sh07
20vturbo
20verpaulo
20uxjmtpo
20ts43bl
20treats
20tinks
20thjune
20superkings
20stars
20stacks
20smoke20
20shawnmy
20setembro
20sep89
20senior06
20scooby07
20rvhs21
20rocket
20robbin
20rfc0172
20rabbit
20prune
20poemasdeamor
20peggy06
20pack
20oif205
20oct86
20noviembre+
20nikki
20newports
20neon00
20nani
20murphy07
20mulder
20moon00
20ml01
20miles
20mei1994
20mcc24
20mayo1990
20may1992
20may
20marzo88
20martie
20mars
20maca07
20m&ms
20luis
20lucas
20love07
20lilgibby
20leahmarie03
20lazy01
20larry
20kkyc1997
20kites
20kings
20keys
20kaiden04
20juni2006
20june96
20june1981
20july87
20julioemmanuel
20julie
20judy
20josh06
20jnnes
20jfmc1605
20jene-jene
20jan95
20jan1980
20inchrims
20ily08
20hvhs02
20hoes
20gwafa
20green
20gennaio
20gata20
20ga.pigeon
20forever
20football
20fio03
20federal
20februarie
20erick
20edreed
20ducks
20dolphins
20dm4df07
20dillo(u)
20diego
20desember
20dec82
20dan03
20corazones
20comp5
20cmmuie
20chri
20cherry09
20celtic08
20casper
20candles
20caleb00
20bucks
20boys
20blw04
20billion
20bennigans
20bech_crist
20bear00
20batman
20balls
20avril
20aug92
20april85
20april1990
20ap02
20ants
20angelica
20agosto96
20acuralegend
20_PearLs!
20Stewart
20RooU07
20RJ03
20Miguel07
20GVKRI20
20ENERO
20CRIP
20April
20@46xred
209washst
209tltl
209partyman
209mob
209gurl
209boss
209GURL
20999920
20999
209981
20996710
209961
209926203
20991653
209911
209904
20990
2098bd
20988988
20988902
209888
209860
209851wilo
20985
209831
20981035c
209803
209785
20976
20975267
20973
209717
20969291229
209677
2096532
209640893
20964
20962773
209622
20962096
209617
2095goth
20957027641391
209560
20954
209534
2095226
209520
209516
209508
2094uk
2094851188
20945234
209439
209410
209407
209370
209349
2093489
2093366
209325
209314
209306
20930
209277
20926081
2092527
20925
20924220917
209229
2092186
209208
2092031
209201
2092004
2091989m
2091974
209196
20918720
2091744
20916625
20916381
20915645
2091480
209143
209136
20912581
209124
209120
209118
209114
20911216
209111
2090TONY2090
209088
209080
2090752
209068
2090609095
20905877
2090484
209039
209038
209034
20902541
209018
209015
209013
2090098
2090056
209
208sexy
208baibua
208Di061288
208999
208992
20897307
208959
20895
2089420265
208935
20892089
20891853firehawk
208914
208909
208903
2088967r#
20888495
2088781
2088751
20887
20886827
20886
20885202
208848
20884234
20883490
20882991
20882420
208815
208811
208806
2088024
208796
208791
20878578
20878138.
20875ap
20875285
208744
208724
208716
20871240
208706
208696
208686
208654
20862892
2086225
208616
2086111
208605
208602
208601
20859991
20858711duile
2085587
208524
208512
20851068
20850493
20850238
20849702
2084624010045
208448
208439
20841217
2084/ylagam
2083905
2083833
2083789
2083573
208353
20834343
208334
208323
20832
208314
2083011
208300
2082849
20828061
2082772
208266
208246
208237ca
208225
20822
20821119
20820m
2082008
208200
2081999
208198648n
2081978
2081968
2081930
20818035
208179911
208159208159
2081513119
20814krola
208136
208130
2081267
208112
2081087
2081011
2080tyl
2080993
2080911
20808091
208079
208066721989
20806549
208062
208059
208054
208050
208048
20804216
20801507
20801
208001881
207maine
207god
20799
207982
207964008
20796
2079533c
20794280
20793980
20792212
207912
207898
20788278
2078474
20783859
20782854
207815
2078044
2078
207797
207790
2077798
207760
207759999
2077495015
20774591
20773173
207720
20770318
20765598
20765
207630
20762687
20761234
2076088
207608
20760414
2075kr
20759301
20758703
20758070
20757927123
20755091aprj
20754844
20753159
20753
207511
207508
207488
20747940
20747552
2074682
20745671nani
20743tg
207424
20741028
20741
20736137
2073441
20734
20732place
20732
2073138
20731
207307
207258
2072531
20724620Norma
207240
20723736
2072292s
2072175
207212
207204
2072003
2071999
2071996165
2071981
207194
207178864
2071638
207153
207148
20713
2071184
207114
20710289
207102
2070883
207068
20705e
207044
20704033
207029d
2070154
207013
207008
207002858
207001
206wrc
206love
206996
206993
20699157f
20698mi
20698329
2069796
20697
206965
206954
2069483610
206940
206922
2069066
20690
20689578
206893
206881
2068635s
20686
20685941
206845
206842
206823
2068097
20680049e
206781
2067757
20676781
20676059
20675299
20674372
20671u
2067002
2066twin
206687vc
2066635
2066425
20663
206622
206617
206601
2065kikas
2065940
2065851
20656978
20656394
206551
206544
20653832
20653305
20653165
2065123
206507
206505
206503
20649740
206491
206478
2064766
20646901
2064420
206422
206417
2064103202
206401
206398
20639616
20638674
20638
206370
206365
206358
206354
20634564
206340
206336
206329006
206318
206304
206301
2062d2062
2062995
20629
20628615
2062698
206265
206262
20625898
2062527
20625
2062428
206234
206220
206212
2062045716
20620111
2062005
206200
2061gd
2061997
2061983
2061967
2061959178
2061900
206186
206178
20616467
206161
20615000
2061486758562064
206144
20614188
20613kr
20613528a
2061289
206118
206110
206107
20610144
206094
2060880
206077
206066
206059
206053003
206048
20604583
2060435
206041
206036
2060350
206032
206030
206028
206017
2060086
205e26m
205PrincessG
205999
205988
205983
205977
20597318
20596
205952
20594387
20594266
205936
205922
205918
20590535
20588595
20588
2058785
20586147
20586
205844
205825
205819
20580735
205799ali
20579
2057788
205772
20575119
2057403d
205733
205717
2057
205696
205694
205683
2056789004163+93
2056764
20567358
20567114
205660
205656
2056454
205642a
205636
205633
205617
2056120
20561105
20560773
20560072
20559304
205590
20558831gl
20558505352010519921
20558329
20558181
20558048
205578
205571
205556
20555298
205549
205547
2055421
2055290
205527
205516
2055091
205507
205501
2054975
20548741
20547585
205472513
20546752
205457
2054533
20542zac
20542
20541
20540462
2054
205388
20535rockstar
205356
20534616leydah
2053400719
20533615
205329
20532407
205320407
205320
205309
205305
205295
2052897
2052857010
2052843
205273
20526489
205259
205256
2052540
2052514
2052483
205240155
205239
20523618
2052269
2052243
205219780342
205216305
2052156tigers
2052126
20520885
205205e
2052000
2051991lisa.c
2051982
2051978
2051965
205190
205178
205168
205166
2051619
205152
20515
2051441
20514151
205130136
205125
20512
20511315h
2051072
20510406
205103
2051017n
205100
2050ct
205096
20508979071
205089
2050812
205078
205073
20506829
205065
20505722
205053
205051
20505
205043
2050392
205030
2050259
20502
205017
205016
2050081
205007
205004
204ssegnoc
204gunit
204993
204986
204977
204968
2049590
20494sms
2049419
20493908
20493395
2049318
204920
204912
20490232b
204897
204888
204877
204871
204859
204856
204852
204831
204825
204818
204813
2048
204799
204796
204794
204769
204766
20475572h
204750
204723
20471807
204710
2047051
2047025359257235
20469848
2046913
20468579
2046820
204676
2046744
204668946220
20466402
2046577
204643
204640
204628
204612
20460732
20460402888
204599
204591
204570
204567
2045491
204543
204533
20452684
204521
20451618
204515
20450802
204505045
204501
2044996
204494625779824
204489
204472
204462
20446
20445
20443871
2044241
204417
204410
2044016
2044
204369
204359372107
20435621
204355
204349
20434537_ja
204334754
20432043
20432
204316
204311
204301
2042962
204277
204268
2042650294218
204259
2042536
204253
204252
204247
2042397
2042277
2042232
204222
2042187
20421307
20420616
2042007
2041art
2041985
2041972
204190
2041829
204178955
20417373
2041640
2041611
204159
20415231
2041458
204142
204138
2041365
204131002
20412638an
2041259T
20412126
204118
204115
204112815
20411123
2041086
204103
2041016775
204094
2040924
204091
20408882
2040810
2040749
204066
2040584
2040474
2040407
204038
204034
20403295
2040301
204029
20402405
204022
20401939
2040182
2040149
204010
2040012
204/0585k
203niw
203993
20398
20397134
2039628
203958
20394
203928
203919
2039173
203910
203899
203884
203878
203877
20386702
20384736
203846
203839
203835
2038240
20382218
203816
203810
203800
2037jf
2037985
203792
20378833jd
2037765
203771
20375799
20374781
203740
203737
203717
2037131
203711
2036js
203691
203681
203670
203658
203653
203648
203647
20364124
203640
203627102510929
203625
20362036
203610jrr
203606
203601
203600
2035ka
203590
2035742584
203573
203569
20356510
203561
20354
2035321490
203526
203520
203514
203506
203504
203497
203486
20347681
203475
203469
203459
203455
203449
2034459
203441
203435
20342837
20342526
203416
203407
203405
203399
2033930
203382
203376
20336133
203360011203360011203360011
2033576860
203353
203345
20333134
203317
20331272
20330d
203303
203297
203290
2032848
203279
203272
203267m
203265
2032568
2032532
2032523
20325028
203246
203245
203242
2032259
203222
20322
2032168
203212
203209
2032
2031988
2031979
203197
20319
203182
203180
2031775
2031769
203169137
20315987
203154
203149
20314192
20313ksf
2031310
203126445
20312532
203122
203119
203117
2031144
203112102
203112
20311
2031046
203104
203100
2030ce
203093
2030906
20307367
20307154
20306989830
203066
2030531
203046
2030417
2030408
20303139
20303
20302530
20302311
203022
203019
2030158
20301314
2030102
203007
202m&m
2029fleet
202994078
20298647
20298
202974
202969
202963
2029526
202947
202942
202940
202936
202933
202923
20291nlp
20291856
202908
20290396
20290062c
20289940
202895
202893
20288712
20288293982
202881
202877
202865
202853
20284903
202833
20282415g
20282
202817
202814
20281123tom
20281
202809
202805
2028008
202795
20279211
202791
202786
20278306c
20278
202768
202754
20275
202745
202733
2027319
20272576
20272360
202720272027
202713
20271104
20270991
202704
20270112
2027/112
202695
202689h
2026848
2026788
202675
20267
20266
20265580
20264680162988
202646
20264
202636
202634
20263
20262722
20262171
2026191330
202612k
2026029697
20260
2025inmaculada
202590
2025873
202583
2025789
2025710
202568
2025622
202559
2025561
20254954
202543
20252830
2025227
2025202
20251982
2025105
202505
2024ra.nj
2024NY
202496
202488
202482
20247714
202474
202470
20246794
2024611
20245575
20244732
20244233
202436
202426h
202423
202414
202408350JK
20240611
202400
2023rb
2023at
202394
202388
202384
202380222
2023799
202377jey
202368j
2023673
202366139
202359
20235412
202341006
2023344
2023300
202327248
2023247
2023236
2023178899
202309
2023038
202302
202294
202291
202288
202280
202275
20227050
2022664
202257178
202256
2022536
2022534
2022530
202241
202237
202235
202232
20223120
20222628
202224262830
20222222
20221989
202215
20221256
202207
2022032
20220065
2022005
2021svg
2021mr
2021998
2021987yuki
202192
20218668
202185
20217722
202174
202171
202164
20216128
202156
2021414
20214
2021369
2021320213
20212531
20212322
20212
2021055
20210254
20210203
2021006691
2020th
2020junior
2020de
2020cjm
2020boyz
2020984
20209359
2020893
2020876
20207718
2020756
202074
202073
20206920
20206598
20206
202057
2020552
20205137
20205050
202046
202042
20203614aa
2020320
20202n
2020252
20202301
20202121
202020tt
202020Z
202020M
2020206
20202021
20201k
20201974
20201919
20201515
202014
20201313
2020123
2020109
20200707
20200620
2020023480
201pogue
201jul
201east
2019sj
2019omega1405o7
2019963
2019912
201985e
20197
201958
2019534
201948007
201944025
2019370
201933
20192920
201926
201921
2019198802
201919
201918171615
20191
20190859
20190533
2019029916
201898
201892495
2018861
201872
201865
2018536241
20185021
20184976
20184801
2018407
201835
2018310
201825
20181986
201811k
20180614
20180312
20179997f
201792
201777
2017709175
201764
201755
201751Jl
20174123
201740
2017328
2017311
201727
201722
20172002
201718
201715
20171293
20171
20170696
201701
201699
20167510
201673
20167219kk
201668
201658
2016527
2016470562
201639
201637
201629
201628
201625
20162
201615
20161
2016011
201601
2016000910
201599
20159
201587
20158
20157335
201568
20156514
201555a
201553
20155017
20154187
2015349
201533
20153.
201529
201520607
201514
20151077
2015070
201501sons
2014tink
2014girl
2014923
201490302
20149
201486
201480
20147852369
201473
201469
2014586666
2014507
2014444
20144
201435
20143
201426
20142532
20141996
20141012.
20140454738
2013beaver
2013980
2013884
20137891
201372
201362klk
201359
2013568
201353
2013475
2013445
201341
201338
20133094
201328
20132512
201322
2013179
2013152
20131409
2013119
20131067
20131
20130614
201303
20130247
20130120
2012runit
2012love
2012da
2012bruno
20129990
20129618
20129418
201293ks
20129011506600
20128928
201288t
20127317
201262
20126
2012530
20124kay
2012485
20124005821369
20123456
20123287
20123
2012268
2012259m
2012238
20122112
20121998
20121972
20121966
20121964
201217254N.A
20121611
201214a
20121334
2012109199
20120826
2012019
2012010
2011rox
2011ma
2011grads
2011997
20119900
20119632
201192s
20118r
20118695
20117horseslms
201174517
20117
20116912
201161
20115850
20115346
20115255
20114625
20114489
201143865
2011352
2011329840
201132021
2011299
20112521
20112515
20112506
20112406
20112003
20111995m
20111976
20111965
20111960
20111950
20111906
20111397
201111299
2011105
20110711
2011062
2011055
201104j
2011020042
2010rriah><
2010real
2010mt
2010lover
2010king
2010kc
2010jesus
2010cooler
2010chelsea92con
2010brit
2010bby
2010babe
2010ad
2010_mo
2010LYNN
20108922
20108520
20108400
2010831203
201080s
20107500
201071
201067
20106317
20106134
2010575845
2010533
20104life
201048
20104699
201044
2010423
201041
20104
201039
20103551E
2010336
20103010
20102548
2010251
2010205600
2010201
20101977
20101964
20101955
20101948
2010164
201013112002cump
2010116
2010102
2010075
201005201005
2010036
2010020
20100123763
20100055
2010-2011
200wrms
200sx2g20
200sex
200mexico
200km7h
200grand
200bucks
200balloons
2009yes
2009vs
2009sangue
2009rules
2009phs
2009password
2009nicole
2009mw
2009love
2009la
2009klb
2009jw
2009ismine
2009ha
2009elmo
2009cheer
2009alabama
2009ACIST
2009951
200989victor
200984n
20098016
20096c
2009601602
20095855
200943
20094076
200940
20093669
2009307
20092550
20092539
20092509
20092013
2009200
20091977
20091970
20091964
2009190732
200918v
200914596874
20091307
20091016
20090909
2009056
20090318
20090214
2008xx
2008tm
2008st
2008sm
2008robs
2008rebel
2008pimp
2008obama
2008mst
2008mc
2008liverpool
2008less
2008kianna
2008july
2008josh
2008jece23
2008jack
2008hs
2008gyrl
2008gurl
2008epps
2008diva
2008diana
2008danimani2008
2008cs
2008cb
2008bmw
2008bb
2008ayala
2008akm
2008_rocks
2008_beijing
2008961210
200893m
200893,kid
2008922
200890josias
20088908
2008888
200884091106
2008686
200864mg
200862
2008517
2008483
2008474
2008422080
20084
2008321
20083112
20082820
20082645
20082541
20082517
20082101
20082012
20081998
20081974
20081968asrai
20081962
20081950
2008193
2008189
2008150264
20081234
20081224
2008121
20081143
20081107
20081027
2008100
20080901
2008077
2008067
20080627
20080523
2008051
20080402
20080324
20080220
20080208
20080130
20080124
2008008
2008003
2008000
2008-2008
2007zayne
2007wym
2007tn88
2007ta
2007star
2007scion
2007ritacosta
2007reist
2007recovery
2007punk
2007pink
2007nitro
2007nagem
2007muse
2007meme
2007may20
2007lm
2007lc
2007kt
2007ko
2007js
2007jm
2007jheys
2007jb
2007j
2007hotmail!
2007hh
2007gr
2007gaara
2007franklin
2007ford
2007ej
2007dm
2007denuevo
2007daddy
2007costel
2007cobra
2007class
2007cheer
2007camry
2007bud
2007bitches
2007babygirl
2007angelstar
2007aminanasim2007
2007alejo
2007accord
2007abc
2007_p0
2007TopTen
2007Silver
2007HHR
200795romero
200789cm
20078893
2007843
2007818
2007755
2007709
2007619
200752
20075089
20074eva
200746
2007390095
2007371314
2007360
200732231032pp
200731396
2007300442
2007295
200725222007
2007247
20072249
2007214
200720547f
200720103
200719895020
20071967
20071951
20071810
20071590
2007141533
2007133523
2007130511
2007125
20071229
20071205
20071121
20071028
20071012
20071005
20070918
20070905
2007080
20070612
20070503
20070416
20070328
20070308
20070211
20070201
20070131
2007011420
20070107
20070102
200700103
2007//
2007&2524
2006xb
2006tm
2006sucks
2006stang
2006snr
2006seth
2006rules
2006rodrigues
2006reko
2006peewee
2006papinito
2006nurse
2006neleel
2006mt
2006milo
2006mercedes
2006maxima
2006life
2006le
2006kjckjc
2006june
2006jetta
2006jagex
2006isthebest
2006honda
2006henry
2006ghs
2006forenza
2006dy
2006di
2006daddy
2006claudia
2006cheer
2006champs
2006caleb
2006bc
2006audi
2006april6
2006amber
2006al
2006ahs
2006ab
2006_144
200693lizeth
20069101223
2006906
2006871
20066960
200660459
20065640
200655
200654
2006524
2006512
20064life
200645
200641
2006400
20064
200638
2006320569
2006291
2006264113
20062552
20062536
20062519
20062385
2006231
2006214
20062020
20062007cheer
2006200650
20062004
20062000
2006199119
20061974
20061971
2006188
20061446
20061400220676
200612549c
200612415
20061227
20061211
20061206
200612033c
200611383
20061115
2006111
200611056
20061104
200610944
2006106
20061023
20061015
2006101057
2006100352
20060jsrbh
20060903
20060726
20060701
2006061030
2006057
20060516
20060511
2006041334-
2006041
20060402
20060323
20060223
20060214
200601889
20060150
200601277
20060120
20060113
20060108AB
200600723
2006005
20060016
2006/2007
2006-e
2005yr6
2005usmc
2005tiger
2005sunfire
2005sku
2005sean
2005ruben
2005pride
2005mvp
2005lucky
2005jul31
2005hjess
2005gucci
2005fighter
2005elmejor
2005durango
2005dj
2005dc
2005corolla
2005champs
2005camry
2005bamthayer
2005austin2006
2005aa
200598birthday
2005950
2005931
2005911
2005900912
200589a
200587007
20057950
20057246
2005723
2005689
20056590
200561
20055B08
200553
2005513
2005486
2005454mom
2005444
2005420016
2005400460
200537
200536
2005329
2005310962
20052808
20052590
20052537
2005251035
2005233
200522715
2005214
200520m
200520508
200520311
20052019
20052006a
20052005a
20051975
20051946
20051840
200518019
200516july
20051623
2005144
20051402
2005135
2005130120
20051231
20051226
20051219
2005121125
20051210
2005115
20051123
2005111
20051102
200511003
200510904
2005105
20051024
200510166
20051012
200510101
2005100152
20050Hun
20050986
2005093,
20050916
20050826
20050806
2005080
20050715
2005070434
20050678
20050626
20050581
2005056
20050534
20050519
20050515
20050488
20050428
200504013
20050329
2005031
20050308
20050305
200502402
2005022671
20050218
20050151
20050128
20050115
20050109869
2005005
2005001
2005-2006
2004usmc
2004sss
2004sq
2004silverado
2004roxy1986rox
2004ok
2004neon
2004mom
2004me
2004may
2004mama
2004koko
2004kd
2004jag
2004high
2004grandam
2004f150
2004emma
2004dodgeram
2004class
2004champ
2004bears
2004b1u3
2004ad
2004NANNER1118
2004ESCAPE
20049912
200490rh
2004820
200476a
200470
20046854
200466
20045932
200457
2004515008
20045016
2004488
200447
2004420535
200439
2004350017
20043114116
2004290657
20042516
20042334ts
2004214
20042102
20042072
2004203111
20042
2004198
20041974
20041972
20041964
20041910
20041697
2004159
20041411
20041366
2004131018
20041230
20041222
20041216
20041204
2004116250
20041124
2004105609
2004104416
2004102447
20041014
20041002
20040993
20040898
20040828
20040813
2004073
20040716
2004071
20040507
20040437
20040422
20040404
20040314
20040306
2004030020
20040229
20040206
2004017
20040149
20040119
2004002
2003yadira
2003tyler
2003svt
2003rules
2003rox
2003queen
2003promo
2003og
2003nacho
2003may
2003lili
2003kas1
2003hemi
2003gt
2003focus
2003f350
2003eugene
2003element
2003dillon
2003cqc
2003baby
2003ar
2003Ne
2003Cobra
200392c
200387yis
2003850813
20038398
20037902
20036945
20036660
200360346
20035a136
200355
20035252
2003520035
200351
20034ever
20034568
200340
2003367320
2003361468
20033195
20033004
20033002
2003286
2003259351
20032537
200325295354
20032519
200324
20032271
200320699
20032000
20031971
2003194
2003169
2003157440
200314441
200314011
2003130
20031224
20031212
20031210
200312002
2003118
20031124
20031120
20031107
2003108570
20031040
20031024
20031020
2003101197
2003100945
20030949
20030934
20030928
20030901
200308216yuyu
20030801
20030719
20030704
20030649
2003060667
200305343h
20030523
2003049
200304137
20030401
20030314
20030304
20030284
200300p
2003006
200300100
2003-1985
2002transam
2002ss
2002sf
2002reem
2002r6
2002princess
2002par
2002no
2002nc
2002ml
2002louise
2002lincoln
2002kp
2002jaguar
2002hl88
2002f150
2002eclipse
2002chevy
2002c.g
2002alyssa
2002acura
2002GRANDAM
2002986
2002912000
2002882923
200284l
20027867
200273899
20027
200268221
200266206
200264
20026
20025584
2002477
200245
200243
20024113
2002401ny
200236447
200234464
20023321
200231566
2002312
200230198
20023
2002267
20022540
20022537
200223jr
20022286
2002224
2002218
2002211
20022002a
20021971
20021957
200219544
200218925
20021685
200216109
2002155
20021513
20021494
20021417
200213909
2002127845
2002125323
200212168
20021206
20021172
20021126
20021122
20021111
20021107
200211044
200210541
20021031
20021023
20021019
20021000976
2002080879
2002068781
20020630
20020468
20020434
20020401
2002027
20020226
20020208
20020138630
20020109
20020103
2002006
2002004
2002003
20020009
2002-02-25
2001zx3
2001wccc
2001tyler
2001space
2001ryan
2001pugdog
2001mia
2001maxima
2001logan
2001is300
2001h21041
2001f150
2001chsb
2001camaro
2001blue
2001allan
2001CANCER
20019715
2001911
200189555
200188199
20018291
20017808
20017633105af
20017110
200168
20016751
200167
200165495
200159416
200155943
200154663
2001510
200147617
200145580
200143276
200142110m
2001400ex
200138685j
200137910
200135940
200132895
200132178
20013141
20013
20012537
20012523
2001234
200122565
20012101
20012009
2001200223691184
200120012001
20011977
20011964
20011961
20011957
2001172
200116321
2001160
200115466
200113600
2001135
20011204
200111627
20011122
20011037
200110056
20010faith
2001080766
20010750
20010725
20010700
20010520
2001051098
2001046583
2001038286
2001034639
20010313
2001023
20010215
20010203
2001019143
20010106
20010022
2001001731
2000x12
2000twins
2000thebest
2000taco
2000sierra
2000rules
2000pink
2000oct3
2000nmsu
2000mazda
2000ls
2000ka
2000jetta
2000focus
2000eclipse
2000cougar
2000chance
2000camaro
2000bmw
2000accordv6
2000Mustang
2000Ford
2000949
20009227a
200089
2000799300
2000784
20007523
200072
2000666
200062007
20006090
200058306481147
200055
200052
2000500
200044
200042
200041
200037
200034
2000325
20002663
20002543
20002526
20002401
2000202122
200020012002
20001985
20001901
20001834
200017898
200017211
200017
2000161
20001360
200013350
200012703pao
20001208
20001112
20001028
200010088
20000816
20000691
20000461k
200003879
2000020001
2000013
2000009
20000003
200000000
20/6/1993
20/12/88
20/12/1990
20/11/92
20/10/07
20/05/92
20/01/06
20.30.832205
20.285.167
20.11.92
20-sh-07
20-nov
20-8-93
20-23-20
20-08
20-04-84
20+08+2528
2/5/96
2/4/1995
2/242hbchighway
2/2/1992
2/18/89
2/11/91
2.p.a.c
2.FEB.3
2.502922
2.1993 ovi
2.11.06
2.0turbo
2-tryl
2-sweet
2-step
2-sept-88
2-hot-4-u
2-faced
2-cute4u
2-690-270
2-4-91
2-25-35
2-16-96m
2-12-87
2,7temptation
2+4+6+8
2+2son4
2+2=4
2*2=cuatro
2%4clo
2!2k!ng
2 lovely daughters
1zz13b3th
1zyd33dyz1
1zumiez
1zottoz
1zookeeper
1zoejane
1zoeBBH
1zinzan1
1zilf217
1zig23
1zibidi23
1zeppelin
1zazaza
1zathura
1zante0
1zamir
1zakerhussain
1zach
1z5b/7m/1z9.9.3c
1z2x3y
1z23t6
1z1z1z
1yungks4
1yungg
1yueran8
1yoyo1
1yourock
1yourface
1youngster
1youngone
1younglove
1youngboy
1youbitch
1youandme
1yolanda
1yobybab
1yjack
1yessir
1yesbuddy
1yellowsun
1yello
1yearold
1ydnac23
1yazmin
1yasmin
1yaqs7vz
1yani1
1yahooo
1yadyad
1y3n8n3e4j
1xzavier
1xxflowerxx1
1xullo07
1xprecious
1xetinamunson
1xdancerx1
1xclass
1xbadd
1x42x1
1x2c3v4b5n6m7,
1x1x1x
1wynter
1wwtfaH
1wutang
1wtg3h77
1wroughton
1wrinkles
1worlock
1workout
1wordup
1wordking
1woofer
1woodland
1woodcock
1wonko1
1wonderland
1wolfdreaming
1woke1
1wmsflyer
1wizzy
1witness
1witch2
1wish13
1wiseguy
1winner1
1wingnut
1windows1
1windex
1wilson1
1willy1
1willdie
1wildturkey
1wildguess
1wildchick
1wicket
1wicked1
1whynot1
1wholoves
1whitegurl
1whitaker
1whiskers!
1wheel
1whatthe
1whamlive
1wezzy
1wewede
1wetone
1westside234
1westerland
1west182
1werty1
1wenus
1wendys
1welder
1weirdo
1weiner
1weezer
1weee1
1weed
1weasle
1wdvhu8il
1wdfk7cm
1wazex
1wayside
1waydwn
1wayJesus
1way2rock
1way2kill
1way2god
1watsup
1watermelo
1waswas
1washingto
1warlord
1wanker
1wan0wsk1
1walkaway
1wade3
1w2x3y4z
1w2rdp
1w2love
1w1m0n5
1vxyooj
1voodoo2
1vondon
1vomit
1vmordone
1vl1ndo
1vivivi
1vista
1virgen
1villanueva
1vietnam
1video
1victor1
1vicki
1verysexy
1veracruz
1vegasbaby
1vdjnjom
1vaughn
1vardell
1vanhelsing
1vanesa
1vampire1
1valentina
1valdemar
1vajayjay
1v@&@r@
1v3rson
1v0nn3
1utetribe
1usnavy
1usherfan
1usedcar
1urieliscool
1uptoyou
1upstairs
1uponu
1up2down
1unsheltered
1underwood
1underoath
1uncletom
1unandus
1uloveme
1uknow
1ufuck
1ucy_1996
1u8do68S
1tyzon
1tytiana
1tyrek
1tymeonly
1tylercody
1tyler1
1txcowboy
1twothree4
1twolove
1two345
1twist
1twinmom
1twinkies
1twety
1tweezy
1tweetybyrd
1tweety4u
1tweetty
1twan1
1tuti1
1turner
1turegod
1turbo1
1tunes
1tumtum
1tuk9s2a
1tsover
1tsa11g00d
1tryandkillme
1truka
1truestar
1truelover
1truefriend
1trucking
1trtowea
1trojans
1trixie1
1trinpooh
1trinigul
1trinacria
1trill
1tricfsu
1treyvon
1trent6
1treee
1travis1
1travell
1transit
1trainwreck
1tragedy
1track1
1tr33hill
1tpjnxas
1tottenham
1tosee
1torrence
1topsecret
1topher
1toosweet
1toontoon
1toomuch
1toolittle
1toodlebug
1tonytony
1tonya
1tonta
1tonibaby
1tonet
1tommyboy
1tomcat
1tomasa
1toluca
1toka4
1toejoe
1tobydog
1toasted1
1toad
1tmfl4mr
1tmacmagic
1tm412
1tkjn8eb
1titty
1tisha3807
1tinybug
1tinny
1tinkka
1tinker1
1tink4
1tinhyeu
1timon2
1timez
1timer
1time2many
1timburton
1tim315
1tikus
1tight
1tigger5
1tigerlover
1tiger2
1tiffani
1tiesto
1tictoc
1ticarmo
1tiamau
1thumbnail
1thugmisses
1thuglove
1thugish
1through10
1thousham
1things
1thickems
1there
1theplaya
1thenotebo
1thelord
1thejoker
1thechamp
1thebomb
1thanks
1tezzy
1texaspimp
1texas1
1tevon
1tetreault
1terrycarla
1terri
1teressa
1tennis1
1tennesse
1temper
1television
1teeyef1
1teenager
1tee5
1teddybear1
1techno
1tec87
1teamo3
1teamclio
1tdkpj2
1tcpcdc
1tbird
1tazman2
1taysha
1tawana
1tatum
1tatorbug
1tatianna
1tastytreat
1tashy
1tardbrain
1tanktop
1tandys
1tampabay
1tamiya
1tamarafort
1tallon
1tallboy
1talent
1takenby1
1taina
1tahitian
1tacos
1taccat
1tabosa
1tabeal
1tabatha
1t8o2mjr
1t3456
1t2t3t4t
1t2r3a4c5y
1t2jo4em
1t2i3m
1t1mothy
1t-mac
1syman
1sydlv
1sxymoon
1swiss
1swinger
1swills1
1sweetwater
1sweetrose
1sweetpie
1sweetp3
1sweetnigga
1sweetme
1sweetiepie
1sweetgal
1sweetcakes
1sweetart
1sweeper
1swan4life
1susperia
1surside3
1surena3
1superpets
1superlift
1supercow
1sunshine.
1sunnie
1sunglass
1sun1moon
1summerlove
1sultan
1suger
1sugarlips
1sugabear
1suckmy
1subject
1styles
1stwife
1stupid1
1stuntin
1stuner
1stuff
1stuart
1ststring
1stshorty
1stsax
1strunnerup
1striker
1strider
1stressed
1streallove
1stquadrant
1stpriority
1stpklosr
1stormy1
1store
1stops
1stones
1stoffence
1stnemo@
1stmogwai
1stmate
1stloveb
1stlar
1stknight
1stjune1991
1stimpy
1stillbridge
1sthislove
1stgroup
1stfam
1steveteena
1stevelf
1steponme
1stephens
1stephan
1stellapatten
1stefy
1steel
1stebie
1stdown
1stdanilo
1stcov
1stchoice
1stcentre
1stcall
1stblood
1stbaptist
1stbabyboy
1stbaby0207
1stayout
1startime
1stars.chelsea
1staronly
1starlove
1stargate
1starburst
1starbitch
1star4
1stanton
1standlast
1stancie
1staid
1stack
1stacey1
1st@#champs
1sstuff
1ssbaby
1squibble
1squeek
1squeaks1
1spyro
1spunkey
1spujiman
1sprung
1sprinkles
1springs
1spots
1spoon
1sponge1
1spluver!
1splash
1spirits
1spidey
1spidaman
1spence
1speedracer
1spectacular
1specialguru
1spazzy
1sparks
1spain
1spaceman
1sp1alej
1southwest2
1southeast
1sorry
1soraya
1sophia1
1sony2
1sonrie
1sonjiggy
1song
1son265
1somebody
1solution
1solrac
1soloman
1sokirk
1sofly
1sofball
1soepkip
1sodapop
1socks1
1sociald
1soccerstar
1soccer8
1soboard
1snuff
1snowboard
1snooper
1snooks
1sniper
1sneaker
1snappy
1snakejake
1smurf1
1smoove
1smooth
1smoking
1smokey1
1smokerox
1smithl
1smfmDan
1smellycat
1smaug
1smartstuff
1smarti3
1smart
1smallcat
1smackdat
1sluty
1sluicebox
1slugbug
1slove
1slipknot1
1slimmers
1slim1
1sleep
1slappey
1sland
1slackers
1skypaiaub
1skyhigh
1skye1
1skulls
1skirts
1skinnyboy
1skillet
1skeet
1skater1
1skandal
1sk8ter
1sjouk
1sixteen
1six1298
1sistermae
1sisilia
1sirena
1siobhan
1singlelife
1single1
1simplelife
1simione
1simba123
1silverz
1silver1
1sillygrl
1silker
1sigma
1sidewinder
1sicpup
1sickboy
1sickaussie
1shrek
1showme
1shotkill
1shortstuff
1shopaholic
1shonda
1shmily
1shiznitz
1shironeko3
1shiranui
1shinichi
1shiner
1shillum1
1sherwood
1shera
1shelli
1shelby2
1sheismine
1sheetrock
1shayna
1shaya
1shawna
1shawal
1shaunee
1shattuck
1sharpie1
1sharee
1shanylia
1shanti
1shanka
1shaniqua
1shandy
1shanay
1shamiya
1shamicka
1shamel
1shaleen
1shairay
1shaiel2
1shaeshae
1shadow3
1shadai
1sfbl83
1sexyy
1sexytrey
1sexysoul
1sexyrdh
1sexymoma
1sexylv
1sexylips
1sexyk
1sexyhotbitch
1sexygrl
1sexydude
1sexybrew
1sexybeach
1sexyaries
1sexy18
1sexxyg
1seximanhore
1sexigirl
1sexiebitch
1sexi1
1sexcimama
1sexandsex
1sex1
1sevanna2
1setembro
1series
1septiembr
1sept2007
1sensacion
1sen1ben
1sellford
1sehrish
1seeds
1secert
1sebastien
1seashell
1seanpat
1sean2
1sdfgh
1scuba
1screwyou
1scrapy
1scoota
1schwein
1schrum
1schnauzer
1schmette
1scarecrow
1sayara
1sawyer
1saved
1savalivali
1satan
1sassykat
1sargent
1sarai
1sarahemmaly
1saraenz
1sapphire
1sanja1
1sango
1sanfran
1sandra2
1sandbar
1sananto
1samyah
1samsam
1sammyjo
1sammax
1samiyah
1samara
1samanta
1salvad
1salsa
1salam
1sailorm
1sagittarius
1safetschwahn
1safari
1sadmonkey
1sacramento
1saccone
1sabina
1sabel02
1sab311a
1s2t3u4a5r6t
1s2s3s4s
1s2i3l4v5a6n7a
1s2h3a4y
1s2d3r4g
1ryliemm
1ryder
1ryann
1rwso
1rusty1
1rurup
1rundmc
1run4fun
1rufus1
1rueben1
1rudedog
1ruby29
1rubberducky
1rstlove
1rsevo
1rpfolas
1royals
1rowdy
1round
1rosspark1
1roskoakc
1roseyrl
1rosetta
1rosemary
1rosegirl
1rosebud1
1roseann
1rose1
1rootcanal
1roosevelt
1roolu
1ronmaiden
1rondell
1rommel1
1romeoo
1romeo1
1romana28
1rolyat
1rolltide
1rolling
1rolliezoey
1rokero
1rogelio
1rodrigo
1rodeos
1rockyou2
1rocku
1rockstars
1rockpass
1rock4eva
1robles
1roberts
1robert2
1roadglide
1ro2378
1rnbru
1rn-bru
1rkelly
1rivercats
1ritalin
1risEyes
1ripper
1ripjay
1ripbabys
1ringo01
1rileydog
1rikki
1rideordie
1riddler
1ricorico
1ricky1
1rickie
1richnigga
1richgirl
1richardson
1ricards
1riann
1rhonda1
1rhbff4294
1reynolds
1reyfan
1revolution
1retired
1response
1reshay
1relientk
1rekcut
1reina
1reggae
1regan
1reefer
1redwood
1redsled
1redroses
1redlands
1redhead1
1redgurl
1redeemed
1redbitch
1redbaby
1record
1recemama
1reborn
1rebajoy
1realtalk
1reallyfast
1realfan
1realchick
1rblq6sm
1raymond1
1raybel
1ravens1
1raucstadt
1ratedr
1raspberry
1raskal
1rasco1
1ranphy
1rangerbn
1randyb
1random2
1randell
1randal
1ramone
1rambo1
1rakimbg
1rainynite
1rainday
1rahtisha
1ragdoll
1raesh
1radiohead1
1radiers
1rachelle1
1rabito1
1rabaj
1r2r3r4r
1r2a4j7
1r1shan9e1
1r1chard
1qwertz
1qweasdzxc
1qwe2asd
1qw21qw21
1quyshiem
1quita.
1quinsha
1quin
1quetta
1queenz
1queen1
1quaqua
1quadarius
1qtusher
1qtiepie
1qsx2waz
1qrmas
1qqqwww
1qqe11
1qlero-
1qitva
1qetuoa1
1qazxsw@
1qazxcvbnm,
1qazwsx1
1qazsw2
1qazmko0
1qazZSE$
1qazZAQ!p
1qazXSW@#
1qaz@WSX3edc
1qaz5tgb
1qaz2xws
1qaz2wsx!
1qaz2WSX3edc
1qaz1qaz1q
1qaz11
1qaz0pl
1qaz#EDC
1qasw21
1qaaq1
1qa2wshj
1qS1Qsq
1q73992
1q5jnhwg
1q3e5t7u9ophe
1q3e2w
1q2wawsqaaw
1q2w3ew
1q2w3eazsxdc
1q2w3e4rr
1q2w3e4r@
1q2w3e4r5bn
1q2w3e4r%T^Y&U*I
1q2w3e4r#
1q2w3e44
1q2w3e,
1q2w3e!Q@W#E
1q2w3!Q@W#
1q2q3q4
1q2gl1rd
1q23e4
1q1q2w2w
1q1a1z
1q0o2w9i
1q.2w.3e.
1q(O8i#E
1pyttg
1pyramid
1putlitz2
1pussys
1pusssy
1pussie
1purplepe
1purpleme
1purpleheart
1purplebunny
1purehate
1puppycat
1punto
1punishment
1pumpkin!
1pumatqm
1pugliese
1puffie
1puebla
1pudding
1puchys
1ptr57
1psych1
1prudence
1prophecy
1profile
1prking
1pripri
1princessj
1princessd
1princess23
1primrose
1priceless
1prettyme
1prettyeyes
1prettyboi
1pressman
1prentice
1prayhard
1pq2rst93
1ppostie
1powerpuffgirls
1potter1
1potlood
1possible
1portlaoise
1porscha
1porcupine
1popkorn
1pop2pop3pop
1pooty
1pooppoop
1poohs
1poohfan
1pooh2
1poodie
1poochie
1poobear
1pony1
1ponce
1polly1
1polka
1pokie
1pokadot
1point
1pogo2
1poesy74
1podaho1
1plump
1playstati
1players
1playboybunny
1playah
1playa1
1platano
1plaer
1pizzahut
1pittsburg
1pistons
1pippy
1pipkin
1pipeliner
1pinkstarfish
1pinkroses
1pinkpoodl
1pinkpanter
1pinkmonke
1pinklover
1pinkheart
1pinkflamingo
1pinkcookie
1pinkbarbie
1pink8
1pinetree
1pineappleleelee
1pimpstress
1pimpsta
1pimpgirl
1pimpd
1pimp4u
1pimp.
1piglet8
1piggys
1pie4u
1pics1
1pickles1
1phones
1phillips
1philisha
1pheobe
1phatt
1phatboy
1phatass
1pfunk
1peyita
1petrar
1peter4
1pervert
1peruvian
1perreo
1perkins
1perfect1
1pepper11
1pepe3
1peoplesuck
1penrose
1pennstate
1penguins
1penguin1
1pendeja
1peluche
1pelister
1pedal
1pearlharbor
1peachy1
1peachess
1pcxml
1payroll
1payaso01
1paulwall
1paulie
1paul
1pattycake
1patsfan
1patricio
1pathsk8er
1passwort
1password!
1passenger
1passage
1pass1
1parrott
1parola@tugba
1paris92
1paranoid
1papucho
1papers
1papas
1paolo
1panzone
1panther1
1panocha
1pandora
1pancho1
1pammmm
1pallmall
1palabra
1pakalolo
1paisas
1painting
1pageup
1pacrat2
1pacione
1pacer
1p90chmw
1p332592
1p2o3i4u
1p2a3t
1p0pgaz3
1ozzie1
1owens
1oveya
1ovehim
1oveable
1outside
1ouelw6
1otis318
1osmar
1osiris
1oscar2
1orleans
1orgasm
1oreos
1orchards
1operation
1open2
1ooney
1ooboob
1onyromel
1onlylove
1onionmonk
1onetime
1oneone1
1oneness
1onefaith
1one1y
1on1shit
1omvet
1omerta
1omaloca
1olivier
1oledan
1oldwoman
1oldcourtmanor
1oktober
1ojodeagua
1ohnlee
1ohmygod
1ohbaby
1ofthebest
1ofkind
1officer
1ofakine2
1odnbv
1octombrie
1octavia
1ockley
1obamafan
1oaktree
1o812Z!!
1o2h3a
1o2483
1o12o5
1nygirl
1nwoymnO
1nutter
1nunu3
1nunie
1numbers
1nukka
1nucca
1ntr3p1d
1ntheattic
1nt3l1g3nc3
1nsp1r3
1nsanity
1novlove
1nov1995
1notyou
1notme
1notaloka
1noseybitch
1northshore
1norte
1norfolk
1noone
1nonlytweety
1nonlyluv
1nonlyisis
1nonly!
1nonle
1nomad
1nolan
1nokaoi
1nohair
1nofear
1nodrama
1nocente
1noah
1nnocent
1nmy3y35
1nllqjgs
1nkycat
1nkspell
1nizzle
1nitsud1
1nitrous
1nita1
1niplag
1ninob
1nino1
1ninja1
1nineteen
1ninanelly
1niknak
1nikkii1
1nikkib
1nikedog
1nikaya
1nigguh
1niggawha
1nigel
1nicolis
1nicks
1nicknick
1nicki
1nickcarter
1nichts
1nicholes
1nicca
1niall
1ng_znap
1nfavor
1nf3rn0
1newyorker
1newwoman
1newropyt
1newplace
1newpage
1newmexico
1newhotmi
1newguy
1newgirl
1newera
1newcastle
1newboy
1newbooty
1neverlove
1neumann
1netball
1nesmisle
1nerd1
1nephi37
1neopet
1nena0
1nellyfan
1nelam
1negrita
1neenee2
1needles
1necole
1neLove
1ndonli
1ndia03
1ndeed
1nd1ana
1ncenot2wice
1nayslay
1nayeli
1navywife
1navyseal
1naughtygi
1natnath
1nationuno
1nathaly
1nataye
1natalie1
1nasia
1nashay
1naquan
1naomi1
1nanners
1nanigirl
1nanabear
1namlln
1nallely
1naj16
1nailtech
1nagonas
1nadazuve
1n94tl4h
1n4ran
1n33dy0u
1n2n3n
1n20h15n13y
1mzsexy
1mzjones
1mzbellz
1mywife
1myspace2
1myspac
1myrtle
1mynigga
1mynameis
1mymomma
1mymail
1myles
1myhouse
1mygod
1myfamily
1mydick
1mycunt
1myball
1mwezzy
1mustbeemo
1muskogee
1musicfan
1music!
1murder
1munky
1muncher
1mumble
1mum1dad123
1muisje
1muffins
1muffet
1mufasa
1mtheone
1mth3b3st
1mtH14
1msoemo
1msingle
1mschunky
1msbrat
1msbennett
1mrsschwar
1mrspez
1mrsixx
1mrsboyd
1mrmoose
1mrkitty
1mrbear
1mpreza
1mperial
1mperi0
1mp3rf3ct10n
1mozart
1mowglie
1movie
1mousey
1mound
1motown
1motion
1mothafucka
1mossyoak
1mosley
1morunka
1morroCoy1
1morris1
1morice
1moreshot
1morelife
1morekis
1morehead
1morecat
1morada
1mooyman
1mooser
1moonshine
1moomie
1montoya2
1montgomery
1montecarlo
1montae
1monster1
1monqueen
1monland
1monkeys1
1monkeyman
1monkeygir
1monkeyan
1monkay
1monito
1monimaker
1monfire
1moneymoney
1monchito
1monalisa
1momrocks
1mommie1
1moments
1mollygirl
1mollydog
1molly$
1molinas
1mojado
1mohawk7
1moggie1
1moemoe
1mocha1
1mmathers
1mk00l
1mjfrog
1mizunderstud
1mix4ci8
1mitos
1misty1
1misterman
1missupapa
1missnu2
1missme
1misslady
1missing
1missey
1missedcall
1missdad
1missamanda
1misnasty
1misia
1mischief
1mischa
1misael
1minna
1mingming
1mindy
1mind1soul
1milocat
1millon
1millionbucks
1millertime
1milkymoo
1milion
1milby
1mikeymike
1mikes
1mikell
1mija4
1miguel1
1midwest
1midge1
1mickie1
1micheal1
1mibabe
1miamiheat
1mgishotthot
1messyboy
1merle
1mercedez
1meowmix
1mengong
1melodie
1mellon
1meliza
1meiga
1megpeg2
1megatron
1megaman
1meercat
1meemee
1meeche
1medellin
1mech1
1mebaby
1meatloaf
1mealefu
1me2you
1mdottmc
1mcrfan
1mcgrath
1mcdaniel
1mc00l
1mbitch
1mbadass
1mazizo
1mayor
1maymay
1maye1
1may1976
1maximum
1maximilia
1mawmaw
1mavmmavm
1mattie
1matthew2
1mattgirl
1matilynn
1mathew1
1mater
1masters
1mastar
1masonday713
1marysol1
1maryann
1marvin1
1martines
1marthitareina
1marsha
1marrero
1marquette
1marmalade
1markfafa
1markeith
1marjorie
1mariosgu
1mariners
1marijuana
1marielee
1marie2
1maricruz
1mariann
1mariah2
1marcusjr
1marchell
1marcene
1marcellus
1marcela
1maravilla
1maradona
1manutd2
1manultra
1manny1
1manicotti
1manforme
1mandy1
1mandingo
1manband
1man4life
1mamcita
1mamasboy
1mamamia
1mamada
1mama1
1malikil
1malaka1
1makiyah
1makenzie
1makanani
1makalofi
1major
1maje1aul1
1mahustla
1mahone
1mahalko1
1mahal7
1magick
1maggot1
1mag1mag
1madyson
1madgirl
1madelyn
1maddox
1madbitch
1macolby!
1machines
1macha
1macario
1mabitch
1mDreaming
1m9a0y0
1m6f1992bha
1m4b1g-ph4t-l13r
1m3ldyt0
1m2m3m4m5r
1m2e3m4o
1m2a3x4b
1m2a3r4i
1m1ssu
1m1nd1
1m0nkey
1m03tz
1lyoungbl
1lynard
1lyfe1family
1lvvmvs1c
1luxurious
1luvyu
1luvwill
1luvwalton
1luvvega
1luvual0t
1luvtravis
1luvtink
1luvtim
1luvtedrow
1luvshorty
1luvsarah
1luvrobert
1luvremy
1luvray
1luvpooh
1luvoscar
1luvny
1luvnlow
1luvnaruto
1luvmyson
1luvmybroder
1luvmso
1luvmonica
1luvmisty
1luvmayra
1luvma
1luvlygurl
1luvly
1luvliz
1luvlamb
1luvkltt
1luvkev
1luvkaos
1luvjo
1luvjesse2
1luvjess
1luvjay
1luvjacob
1luvj8s0n
1luvingod
1luvhurtz
1luvhector
1luvhans
1luvgreen
1luvgeoff
1luvgarcia
1luvfolife
1luveu
1luvelijah
1luvdog
1luvdillon
1luvdee
1luvdarius
1luvdance
1luvcory
1luvchad
1luvcarlos
1luvbuck
1luvbratz
1luvboys
1luvboi
1luvbj
1luvbf
1luvant
1luvamaya
1luvamanda
1luvalways
1luvTKB
1luv4dad
1luv2ya
1luv1221
1luv06
1lupegg
1lunasol
1lulubean1
1lulu
1luke1
1luisss\\'
1luis
1lucylu
1lucy3abi5
1luckys
1luckymom
1luckycharm
1luckycat
1lucious
1lubyou
1lttleduc
1lozinka
1lowell
1lovins
1lovfrankie
1loveyu
1loveyhoo
1loveyaya
1lovewayne
1loveusher
1lovetroll
1loveterry
1lovetammy
1lovesyou
1lovestruck
1lovesteven
1loveson
1lovesocks
1lovesimba
1loveseth
1lovesabajr
1loverusty
1lovert
1lovers1
1loverodney
1loverly
1loverg
1loverandy
1loveramon
1lovepuppy
1lovepj
1lovephil
1lovepeace
1loveokiem
1lovenovian
1lovenot
1lovenlife
1lovenewyork
1lovenana
1lovemymommy
1lovemykid
1lovemyboys
1lovems
1lovemo
1lovemj
1lovemilo
1lovemick
1lovemichael
1lovemelvin
1loveme2
1lovemcr
1lovemarcus
1lovemaddie
1lovelyn
1lovelygirl
1lovelu1s
1lovelo
1loveleah
1lovelarry
1lovelace
1lovekoa
1lovekids
1lovekev
1lovekeanu
1lovekayla
1lovekatie
1lovejordan
1lovejohnny
1lovejk
1lovejenn
1lovejavy
1lovejake
1lovejade
1lovejack
1loveira
1lovehannah
1loveh
1lovegurl
1lovegloss
1lovegary
1lovefish
1lovefam
1loveethan
1loveerika
1loveemily
1loveeliot
1lovedrug
1lovedre
1lovedonnie
1lovedj
1lovedee
1lovedd
1lovedane
1lovedallas
1lovecrazy
1lovecorey
1lovecleveland
1lovecindy
1lovechino
1lovechele
1lovechase
1lovecat
1lovecaleb
1lovebub
1loveboyz
1lovebj
1loveavery
1loveass
1loveart
1loveant
1loveandrew
1loveamy
1loveam1
1loveafi
1loveabby
1loveIsaac
1loveAble
1love<3
1love8
1love64
1love4u2
1love4kuks0n
1love4god
1love4amy
1love2love
1love25
1love1lifetime
1love1day
1love15
1love101
1love09
1love!!
1lovMUM8
1lov3matt
1lourdes
1lottie1
1lostchild
1losser
1losangeles
1lorian
1lordknows
1loosescrew
1looloo
1longhair
1longboard
1londa
1lollis
1lolli
1lolipop
1loladog
1lokita1
1lokadem
1logcabin
1lodine
1locoloco3
1loco1
1locamoca1
1localgirl
1lobemike
1lmike
1llum1nat1
1llogmh
1llness
1llawarra
1lizzie2
1littlet
1littlegir
1littledog
1litlmc
1lisocoha
1lisa14
1lis@+fishsticks86
1lipring
1linkinpark
1ling88
1lindy
1limary
1lilygurl
1liltray
1liltina
1liltim
1lilsmoke
1lilsexii
1lilromeo
1lilqt
1lilpimpin
1lilpaul
1lilnae
1lilma
1lilloc
1lilkidd
1liljuju
1liljj
1lilg
1lildee
1lilboi
1lilaud
1likethis
1likemike
1likecheese
1lik33m1n3m!!
1lifestyle
1lifeman
1lifehouse
1life2love
1libertad
1leyanis
1levipeter
1lessg
1lesh9
1leona1
1leon
1lennonlove
1lemons
1leighton
1leigha
1lebanon
1leah1
1ldrew
1lbbmw
1lazyass
1layla
1lavette
1lavell
1laujyaj
1latoya
1latinquarters
1latinlover
1latergator
1latasia
1lass1
1lashia
1lashai
1lariz
1largojam
1lapaz
1lannette
1lanika
1langston
1landscape
1lando
1landen
1lancaster
1lampshade
1lamonte
1lamon
1lamejor
1lambert
1lalocas
1lalaland
1lakeside
1laina99
1lagatita
1ladysnake
1ladyonly
1ladylove
1ladygray
1ladyd
1ladybugg
1ladonna
1lacoste1
1l@wrence
1l64t1
1l31o4ji394su3
1l2u3c4y
1l2l3l
1l2e3t
1l2a3b
1l2474c
1l1kedog
1l1k3cumm
1l1ana
1l0veu
1l0veeric
1l0v3mcr
1l0v3g33k5
1l0v30u
1kyser
1kydizz1
1kybaby
1kwame
1kutasek
1kurtis
1kumbia
1kulagirl
1kta14
1kssznwss
1kristy
1kristoffer
1kristi
1krista
1kris2nath
1kratos
1kraja
1kota1
1korita
1koolgirl
1kookie
1kolokol1
1kokopops
1kojack
1kobelover
1knuckles
1knowledge
1knife
1klin1klin1
1kkman
1kkidd
1kitty4me
1kittin
1kitmore
1kisss
1kiss4me
1kiss17
1kinsley
1kingok
1kingcobra
1king3
1kindagurl
1kimmlam
1kimbo
1kimani2
1killu
1killme
1killas
1killak
1killab
1kiley
1kikicat
1kienmas
1kid15
1kickboxer
1kianna
1kiababy
1khameleon
1keykey
1keyara
1key2002
1kevin1
1keshaun
1kerry04
1kepedo
1kenya
1kennyc
1kennat
1kenfan
1kelvin
1kelly2
1kellis
1kelis
1keith1
1keepout
1keelanblu
1keane1
1kc2casey
1kaytlin
1kaylen
1kayla2
1kayjay
1kaydence
1kayaann
1kawasaki
1kaui53
1kathy2
1kathie
1katelynn
1kassandra
1kasper
1karma
1karenn
1kara1
1kapoe
1kandy
1kandiass
1kande
1kamryn
1kalua
1kaliyah
1kalel
1kaitlin
1kaimalu
1kailey
1kaemon
1kadence
1kabuki1
1k6lhl3g6ofd
1k2k3k4k5k
1k2jaa
1k2i3m4m5y
1k2e3l4s
1k1k1k1k1k
1k19870907
1jzgte
1juwjdZs
1justus
1justins
1justina
1justified
1justdoit
1jurgen
1junkfood
1juniperwalk
1juni2008
1junho
1june92
1jumpoff
1july5
1julien9
1juliancit
1juci1
1juanito
1juancarlos
1juan4:8
1juan
1jrabbit
1jouthan
1joshsucks
1joshie
1joseydre
1josephine
1joseluis
1josebaby
1jose1
1jorge3
1joplin
1jontyler
1jonboy
1jonat
1jokes
1jojoed
1jojobean
1johny
1johnsgirl
1johnnydepp
1johng
1johnathon
1john2
1johan
1joey1
1joelmadden
1joedaddy12
1joebaby
1joana
1jmhutto
1jkmnoop
1jjrb2
1jjackson
1jingles
1jimmyp
1jimbeam
1jidrik
1jhamer
1jfreak
1jetta8
1jetgod
1jetaime
1jesusc
1jesus9
1jesus1god
1jessy
1jessan
1jerusalem
1jerry1
1jerrid
1jermey
1jerkoff
1jeremy1
1jensen
1jenni
1jenn1
1jellyroll
1jellybaby1
1jehova
1jeffry
1jeezy
1jeannine
1jeamiah**
1jdwarman
1jdoubled
1jbueno
1jazzyy
1jazzy1
1jazzie
1jazmyne
1jayson
1jayne9
1jayme
1jaylene
1jayhood
1jaydot
1jayda
1jay13
1jaxie
1javion
1javabean
1jassany
1jaspal
1jasmines
1jasmine1
1jarule
1jarrell
1jarom
1jarid
1jaqshe5
1januari1991
1janjan
1janie
1janeiro
1janay
1jammyabre
1jamilah
1jamieboi
1jamesmom
1jamesbond!
1jamazkeke
1jaliyah
1jakethesnake
1jakepark
1jakeem
1jake2
1jakari
1jaimes
1jaianna
1jahfari
1jaelynn
1jadesmomm
1jadaboo
1jacquelin
1jacobm
1jackncoke
1jackjack
1jacinta2
1jabba
1j2r/3b4l
1j2j3j4j5j
1j2e3s4s
1j1j1j
1izreal
1iwontstop
1ivory
1iverpool
1ivanna
1iv3rp001
1iuangel3
1itten
1itachi
1isthebest
1isjesus
1isgame2islame
1isavril14
1irvin
1ipod
1ipg1oss
1intime
1interior
1inten
1inmillions
1inlove2
1injunere
1infatuacion
1indira
1independent
1inHim05
1imports
1immortal
1iminit
1imdabest
1imani2
1iluvulots
1iluvmatt
1iluvjesse
1iluvbears
1iloveyou!
1ilovetony
1iloveryan
1ilovepie2
1ilovenick
1ilovemydo
1iloveme3
1iloveme1
1iloveluke
1ilovekayden
1ilovejason
1iloveian
1ilovedogs
1ilovecody
1ilovebroc
1iloveanna
1illinois
1iliana
1ikinom
1ihatemen
1iglesia
1ieremia
1idwill
1ichigo
1icehot
1icecube
1ibarra
1ianbiggs
1iamme
1iamabitch
1i4miss3u
1hypegurl
1hyde1park1
1huskie
1hurricane
1hurdle
1huntersab1
1hunnybunny
1hungry
1humphrey
1hummingbird
1humisar
1huggins
1hubbyanthony
1htims
1houdini
1hotvanah
1hottiedj
1hottie!
1hotthing
1hottey
1hotteacher
1hotstuff1
1hotshit
1hotredhead
1hotone
1hotkyle
1hotjuan
1hothottie
1hothoney
1hotdeejay
1hotdawg
1hotdancer
1hotcoco
1hotcar
1hotbot
1hotangel
1horselove
1horse4me
1hornypig
1horn
1hopipima
1hope
1hootch
1hooligan
1hoodstar
1honeymoon
1honeygirl
1honey1
1homme
1homework
1homesweet
1homeboy
1holyghost
1holly1
1hollister1
1hollaa
1holiness
1hokies
1hoehoe
1hnald
1hmongvaj
1hmmdsm
1hl2m2h
1hjac2uT
1history
1hinder
1hilltop
1hillary
1hilaryduf
1highschoo
1hiddyho
1hgla3h2lvef
1heyya
1hesekaia
1hero1
1herman1
1herbie
1henry1
1helpdesk
1hellrell
1hellogood
1hellfire
1heights
1hehehe
1hebrew1
1heavensent
1heather2
1heath
1heartmike
1heartless
1heart1love
1healthsouth
1headcook
1hbelle
1hazeltine
1haylee03
1haven
1hattrick
1hateyou!
1hatestacy
1hatepink
1hatebreed
1hate2
1hat3kyli3
1hashimoto
1harvey2
1harrypotter1967
1harper
1harleyluv
1hardon
1hardhead
1hardcore1
1happywife
1happylove
1happygurl
1happyg
1happydogg
1happybunny
1happy09
1hanuman
1hansome
1handbag
1hammock
1hammett
1hallo1
1hakeem
1hailie
1hadley
1habibi
1h8ho3s
1h4a1l9
1h3wusdipx
1h2o3d4g5e6s
1h1h1h
1gzxlb
1gwenstefani
1guzeldilektut8
1guyforme
1gusanito
1gurlthing
1gunsmoke
1gundamxx
1gunblade
1gummibear
1guitar1
1guineapig
1guesss
1guera
1guatemala
1guanaca
1gtfooh
1gstring
1gru357
1groomer
1grizz
1grider
1gremlin
1greenwood
1greenhill
1greeng
1greenapple
1greedy
1greater
1grapes
1granpa
1grandy
1grandbaby
1gramzie
1grammaw
1graduate
1gracee
1gr8mom
1gr8emt
1gotyou
1gotnails
1gothic1
1gotaway
1gorgus!
1gordon1
1gordis
1gooster
1google1
1goofball
1goody!
1goodwife
1goodone
1goodlord
1goodguy
1gooddog
1goodbitch
1gonavy
1golfball
1goldsga
1goldenegg
1golden2
1gogetta
1godzgurl
1godsson
1godsluv
1godsend
1godogs
1godnot3
1godlove
1godess
1godcme
1godawgs
1god4all
1god
1gobstopper
1goatdog
1gnite!
1gmarie
1glover
1glory
1glamorchick
1gizmo2
1gisselli
1girlscout
1girl2girl
1giovanny
1giogio
1gingin
1gina
1gilmore
1gilberto
1giggle
1gidget
1ghummer
1ghetto2
1gety23
1getbent
1gers1
1german2
1georgy
1geoffrey
1genger
1geheim4u
1gcrjt
1gcfcti
1gayass
1gavin1
1gatomadre
1gatman2
1gatinha
1gason
1gary76
1garurumon
1garage
1gantfam
1ganda
1gametime
1gamer
1gallo
1galdino
1gagsta
1gaga1
1gabbie
1g4jbuvqts
1g4567
1g2i3z4e5m
1g2al5a
1g2a3b54y
1g-spot
1fuzzybear
1futuro
1furby
1funstuff
1funnyguy
1funnyann
1funkytown
1fulton
1fulldoc
1fuckyou1
1fuckya
1fuckuall
1fuckstik
1fuckmen
1fuckingha
1fuckem
1fuckdaworld
1fuck
1fruity
1fruitcake
1frogleg
1froggy3
1froggg
1frocka
1friend7ster
1freshmen
1freitas
1freewilly
1freestyle
1freelove
1fredrick
1freaks
1freak!
1franny
1frank1
1francessa
1frOdiSiaC
1foxygirl
1foxracing
1fourteen4
1fossil
1forrest1
1formenow
1forklift
1forgotit
1foreman
1fordtruck
1forall1
1fookme2
1foodstamp
1fontaine
1follower
1folkks
1focker
1fmhusmp
1flynigga
1flygyrl
1flyers
1flyass
1flubber
1flopsy1
1floppy
1flick
1flawdaguh
1flakito
1fitzgerald
1fishtaco
1fishpie
1fisha
1fish
1first
1fires
1fiona
1finelady
1fine1
1filipina
1fifinkaren
1fidel
1fickdich
1ferguson
1fender1
1females
1fellowship
1feliz
1felisa
1federico
1february
1febrero
1fe5773fea
1fc4a098
1fb5fhk
1fattycat
1fatrat
1fatpig
1fatmonkey
1fatgurl
1fatbastard
1fatass_chopper
1fastgt
1farthead
1fart1
1farhana
1fancy
1famlee
1familyguy
1falloutbo
1faker
1faithy
1fairydust
1faerie
1fabio
1f2f3f
1f0rg0t
1ezzie
1eyewilly
1eyes3
1eyedog
1eyedcat
1exmaxao
1excalibur
1evilmonkey
1evilbitch
1everything
1evenif
1evanescence
1eureka
1eu2tu3noi
1ethan1
1espitia
1escort
1errol
1erin2
1erickk
1erica1
1eraser
1epreK0rn
1epohamra2
1eod0g
1envied
1enusya
1enrico
1ennovy
1enest
1emyleigh
1empress
1emonemo
1emohugger
1emochick
1emmarose
1emma
1emison
1emilys
1emiliano
1elvispresley
1elvis04
1elsol
1elpaso
1elmira
1ellen1
1elizondo
1elisabeth
1elijahdog
1elhs5
1elephant1
1elamor
1einstein
1eididify2
1eg0v51v35
1eeyapig
1een2twee
1edward1
1education1
1eduaedo
1ed2kl3ts
1easycheese
1eastbay4
1eand4as
1e2v3i
1e2e3e4e5e
1e24f29s#
1e1811590
1dyombri
1dynasty
1dymond
1dymepiece
1dylan1
1dyanna
1dwhite
1duyen
1dustinzhot*
1duramax
1dunnbear
1duncan1
1dumper
1dumbo
1dulc=amor
1dukeybear
1dufus
1ducleluver
1duck1
1dublxhco
1drunkmonk
1drumstick
1drummajor
1dropped
1drew1
1dredre85
1dreaming
1dreamer1
1dramaq
1dragonlover
1dozier
1doxie
1dougmyers
1doubles
1doubad
1doreen
1dora
1dopeshow
1doors
1doorbell
1dooley
1donttell
1dontforget
1donovan2
1donnie1
1donivan
1dondon
1donal
1dominik
1dominick
1doller
1dollabill
1dogsbollo
1dogmen
1dogilove
1doggy1
1dogdog
1dofflemyer
1dodohead
1dobson
1dnomaid
1dkny1
1dkb6p
1dk2sd3s
1dizzy1
1divorce1
1disturbed
1dirtysock
1dirtydog
1dirtydan
1dipshit
1diosmeama
1dione
1dinobegone
1dingo
1dimesdimes
1dimediva
1dime4life
1digimon
1diehard
1diddy
1dicknpussy
1diana1
1diamante
1dg+1u=l
1df2wm34s
1dewthedew
1devins
1destiny6
1destiney
1deshawn
1desember
1desai
1deron
1dering
1derful1
1dereklover
1derby
1derboy
1deonte
1denver!
1denden
1denajah
1demi1
1demands
1deloris
1dell1
1delfin
1delano2
1dejanay
1deeznutz
1deeray
1deep4eva
1deedee1
1deddy
1debtfree
1deathwish
1deano
1deandrea
1deadgirl
1deabrilde1998
1dcarr
1dbaby
1daytona
1dayhe
1daye23
1day22
1dawson1
1dawest
1davizzle
1davismk
1davids
1daveysgirl
1dav*d2
1datbitch
1dassipp
1darryllady
1darrion
1darline
1darksoul
1darknite
1darkness1
1dariuslan
1darien
1daredevil
1dantheman
1danlover
1danika
1danielharlin
1dania
1dani1
1danette
1dancerocks
1dance23
1dalmatian
1dalkoko
1dalejr
1dakgnat1
1daisymay
1daisydazzledoo
1daimond
1dagirl
1dadsgurl
1dadmomdadmom
1daddys
1daddydick
1daddie
1dada
1daboss
1dM2lild
1d9o9m3
1d8369b538d3
1d6upq39
1d2o3t=
1d2d34
1d1z4j
1cyprus
1cyclone
1cuzzin
1cutts
1cutta
1cutiepie0
1cutie1
1cuteness
1cuteleo
1cutegrl
1cuteface
1cutechick
1cutebug
1custom
1curlyfry
1cupsugar
1cupcakes
1cumshot
1culinary
1cuddles1
1cubsfan
1crzygurl
1crystal1
1crunk
1crown
1crooked
1crochet
1crist
1crip
1creations
1creactiviti
1crazykid
1crazychick
1crazybitc
1crazyass
1crawford
1craiglers
1crackwhore
1crack
1coyote
1cowsrule
1cowboysfan
1cow40
1coupe
1countrygirl
1cottage
1cortney
1coronita
1corolla
1corlione
1corinthia
1corina
1coralynn
1cor13:4
1coqueta
1cooter
1coors
1coolnerd
1coolgal
1coolbrother
1coolbeans
1cool6
1cookieman
1cooke
1convict
1conroy
1connor2
1concon
1concert
1computerscherm
1command
1comica
1comeback
1color
1collie
1coldfuse
1cokie
1coffee2
1codemanjc
1coconito
1cocky1
1cockface
1cocacola1
1coastie
1cnote
1cmr2sd
1clubhouse
1clover1
1clothes
1clogger
1clitoris
1clipper
1cleve
1cleo2marc
1cleakashorty1
1claudia1
1classy
1clarkyonlyeb
1clark
1clairebear
1cjones
1civil
1cisneros
1circle1
1cinta2
1cindi
1cinder
1ciclalis
1churraka
1chupitos
1chunkymonkey
1chuleta
1chuck1
1chucho
1chubd16
1chrisw
1christmas1
1christie
1christain
1chrish
1chosengirl
1choreodancer
1choppers
1chompers
1chocolate2
1choco1
1chloie
1chiquito
1chippett
1chinita
1chinga
1chinese
1chilltown
1chilanga
1chikis
1chigger
1chickilla
1chicas
1chibi
1chi5co0
1chewie4
1chevysuck
1chevynova
1chevey
1chevawn
1chester1
1chesney
1cherrypie
1cherrelle
1chelle
1cheli
1chela
1cheetah1
1cheese2
1cheerleading
1cheerios
1cheerbear
1cheche
1chavez
1chatter
1chatitas
1chasty
1chasity
1charly1
1charliecat
1charli
1charity1
1charde
1chapina
1chapa
1chanty
1channing
1chango
1chane
1chameleon8
1chambers
1chaddy
1chachi
1ch1g0
1cesur
1ceresa
1cenales
1cenagirl
1cena1
1celestina
1ceh0cki
1cedecede
1cecilia
1cecaps
1cebox
1ceaser
1ceCream
1ccbone
1cbgirl
1catwoman1
1catracha
1catman
1cathat
1catfear
1catagan
1cat2dog
1castaneda
1cassandra
1cashflow
1caseyw
1casey2
1carss
1carroll
1carport
1carp3
1caroline2
1carmona
1carmello
1carmel
1carlton
1carlee
1carl1
1caregiver
1cardinals
1carbon
1captian
1canyon
1cantante
1candyshop
1candycorn
1candy2
1candise
1cancel
1camryyn
1camrinnat
1campos
1cammy
1cameras
1camarri!
1callinan1.
1calista
1californiagirl
1caldwell
1calang
1cajuns
1caiden
1cagle
1cadela
1caboverde
1caballo
1c946d
1c8cc58v
1c3cr32m
1c2u3l4o5s
1c2k3j
1c2d3r
1c2a3k4e
1byrdman
1byebye
1buzzard
1buttplug
1buttface
1buttercup2
1butterball
1butrfly
1buterfly
1busybee
1busstop
1burton
1burney
1burgos
1bunny2
1bunni
1bumbum
1bullynico
1bullride
1bugslife
1bugbug
1buenrave
1budhead
1buddys
1budah
1bucplace
1buckskin07
1buckshot
1buckley
1bubbub
1bubblebut
1bubbie
1bubbalove
1bsotuyo.
1bryce6
1bryanluv
1bryan3
1brutus15
1bruselee
1bruiser23
1bruc3
1browning
1brooklynn
1brokebitch
1broke
1broadway
1brittni
1brit1
1brinnie
1brinanj
1bright1
1brianfore
1brian2
1brendon
1breebree
1breann
1breaker
1braydon
1bratzlover
1brass
1brandon!
1brandin
1branden
1branch
1brahim
1bradkel
1boxing
1bowwow2
1bowow
1bourbon
1boumsong1
1bossybitch
1bossf
1boseley
1boricua12
1bootz
1boostedvw
1boopie
1boonie
1boold
1boocheck
1booboo1
1bonny2
1bonnethead
1bonghit
1bones1
1bone1
1bogey1
1bodyman
1bocadeculo
1bobby1
1bnmbnm
1bluzzz
1blunts
1bluffton
1blues
1bluered
1bluelinkinpark
1bluefrogg
1bluecat
1bluebear
1bluebaby
1blue
1blucky
1bloody
1blood1
1blonde1
1blkwidow
1blazers
1blank
1blanchard
1blakepd
1blakely
1blakdog
1blah
1blacktop
1blacksun
1blackpen
1blackhole
1blackcow
1blackbitch
1black1
1bknigga
1bizkit
1bitzie
1bitsydog
1bitchybitch1
1bitcho
1bitchfuck
1bitches1
1bitch2
1bismillah
1birdie
1bipolar
1biohazard
1bimbo
1billups
1billieoce
1bigwill
1bigstar
1bigshlong
1bigpimping
1bigman1
1bigmac2
1bigkitty
1biginch
1bigheart
1biggbouy
1bigfoot
1bigfatcat
1bigfamily
1bigdork
1bigdave
1bigcocks
1bigbut
1bigboss
1bigboob
1bigblunt
1bigbang
1bigasshole
1bigair
1bible2
1bhan4
1bfdoggg
1bever
1bettyboo
1betrayed
1bestplayer
1bestari
1bertshot
1berta
1bernadette
1berenice
1beotch
1benprince
1benj
1bengie
1bengal
1bender
1ben2345
1belly
1bellamy
1bella8
1belkin1
1beerman
1beerbong
1beehive
1beccy
1bebogina
1bebe1
1beautiful4
1beautiful*disaster
1beatles
1beardog
1beanbean
1beachsand
1bbreyes
1bberry
1bb3q456
1baybee
1batwing
1battery
1bathroom
1bassgal
1bassclef
1basel
1base10
1barrel
1barbie2
1barbados
1bannana
1bangsuk
1bandana
1bamboom
1bambam1
1bam3*
1bally
1ballers
1ballah
1ball3
1balance
1baileyb
1bailee
1baggles1
1badpimp
1badnigga
1badmistake
1badingo2
1badhotbitch
1badgrl
1badest
1baddest
1badchic
1badboys
1badbabe
1badassboy
1badartist
1babyyama
1babytink
1babyrican
1babynunu
1babyluv
1babyivan
1babygur
1babygirl_
1babyemma
1babydee
1babycute
1babycake
1babybre
1babyblue1
1babybenji
1babyWEB
1baby8
1baby4
1baby06
1babuchas
1babislag
1babigul
1babby
1b5fan
1b2r3c
1b2e3e
1b2b3b4b5b
1b****!
1azulita
1azsxdc
1aznpride
1aznboy
1azerty
1aye234
1ayawna
1awesomegod
1avrill
1avery1
1avantai
1avalanche
1aus2drew
1aurelio
1auhsoj
1atyler
1athlete
1atermelon
1asuncion
1astros
1aster
1assman
1assie
1asshat
1aslan
1asiangurl
1ashtyn
1ashli
1ashleefan
1ashad
1aseret
1asdxcv
1asdfghjk
1asda1
1arturo1
1arsenio
1arroyo
1arriaga
1around
1armylove
1arluv1
1arkansas!
1aries3
1arielle
1argos
1aretha
1archie
1arcangel
1aranda
1aquariuschick
1apryl
1april11
1apr90
1applet
1applejuice
1appel
1apolk
1aphood
1anuhea
1antonio2
1antionette
1anrank1n
1annita
1annebeatty
1anissa1
1anime1
1animalreb
1anika
1angelz
1angeltouch
1angell
1angelfire
1angel4me
1andyroo
1andrewa
1andreas
1andrade
1andonlylove
1andonly24
1andonly!
1anbeason
1anastasia
1anahi2
1amwoman
1amu#9
1amstupid2
1amsingle
1amoroso
1amor1
1amonie
1amirul
1amire
1amerasia
1amdabest
1amblonde
1ambition
1amberl
1amazonas
1amahiya
1alyvia
1always1
1alvarez
1altima
1alphabet
1alonza
1almrlw
1alltel
1allena
1alisia
1alien
1alicia1
1alianza
1alfred
1alfalfa
1alfa2
1alexkelsie
1alexcole
1aleu1
1aledra
1albert1
1albana
1alanjr
1alamo
1al,2al,
1akeys
1ajzahi
1ajmmem
1ajizzle
1aisling
1aisha
1airman
1airbus2
1aimeelong
1aidil
1aiden1
1ahmad
1aguilera
1aggies
1agenda
1afatasi
1aesthetic
1aealford
1adventure
1adrien
1adoggy!23
1adersan
1address
1adara
1adamg
1actingscre
1achula
1acdcrocks
1acc1acc
1abygirl
1abibuoki
1abc2def3
1abby
1ababyboy
1aaronb
1aardvark
1aaaaaaaaa
1aa1ss
1a9y7x1z
1a9d8s3
1a6k5e
1a5182
1a3m0619
1a2z3e4r5t6y
1a2s3d4f5g6h7j8k9l
1a2n3d4r5e6w
1a2n3d
1a2f3i
1a2b4d
1a2b3ex
1a2b3cd4
1a2b3c4d5f
1a2b3c4d5
1a2b3c4a5b6c
1a2b3c1995
1a2b3c!
1a2b26z
1a2a3a4a5a6a7a8a9a
1a2B3c
1a1a1a1a1a
1a1727
1a0239
1a.1a.1a.
1a!2b@3c#
1`234567890
1`1`1`1
1`1111
1_tommy_2
1_rainbow
1_nesha
1_jehovah
1_ebok_1
1_bitch
1\\\\q]a\\'z/
1Zyann
1ZACATECAS
1Yvonne
1YELLOW
1YANKEE
1YAMILKA
1XIMENA
1XAVIER
1Wild_Cat
1WISH1
1WILLIAM
1WEEZY
1WALNUTPARK
1Victor
1VIRGO
1VARNMOK
1VANESSA
1Ttdtrtdtrtd
1TreeHill
1TinkerBell
1Tiffany
1Thomas
1Taylor1
1TYRESE
1TURTLES
1TROUBLE
1TODAY
1TINO2
1TIGERS
1TIFFANY1
1THUGLUV
1TESSA
1TEETEE
1TATISCHICK
1TALLGIRL
1Swall2
1Sunnyday
1Stunna
1Stardust
1Snowman
1Smile
1SkoolGirl
1Sickkid
1Shannon
1SexyKK
1Scrappy
1Santos
1SWAGG
1SURENO
1SUPERBITCH
1SUNNYDAY
1SUGAR
1STRIPPER
1STEVIE
1STARS
1SPOILED
1SPEEDY
1SOULS
1SOLDIER
1SLEEZYBITCH
1SKATER
1SIMMONS!
1SHYGIRL
1SHELL1
1SHAWNTEZENO
1SEXYSLIM
1SEXYMA
1SEXYCHIC
1SEXYBLACK
1SEXYB
1SEXY
1SETHallan
1SCOOTER
1SCARFACE
1SASSY
1SARAH
1SANJAY
1SAMUEL
1SAMANTHA
1SADGIRL
1Roxie
1Romantic
1Riley
1Raindrop
1Raches
1ROWDY
1ROCKER
1RISUENA
1REYNA
1REBECCA
1RAVEN
1RAMIREZ
1RACHAEL
1Qazwsx
1QUITA
1QAZxsw2
1QAZ2W
1QA2WS
1Q2W3E4R5T6
1Q1Q1Q1Q1QA
1Puddles
1Precious
1Perfect23
1Password2
1Parkanoid1
1PUROLOCO
1POOPER
1POMONA
1PLAYBOY
1PINKSTAR
1PIMPDADDY
1PHILLIP
1PASSWORDS
1PARKER
1PANDA2
1PACMAN
1Oreo4me
1OUTLAW
1ORANGE
1OCTAVIA
1O64782
1NewYork
1Natalie
1NVQ5Q
1NOVEMBER
1NORTE4
1NIKKI
1NIGGAZ
1NICHOLAS
1NELOVE
1NATHAN
1NASTY
1N2J3D8H;/
1MoM2003
1Micquavius
1Mickey
1Memphis
1Matthewg
1Martin
1Mandi907
1Magz5593
1MURDA
1MONIQUE
1MONDOCONDO
1MODELT
1MISSION
1MIKEJONES
1MIKE
1MICHELLE
1MEMPHIS
1MEDINA
1MECHE
1MARYJANE
1MARSHALL
1MARLON
1MARIJUANA
1MANMAN
1MAMMABOY
1MADDOG
1Luvfiyah
1Lucky
1Lovsun
1Love4u
1Louisiana
1Lizzie
1Lifetime
1LUVMOM
1LUVJ03
1LUV4YA
1LUV21PERSON
1LUCKYGIRL
1LOVJOSE
1LOVEYAZ
1LOVETROY
1LOVEPINK
1LOVEKEVIN
1LOVEJ
1LOVEGOD
1LOVEE
1LOVECHRIS
1LOVEBRIAN
1LOVE4U
1LOVE4LIFE
1LOVE!
1LONNIE
1LOLLYPOP
1LILWAYNE
1LILGIRL
1LIKETHAT
1LEOPARD
1LARRY
1LALOCA
1LADYLUCK
1L0veDav1d
1Kitten
1Katie
1KRISTEN
1KISSME
1KIMORA
1KICKER
1KEISHA
1KACEY
1Jy6dy1Hca
1Josiah
1Johnson
1JoeysTune
1Jesse
1Jackson
1JULIO
1JUANITA
1JRENE
1JOURNEY
1JONATHAN
1JOHNNY
1JODZ1
1JIGGA
1JESSE
1JEREMY
1JENNINGS
1JEHOVAH
1JAYJAY
1JACQUELINE
1JACKSON
1Isaiah
1Ine0
1Iloveme
1ISIDRA
1ILOVEWEED
1ILOVEME
1ILOVEHIM
1ILOVEEDGAR
1I2LOVE3MUCH4
1Hotpink
1Hotdude
1Honey
1HarryPotter
1HUSTLA
1HOUSTON
1HOTMOMMA
1HOTGURL
1HOLLISTERBOY
1HOLITA
1HERNANDEZ
1HEATHER
1HATEU
1HATERS
1HATELOVE
1HARDY
1HANNAH
1HAHAHA
1Grandma
1Gina9
1Gavin
1Gabrielle
1GURLY
1GRANDSON
1GRACEY
1GORDA
1GOGETTA
1GODBLESS
1GIRL1BOY
1GARCIA
1GANGZDA
1Fwhore
1Fucker
1Froggy*
1Freak
1Forest08
1Fingerweg
1Fearnot
1FUCKME
1FRIENDS
1FOOLSFOOL
1FIGHT
1FATBITCH
1Eugene1955
1Edward
1EDDIE
1Dummeh2
1Dukejjfan
1Dragon
1Dipset
1Daniel
1DREIKA
1DOUGLAS
1DONALD
1DODGERS
1DIMPLES
1DESIRE
1DENNIS
1DELAROSA
1DEABRIL
1DAYDAY
1DANNY
1DAMIAN
1DALLAS
1DAISHA
1DADSGIRL
1Crystal
1Cqueen
1Cornbread
1Christmas
1Christian
1Cheer
1Camacho
1Caleb2Jos
1CUTTIE
1CRISTO
1CRAZYGIRL
1CRAZY
1CORONA
1CORAZON
1COOLKID
1COOKIE1
1COLDHEART
1CLASSICS
1CLA1R3311
1CHOCOLATE
1CHELLE
1CHEERIOS
1CELESTE
1CAROLINA
1CAREBEAR
1CANDYCANE
1CABRON
1C2A46
1Brayden
1Bossy
1Bonnie
1Blueapple
1Bitch
1Beloved
1Beautiful
1Baltimore
1Babymom
1BaRiTo2
1BULLDAWGS
1BUBBA
1BROOKLYN
1BREZZY
1BOSTON
1BOOGIE
1BONITA
1BOMBON
1BLUEPRINT
1BLING
1BLANTON
1BIGRED
1BIGDOG
1BIGBITCH
1BEBO
1BBHHD
1BARBER
1BANDIT
1BALLA
1BADNIJA
1BADGRL
1BABYLOVE
1BABYFACE
1BABYDUCKIE
1BABY
1Asshole
1Ashante1
1Amorjuana
1Allah
1Akeem
1AYALA
1ASDFGHJKL
1ASDFG
1ARABELLA2
1APPLEHEAD
1ANTONIO
1ANTAVIUS
1ANGELGIRL
1ANDREA
1AMERICA
1AMDAKING
1ALLILAGENIO1
1ALEXIA
1AI04ever
1ADRIAN
