025854712
02585463599
025854478
025854395
025854343
025854139
025854125
025854
025853499
025853462
025853217
02585305896
025852949
025852677
02585258
0258525
025852457
025852258
0258520f
0258520al
0258520258
025851917
025851268
025851111
025851025851
025850895
025850566
02585030
025850027
02585
025848
02584758
025847152584
0258470643547
025847010
025846966
02584693
02584688
0258468
025846727
025846615
02584654321
025846371
02584613
025846082
0258456963
0258456357159
025845632147
0258456123
025845541
025845355
025845221
025845096
025844951
025844890
025844784
025844473
025844281
025844202
02584389
025843703
025843619
025843579
025843438
02584335128
025842913
025842787
025842652
025842480
0258422
025842036
02584163
025841441
025841395
025841334
025841254875639
025841210
025841123
0258410
025840951
025840892
025840652
025840224
025840211
02584
025839890
025839466
025839246
025838880
025838545
025838524
025838259
025838111
025838032
025837954
025837751
025837559
025837406
025837
02583691470
025836778
025836734
025836349
025835820
025835556
025835489
025835360
025835208
025834927
025834557
025834423
025834206
025833948
025833686
025833234
025833203
025833101
025833022
025833
025832838
025832623
025832445
025832289
02583217451994
025832028+
025831906
025831807
025831635
025831579
025831497
025831443
025831271
025831192
025831021
025830943
025830911
025830804
025830749
025830717
025830325
025830259
025829245
025828614
025828059
025827
025826331
0258257
02582517356_sevi
02582471990
025823725
025823522
025823444
025823135
025822960
025822913
025822856
025822577
025822209
025821758
025821350
025821234
025821172
025821072
025820444
025820363
02582.991726.
025818393
025818
025817643
025817328
025816939
025816670
025816533
025816299
025815987
025815707
025815587
025815506
025815443
025815251
025815
025814894
025814759
025814726
025814671
025814373
0258140
025813881
025813689
0258136479
0258134679133
025813402
025813228
025812898
025812802
025812695
025812432
0258123_kfb
025812244
025811982
025811359
025811264
025811124
025810945
025809877
025809727
025809473
025809300
025809187
025809
025808814
025808708
025808557
02580842613223
025808327
025808222
025808156
025807799
025807737
025807663
025807260
025806831
025806766
025806584
025806429
025806275
025805839bq
025805749
025805625
025805538
025805037
025804959
025804344
025804271
025804231
025804084
0258038philnurse
025803614
025803343
025803060
025802892
025802672
02580258i
025802588
0258024
025802321
025802139
025802043
025801819
025801470369
025801262
025801234560258
02580113
025800542
025800359
02580010
0258/*-+32147
0258*963
0258*
0257jrc
0257jnkrr
0257camaro
0257Rcg
025799224
025799
025798399
025797312
025796416
025795755
025795602
025794732
025794582
025794500
025794094
025793822
0257938
025793701
025793391
0257933
025793226
025793191
02579273077
025792509
025792488
025792
025791267
025791069
025790746home
025790293
025790051
02579
025788460
025786012
025784962
025784954
025784828
025784464
025784335
025784134
025783932
025783905
025783345
025782701
025782495
025782
025781663
025781574
025781473
025781356
025781070
025780881
025780015
02578
025778374
025778
025776927
025776316
025776038
025775b
025775898
025775763
025775712
02577520
025774868
025774469
025774379
025774348
025774291
025773578
025773297
025773239
025773231
025772921
025772771
02577256022
025772530
025772450
025772164
0257720
025771802
025771711
025771470
025771419
0257711
025770874
025770816
025770696
025770626
025770598
025770577
02577
025768472jh
02576747
025765271
025764
025761640
02576104
02575hsjr
02575654
025754
025753594
025753498
025752954
025752893
025752778
025752365
025752032
025751890
025751724
025751614
025750832
025750673
025750309
025750180
0257484
025747
025746699
02574643030744274440
025746262
025746204
025745952
025745822
025745463
025745
025744595
025744016
025743956
025743607
025743321
025743115
025742748
025742387
025742272
025742059
025742021
025741588
025741442
0257410
0257407es
025740541
025740496
025740291
025740093
02574
025739859
025739703
025739411ne
025739158
025739
025738956
025738569
025738321m3e
025738211
025738012
025737917
025737497
025737165
025737024
025736732
025736567
025736361
025736164
025736059
025735761
025735029
025734793
02573458426
025733933
025733611
025733528
025733472
025733052
025732840
025732783
025732483
025732393
025731987
025731759
025731600
025731528nan
025731331
02573108
025731027
025730904
025730708
0257301
025728057d
025726
0257258343
025725592
02572515832
0257212935
02572-becks
02571991
02571986
025718yeah!
025717758
025717377
025717298
025717009
025716
025714524
0257141855
025714104
025713869
025713507
025713416
025713194
025713019
025712664
025712575
025712465*
025712230
025712220
025712071
025711895
025711835
025711675
025711634
025711606
025711317
025711193
025711143
025710834
025710471
025710436
025710394
025710170
025709818
025709628
0257094353310
025709381
025709294
025709077
025708904
025708827
025708372
025708252
0257081
025707610
025707282
025707
025706768
025706569
025706310
025706060
025705993
025705852
025705605
025705495
025705475
025705323
025705066
025704750b
025704582
025704553
0257044
025703893
025703220
025702743
025702586
025702550
025702175
025702060
025701828
025701583
025701079
025700984
025700016
0256psu
0256ap
0256993371
025698748743ppp
025698104456
025697856
025697546
025697471
025697198
025696663
025696025
025695346
025695183
025693320
025693211
025692238
025692
025691689
025691508
025691322
025691205
025691059
0256902547
025690
025689608
025689
025688
025684418
02568190
02568151i
025680500
025680344
0256795151
025679
0256789
0256778
025677001
025676975
025676758
025676606
025676571
025676384
025676220
025676071
025676035
025675720
02567564830
025674842
025674515
025674377
025674315
025674167
025673538
025673159
025673032
025672761
025672713
025672662
025672615
025672438
025672211
025672185
025672140
025672
025671918
025671819home
025671436
025671089
025670705
025670
0256699
0256663480
025665785aum
025664989
025664788
025664720
025664668
025664532
025664409
025664402
025664319
025664283
025664260
025664231
025664115
025664
025663903
025663779
025663545
025663456
025663198
025663
025662900
025662816
0256627
025662620
025662458
025662435
025662409
025662380
025662232
025662184
025661960
025661876
025661457
025661405
025661370
025661223
025661163
025661119
0256607094
025660256
025659366
025659317
02565854495
025658300
025655875
025655845
025655808
025655714
025655617
025655533
025655412
025655039
025654984
025654845
025654796
025654640
025654601
025654496
0256544445
025654421
025654349
025654063
025653964
025653668
025653482
025653236
025653025
025652790
025652681
025652652
025652598
025652525
025652420
025652335
025652199
025652
025651944
025651861
025651768
025651690
025651592
025651569
025651412
025651294
025651235
025651209
025650958
025650896
025650799
025650740
025650582
025650492
025650408
025650331
0256502e
02564xrkxp
025649
025648945356
025647
0256467448
0256461048
02564530
025644
02564276
02564222
025640390
025640215
0256396
025638014
025637306
0256364048
0256359988
02563520123
0256350770
025634983
0256341
025633043
025632589-
025632184
025631635
025631413
025631315
02563126535
025631181
0256310170
0256299212
025628
02562651
0256250350
025624
025623270
025622605
0256222711
02562150644
02562145884
025621
0256190
025618000
0256168874
02561492
02561459
025614480
025614265
025614047
025613616
025613033
025612734
025612462
0256117937
025611723852
025611566
025611226
025611
025610665
025610208
02560gmz
02560740910961
025605
025602623
02560242111803
025602393
025600148
0256+95190
0255pb
0255flv
0255_2356114
025599
02559739536
025595
0255937430202
025593440
025592503
025592217
025591281
02559037902
02559
0255891
025585321
0255827
02558080115
025579
025576443
025576095
025574693
025574610hb
025574239
025574028
025573205
025572381
025571833
025571475
025571402
025571298
025570829
025570685
025570564
025570296
025570146
02556vg
0255675000
025567
02556561
025564rico
02556220170
02556203
025560479
025560363
025559999
02555666
025555566
025554433
0255527132
025552
025551
025550555
025548341
025545z
02554411
025542824
025542453
025540
025539600
0255365422
025535347
0255339
025531320
025530605
025528675
025528554
025528307
025528286
025528105
025528025
025527713
025527430
025527
025526697
025526489
025526040
025526
025525926
025525705
025525238
025525057191
025524977
025524740
0255245478
025524481
025524224
025524150
025524068
025524034
025523704
025523500
025523482
02552312
025522meo
025522964
025522907
025522678oni
025522535
0255223989745841256
025522371
025522358
025522300
025522207
025522188
025522119
025522010
025521922
025521837
025521759
025521460
025521404
025521359
025521246
025521098
025520977
025520832
025520493
025520280
0255201553363323
02552
02551960
025518
02551487
025514404
025514219
025514110
025513791
025513568
025513245
025513103
025513066
025512859
025512631
025512522
025512229
025512114
025511814
025511588
025511411
025511292
025511256
025511194
025511
025510731
025510566
025510338
025510103
025508gs
025506546
025505635
025503remy
02550272018
025500440
0254tx
0254lnw
025499359
025498414
025498084
025498
025497437
025497
025494500
025494370
025493962
025493636
025491
025490251phil
0254874569
025487171
025486
025483147
025483
025482239
025482121
025481
025480505a
025480113
025479066
0254789cynthia
02547748s
025477
025474627
0254745623
0254735
0254722
02547112
025469
02546852
025468191007
0254678910
025467177
025467097
025466623
025466
025464224
025464
025463204536
025462446gun
025462202
0254621535
025462
025461941
025461875
025461719
025461509
0254613625
025461136
025459
025457182
02545656
025455650543
02545370
02545301
025450800393651
025448580
025448132
0254464597
025444
025440
025439877
0254398296
0254397071
025439666
025439636
025439545
025439357
025439277
025439259
025439130
025439066
025438980
025438771
025438737
025438657
025437994
025437978
025437918
025437862
025437792
025437518
025437444
025437317
025437123
025437009
025436873
025436
025435956
025435373
025433
025432967
025432888
025432787
025432664
025432584
025432492
025432329
025432250
025432224
025431828
025431574
025431286
025431
025430792
025430469
025430413
025430358
025430325
025430196
0254301078
0254282363
0254263541
02542518
025424521
025424410
025424239
025424045
02542345
02542343521
025423367
025423279
02542321134
02542313275
025423
02542261
025422266
025421970
025421679
025421580
025421483
025421254
025421165
025421082
0254208088
025420589
025420576
025420375
0254200
025419958
025419833
025419807
025419596
025419104
025418935
025418788
025418501
025418480
025418334
025417983
025417958
025417863
025417751
025417659
025417588
025417298
025417
025416610
025416553
025416505
025416372
025416318
025415
025414203
02541397
02541373
025413683
025412ss
02541236
02541225
025410046
025407568
025407545
025407013
025406955
025406864
025406231
025405987
025405584
025404918
02540467
025404460
025404225
025404056
025403933
025403754
025403704
025403631
025403496
025403251
025403099
025402883
0254026387
02540254ccf
025402523
025402420
025402354
025402162
025401735
025401579
02540143802
025401380
025401239
025401075
025400910
025400293
025400254023
0254/15
0253ryzee
02539tvxq
025399854
025399621
025399371
025398899
02539864
025398360
025398121
025397904zxz
025397757
0253975000
025397157
025397034
025396841
025396705
0253966666
025396486
025396385
025395868
025395580
025395339
0253950
025394972
025394801
025394500
025394423
025393857
025393635
02539340002
025393122
025393
025392621
025392430
025392311
025392150
025391589
0253915
025391475
025391032
025390966
025390402
025390220
025390130
025390117
025389796
025389761
025389404
025389
025388526
025388458
025388405
025388347
025388241
025388122
025387935
025387420
025387260
025387166
025387071
025386894
025386732
025386584
025386505
025386277
0253860103
025385520
025385412
025385227
025384701
025384561
025384482
025384419
025384263
025384206
0253840
025383753
025383461
025382616
025382423
025382145
025382063
025381999
025381989
025380552
02538020534
025380139
02538
02537951bas
025378987
025378451
025378306
02537804817006
0253769756
025375064
02537402
025371168314
0253705
0253700
025369
025368
025367901
025367819
025367600
025366888
025366758
02536631819
025366126
025365959
025365888
025365518
025365438
025365416
025365358
025365150
025364361
025364216
025364138
025364012
025363850
025363818
025363610
025363520
025363408
025362854
025362653
025362590
025362441
025362206
025361z
025361758
025361525
025361478
025361448
02536112
025360932
025360711
025360420
025360290
025360212
025359
02535655310
025356098
025355680
025355373
02535456
0253541
025353409
025353055
02535243
025351489
0253509
025349710
025347563
025346792
0253463719***
025346000
025345h
025344533
025343774
02534348
025342755
0253418yu
025340985
0253402
025339928
025339814
025339676
025339
025338806
025338598
025338425
025338382
025338365
025337844
025337428
025337
025336947
025336764
025336642
02533642
025336141
025335935
025335772
025335448
025335379
025335154
025335013
025334660
025334464
025334251
025334042
025333739
025333454
025333271
025333130
025333
025332970
025332823
025332790g
025332788
025332478
025332102
025332063
025332
025331640
025331439
025331324
025331
025330820
025330615
025330537
02533001nano
025329435
02532820
025328068
025328
025327
025326845
025326220
025326113
02532554
025325181190jkgl
025325
025324700
025324645
025324608
025324212
025324178
025324076
025323957
0253239052
025323665
025323567
025323157
02532307
025322799
025322627
025322310
025322036
025321974
025321553
025321419
0253211829
025320mc
025320733
025320678
025320172
02531985
025319739
025319600
025319475
02531943
025319235
025319002
025318935
025318776
025318696
025318653
025318641
0253185
025318362
025318267
025318178
025317968
025317592
025317427
025317204
025317179
025317099
025317048
025316942
025316760
025316533
025316494
025316418
025316288
025316156
025316
025315859
02531570911123456221620101506288
025315403
0253152734
025315196
025315145
02531505
025315
025314821
025314596
025314396
025314366
025313978
025313947
025313761
025313731
025313373
025313224
025313107
025312519
025312379
025312103
025312
025311937
025311802
025311535
025311453
025311167
025311
025310837
025310537
025310404
025310089
025309115
0253080701
025307784404
025307248
025306940
025306543
025306291
025306092
0253054511531
025305273
025304932
025304829
025304809
025304762
025304500
025304203
025304093
025303685
025303324
025303299
025302981
025302880
025302703
025302319
025302097
025301863
0253017814
025301575
025301313
025301261
025300859
025300796+46190
02530061
0253003441012
0253001578
025300021
0253
0252ed
025295580
025294853
02529474za
025294263
025293803
025293436
025293005
025292921
025292766
025292567
025292529
0252924188581
025292231oio
025291976frame
025290918
025290777
025290475
025288
025285694cute
025285407
0252822278
025281
025280
025279
025278850
025278419
025278295
025277keong
025277743
025277334
025276178
025275900
025275760
025275559
025275232
025275200
025275005
0252748552
025274715
025274575
025274490
025274272
025274029
025273680
025273539
025273440
025273272
025273125
025273001
025272827
025272507
025272492
025272182
025272070
02527190
025271709
025271451
025271250
025271
025270685
025270567
025269600
025269524
025269224
025269043
025268973
025268949
025268761
025268513
025268431
025268313
025268230
025267893
025267839
025267532
025267295
025266919
025266837
025266823
025266763
025266569
025266411
025266269
025266200
025266159
025265962
025265896
0252657
025265678
025265625
025265465
025265437
025265399
025265162
025264915
025264800
025264553
025264287
025264067
025263837
025263689
025263331
0252629
025262648
025262471
02526231
025262111
02526203012
025261886
025261660
025261554
025261314
02526127778
025261021
025260975
025260813
0252607
025260653
025260562
025260460
025259199
0252589
025258290
025258035
025255
025253121
025253017
0252529
025252879
025252831
025252677
025252534
025252513
025252333
025252279
0252520779
025251959
0252519
025251859
025251720
025251664
025251560
025251511
025251336
025251092
025250903
025250842
02525076
025250727
025250439
025250338
025250205
025250159
025250094
0252494626
025248
0252456333
025245302ahmed
025244588
025244245
025243733
025243128
0252428542
02524213104
02524103
025240430
02524013
025239337
0252393
025238987
025238593
025238354
025238029
025237840
025237427
025237119
025237
025236958
025236655
025236598
025236489
025236244
0252361806
025236127
025236013
0252358140
0252336886
025233519
0252332104
0252329305
0252328480
02523240789
02523188
02523130573
02523081
025230230243639
025227894
025227122
025226440
02522462
025224269
025223327
025223214
025223196
025223013
025222594
025222427
025222078
025222
02522188187469
025221853
02522181
025221566
025221492
025221349
02522123
025220880
025220846
025220770
025220733
025220619
025220603
025220538
025220281
025220029
02521987maung
02521949
025219137
025218973
025218712
025218597
025217881
025217865
025217198
025216994
025216276
02521619
025215927
025215514
025215064
025214945
025214838
0252147398508
025214719
025214512
025214385
025214171
025213866
025213835
025213632
025213102
025213033
025212879
025212869
025212212
025212083
025211722
025211495
025211427
025211065
025210914
025210895
025210701q
025210390
025210155
025208a
025207
02520585
025203
02520274
025202520
02520020
025200
0251ky72
0251hamu
0251abode
025199941
0251994
025199039
025198924
025198759
0251985
025198211
025198124
02519744
025196
025195592
025195524
025195268
025195188
025194630
025194402
025194219
025194021*
025194
025193618
0251933bgb
02519317
025193
025192934
025192838
025192657
025192269
025192065
025192055
025191A
025191861
025191577
025191534
0251915089876168
025191192
025191138
025191044
025190912
025190777
025190753
025190723
0251906
025190489
02519040623
025190236
025190022
02519
0251883
025187
025184204549877a
025183155
025183054
025182690
025182490
025182236
025182159
02518209
025181703
025181376
025181161
025180873
025180502
0251801823
025180104
025179823
025179586
025179293
025179109
025179048
025178915
025178770
025178551
025178449
025178343
025178076
025178
025177710
025177591
025177450
025177310
025177194
025177004
025176942
025176722
025176584
025176433
025176246
025176078
025176015
025175901
025175863
025175833
025175752
025175576
0251752420
025175036
025175008
025174911
025174838
02517453
025174342
025174233
025174041
025173821
025173590
025173397
025173215
025173107
025172964
025172894
025172797
025172601
025172584
025172255
025171987
0251719132538
02517186863
025171754
025171710
025171580
025171508
025171373
0251712
025171066
025170871
025170798
025170463
025170337
025169928
025169758
025169364
02516888
025168581
025165992
025165293
0251652606
0251651476
025165
025164850
025164817
0251647025
0251643822
025164141
025164074
02516402
025164013
025163891
025163677
025163573
025163471
025163210
025163029
025162982
025162682
025162512
025161914
025161686
0251615682
025161336
025161130
02516111257
0251607
0251603
02515849
0251573
0251563244
025154
02515223
025151079
0251502515
0251478
0251450429
0251447125547c
02514461189
02514424050
0251442
025143114
025143001
0251426
025142305
025142004
025141944
025141745
0251416856666
025141657
025141337
025141216
025140991
025140834
0251407
025140497
025140109
0251393353
025139189
025138986
025138467
02513820
025137938
0251375437
025137060
02513691
025136715
025136606
0251364789
025136064
025136007
025136
025135935
0251356205
025135415
0251352540
025135
025134455
025134362
025134338
025134075
025134008
0251338916
025133390
025133079
0251330328
025132932
025132712
0251326285
0251324590
025132223
0251321010
025132
0251319
025131592
025131469
025131160
025130744
0251302546258
025128
02512678469
02512623555
025125580
025125536
02512546523
02512543215
025125247
0251251
025124525
025124325
02512426353
025124143
025123789
02512362
025123336
02512323240
025122900
025122591
025122574
025122456
0251222
025121802
025121573
0251208854842988
025120270
02512011l
0251201004
025119
0251180p
025116
0251157
025114813
025114577
02511409
025113801
0251131
025112663
025112579
025112383
025112279
025112140
025111883
025111222
0251111734
02511075
025110410245.
025110237
02511
025109836
025109357
025109258
0251092
025109068
025108887
025108861
025108421
025108329
025108127
025107613
025107562
025107375
025107321
02510727
025107
025106951
025106802
025106672
025106463
025106418
025106399
025106287
025105860
025105810
025105775
025105503
025105371
025105120
0251049
025104821
025104695
025104589
025104537
025104398
025104290
025104160ice
025104066
025104012
025103745005
025103704
025103653
025103043
025102775
025102629
025102498
025102426
025102183
025101876
025101706921
02510158
025101510
0251009744
025100736
025100655
025100582
025100464
025100339
025100258
0250viqsx
0250october
0250hooi
025099832
025099594
025099434
025098933
025098643
025098435
025098321
025097979
025097781
025097062
025096911
025096608
025096294
025096018
025095997
025095948
025095698
025095230
025094996
025094933
025094732
025094533
025094425
025094402
025094250
025094024
025093903
025093509
02509331
025093264
025093
025092593
025092358
025092
025091885
025091805
025091672
025091461
025091114
025090964
025090787
02508nat
0250863
025086
025084
025082602
02508225
025082044
025082
0250814286
025080965
025080836
025080705
025080623
025080451
025080343
025080099
025078208
025076624
0250762620
0250756203alex
0250743118
025073536
025073
025070
025068
02506425064
02506
0250574stv
0250553
025052542
0250524
0250515
02505
025049
0250481
02504651
025046
0250441
02504279
025042157
025042042
025041978
025041918
025041841
025041745
025041729
025041539
025041285
025041035
025040995
025040912
02504088
025040821
025040782
025040713
025040466
025040332
025040032-not
025040
02503980janet
025039746
025039643
025039142
025039030
025038924
025038829
025038733
025038706
025038679
025038575
025038331
025038300
025038226
025038049
025037898
025037720
025037530
025037040
025036421
0250363
025036203
025036171
025036111
025035827
025035574
025034614
0250344050
025034
025033138
02503301
0250325
025032
025031627_
025031304
025031200
025031180
025031170
025030896
025030723
025030461072-9
025030375
0250300
0250296
025026
02502585
0250250250
0250244
025023054069
025022
025021021
025020455
025020
02501913califas
025017829
025017251
02501625
025015729
025013495
025013071
025012828
025012679
025012501
025012353
025012135
025011936
025011852
0250117302477
025011373
0250111984
02501088tok
025010598
02501
025008087
025007
02500509
025004095
0250035
02500250a
0250019
0250012
025000
025-9399
025**3201
024yosblablla
024xzsnd
024wdwmq
024utb
024smudge
024sailormoon
024runner
024ransk73
024pfaa
024nalaB
024mickey
024mei
024litlbit
024kcbri
024jm
024hnfhcvderz
024ev
024bah024
024_014
024ILGKEzg
0249yg
0249kwh
024999352
0249986ab
0249981
02499720
024993
024992
0249867640
024986
0249837
024982294
024982
024980
0249798357
0249786
0249779693
024977
0249766
02497314902
024972117
02497107
0249707141
02496bmm
0249683674
024967
024964893
024964516
0249616058
0249610949
024960
0249586697
0249573117
024956914
0249559
024954657
0249538
024953
024952042
0249513322
0249511365
024950
024949341
0249465614
024945124
02494280
024942011010
02494098
024938
0249369941
02493442
02493315
024932207
024931976
02493049
0249277s
0249249
0249248
024922364
02492049
02491a
024916
024915268
024914923
0249130
024912289685
024911
024910
024908674
024907247
02490673
024902599
0249013
02490080
0249
0248cr
02489jpvn
0248992
024898
024896
0248946t
02489100
024890486ta
02489
02488789
024883dg
024881617
024880811
024879349
0248775
024876543
024875593
024875466
024875208
0248751
0248743
024873061
024871
0248695351
024868
0248672033
0248659731
02486579
0248653433
0248650
02486357
024863
02486291
024861579312
024861112082
024859
0248561883
0248559
0248553000034
024853367
024852118772692
02485174
02485
0248456
0248435
024842
024838
024836
024832
02482feb
024829
0248275091
024827070
024826662
0248264013
0248262
024825836
024825381
0248248558
024824443
024823538
024822622
024821859
024821539
02482
024819288
0248169m
02481632
024813
024811
024809589
024809
0248043
02480248a
0248016302
024801247
0248006
0248
0247slim
0247joel
0247dick
02479egcs
02479646
024793
024789
024785
024781549456
024780
024779978
024779725
024779269
024778986
024778952
0247789
024778655
024778623
024778564
024778388
024778041
024777063
024773280
024773124
024772915
024772518
024772290
024772
024771798
024771681
024771654
024771585
024771564
024771310re
024771187
024770992
024770654
024770624
024770296
02477
024769827
024769508
024769386
024768948
024768914
024768760
024768622
024768311
024768
024767969
02476783
024767718
024767627
02476745963
024767445
024767386
024767335
024767188
024767146
024767097
024766997
024766911
024766852
024766711
024766501
024766134
02476592882
024765607
02476545344
024765273
024765244
024765045
024764843
024764577
024764210
024764159
024763874
024763341
024762873
02476272415
024762499
024762327
024761841
024761632
024761478
024761431
024761408
024761327
024761244
024760500
024759620
024756757
024756461
02475555
024754582
024752685
024749x
02474899
024748
0247455785
0247452
0247442378
0247420
024741231
02474
024738065
02473410654
024732j
0247316
0247303
024727820
024727651048681
024727487
02472741+
024727361
0247271810
0247271
024727
024726984
024726585
024726458
024726168
024726012
024725964
024725815
024725769
024725688
024725671
024725438
024725296
0247252
024725138
024725049
024724467
024724196
024724031
024723987
024723898
024723788
024723759
024723716
024723698
024723406
024723299
024723210
024723082
024722822
024722631
024722400
024722391
024722218
024722185
024722043
024721912
024721712
024721522
024721429
024721054
024720746
024720167
024719
024718
0247164119
024712911
024711817
02471099
02471
024708510
02470781
024707553
02470402006
0247021
0247007
02470019
0246yzfr1
0246sergi
0246nino
0246dave
0246camilo
0246TL
0246983
024697
024695ass
024692706
0246924
024691710
02468miki
02468maremasl
02468hoa
02468ctbrd
02468asme
024689996
024689838
024689625
0246893
024689161
0246890831
0246890
024688970
024688795
024688758
024688375
024688240
024688221
02468795310
0246879513
024687913
0246879
024687591
024687540
024687312
02468715814
0246871213
02468711118
0246869575
024686842
024686454
0246864
024686170
024686001
024685949
0246858M
024685858
024685587
024685450
024685280
024685182
024685109s
024684833
024684753
024684703
024684635
024684500
024684390
024684035
024683885
024683821
024683438
024683226
024683
024682797
0246827222
024682282
024682
024681803
024681668
02468153957
024681480
024681402
0246813579loca
024681357-*/
024681298
024681220
024681169
0246810r
0246810hihi
024681012530
0246810121
024680xx
024680993
02468084781
0246808
0246805123
024680319
024680145
02468...
02468**
0246798531
0246789
02467823
0246780
024675771
0246756533
024675498
024675154
024674828
024674672
024674617
0246746
024674404
024674266
024674023
024674
024673950
024673800
024673650
024673547
024673007
024672795
024672788
024672460
024672416
024672184
024672122
024671822
024671662
024671560ass
0246713739
024671176
024671104
024670846
024670748
024670547
024670339
0246702467
024670219
024670111
024669806
024669718
024669678
024669234
02466911
024669033
024668971
024668961
024668939
024668872
024668563
024668430
024668253
024668015
024667837
024667688
024667600
024667414
024667322
024667033
024666946
024666570
024666542
024666389
02466631
0246661230
024666
024665862
024665784
024665525
024665450
024665340
024665208
024665
0246649
024664626
024664564
024664395
024664375
024664276
024663998
024663869
02466374
024663582
024663518
024663446
024663148
024663112
024663006
024663
024662581
024662415
024662254
024662250
024662226
024662041
024661664
024661630
024661550
0246610955
024661076
024660833
024660630
024660528
02466029720
024660096
024659921
0246595758
024659402
024659201
024659114
024658998
0246588800
024658773
024658596
024658550
024658262
024658099
024657845
024657703
024657540
024657476
024657280
024657171
024656969
024656906
024656755
024656750
024656744
024656162
024656064
024655993
024655917
024655748
024655685
024655616
024655446
024655386
024655265
024655165
0246550545
024655
024654778
024654704
024654602
024654541
024654290
024654190
024654073
024653980
024653848
024653657
0246536
024653566
024653481
024653384
024653276
024653149
024653.848
024652903
024652832
024652659
024652469
024652308
024652215
024652118
024652081
024652039
024652
024651902
024651787
024651675
024651530
024651411
024651326
024651249
024651130
024651
024650821
024650772
024650669
024650641
024650468
024650105
02465000
02465
0246480360
024646973
0246458850
024644123
024644043
024643328
024643259
024643219
024643199
02464318730
024643113
024643023
024642999
024642906
024642793
024642747
024642634
024642598
024642400
024642336
024642169
0246420971
024642006
024641823
024641782
0246411784
024641147
024641108
024641085
024640873
024640595
024640407
024640268
024640223
024640070
024640020
024639905
024639838
024639755
024639470
024639388
024639093
024639001
024638800
024638670
0246386
024638478
024638446
024638100
024637592
024637363
024637032
024636861
024636544
024636516
024636453
024636404
024636253
0246362094
024636092
024635910
024635653
024635562
024635485
024635424
024635352
024635180
024635135
024635051
024634925
024634778
024634750
024634674
0246346
024634519
024634404
024634012
024634
024633918
024633670
024633271
024633022
024632761
024632623
024632594
024632480
024632261
024631950
024631944
024631725
024631610
024631534
024631479
024631440
024631311
024631140
024631060
024630967
0246308980837815
024630849
024630790
024630691
024630
024628879
024628686
024628205
024627912
024627780
024627559
024627502
0246272421
024627092
024627021
024626811
024626667
024626566
0246264993
024626384
024626258
024626204
024626147
024626
024625872
024625644
0246255031
024625464
024625391
024625294
024625072
02462422
0246223384
0246215081
0246213081
024621152
024620224
024620
024619
024618845
024618684
024618610
024618573
024618524
024618425
024618322
024618020
024617987
024617770
024617590
024617482
024616341
0246161057
024615927
024615432
024615312
024613739
024613622
024613275
024613237
024613224
024613156
024613036
024613
024611974
024611925
024611793
024611608
024611332
024611247
0246110
024610rc
024610806
024610748
024610657
024610471
024610331
024610221
024610136
0246101
0246080258
0246068
0246056
024604600
0246037
0246031
024601980
02460156s
024601345
024601113
024600885
024600713
024600200
02460
0245manzanas
0245horses
024599708
024599
0245968828906
024593
024591598
0245910142
0245904620
0245901mild
024588229
024587565
024586
0245846
0245842
024583580
0245822321
024581775
024581561
024581531
024581222
024581106
024581
024580956
024580761
02458
024579992
0245797789
024579622
024579578
024579457
024579336
024579296
024579113
024579058
024578897
024578796
024578400
024578332
024578157
024578105
024577914
024577745
024577634
024577547
024577456
024577280
024577081
024576986
024576956
0245768
024576560
024576522
024576459
024576423
024576309
024576180
024576063
02457590
024575831
024575761
024575551
024575395
024575314
024575186
024575137
024575046
024574794
024574752
02457470
024574482
024574391
024574172
024574027
024573965
0245736722
024573489
024573311
024573072
024572943
024572895
024572827
024572755
0245726559
024572593
024572420
024572345
024572321
024572272
024572136
024572
024571927
024571807
024571429
024571243
024571089
024570677
024570412
0245703
024570
0245698521
02456963
024569
02456789jan
024567689
0245673156
024566321a
0245649
024563549
02456186
024561053
024560346
024560295
024559915
024559856
024559719
024559659
024559235
024559107
024559049
024558965
024558856
024558802
024558467
024558409
024558355
02455813601
024558125280
024557926
024557717
024557461
024556932
024556833
024556672
024556560
024556429
024556401
024556256
024556201
024556137
024556054
024555929
024555797
024555558
024555209
024554636
024554558
024554472
024554227
024554153
0245540
024553960
024553878
024553626
024553440
024553329
024553195
024553001
024552711
024552377
024552244
024552104
024552045
024551920
024551756
024551647
024551
024550705
024550617
024550578
0245501
024549942
024549899
024549858
024549761
024548064
024547878
024547641
024547438
024547323
024547142
024546960
024546867
024546848
024546836
024546704
024546505
024546444
024546203
024546112536
024545942
024545913
024545867
024545694
024545596
024545545
024545542
024545464
024545367
024545321
024545101
024544913
024544647
024544300
024544236
024543968
024543743
024543508
024543374
02454319
024543073
024542881
024542704
024542546
024542500
024542479
024542098
024541502
024541293
024541260
024541081
024541
024540844
024540716
024540611
024540560
024540532
024540434
024540288
02453doftz
024538n
024538152
024537618
024537514
024537329
024537215
024536
0245357j
024534
024533919
02453351190
024533307
024532950
024532261
024531602
024531162
024530767
024530614
024530382
02452and
024527105
02452589
024524684
024523659
024523544
024523337
0245229467
024522061
024521965202020
024521965
024521781
024521488
024521434
0245212638
024521023
024520881
024520548
024520507
024520261
024520246
024520103
02452
024519912
024519832
024519773
024519634
024519591
0245195442538
024519320
024519275
024519214
024519118
024519017
024519003
024518722
024518628
024518499
024518319
024518150
024518065
024517v
024517850
024517791
024517690
024517565
024517448
024517325
024517153
024516977
024516921
024516777
024516541
024516423
024516222
024516068
024515863
024515841
024515686
024515681
024515640
024515037
024514714
024514542
024514353
0245142346
0245142299
024514004
0245136
0245133160
024513241
024513085
024512901
024512557
024512487
024512310
024512235
024512020
024511955
024511913
024511766
024511430
024511353
0245111766
024511020
024510890
024510821
024510648
02451008
0245098216
0245074
024506415
024506289
024506096
024506078
024506029
024505ropa
024505171
0245049
024503310
024503067
024501493
024501
0245006608ooo
024500
0244tp
0244sidney
0244e7
0244abc
0244991246
0244988401
0244983384
024497775
024497723
0244972453
024496JAVS
024496
0244957724
0244955618
024495261
024495080024495080
024494753
0244945744
024494310
0244932828
024492167
024491369
024490
0244893037
024489096
024489080
024488309
0244879447
024487569
024487427
024487267
024486949
0244867619
024486617
02448659
0244864702
024485883
024485586
024485341
024485287
024485
024484958
024484777
024484686
024484612
024484267
024484236
024483468
024482722
024482471
024482366
024482222
024481971
024481923
024481710
024481609
024481578
024481435
024481359
024481253
024481106
024480962
0244808569
024480517
024480284
024480139
024480030
0244793
02447838544
024478138
024477125
024477081
0244769857
024476166
024476008
024475945
024475865
0244753999
024474738
024474701
024474541
024474369
024474232
024474177
024474164
024473878
0244738
024473688
024473567
024473193
024473119
024473
024472814
024472691
0244726736/2
024472627
024472328
024472193
024472184
024471977
024471929
024471837
024471710
024471522
024471050
024470926
0244707773
024470375
024470305
024470228
024470138
0244689499
024467869
024467593
024467318
024467197
024467059
024467002
0244668749
024466805
0244667917
024466575
024466485
024466407
02446636420
02446634262
024466312
02446630780
024466244
0244656707
0244653286
024464630
0244640056
024463921
024463773
024463578
024463123
024463010
024462992
024462785
024462670
024462657
024462556
024462470
024462244
024462149
024461825
024461781
024461710
024461636
024461471
024461384
0244612733
024461197
024461169
024461092
024460923
024460794
024460582
024460236
024460206
0244599971
024459
0244584628
0244576050
024457418
0244571474
024456410
024456160
0244561408
024455963
024455752
02445566
024455370
02445500
024454748
024454602
024454556
024454294
024454226
024453chuya
024453916
0244537280
024453607
024453416
0244531056
02445265105
024452628
024452427
024452352
024452334
024452322
024452249
024452116
0244518445
02445122
02445
0244475893
0244465601
024445858
024445555
0244448932
02444474181
024444325
0244440462
024443955
024443927
024443734
024443378
024443321
024443276
024443141
024443041
024442990
024442459
024442369
024442360
024442074
024441925
024441849
0244417
024441597
024441420
024441315
024441112
024440901
024440579
024440250
024440175
02443956126
0244390777
02443864522
0244384276
02443779
0244371203
024436842
0244367878
0244363751
024435
02443429
0244336959
024432494
024432420
02443223581
02443211950
024432
024430727
024430334
024430000
0244294969
0244290218
024428570
0244279989
0244263960
0244260584
024426
02442533
024424444
024423785
0244229070
024422375
0244211320
024420e
0244202970
02442002420
024419920
024419736
024419304
024419151
0244166481
0244162a
024415
0244145457
024413948
024413411
0244127421
0244125378
024412393
024412215
024412
024411814
0244115027
02441124
024411032
024410892
024410857
02441080
0244106063
024410551
0244103482
0244103287
024410144200
024410
0244098418
0244081412
0244057407
0244051660
024404557
0244038
0244033
0244025409
024402001
0244018947
024401615
024401519
024401468
024400
0244/3457
02439911121
024397751
024397695
024397202
024397075
024396774
024396765
024396469
024396406
024396180
024395849
024395702
024395419
024395
0243946144
024393997
024393935
024393455
024393362
024393100
024392746
024392685
024392601
024392398
024392159
024391895
024391569
02439123
0243907859
024390495
024390390
024390238
024390153
02438aazzu
024389794
024389706
024389560
02438921s
024388959
024388788
0243887
024388504
024388205
024387971
024387884
024387457
024387032
024386983
024386957
024386875
024386498
024386331
024386152
024386019
024385953
024385774
024385538
024385291
024385015
0243849321
024384861
0243848199
024384581
024384313
024384277
024383956
024383789
0243835569
024383441
024383361
024383126
024382746
024382676
024382551
024382468
024382328
024382175
024382006
024381623
02438121291
024381080
024380618
024380355
0243801796
024379937
024379859
024379008
0243789073
024378834
024378723
024378716
024378644
024378527
024378384
024378215
024378180
024378066
024377952
024377938
024377601
024377475
024377343
024377235
024377082
024376879
02437666
024376213
024376124
024376117
024376007
02437598a
024375699
0243755
024375059
024374997
024374879
024374824
024374647
024374477
024374313
024373958
024373884
024373680
02437357391
024373431
024373028
024372914
024372839
024372502
024372210
024372070
0243720
024371873
024371652
024371539
024371212
024370937
024370
0243696
02436816
0243660072
024364854
0243624
0243615
0243601098
024359499
024359305
024359228
024359121
024359038
024358897
024358736
024358585
024358362
024358283
024358214
024357892
0243577334
024357719
024357456
0243573509110385
0243573269
024357113
024356985
0243568246
02435677C
0243567299
024356650
024356135
024356
024355675
024355555
024355462kiki
02435541025
024355370
024355328
024355253
024355250
024355052
024354937
024354472
0243542868
024354192
024354104
024353893far
024353638
024353575
024353437
024353148
024352997
024352783
024352584
02435251717
024352265
024352121
024351942
0243516405
024351158
0243510211
024350983
024350468
024350184
0243501020
024349899
02434934402855
024348766
024348583
024348430
0243482094
024348
0243477030
024347130
024346701
024346597
024346105
024345964
024345645
024345444
024345226
024345065
024344846
024344624
024344297
0243440261
02434378
024343
024342882
0243427291
024342578
024342499
0243420768
024341928
024341766
024341434
024341153
024340941
024340582
024340165
024340110
024339911
024339738
024339434
024339255
024339134
024339016
02433877t
024338655
0243385950
0243384600
024338349
024338060
024337900
024337654
0243374848
024337396
024337190
024336798
024336517
024336253
024336084
024335519
024335352
024335314
024335060
024334844
024334648
024334500
024334402
024334092
024333719
0243334
024333053
024333
024332735
024332615
024332550
024332248
024332048
024331951ok
024331850
024331686
024331283
024331233
024331063
024330860
024330026
0243285664
02432836295
02432835364
02432832552
024327899
02432781
02432722781
02432712196
0243267638
02432639723
0243255
0243247665
02432459761
0243244288
02432415705ylas
0243238231
02432376189
02432362521
02432343058elpro
0243229999
0243226
0243223083
0243220276
0243215295
024321150
024320768
0243203
024320
02431995ma
024319
024318431
024318230
024317sf
0243174
024317152
024316121
024316
0243150565
0243146931
024314
0243136496
024313574
024313549
0243133855
024312540
024312385
024312220
024312187
024312046
024311605
024311506
024311321
024311235
024311089
0243102583
02431
0243040ao
0243035
0243022306631027
02430055
0243/81623
0243
0242taurus
0242oreg
0242danz
024296318
024296
024295171
024294969
024294966
0242948
024294697
0242943487
024293693
024293649
024293551
024293470
024293352
024293338
024293252
024293211
024293108
024292915
0242928
024292349ton
02429224
024292161
024292
024291827
024291606
0242914792
024291232
024290786
024290340
024290161
024289442
0242892
024288955
024288768
024288682
024288425
024288294
024288188
024287976
024287802
024287514
024287453
024287145
024287088
024286753
024286701
0242865805
024286318
024286058
024285995
024285977
024285892
024285838
024285699
024285592
024285530
024285377
024285311
024285133
024285
024284773
024284447
024284403
024284210
024284
024283958
024283769
024282661
024282443
024282353
024282284
02428215386
0242820
024281941
024281826
024281644
024281608
024281464
0242813678
024281128
024281062
024281
024280895
024280852
024280142
024280049
024279950
0242798
024279721
024279338
024279130
024279012
024279000
024278890
024278771
024278720
024278482
024278251
024277956
024277759
024277613
024277548
024277454
024277220
024277121
024277043
024276g
024276890
0242766585
024276443
0242763780
024276305
024276242
024276090
024275881
024275726
02427548
024275467
024275323
024275205
024275126
024274788
024274647010244
024274554
024274121
024274060
024273670
024273542
024273375
024273280
024273264
024273051
024272903
0242726293
024272580
024272447
024272202
024272184
024272044
024271885
024271831ton
024271608
024271346
024271235
0242711
024270956
024270182
024270133
0242681
024267420
024267193
0242665357
0242664292
024266171
024266091
024266023
0242657667
024265081
024264631
0242644395
024264375
024264248
024264164
024263684
024263670
024263007
024262935
024262828
024262710
024262694
024262622
024262593
024262383
024262191
024262122
024261926
024261849
024261450
024261370
024261327
024261286
024261123
024261037
024260871
024260671
024260648
024260243
024260151
024260022
024259992
024259688
024259381
024259236
024259004
024258913
024258700
024258564
024258177
024258035
0242579921
024256993
024254
0242535
0242530431
024252820
024252
024251391
024251321
02425127
024251233
024251094
024250rj
024250886
024250793
024250754
024250313
02425011
024250
024249731
024249599
024249393
024249142
024248761
024248227
024248087
024247858
024247556
024247339
024247238
024246796
024246590
024246552
024246134
024246076
024245634
02424556
024245146
024243903
024243232
024243014
024242885
024242476
024242410
024242268
024242
024241663
024241419
024241076
024241056
024240591
024240424
024240202
024240058
024240
02423770930
024237000
02423646597
02423614203
024235209
0242351
0242347124
024234549
0242345364
0242337701
0242333567
0242330
02423283
024232760
024232344
024232
02423122338
024230900
024230825
0242306
024230502
024230355
024229222
0242284843
0242268
0242262462
024226
024225108
024223941
024223481
024223235
02422285281
0242222270
0242219uaem
024221936
024221629
024221466
024221167
024221126
02422102
024220642
024220600
024220312
024219977
024219903
024219823
024219784@
024219724
024219630
02421941
024219397
024219153
02421895300
024218818
024218805
0242184632
024218344
024218237
0242182068
02421815
024217851
024217748
024217603
024217304
024217093
024217
024216979
024216842
024216777
024216656
024216544
0242162999
024216231
024216023
024215859
024215375
024215277
024215093
024214j
024214780
024214720
024214645
024214417
024214315
024214254
024214001
024213934
024213851
024213653
024213522pop
024213414
024213379
024213288
024213209
024213158
024213124
024212935
024212844
024212550
02421236
024212215
024212106
024211916
024211682
024211590
02421154
024211124
024210as
024210893
024210711
024210599
024210359
0242100694
024209961
024209619
024209543
024209359
024209246
024208816
024208673
024208414
024208204
024207900
024207815
024207722
024207701
0242074300
024207135
024207006
024206893
024206757
024206623
024206312
0242062487
024206174
0242060
024205677
024205398
024205319
024205170
024205111
024204969
024204888
024204836
024204579
024204481
024204378
024203884
024203713
0242035183
024203443
024203283
024202853
024202836
024202807
024202727
024202710
024202368
024202063
024201859
024201848
024201638
024201224
024201123
024200977
024200810
0242008
024200618
0242005223
024200486
024200305
02420020
02420!!
0241jcze5640
0241bowhuntf
024199108ya
0241989
0241984
024197569
0241930
02418ma
024189
024188139
024188
024187368
02418711960
024186m
024186708
02418665310
024185051
02418476690
024184713
024184611
024184452
024184228
024184161
024184012
024183981
024183814
024183765
024183660
02418354586
02418352593
024183491
024183438
024183329
024183279
024183194
02418317250
024183054
024182962
024182755
02418239
02418230
024182115
02418172482039007
024181594
024181546
024181502
02418140
024181132
024181052
024180918
024180617
024180186
024179850
024179747
024179332
024179285
02417901
02417871303
024178416
024178151
024177876
024177155
0241769097
024176781
024176533
024176327
02417629
024175
024174
0241722
024171940
024171526
024171
024170450
024169861
02416975979
02416969
024169587
024169322
024168800
024168477
0241682559
0241681601
024167975
024167737
024167624
024167552
024167435
024167384
02416719
024167025
024166878
024166839
02416629
024166231
024166133
024165989
0241657299
024165681
024165378
02416529
024165176+
0241649942536
024164899
0241645054
024164334
024164134
024164060
024163873
024163781
024163515
0241632183
024163157
024163110
024163016
024162786
024162712
024162569
024162502
024162330
0241617
024161550
024161485
024161372
024160825
024160382
024160289
024159966
024159948
024159892*
024159808
024159420
024159241
024159113
024158828
024158762
024158593
024158553
024158356
024158204
024158066
024158049
024157914
0241577
024157533
024157356
02415717kj981651
024157161
024157129
024156819
024156482
024156387
024156238
024156202
024156115
024156
024155920
024155878
024155564
024155513
024155420
024155271
02415515
024155128
024155078
024154954
024154640
024154444
024154139
024154035
024153781
0241536
024153446
024153221
024152873
024152779
024152451420
024152354
024152250
024152093
0241520143
024151842
024151683
024151548
024151481
024151349
024151238
024151108
0241510168
024150724
024150255
024150174
024148
0241464906
02414586
02414436
0241431
02414190
024139963
0241383
02413578
02413568
024135526
024134834
024134606
024134554
024134438
024134151
024134092
024133744
024133715
02413360086
024133427
02413339
024133013
024132643
024132272
024132200
02413195487
024131824
024131507
024131293
024131234
024131068
024130785
024130565
024130355
024130239
024130092
024130021
024129762
0241295
024129159
024129068
024128981
024128842
024128728
024128589
024128486
024128287
024128186
024127998
024127927
024127858
024127827
024127448
024127253
024127
024126969
024126928
024126784
024126750
024126716
024126614
024126511
024126488
024126329
02412610101983
024126008
024125809
024125710
024125663
024125477
0241254090
024125368
024125314
0241249362528
024124859
024124744
024124550
024124527
0241243
024124076
024123982
024123742
024123708
0241236234
0241235105
0241234191
024123200
024123117
024123109
024122975
024122227
024122125
024122080
024122
024121829
024121799
024121336
024121237
024121042555
024121002
024120607
024120057
0241187
02411730
02411652
024115060
024114845
024114648
024114385
024114284
024114022
024113936
024113729
024113566
024113476
0241132
0241131586
024113081
024112962
024112898
024112766
024112603
024112501
024112385
024112185
024112158
024112076
024111617
024111510
024111298
024111058
024110636
024110443
02411
02410915lpl,]
024109105
024109079
024108984
024108852
024108668
024108598
024108549
024108223
024108203
024108181
024107749
024107701
024107695
024107667
024107639
024107612
024107387
024107296
024107007
024106916
024106835
024106781
024106656
0241063a
024106296
0241059576224
024105835
024105763
024105663
024105563
024105536
024105481
024105364
024105232
024105176
02410513
024105106
024104832
024104751
02410471
024104684
024104537
0241045
024104442
024104264
024104014
024103794
024103645
024103607
024103452
0241030716
024102936
024102846
024102821
024102812
024102681
024102605
024102564
02410241
024102340
024102311
024102244
024102070
024101902
024101785
024101732
024101704
024101579
02410144279889
024101175
024101133
024101014
024100510
024100412
024100359
0241002591150
024100113
0240sjbv
0240isa
024098
024095
024092435
0240907
024086501
024081430
0240806143
02408
0240784
0240747
024070775
02406a
024064
024059
02405840
024058
0240562235
024055985
024055034
0240536226
0240534525
0240513478
0240512487
0240509
024050
024049ron
024049
02404786
02404675773
024043
02404220
024041992
0240415
02404104
024041
024040021
02404
02403858
02403576245
0240332
024032140
024031985
024030h
024030120
024030
024029578
0240291
0240264a
024024shelby
0240236101
0240218
024020
02401943
0240168
0240162
024015843
0240151
024012693
02401083
02401037
024010
024009
024006
0240029
0240005
024-6962592
024
023vvhiy
023tye023
023tre
023rmb
023pim
023nam
023mau
023maoying*
023k023
023jan2006
023cel
023bmg
023beekay
023JD397.
023@dani_123
0239sc
0239kkk
023998
023997
023995611
023995
023994930
023994577
0239942183
023994065
023993927
023993762
023993678
023993117
0239927954
023992756
0239922
023992127
023992054
023991978
02399190
023991759
023991495
023991347
023991234
023990
023989695
023989459
023988782
023988569
023988500
023988234
023987938
023987774
023987605
023987312
023987068
023987
023986652
023986495
023986420
023986269
023985980
023985723
023985544
023985381
023985215
023985202
023984945
023984844
023984488
023984225
023984
023983865
023983686
023983221
023983038
023982829
023982614
023982488
023982438
023982412
023981715
023981626
023981565
023981496
023981346
023980737
023980604
023980529
02397m
023979398
023977056
023974579
023970701
02397
0239692950
02396856
0239683455
0239669534
023966
0239635486
023961814
023961691
023961590
023961546
023961375
023961299
023961206
023961135
023961068pig
023960565
023960240
023960185
0239600
02396
023959
023955739
023955525
023954840
023954483
023954454
0239542282
023954172
023953635
023953553
023953335
023953261
023953091
023952826
023952487
023952388
023951953
023951874
023951828
023951741
023951708
02395153368
023951499
023951436
023951391
023951206
023951
023950886
0239507
023950470
023950242
023950190
023950094
023947sai
023947837
023947798
023946410
023946336
023946277
023946165
023946043
023945147
023944610maria!
023944102
023943896
023943647
023943185
023942868
023942829
023942811pik1596
023942578
023942277
023941898
023941853
023941556
023940668
023940305
023940048
02394
023939911
023939158
023939142
023939098
0239388250
023938707anchal
023938268
023938178
023938
023937633
023937112
023937036
023936981
023936920
023936891
023936781
023936535
023936434
023936359
023936333
023936307
023935424
023935232
023935052
023934549
023934239
023934116
023933766
023933488
0239334
02393331
023932954
023932796
023932692
023932550
023932475
023932274
023932096
023932
0239312711
023931181
023931144
023930742
023930251
023930141
023930069
023929835
023929705
023929187
023928626
023928498
023928129
023927696
023927396
023927173
02392602554
023925840
023925300
0239248969
02392481591
02392421377mum
023923731
023923664
02392349353
023923321
02392316429
023923064
023922631
02392253397
023922377
023922179
023921985
02392182179
023921517
023921262
02392124395mery
023921036
023920985
023920804
023920263
023919897
023919485
023919308
023918973
023918500
0239176840
023917175
023916506
023916
023915553
023915076
0239141552
023913492
023913130
023913090
02391198
023911405
023910842
023910331
023910120
02390qhotmail.com
02390J
0239096
0239079
02390736
02390269
023902110
0239018
023901451
023901216
023901150
023900355
023900209
0238me
0238isi
0238cp24
023896178
023895779
023895703
023895549
023895210
023895199
023895102
023894965
023894847
023894728
023894659
023894589
023894378
023894279
023894162
023894096
02389400
023893960
023893865+
023893554
0238932
0238931
023893057
023893023
023892945
023892874
023892747
023892705
023892690
023892288
023892140
023891985
023891852
0238918
023891692
023891384
023891345
023891234
023890762
023890362
023890191
023890
02388lhl
023887111
023885041
023883912
023883674
023883426
023883250
023883001
023882903
023882673
023882363
023882351
023882233
023882162
023881996
023881926
023881814
023881646
023881637
0238811
023880828
023880692
023880538
02388041
02388
023879
0238739kingk
023872673
02387245
023872143
023872067
0238719077
023871710
023871426
023871398
023871252
023871230
0238711716
023870757
023870609
023870435
023870364
023870130
0238690
023868095
023867
02386511000
023865077
0238645
023864172
023863904
02386211987
02386100
023860053
023859932
023859822
023859770
023859685
023859577
023859395
023859345
023858930
023858669
023858370
023857865
023857338
023857204
023856871
0238565959
023856431
023856288
023855983
023855842
023855661
0238555291
023855431
023855323
023854846
023854662
023854564
023854527
023854397
023854386
023854316
023854213
023853916
023853858
023853843
023853776
023853733
023853566
023853506
023853349
023853006
023852878
023852636
023852584
023852414
023852386
0238522307
023852
023851702
023851574
023851388
023851294
023851063
023851
023850893
023850841
023850792
023850644
023850430
023850283
023850160
023847895
023847854
023847753
0238476
023847188
023847054
0238468644
02384668
023846419
023846386
023846320
023846281
023846031
023845911
023845791
023845766
02384569
023845668
023845524
023845188
023844854
023844556
02384441008
023844249
023844005
023843338
023842741
023842248
023841767
023841292
02384120
023841027
023840781
02384012300
023838741
0238383882
023838017
023837719
023837112
023836971
023836876
023836813
023836610
023836574
023836467
023836215
023836031
023836012
023835627
023835561
023835442
023834627
023834067
023833844
023833551
02383345
023833
023832962
023832920
023832904
023832857
023832848
023832791
023832643
023832622
023832513
023832429
023832331
023832195
023832180
023832146
023832071
023831973
023831934
023831895
023831869
023831850
023831809
023831578
023831485
023831467
023831443
023831287
023831086
023831006
023830935
023830736
023830433
023830279
023830121
023829
0238285518
023826924722792
02382481
0238237
02382271407
02382254102
0238219
023821501
023820112
02381993
0238194
023819270
023819
0238189
0238182
023817ar
023816673
023816108
023816
023814570
0238135
023813057811
023813
023812546
023811948
023811794
023811753
02381152
023811127
023810998
02380py
02380899795
02380861431
02380829771
02380739919
023806922
023806809
023806795
02380650645
02380641645
02380634049
023806140
023805818
023805744
023805450
02380486926
02380480093monic
023804793
023804118
023804035
023803830
023803777
02380364048
023803638poy
0238036
023803327
023803294
023803135
023803049
023802749959990
023802633
023802537
023802389
02380224329
0238020**
023801629
023801222
023800882
023800628
023800522
023800317
0238002380
023800024
0237casoacsa
023799461
023799303
023799145
023798956
023798866
023798807
023798632
023798568
023797797
023797671
023797466
023797326
023796989
023796927
023796808
023796587
023796268
0237958
02379507
023794986
023794688
023794125
023794
023793872
0237935
023792744
023792702
023792539
023792407
023792235
023792209
023792096
023792
023791552
023791248
023791180
023791051
023790623
023790
02378a
023788910
02378653
0237853
023783578
023782864
023782475
023781483
023781103
023781033
023780320
023780219
023780014
023779540
023778955
023778312
023778018
023777801
023777695
023777196
023776892
023776247
023776085
023776
023775915
023775703
023775697
023775530
023775403
023775260
023775217
023774732
023774235
023774213
023774094
023773991
023773490
023773192
023773
023772701
023772611@
023772388
023772211
023772120
023771964
023771874
023771698
023771641
023771383
023770781
023770593
0237703
02377
02376906
023768717
023768439
023768298
023768161
023767016
0237660
0237645
023763816
023763281
02376320
023762983
023762664
023762563
023762443
023762311
023762150
023761826
0237617167
023761575poom
023761407
0237613470
023761218
023760988
023760854
023760589
023760477
023760316
023760271
02376020328
023760076
023759053
023758813
023758548
023758454
023758276
023758101
023758009
023757460
023757017
023756911
023756735
023756620
023756230
023756039
023756
023755718
023755508
023755261
023755
02375482
023754526
023754384
023754291sittdeth
023754
023753623
023753572
023753307
023753233
023752976
023752820
023752523
023752326
023752080
023752030
023752001
023751939
023751806
023751293
023750844
023749841
023749623
023749296
023748919
023748185
023748030
0237478575642
023747709
023747233
023746903
023746568
023746436
023746275
0237459
023745630
023745230
023744881
023744774
023744543
023744324
0237440
023743944
023743747
023743298
023743079
023742994
023742333
023742241
023742007
023741610
023741167
023741
02374088
023740222
023740
023739540
023739325
023739082
023738786
023738592
023738227
0237379
023737610
023737097
023736937
023736768
023736703
023736638
023736367
023736110
023736002
023736
023735445
023735240
023735161
023735112
023735
023734913
023734690
023734644
023734590
023734320
023734114
023734081
0237339
023733795
023733536
023733496
023733365
023733111
02373288537925478027296373
023732709
023732595
023732507
02373241
023732304
023731966
023731635
023731556
023731496
023731408
023731363
023731297
023731148
023731066
0237305490
0237304536
023729dimpels
023729249
02372770
023726897
02372526452
023722030
023721344
023721160
023720972
023720593
023720510
0237200012
023713687
0237126
023711
023709
023708
023706333
023703251
0237030
023702704
023702442
023702389
023702264
023701964
0237019
023701601
023701039
023700
0236rg
0236997n
02369874521
0236987412
023698616
023698521478
02369833
0236972601576
023696532
023696330
023694316
023693
023692168
02368r
02368jc
0236850
023683946
023683931
023683785
023683705
023683676
023683563
02368350
023683468
023683438
023683315
023683012
023682888
023682856
023682703
023682258
023682020
023682
023681871
023681689
023681537
0236813520
023681219
023681083
023681013
023680
023679103
023678102
023676
023674917
023674
023672023672
0236690
023667
023666
02366534006
023663655
0236627
023661220
023660
02365895
023658747
023658
0236565
0236559321
0236543A
02365.
0236497769
02364812080721840919
023648
023647707
023647
023646880
023646443
023646395
023645av
0236452168
0236449
0236438398
023643320
023643
0236427
023642180
023642103
023641739
023641581nada
0236405
02363984
0236385077914515
0236375
023635219
023634630
023634530
0236333
0236331150
02363137013
023631330
023630490
02362991
023628883
02362767
023626151
023625755
023623886
02362371095
023622110192
023621780
0236215428
023621
023620188
0236196603
023618637
02361782
023617478zaza
023617418
023617137
023617038
0236168
023616684
023616589
023616573
023616532
0236159487
023615333
023614990
023614180
023613610
023613380
023613199
023613112
023612961
023612889
023612688
023612359
023611645
0236105327
02361036
023609556
023609308
023609
023608257
023607936
023607659
023607291
023606388
023606278
023605794
023605554
023605
023604191
023603227
023603077
02360236
023600244469
0235ldbc
0235asl
023599jai
02359841
023595272
023594551
02359182
02359131010
023590
02358946
023589180
02358891
0235866186
0235853232
023583
023580240
02357@
023578989
0235782
023576560
023575257
02357417402
023573340
0235731983
02357283
0235717435
023571089
0235710448
02357
023569
0235689147
0235689+
02356789
023566
0235656
0235634
02356265362536267
0235592
0235573
023556593
02355439
02355382
023552551
02355089164
023549295
02354896
023548399
0235480
023547662
0235470253
0235468566
023544832
023544811
023544686
023544623
023544239+
023543474
0235431999
0235417597
023541284
0235410796
023540354
02353ts
0235390
023538680
0235381835
02353694410767053924
023536334
023536333gto
0235363339
023536330
02353630745
023536113
023536000
023535333
02353505235
023534mcgcatcm
02353402
0235332
023531
0235295776
023528
023527
023526
023525251535465
023525
0235223
0235208680
02352
0235175
023515233032
0235140
023513454602415814
02351245
02351196035
0235117
02351031
02350kaszr
023508169
023507
02350496
0235035
02350339
023503368
023503
023502817
023502659
023502532
023502350235
023501467
023501277
02350116
0235007
0235*15655
0234poyoleth
0234megu
0234bovy
02349john
0234984
0234973
023494637
023494248
023491
0234908
023490
0234898
023488960
0234884m
02348721120
0234859
023484
023483
023481141
023481
02347sabxb
0234790581
023478203
023478
023476405
023476106
0234756
023474825
023474457
023474294
023474221
023474116
023474045
023472106
02347
0234698
023469202
023469131
023467
023465578
023465546
02346352
023463
023462091
023461561
023461049
02346083
023460158
02345993
0234597
023458.
023457507
0234567891
02345677
0234561
02345577e
0234551
02345400
02345358
023453237
023452960
0234516594
023451547
02345088
0234502121
02344odobk
0234496
02344560
0234430519
023442
023440500
023440059023440059
0234382862
0234370983
02343643x
0234355796
0234354435
0234352549
02343236706
0234310031
023430
0234281203
023427598a
02342519760748986674
023424
0234217473
02342015
02342
023419
0234179179
0234172268
02341675
0234155787
02341424
023412352
023411
023408me
023406
023405
023403
0234016
023400401
02340
0233muanfun
0233973
02338926
0233869866
023386218
0233848913
023384
0233839
023382r
023381765
023381269
023381018
023380A
023380097
0233787722
0233782
023377039
023376458
023375970
023375809
023375689
023375591
023375527
023375429
023375315
023375227
023375029
0233749305
023374814
023374452
023374054
023374
023373738
023372844
0233726322
0233724
023372
023371925
023371702
023371662
023371484
023371367
023370849
023370588
023370421
023370339
023370181
023369
0233686d
02336699
0233665711
02336598471
0233649885@
0233636
0233631
0233625055
02336008
02335o
023359153800
0233584
0233578
0233553
023354132
02335320
023349799
023347171kat
023345
023344
023343780
023343452
023343208
023343118
023343004
023342945
023342894
023342751
023342732
023342605
023342576
023342143
023341976
023341900
023341866
023341814
023341795
023341630
023341554
023341467
023341421
023341315
023341107
023341088
0233388t
02333643
023335
023334
023330896
023330539
023330450
023330315
0233301520
02333
0233292019409
0233290176
0233289
023328162
023328
023327745
023326803
023326201
023325869
023325480
023325331
023324765
023324657
023324350
023324152
023323hl
023323738
023323599
023323350
0233233012
023323256
023323220
0233232
023323
023322931
0233228780
023322558
023322162
023322036
023322
023321735
023321720
023321676
023321564
023321541
023321468
023321357
023321140
02332103
023321001
023320811
023319890
023319756
023319249
023319179
023319077
023318855
023318667
023318623
023318466
023318416
023318193
023317701
02331741
023317112
023316917
023316648
023316370
023316233
023316042
023315882
023315503
023315376
023315299
023315256
023315024
023314672
023314606
023314554
023314287
023314138
023314128benz
023314062
023314
023313893
023313709
023313239
023313195
023313027
023312914
023312850
023312768
023312147
023312
02331191923
023311827
023311700-027375951
023311501
023311490
02331111
023311089
023311
023310747
023310563
02330926
023308581
023308113
023306172
023306
023305133
0233050512
023303753
0233037
0233034756
023303201
02330237
023301858
023301827
023301789
023301654
02330156608
023301412
023301314
023301288
023301225
023301
0233003
0233
0232or
0232dani
0232CR3
0232985dre
023295169
0232939
023292121
0232919
023291839top
023291671
023291177
023290999
023290640
023290620
02329052
023290488
023290402
023290222
02329
023288943129291
023288844
023288714
023288661
023288369
023288193
023287871
023287436
023287374
023287094
023287022
023286
023285
023284247
02328227
023281844
023281806
023281687
023281566
0232814
023281314
023281150
023280876
023280799
023280685
023280601
023280488
023280236
023280093
023279
023277230
023274899
023274764
023274569
023274179
023274
023273788
023272967
023272629
023272297
023272257
023272213
023271927
023270
023269891
023269378
023269294
023269087
023269007
023268826
023268492
023268415
023268195
023267961
023267807
023267601
023267573
023267116
023267070
023266567
023266471
023264550
023263799
023262022
02326166
023261231
0232605
0232600
02325890
0232584630
02325653906
023256
0232542
02325365
0232530
0232513a
023250709
023250246
023250118
023250
023248
023246
0232456953
02324450438
0232437830
02324340232434
023243366
023243110
0232428
023242173
023241552603061990
0232415512365
023241167
023240rw
023240814123
023239958
023239096
023238004
02323614784
02323496533
02323453634
023234063
023233866
023233837
023233649
023233550
023233509
023233487
023233357
023233306
023233064
023232999
023232565
023232444
023232390
0232323
023232061
023231982
023231955pk
023231808
023231774
023231713
023231704
023231508
023231269
023231173
023231137
023231
023230
023229784
0232293865
023228767
023228575
023228456
023228355
023227966
023227924
023227818
023227687
023227621
023227497
023226963
023226746
023226709
023226470
02322611635
023225mma
023225883
023225479
023225390
023224829
02322480750
023224791
023224674
023224633
0232243982
023224283
023224207
023223525
023223310
023223238
023222856
023222723
02322261297
023222111
023221957
023221429
023221211
023220541
023220341
023220
023219727
023218988
023218828
023218356
023218201
023217y
023217797
0232177
023216711
023216563
023216170
023216
023215663
023215612
023215601
023215543
023215518
023215429
023215269
023215126
023215
02321489
023214779
023214578
023214519a
023214390
023214359
0232142949
023214231
02321414
023213906
023213316
023213144
0232131
023213
023212506
023212300
023212230
023212029
023211769
023211444
02321123
023211111
023210851
023210610
023210434
023210191
023210035
02320994
023208
023207
023205424
023205248
023205239
02320497918
02320425281
02320377
023203565
023203069
023202787
023202646
023202491
02320232kmk
023202320232
023202147
02320210810808
023202039
02320171
023201649
023201395
02320101010
023201
02320040
023200160
0231usmc
0231papi
0231lina
0231ing
0231999
023199686
023199307
0231992
0231990911
023198900
023198406
023198132
023197621
0231975
023197204
0231969
023196388
023196195080
023195798
023195435
023194780
023194659
023194544
023194017
023193948
023193564
023193190
023193101
023192727
023192189
023191551
023191320
023191222
023189924
023189503
0231891
023189049
023188965
023188825
023188041
023188
023187866
023187074
023186780
023186445912
023186187
023186088
0231855501
023185262
023185079007
023184027
023184
02318393
023183740
023183585
023183347
023183231
023183
023182747
023182276
023182190
023182032
023181463
023181390
0231810252
023180748
023180129
02318
0231791
02317856
023178032
0231780
023177
023176663
023174094
023174
023173829
023173275*-*ploy
023173179
023173
0231728
023171153
02317
0231695
023169173
023168711
023168005
023167965
02316789
023167621
023166855
023166
023165832
023165741
023165677
023165604
023165451
023165229
023164562
023163611
023163160
023162542
023162361
023162047
023161920
0231617233
023161332
02316131
023161083
023160931
023160287
023160067
0231588
0231586811
0231583880
0231582404roxana
0231580
0231579
02315700
0231564897147
0231556
0231552
023154897
023154850
023154533
023154526
023154426
023154328
023154
0231536285
023153376
023153215
023152817
023152575
0231525395
023152510
023152123
023152
023151986
023151944
023151706
023151594
023151543
023151140
0231510018
02314jc
02314926
023148063
02314743020
023147133
023146859
023146400
023146149507
023146046
0231457940539469
023145556
023145430
023145205
023145
023144886
023144529
023143985
023143674
023143308
023143235
023142985
02314291
023142624
023142302
0231420
023141613
023141360
02314120
0231410
023140814
023140
02313842
023137350
023136
023134420
0231342274
023134181
023134133
02313384413
023133137
0231320550
023131333
023131126
023130961
023129777
023129613
0231294
02312897
02312832
023128
023127115
023126556
023125843
023125348
023124831
023124679
02312450231245
023124458
02312422
023123921
02312381510
023123800
023123632
023123496
0231234879
023123457
023123348
023123282
023123188
023123166
023123024
023122956
023122922
023122776
023122713
02312268
023122630
023122570
023122382
023122240
0231221987
023122121
023121755
023121442
023121300
023121235
023121139
023120924
02312025
023119
023118161
0231177225
023117608
023117453
023117086
023116798
023116677
023116441
0231162
023116036
023115802
023115675
023115546
023115515
023115450
023115334
023115291pee
023115154
023115122
023115
02311462
023114405
023114297
023114095
023113768
0231136
023113294
023113103
023112999
023112381
023112208
023112
023111898
023111094
023111003
023110822
023110799
023110692
023110371
023110181
02310yom[6iu
023108603
023108105
02310753
0231052280
02310448
02310396
023103
023101800
02310107
023100
0230p021
0230lino
0230MITE
02309jeww
023099689590
02309584
023094188
023092dr
02309062
0230892
023088830
023088269d
023084
023081
0230789170756426
023076789
023074
023072533
02306sama
0230687
02306820
02306660190
023065m
0230658
0230641
02306331050586
0230616
023060367
023060
023058793
0230580155
0230571
0230560
023055
0230546
0230544109
0230540459
023052154205676622
023051990
02305083
023050196
02305
0230476
023042552
0230419
02304085
0230388
023038
0230365
02303413
023032A
0230325250
0230321
0230309
0230301
023030
023029802
023028023028
02302721
02302633
0230258455
0230250
023023g
023023000
023022806
023022017
023021778
023021023021
023020612
02302014m
02301987
02301846
023017
023016328338
023015r
0230154mp
02301327
02301322204
023012j
02301275
0230125
023012369
02301215
023011719
0230114749
02301024
0230101
02300unc
023009
023008
02300698
023006053
023005265
023004fi
023004748
023004485
023004358
023004016
02300388409
023003707
0230034
023002992
023002893
023002678
023002614
0230025113
023002422
023002255
0230021
023001929
023001602
023001326
023001239
023001142
023000208
023.5259
023-67
022yorzbry
022smith
022servandoi2
022kk_s
022fzpok
022dcw8exu
022MAMI
0229x^iydo6
0229trevor
0229pm
0229j
0229eg
0229bd
0229KDR
0229994
02299769
022997
0229966
0229956
0229948
02299325
022992m
022992f
022992ad
0229929
022991769
02299121
0229902299
0229900
022987742
0229860
022984a
02298448
022982cn
02298219lewis
02298090335
0229780190
0229777
022976Mad
022975595
022975320
02297401
02297364
022970455
022970
022967283451
0229656
0229635tone
022961918
0229574
0229569
02295656
022954148
0229526
022952539
022952426
022952250
022952185
022951777
022951660
022951316
02295105
022949851
022949756
022949424
0229489855
022948502
022948177
0229476M
0229475
022947234
022946852
022946200
022945562
022945430
022945026
0229448411
022944366
022944
022943624
022942788
022942600
0229423509
022942046
022941235
022941065
0229397piki
0229393
0229371g
022935198
022934
02293289182
022932422
022931
02293006
02293
02292902
02292813126
022927
02292669265
02292530
0229244498
0229241189
0229239
022923274
0229231553
0229228
02292218036
02292154376
022921477
022921317
022921137
022921016
022920748
022920548
022920
02291997
022919895
02291982
02291973
022919564
022919556
02291947994
022919257
022918882
022918406aee
022918356
022918347
022918229
022918037
022917721
022917244
02291717
022917064
022917029
022916i
022916834
022916759
0229166801
022916643
0229166
022916550
022916525
022916292
022916
022915815
022915579
022915560
022915394
022915158
022914871
022914812
022914570
022914303fill
02291426
022914187
022913871
022913763
022913506
022913147
022912982
022912916
022912606
022912315
02291229052
02291222pe
02291201131
0229116454
022911571
022911246
022910816
022910705
022910526
022910157
022910064
022909seg
02290832
02290814
02290715255
0229052516
022905
022904434
02290430
02290307
0229018
0229011
022900j
02290062
022900266
0228wewek
0228sy
0228ns
0228mad
0228kimh
0228ing
0228dwl
0228davion
0228ca
0228az
0228KING28
0228JesusCristo
0228Bre
022899dfc
022899011377
022896tg
022896lwe
022896F
02289654
022895s
0228952
02289507
022894tn
022894n
022894833
022894498
022894430
022894221
022894154
0228941010221222
022893677
022893392
02289306
022892M
022892957
022892487
0228921
0228920
022891tt
022891livan
022891e
022891889
022891614
022891418
0228913950
022891118
022890jy
022890a
022890434
022890359
022890026
02289
022889jr
022889elita
0228894a
022889+
022888123
022887mh
0228872c
022886l
02288600
022885r
0228854242
022883s
02288311
022882a
022881351
02288
022878123
022875104
022874cc
022874564
022874195
022872792
022872444
022871985
022871658
0228714
022870721
022869c
022869677
022869291
022869226
022869059
022869018
022868816
022868501
022868293
022868089
022867695
022867436
022867018
022866876
022866599na
022866482
022866064
022865506
022865018
022864memopinapinapina
022864471
0228642
022864138
022863964
022863815
022863570
022863121
022863059
022862744
022862357
022861965
022861848
022861689
022861475
0228610486
02286072
022860473
022860279
02286
022858930
02285691
022855646
022854dh
02285449o
022853885
022852313
022852030
0228520
0228511
022849166
022847366
022845
022844
022842712
02284223
022842101
022841246
022841155
022840914
022840539
022840027
02284
022838164
022833
0228312
022830
022829848
022828900
0228281
022827912
022826655
022825944
022825530
02282527
0228250134
022824825
022824546
022824
02282326
022822754
022822199
022822022
022821982
0228215
022821100
022820701
022820476
0228200
02281994neo
02281993mario
02281989mb
02281984228
02281983c
02281980c
02281977
02281972
022819591
0228195
022818729
022818196
02281806
0228176
022817551
022817132
0228170698
022816946
022816278
02281620
022815498
022815244
022814921
022814228
022814158
022813852
022813283
022812771
0228124P
02281236
0228122
022812018
022811902
022811356
022811097
02281068b
022810428
02281020
022810161
0228092200
022808cb
022808509
022808120
022807556
02280720
022807074
022806l
0228065859
02280616
022805tl
022805m
022805at
02280559
022804jd
022804439
022804376
02280419
02280411
022803J
022803549
022803044
022802dd
02280217
022802022802
022801491
022800846
022800430
02280
0228-0429
0227ysrair
0227vm!
0227powe
0227olongapo
0227mine
0227martin
0227keb
0227kab
0227jaz
0227fl
0227eddie
0227cor
0227ac
022799erica
02279945
0227993
0227989
022798114
022797963mo
022797857
022797243
022796h
022796681
02279612
022795harry
022795ashley
022795906
022795491
022794sd
022794jm
022794787
022794364
022794287
022794219
022793908
022793760
022792966
022792722
022792515
022792213
022791nr
022791k
022791867
0227914456789
02279100
022790j
022790904
022790590
0227901226
022790008
02278xvsht
022789c
0227897845
02278907
022788289*
022787m
02278700
02278620dc
022785sp
022785n
022785bday
022785677
02278523
022784978
022784573
022784477
02278421
022783994
0227837529
022783197
022782856
022782354
022782237
022781bn
0227816
022781318
022781099
022780895
0227807688
022780424
022779cf
022779752
022779362
022779226
022779088
022778ss
022778545
022778100376
022777648
022777362
022776795
022776608
022776456
022776078
022775771
022775585
022775216
022774l
022774742
022773788
022773597
022773332
022772702
022772345
022771920
0227716931
0227713
022771087
022770883
022770655
022770260
022770228
022769726
022768977
0227685022
022767549
022767455
022767380
022767138
02276665
022766395
022766078
022765913
022765691
0227650
022764479
022764137
022763774
022763718
022763627
02276356
022763498
022763325
022763105
022762924
022762742
022761814
022761712
022761633
022761240
022761013
022759929
0227595202
022759434
022759135
022759
0227588152
022758753
0227586j
022758441\\'
022758211
022757750
022757548
022757090
022756979
022756866
022756813
022756797
0227562249
022756145
022756053
022755997
022755883
022755733
022755549
02275517
022755
022754721
022754652
022754594
022754266
022754057
022753845
022753410
022753051
022752910
022752544
022752365
022752264
022752
0227512924
022751208
022750905
022749904
022749030
022748477
022748470
022748349
022748169
022747918
022747863
022747567
02274689202
022746747
022746675
022746542
022746312
022746243
022746027
022745864
022745810
022745680
022745438
022745219
022745206
022745095vj
022744756
022744416
022743972
022743873
022743544
02274332
022743
022742740
022742269
0227410
022740539
022738
022733milo
022733584
022732341
022731087
022730163
02273
0227281283
022727400
022726959
022726690
022726475
0227263859
0227261
02272536
022724352
022723440
0227226
022722
0227214108722
022721030
022720607
022720102525
02272009
022720010
022720
02271999
02271994L
02271987s
02271984c
02271975
02271971
02271961
02271957
02271946
022716184
022716
02271525
022714521
022714185
022714
022713719
022713526
022713277
022713
02271231
02271214
022711716
02271127
0227106
02271025
02270tyhvj
0227082533
0227081920558923
02270811
02270803607
022707D
022707250818
02270710
022706hjl
022705CB
022705143
022705087
022704tc
0227043
0227042
0227034
022703148z
022702L
022702794
02270218
02270126
0227010
022700283
0227!zach
0226vi
0226tS
0226sdc
0226quin
0226mori
0226luh
0226jking
0226fer
0226crismar03
0226cd
0226ZV
0226MC
0226BOOFY
0226995
022696mb
022696borsa
022695o
022695fgg
0226951
022694v
022694c
022694101892
022693FROG
02269352
02269314
02269300
022692djv
022691v
022691cd
02269148
022690a
022690040
02269*0
02268tlw7
022689a
022689198
022688me
022688268
022687103
022686a
0226864357
02268520
022684976
02268403170312
0226833846
022682499
0226822
02268139
022680c
0226806374
0226804
02267926
022676db
02267500
0226740
02267335
02267236
022671536
022670353
022670240
022670174as
022669720
022669613
022669
022668207
0226650585
022664620
0226642497
022664026
022663001
022662_no
0226625478
022661806
0226613540
02266096505
022659901
0226578990266780
022655110
02265338
0226532
022652629
022651
022650597
02265
0226467
02264613649
02264561577
022643
02264153
022640tcm
0226404790
022639424
022639027
022637
022634830
022632975
02263201
022630giuliana
022629026
022627wendy
02262602
02262530
02262527
0226251j
022624518
022624
022623834
022623
0226212345
02262020
02262007
02262001dd
02262
02261996H
02261993d
02261992yy
02261988a
02261982c
022619793
02261975
022619705
02261961
02261945
02261877
022617337
02261631
02261618
02261520
02261479
022614
0226133h
02261229
02261226
02261119
0226111
02261103
02261031
02261
022609603
02260927
0226091
022607ss
022607j
022607f
0226071994kevinyque
02260622
022605s
022605e
022605981
0226058
02260503
022605022605
022604352
022604032
022603berkis
022603251
022602818
022602165
02260205
022601901
022601506
02260123
022601026
022600672
0225zuli
0225ts
0225teamo
0225pmne
0225ozma
0225kissma
0225jl
0225jada
0225ex
0225de
0225d0904j
0225cara
0225c9
0225baby
0225ba
0225ald6
0225abby
0225Mafia3
022599af
02259913
022598742
022598058
022597813
022597603
022597090
022596978
0225962315
02259618
022596064
022595roman
022595898
022595688
022595271
022595136
022594jonalyn
022594T
0225946599
0225942
022593will
0225937145251471
02259315
0225930oda
022592132
022591cwk
022591773
022591674
02259120887
022590rtml
022590j
022590A
022590715
02259015h
022589ccf
022589677
0225890
022588j
022588161
022587nj
022587595
02258741
022586b
022586938
022586271
022585f
022585843
022585805
02258519
0225841
022583030
022582angel908
022582818
022582303
022582188
022581em
022581c
022581315
0225810
022580lfc
022580ag
0225803
022579mam
022578365
0225777
02257628
022574A
022573119
022571shaggman
0225714
0225707
02256h73
022569461
022567A
02256789
022565312
022564639
0225644
022562020
022561mama
022561
022560816053
0225596
0225592
022558899
022557884
022557336
022556638
0225562967
022555860
022555
022554272
0225533
022552632
02255229
0225517
022551495
022550860
0225496110
0225485485663
02254702
0225460770
022546
022544kt
022544628
0225445
022544
022543316
022543192
022543
022542487
022542332
0225420s
0225419855
022541310
022540473
02253jkc
022539499
02253866320
022538000
022537260
02253654
022535455
022534852
022534238
022533536
0225333
022532313
0225321
022531729
022531276
02253051
02252k9
022529797em
02252920
0225289m
022527822
022526940123
0225263
02252539
022525$
02252485
0225246
022524461
022524150
022523604123
022523162
0225225
02252201
022521502
0225212mh
022520859
0225201rm
02251998_princesstan
02251996
0225199506141994
02251992af
02251989n
02251986t
02251985d
022519790
02251974
02251962
02251959
02251808
022518014
022517473
022516d
0225164809
022516198
02251512
022514m
022514295
022514
02251329
022513099
022512789
0225124
02251207
022511988
022511927
02251114
0225111091
02251104
02251074
0225102531
02251014
0225101
02250925
022508ljc
02250815
022507m
02250702
022506gk
0225061
022505wed
022505dj
022505c
022505794
0225051
0225043884
022504291702
02250412
02250310
022503034
022502l
02250225rd
022501961
022501538
022500tty9fk
022500324
0224xavironaldo4
0224uk87
0224tink
0224nida
0224kwin
0224js
0224jfme
0224jay04
0224jam
0224epxef
0224cjt
0224bestfriends
0224andrew
0224_c
0224JJ
02249v
022499wytwwb
022499hunter
022499800
022499681
0224996
022499154
022498j
022498783
0224979530211
022497603
022497486
022497051
022496963
0224968
022496521
022496394
022496150
022495961
022495843
022495306bm
022495226
022495117
022494db
02249493
022494569
022494249
022494136
022493b
022493646
022493473
022493288
022493025
022492t
022492e
022492727
0224925775
0224922987
022492232
022492029
022491m
022491979
0224912
022490v
022490h
0224909761
022490316
022489l
022489c
0224895jenna
022488yupielmejo
022488a
022488327
02248824js
022487ng
022487e
022487679
022487022487
022486701
022486597
022486499
022486357
022486171
022486160
022485m
022485879
022485628
022485251
022485138
022485006
022484pc
022484803
022484748
022484661
02248421
022483at
022483824
022483609
022483568
0224835
022482582
022482324
022481t
022481al
02248171553
022481567n
022481451
022481414
022481339
022481064
022480t
022480468
022479716
022479104
022479046
0224790025
022478pd
022478924
022478700
022477601
02247726l
02247711
0224767
022476229
022475980
022475678
022475634
022475045
022474906
022474577
022474332
022474071
022473899
022473583
022473542
022473429
022472498
022471tt
02247132521
02247114
02247106
022469355
022469074
022468607
02246848
022468168
0224678124
022467452
022467
022466894
022466764
022466701
022466596
022466228
02246620
022465836
022465820
022465464
022465312
022465
022464788
022464574
0224641
022463L
022463951
02246388
022463581
022463211
022463130
022462939150123
022462716
022462400.
02246196
022460789
022460441
022460206
022459851
022459495
02245890
022458488
022457726
0224571834221466
02245713
022456meme
022456699
022456616
022456137
0224556
022455
022454882
02245449025
022454100
022453923
022453584
0224535
022453329
022453205
0224528m
022452164
0224520
022451994
022451679
022451599
022451564
022451187
022450938
022450511
0224504328
0224504
022450
0224480
02244668
02244554
02244345
022441841
0224407
022440430
022440282
02244010
0224389
022438738
022438595
022438514
022438262
022437825
022437642
02243740))+
022437
02243687937
022436424
022436409
022436384
0224363
022436
022435675
022435141
022435056
022434983
02243459
022434284
022434245
02243415163
022433566
022433430
022433058
022433
022432961
02243285026
022432674
02243263424
022432587
02243240
022432377
0224322008
022431814
022431573
022431506
022431445
022431214
0224310
022430820
022430684
022430056
02242s
022428
022427181
0224264
0224253503
02242532
0224252210
022425185
02242512838
022424717
02242411
022423259
022422829
022422542
02242250
022420t
02242028
0224201208
02242008
02242002
022419944
02241990t
0224198684
02241980t
02241978
02241974
02241971
02241962
02241955
022418259
02241803
022417949
022417923
022417546
022417308
02241719
022416897
0224168001985
022415963
022415734
022415462
022415301
022414906
022414453
022414079
022414010
022413rprkizjmz
022413894mmm=
022413438
022413279
022413128
022413
022412954baby
022412789
022412421
02241214
022412
022411885
022411650
0224113
022411127
022411068
0224102
02240904
022407jrrip
022407ga
022407S
022406977
02240613
022405k
022405201213
022404m
0224041987
02240415
022404010a
022403kiah
022403f
022403534
02240310
0224030
022402769
022402689
022402461
022402126
02240201
022401768
022401475
022401365
022401254
022401137
022401022
022400569
0223yi
0223tweety
0223sha
0223pink
0223nemo
0223mrb
0223mmf33
0223md
0223loissa
0223kati
0223js
0223johncena
0223envy
0223bd
0223Pen
0223DLL
0223991718
022398km
022397503
0223966
0223957
0223946-5
0223941
022393s
0223925
022391fe
022391FE
02239112
022390n
0223908020
02239021
0223898
022389.
022387a
022387667
022387293893893893893
022386amanda
022385785
022385056
022384978
0223838
022381tj
022380081
022378jordan
0223788
022376do
0223765680
022375679
022375574
022374276
022373678
022371849
02236ektns
022368
022366948
022366432
0223662
022365634
022365407
022365288
022364912
022364326
0223640054
022363789
022363460
022362999
022362655
022362593
02236222
022362119
022361785
022361633
0223612
022360061
0223598143531
022359706
022359408
022359002
022358884
022357b
0223575
022357302
022356855
022356455
022355563
0223542
022353f3slp4
022353461
022353350
022353208
02235299
0223523226
022352
022351301
022351088
022349568
022348055
022347D
022347909
02234745216v7_f1
022346825
022346635
022345745
0223453633
022344694
022344655
022344008
022343477
022343075
0223423720
0223416681990
022341519
022340738
022340331
022340
022339962
022338468
022338281
0223376
02233663
022336004
0223345111
022333297
022333
022332985
022332150
022332
022331519
022330cnr
022330646
02233
02232980
02232828
02232726
022327
02232547
02232531
02232521
0223247
022324224
022323b
0223223
022321416
0223212
0223203434
0223200
02232
02231997
02231995CUTE
022319920
02231988b
02231982LA
02231979n
022319741226
02231973
02231964
02231951
02231949
02231824
022318096
0223172296
02231671
02231603
02231545387924
0223152
02231386
0223130
0223123456
0223116
02231110
02231104
0223105
02231004
02230951
022308449
02230814
022307elei
022307a
022307071986
0223065
02230624kenmad
022305797
02230506
022304a
02230430
02230407
022303dgmo
022302mj
022302469
02230224
022301540
02230109707
022300389
0223000
0222rk
0222mahal
0222jing
0222hs1
0222fb
0222c.ly
0222bigoly
0222anthony
0222991
022298bel2
022297b
022296688
02229633309536
022294ss
0222942
02229364
022292k
022292A
0222922
02229109
022290kb
022290RMD
02229
022289p1
02228825
022287a
022286shay
022285mhel
022285bd
02228508
022284j
0222845
022281b
02228030
022279FLA
022278sm
0222776
022275cher
022274lw
0222717
02226979
02226840
022268
022266612w
0222664
022266034
022265481
0222644
022263985
02226364356
0222631549
022262849
022261355
02226113067
022260223
022259643
0222592
0222588
022258621
022257077
0222570
0222567
02225636
02225560
022255422
0222553
022254771
022254207
0222539
0222536
0222535
0222532536
022253185
022253019
02225290
0222520
0222518
022251572
0222514
02225064
022250
02224u
022249166
022248d
022248800
02224826
022247531
02224702
022246644
022246
0222456223
0222451
02224466345
022243804
022243580
022243418
022243027
022242700
022242564
022242371
022242
022241640
02224097
0222406611
0222406
022240
022239519
022239093
022238454
0222382c
022237597
022237375
022237197
022236915
022235967
0222354
0222352
022234335
02223403829
022234004181
02223369
022233542
022233
02223234
022231774
022231457
022231281
022230911
022230808
022230012
02223
022229433
022229
022228624
022228500
022227221
022227031
022226655
02222616
02222527
022225143
022225000
022224870
02222420
02222392281
0222236
022223333
022222899
022222546
0222222222222222
02222211165
022221899
022221476
022221269
022221091
022221
022220584
02222006a
02222005
022220031
022220022260
0222199779912220
02221995
02221991popoaxel
02221983
02221977l
022219731
02221971
02221968
02221948
022219295
022218liz
02221812122008
022218
0222175
022217
022216502
02221584
02221554ka
0222152705
022215020
022214650
022214413
022214396
0222129479
02221224
0222120730
022212064
022211a
022211785
022211484
02221084
022210622
02221057
022210266
022210005
02220hp
0222092512
022208rbl
02220820
022207v
02220725
022206p
022206jr
02220603
022205af
02220520
02220506
022204anyirm
0222049
0222040512
022203d
02220318
0222030505
022202536
02220210
0222020
0222016
02220117
022200895
0222007
0221z5515
0221um
0221tiki
0221ren
0221odile
0221love
0221jk
0221jac
0221hotmail
0221darlib
0221amdamd
0221V&Pnoway
02219a
0221995
0221992
0221988jessica
0221985
02219817
0221978
02219701
022196b
02219611
022195a
022194ct
0221948
022193972
022193172298882
0221930
022192t
022192e
0221924563
02219228
022192074
022191j
022191763
022190kep
022190J
0221902713
022189zg
022189b
0221892031523
0221889
022188336
022186milton
022186g
022185123084
022184d
022183bc
022182t
022182jc
022182bh
0221806oscar+
02218+6
022179josh
02217900
02217701
02217541123
022173p
022172ds
0221710s
022169624
022168870
022168791
022168175
022168029
022166996
022166932
022166782
022166305
022166252
0221655
0221648
022164328
022164143
0221640
022163gsh
022163175
022162359
022162
022161656
022160866
022160651
022160424
022159t
022159878
0221597
022159652
022159546
022159100
0221589663
022158467
022158147
0221580
022157840
022157691
022157216
022157117
022157054
022156jg
022156550
022156243
022156089
022155822
02215522
022155054
022154644
022154631
022154543
022154501
022154375
022154239
022154102
022153859
022153004
0221529262008
022152662
022152321
022152188
022152
022151816
022151542
022151519
0221515
022151434
022151280
022151053
022150487
022150
022146171002
022145012
022144341
022144189
022143637
022143354
022143110
022142emA
022142943
022142618tem
022142391
022142091244
0221419088
022141778
02214175+
022141422
022141250
022140941
022140809
022140489
022140403
022140210
022140
02213j
022138
022135
0221341
02213334
022133170
022132772
022132178
0221317789
022131401
022130837
022130784
022130
022129925
022129850
02212975
022129473
022129443
022129252
022128884
022128791
022128338
022128034
022127737
0221274
022127222
022126859
02212675
022126340
022126282
022126016
022125963
022125686
0221254
02212531
02212527
02212521
022125105
0221250382
022124M
022124871
022124720
022124474
022124316
022124254
022124154n
022124093
022123966
022123906
022123741
022123664
022123523
02212340
022123365
02212328
022123231
02212319763
022123152
0221231326272007
0221231179
022123018
022122849
0221226
022122505
0221224
022122320
02212224
02212221
022121familia
022121987
022121636
022121335
022121232
022121174
02212111566
022121061
022121005
022120990
022120719
022120580
022120312
02212011k
02212002
02211995
02211993tme
02211989t
02211989cw
022119887
02211978
02211973
02211970
022119599
02211954
022119425
02211939
022119084
022118871
022118832112
022118502
02211831
0221180924
022117884
022117802
022117748
022117730
0221175
022117362
022117178
02211688
02211675
022116728
022116665
022116399
02211618
022115jr
022115853
0221158
022115618
022115459
022115441
022115348
022115207
022114945
0221148793
022114644
022114593
022114527
022114347
02211381
0221137
022113273
022113171
022113136191
022113
022112826
022112742
022112664
022112538
022112439
02211234
02211217
022111802
022111241
022111006
0221104
0221103
022110051
022109bernie
0221099
02210969
02210920
022108dajoda.-.-
0221086
022107e
022107040390
022106s
022106h
02210691
0221063
022105mahalkoh
0221051990
022104x
022104alex
02210478
022104387
02210417
02210408
022103jl
022103188
02210309
022102858
0221025
0221023
02210210
02210123
02210105
0220tg
0220shay
0220sel0220,
0220nrtadji
0220n2
0220mt
0220mgk
0220lm
0220kl
0220jojo
0220jam
0220fmo33
0220cl
0220cEVY
0220bd
0220babe
0220aa
0220FRATY
0220AMBB99
022099km
022098Mc
022097arpi
02209711
0220966e
022095t
022095022
022094143
022092green
0220922a
0220914
0220912c
022090rc
022090matt
0220901515
022089j
0220899172496
02208914344
022088er
022088div
022087r
022087mcb
022087182422
022085jw
022085666
02208493
0220844p
0220840821
022083f
0220830503
022082539
02208203
0220816
022080a
02208023
022079a
0220793
02207821
022075bg
0220752
022073375
02207318
022071987
022069bing
0220649077
0220645077
022063367
022062011
022061jo
0220607
022060
0220596
02205839
0220578
022056261670
0220551984
022055*
02205466
0220541
0220538xx
022052526
0220523
0220517
02205123
022050530
02204ht0
022049
022048009
02204603
022044a
0220433
0220427
022042
0220413tou
02204090
022040
0220391
02203762
022037
02203365
022032535
0220304
0220302203
02202mama
02202k
0220285
022028104
022026798
02202632
0220260
022025540
022025483
02202536a
022025287
02202521
022025095
022023959
022023256
0220229
0220223
0220222222222222
02202200
022021alg
022021610
0220211930
02202101
022020462
02202009rr
02202006mn
02202002012
022019lb
02201999
02201997nmt
022019901920
02201987c
02201984a
02201982j
02201975ad
02201970
02201967
02201958w
02201956
02201953
022019122190
022018883
022018
02201771
02201661
022016
0220143
02201419
02201324
022012435
02201211
0220120
02201183
02201101102233
02201034
02201018
02201012p
022010089
02200bxtf
0220092534
0220091
022008k
02200826
02200816
022007mama
02200770
02200731
02200715
0220070323
02200617
022005wes
022005k
022005BF
02200531
0220051191
02200508
02200501
0220045
022004266
022003m
022003ani
02200388
02200330
02200321
022002brendon
022002244
02200220e
0220017
02200110
02200095vini
0220009
022000341
021zxc
021yhummy
021wsx021
021tomtom
021snj2207
021sexy
021rein
021pooch
021ntg
021monty
021mep
021marko
021lkf4
021klc021
021kile
021jeiry
021jacd
021gmen
021engel
021e06
021cdplayer
021brianna
021bj021
021bam
021aya021
021andador
021Ray
021KASTRO
021BBA
0219zmoo
0219yellow
0219vg
0219tercel
0219srh
0219nisha
0219mg
0219marie
0219lmv
0219ktb
0219kasa
0219jo
0219dnr
0219am.kyh
0219_920
021999chynna
0219991101
0219990
02199824
021997z
0219971102
02199703bebe
02199669456
021995rlc
021995ad
0219957
0219956641
021995040
021994dj
021994K
02199428
0219941924
021993ragga
021993love
021993SC
0219930789
021992s
021992mL
021992c
0219921
0219916
02199141
02199117
02199108
021990l
0219906
0219900710
021989s
021989an
0219898
02198918
0219891
021989+
02198887
0219881
021987jr
02198787
021986t
021986r
021985oana
021985a
021985031807
021984N
02198458187
02198415
021983s
021983ZA
021982z
02198240946
021982071305
021981f
021980a
02198020689
021979d
021979c
021978s
02197814myka
02197806
021977s
02197722
0219766
021975jkb1
021974t
021973110
021972r
0219729kat
02197213
0219711
021970471
021969221jj
02196606543
02196460314
0219639
02196376629
0219625
021960889
02196002de
02195941935
021957652
021957326
02195602861
02195597074
02195437004
02195375
021953509
021951
02194ever
021949
021948219
021948
021946jb
021946154
021944844
021942293
021942
021940442
02193851237
0219374
021936
02193568125
0219353
021934
02193336801
02193231208
021931
02193075607
02192731
0219260
02192459586
02192440537
02192360497
02192312mibebe
02192128
021920b11
02192054310
0219200509222006
02192001
02191993yo
02191989C
02191979
02191977
02191973
02191967
02191957
02191902
02191834k
021917naomi
021917054
02191610015
0219158
021915
021914767169
0219142
02191319
0219130190m
021912649
021912550
021912508
02191031
02191020355
02190timbo
02190928
021908mt
02190826
021907jj
021907ODO
02190714
02190702
021906k
021906cm
021905r
021905d
0219052288
02190511n
021904sc
021903c
021902jen
02190219ll
0219021202
021901VP
02190128
021900rb
0219007
021900000000
0219&tony
0218val
0218thow
0218rr
0218momrip
0218mc
0218leonila00
0218judy
0218jasmin
0218hh
0218ffi
0218ekc
0218cr
0218bigrich
0218bb
021899jaz
0218992
02189901799
021897rp
021897kh
02189797
021896l
021896a
021895ll
021895843
021894k
021894frf
021893s
021893m
021893ab
021892k
021892gs
0218925827702
02189213
0218920
021891kw
021890sml
021890a
0218901023
02189
02188973415
02188952337
0218894CV
0218891887
021887ThS
02188784
0218874
0218870307
0218869532
0218864
021885feb
0218858375
0218854787
0218851261
021884championFR
0218843187
02188365930
021883120218
021882b
021881ad
02188118
0218807033
0218802188
021879dee3
0218798
021877d
021876G
0218756558
0218756111
0218753
021874l
0218741922
021873m
0218725
0218716353
02187*m*
021869**
021868
0218677033
0218661
02186606623
0218646450
021864
02186259NB
021861
02186001
02185823
0218569523
021854935
0218543295
02185375
0218531
02185144521
02185042
021850
02184996628
02184810
0218475701
02184751
0218470
0218463547
021845
02184460
021844515
02184411 Mans
02184338
0218407221
021840
021839
02183881
0218383
0218349
021834043
021833965
021832881
0218324
0218313924
02182930
02182830
02182706
021825fechas?
02182535
02182529
02182495566
021824117
021823104
021822361
0218214
021821062
0218202129.07
02182008m
02182
02181993i
02181980a
02181970d
02181968antw
0218195744
02181956
021819069
0218181991
0218177759
02181710
021816057
0218148
0218127
02181217
021812065
0218117
02181122
021811159
02181031
02181024
02181
02180k
021809d
02180814
021807K
0218072538
021806mj
021805rj
021805m
021805128891
0218050
021804lj
021803ac
0218032534
0218031991
02180312
02180302
021802450
0218016
02180116
021800s
02180091
0218**
0217willie
0217rs
0217oliz
0217mm
0217mbd
0217lynn
0217love
0217la
0217krh
0217jroc
0217jade
0217fire
0217dy
0217datzwzup
0217carlei
0217amor
0217ac
0217Aaron
0217982
021797chaymie
0217975556
0217962416
021795j
0217951965
021794j
021793mdj93
021793388
021792r
021792fani
021791x
021791l
021791ca
021791254
021790f
0217900
021789lk
02178917
021788b
021788a
02178882473
021788595a
02178803
021787g
0217872001
021786imo
021785a
021784a
021783cc
0217828
0217816569
021780jml
0217804160330
021779287
021778feb
02177836303
021777f
021776x
0217757121
0217755
021774307
021774
