24862275
2486219
24862153
248621300
24862008
24861987
248619735
2486193750
24861937
248618907
248617935ke
24861635
248616
248615391
24861532
2486150223
2486144
248614
24861399
2486137950
24861359
2486135790
248612r
2486123654
248611377162
2486108M
2486102
24861010
24860800903047
248607
24860609
24860464
248604
24860314
24860216
248601eeeeee
248600aa
2486..
2485spooky
2485saeng
2485piano
2485kathy
2485jj
2485dsw
2485diana
2485daya
2485blue
2485af
248599
24859790
248597
248596
2485956524
24859480
2485938
248593
248592
248590618
2485901
24859
248589
248588
2485866
24858573
2485842
2485832
2485821paola
24857effzy
24857954
248578771
248576
24857483
248574308
248573ibra
2485734
248572
248571
2485696
2485692omar
24856853
248568
248566021294
248564793139
24856458611
248563
24856225
24856188
24856108
2485601
24855j
24855820
2485566
248555km
2485557
2485534824855348
24855323
248552336
248551642
24855110
24855055
2485500
2485497
2485490835
2485472
248546
24854520
248545
2485449
2485442
2485428
24854191
2485407
24854
24853814
248538
2485360
2485359
24853524
24853512
248534
24853398
248532866425
2485314
248529
2485280
24852766
248526
2485251
24852499
24852485JK
2485240
24852333
248522a
2485224852
2485210
24852076clbjmi
24852005
24851915
248518
248517
24851620
24851595
24851537
2485152
24851410
2485139
24851366
2485123
24851
248509
24850793
24850644
24850417
24850362
248503
248502
24850196
2485017
2485013
2485003
2484vig
2484star
2484sb
2484mesa
2484ldw
2484jc
2484hzchf
2484dj
2484carnederes**
2484bere
2484KAEN
24849932
2484976
248497066a
24849632
2484951
24849455
2484931g
248491
24849
248489
24848588
24848410
2484834
24848336c
248482
2484816432
24848094
2484798
24847711
24847697
24847652
24847510CEL
24847470
24847337
24847235
24847213
24847200
24847161
24847070
24847018
24846mooboony
2484696
248469
24846892.e
24846877
2484687
2484685
2484682
2484673igr
24846656
24846430
2484638079
2484624
24846203
24845c
24845903
24845827
24845700
2484550
24845467
248454
248452177
24845174
24845012
24844796
2484467
2484461069
2484454
248445
24844436
248444031pwo
2484438
2484437
248442
2484416
248441
24844063
248440
24843919
2484382
248438
248437
24843655
2484342
248433mgcht
24843304
2484329
248432
2484307
24842990
24842737
24842519
2484250204
24842487
24842365
2484226
248420m
24842015
248419856!
2484185
248417
24841692
24841572
24841490
2484142
2484133
24841219jb
248412002
24841151Ju
248411
24841009
24840b
248409
2484071
2484041
24840378
2484026
24840191
24840130
24840071
24840000
2483ya
2483sb16
2483martin
2483jm
2483a
2483RDM
2483Chris
2483995
248398985
24839818
24839633
24839567
2483941
2483933
248392528
248392
2483900
248388
248386
2483819
248380000000000
2483796
24837838
248376258
24837384
248373
24837202
248371J
248370jesus
24836965
2483691
24836739
248366m
2483660
2483643
24836338
248363
24836200
24836051827
24835947
24835917
248357
248353637
248353
24835261
2483524523
248351kae
248351
248350020
24834675
248346
24834478
24834290
24834213
24834054carlos
2483401
2483359385
24833483
24833406
2483336
2483322608
248331
248330
2483295asm
24832738
248327
24832611
248325armenb
24832519
248325076
248324
2483239
248321jhon
2483216
24832009
24832
2483199
2483197
24831902
24831823
2483170
248316
2483157
2483154524831545
2483142
24831395
248313
24831170
24831101
24831007
24830921
248308
24830619
2483051
24830495
24830474
24830449
2483037205
248303
2483028
2483024830
2483018
2483007
2482vero
2482saiyanstyle
2482rafael
2482pitt
2482ling
2482jw
2482hamc
2482cf
2482WX
248299grcm
24829730
2482962
2482955
2482947
2482933
248293074
2482929
2482924k
2482923
2482919008thay
2482912039
248289
248287n
248287
2482851
248284
2482827655
248281
24827969
2482771
2482768
2482744
2482734
2482720emmary30
248271j
24827
2482690
24826825
2482682244
2482674a
248265650
2482648
2482616
24826122
248260
24825dae0
2482593
248257
2482566
24825643
24825549
248255
2482538
2482536
2482529
2482524825
248252221
2482511
24825102482510
24825030
24824xj
24824bitch
24824979
248249
248248m
248248jazzril
2482484
248248*6136303
248246dko
2482460//
24824530
2482446f
24824369
2482431
2482424824
2482416
24824131177
2482412
248240m
24824**
2482398
2482387gw
2482379
248236h
24823637
2482361
2482356
2482345
2482335
248232m
24823272
2482324
24823110
24823041188
24822m
248229a
248228
24822709
2482269jm
24822595
2482251
248224830m
24822479
2482231
248222shah
248221234
24822087
248220572482
24822
24821990
2482180
24821587
24821555n
2482130
248212mrg
24821262
24821151
2482109oil
2482100
24820ss
2482087
248208
2482074
2482069303P
2482066
2482063
2482061
2482055
248205
2482036
24820314
24820190
24820099
2482007+2472007
2482004
2482000
24820
2481smcc
2481pin
2481love
2481kl
2481jb
2481humphrey
2481canto
2481HUMPHREY
2481997
2481992loveinair
2481991hamooda
2481989v
2481989
24819847899
2481980
2481977
2481974
248197210
2481961
248195ai
2481933
24819188andreita
24818995
2481899
24818909
2481888
24818624
2481859
2481856
2481852
24818328
24818308
248183
2481827
24818243
24818172
2481813a
2481809
24818049
24817960
2481782
24817709
2481763
2481758
2481745
2481734
24817273
24817152
2481713
2481708
24817019
24816942
24816908
24816866
24816811
24816721
248167
2481661424061994
24816560
248165
24816430
24816333
2481632a
24816323
24816181920aq
2481612
24816031
24816
24815937
24815827
2481582
2481578
24815686
24815628
24815584
24815530
2481548
248154297
2481533
248153
2481528
2481526
248151m
2481512
24814tum
2481487
24814838
24814734
2481457
248144
24814342879
2481432
2481426
24814245
2481415
24814111
2481404
2481397
248139
2481381
2481376
2481369-J
24813599
248135
24813338
24813243
2481313
2481306a
24813
2481296
248129
2481285
24812815**!!
248128
2481276474
248127
24812657
24812632
24812593
248124ihsanraul7
2481247
24812377.ss
2481235
2481234
24812299
24812184
24812148
2481213
2481210
24812047
24812
2481199
2481185
2481170
2481168382
2481162
2481159
2481155
24811535
2481148
24811450
24811440
2481140095
24811378
248113558
248113
2481120
2481117j
2481112
24811019
2481095
248109
24810850
24810824
2481080261
2481057014
24810494
2481041216
2481040
2481032364
248102mechita
24810272
2481023
2481020
24810195
2481016076
2481015278
248101214
2481010
24810077
2481000
2480paddy
2480ln
2480gg
2480dady
2480cf
2480ca
2480Draw
24809bouz
24809745
2480961
2480921
2480919920306
24808946
24808829
24808771
2480873
24808676
2480852
24808375
2480822
248080712345
24808
24807946266
24807766
2480765
248073839
2480724807
248071622303404496023
248071
24806ecdl
2480686
24806697
24806642
2480658
24806442
24806257
248061
24806087
24806
24805986
24805913
2480561
2480555
2480551
2480541
24805316
248052400265355
24805123
248050s
24805037
248049
248047lg
24804498
248042
2480410
248040
2480391
24803791
2480346642
24803365
2480333kr23
24803275
24803265
248032535
24803
24802933
2480284
24802794
24802790
24802762
2480275
24802723y
24802559
24802522
24802482
24802479
24802401
248023077
24802191
2480204
24801taree
2480198
24801872
2480179
24801721
24801551
2480154
24801413
2480138011F
24801311788
2480124ws
2480119
2480104
2480100016301
24801
248008246130
24800649
24800419
24800396
2480033
248002482
24800217
248001395017
2480002
2480.013
248.073
248!(*@RAS
247zayne
247youth
247worship
247west76
247tu
247trill
247tongan
247tina
247thr4u
247tb31
247tahaia
247szk
247sun247
247stud
247starz
247soccer
247snakes
247shore
247sfh
247sexy
247sandy
247s326
247run
247rtrnrd
247rorrirocks
247rocks
247ricky
247rebel
247qt
247pro
247pot
247pompey
247pink
247pic
247pek
247opi
247online
247oct72007
247noob
247nomad
247monherdene
247mom
247mfp
247matt
247mac21
247lt247
247loved
247lorraine
247lonnie
247lol
247kito
247killer
247keno
247joy
247jenna
247inmah911
247iluvnan_
247i789
247hustle
247hornytoad
247honey
247hawaii
247happy
247hairtai
247gurley
247goodlooking
247gneba
247gentry
247gangsta
247fun
247friends
247freckles
247flirt
247fiona
247feb
247falcon
247ewhca
247eater
247dream
247dme
247dios
247dib
247delta
247dawg
247dairylea
247czlcl
247cops
247colombiana
247clubber
247chiotti
247ceo
247caz
247bway
247buddylove
247blue
247bebo
247beast
247bbb
247ballin
247baller
247austin
247asap
247amandaa
247allday
247aldiaguillermo
247agq
247abalost
247a7x
247_joker
247_dyf
247_0212
247POWer
247ONline
247JESUS
247Fucku
247ENT
247CPT
247Bitch
247BMPP
247@shops
2479puh
2479lothrop
2479lc
2479iwtkp
2479davids
2479cjsr4
2479bcf
2479abc
2479989mabeyx
24799835
247998
2479974213658
247996bb
2479966
2479964
2479945
2479943
2479932
247993
247992
2479913
2479900018616
24798991
24798966
2479885
24798619
2479841
2479835
24798284
24798134
24798084
24798
2479789
24797822479782
2479778916
24797748
24797726
2479765
247976
24797538
24797462kyle
247973k
2479730
247972
24797
2479688124796881
247968
24796750
2479669
24796611
24796509
24796209906
24796107
24795banco
2479593
24795905.
247957974
24795703
247956941
247956
2479558424795584
24795409
24795215
247951763
24795123
24795059
24794915sj
2479488
2479476
24794726
24794678
24794616
2479428
2479415
24794091vegasvivas
2479405
2479403
24793darcy
24793734
24793540
2479339
247933
2479311
247930cook
24792976
24792894
24792743
24792712
2479267
2479259
2479252
247922
247921
247920
2479195
2479190894yola
24791738
2479170
247916588
24791618
247915935
2479156
24791520
24791515
247915
24791396
24791223
247912
24791124
24791012
24791
24790dahl
2479097
247909
247907
247906
24790508azul
247905
24790331
247903
2479018
24790150
2479009
2479000
2478sg
2478schoon
2478riboira
2478kgl
2478jm
2478horace
2478db
2478@2478
2478985
247898
247897258852
24789519
24789458tkm
247894
24789350
24789295
24789113
24789/mad
24788jm
247889lop
24788987
247888d
2478887
24788748
2478865
24788534
247884mike
247882ds
2478827y
2478825853
2478814
24788076
24787_dsp
247879322b
24787877
247877
247876
2478745
2478734
24787280
247872271
24787215
2478704
247870
247868
24786615
2478656
24786411
24786131
2478600
24785c
247859370
24785838
2478573
247857107
247856205
247856
247854781
247854
2478525arm
2478510
247850019
24785
24784802
24784730
247847132
247845
2478444
24784196
247840732201
24783869
247837472
2478374
24783721
24783612
247836
24783481paola
24783356a
24783326
2478322
247831x
24783028
247829
247828
24782636
24782500
247824
2478236
247823
24782086
2478204
24782012
24781991
24781960
247819
247818953
24781789
24781528
24781519a
2478148
247814680
24781446
24781308
24781254
24781228
2478112
24781019
24780kte
2478093
2478086
24780786
24780710
24780682
2478054
24780467
247803
2478019
2478014690
24780133shia
24780126
2478006
2477purita
2477kjya
2477derbi
2477amm
247799765
247798
2477956
2477930
24779234
247792
24779093
24779013
24778j
247788
24778604
2477842651*/
24778339
24778275
2477810
24778039
24777964
24777889
24777666
24777536
2477747
247774
24777358
247773
24777095
2477704
24777
2477680
247764
24776099
24776002
24775933
24775848
247757138
247755925
24775553
2477546
247752213
247752
247751
24774996
24774870
24774747
24774651
2477461
24774540
247744365
2477425
2477412
247741
247740
2477399
247738691
2477383
24773612
24773572
2477354
24773473orianaortiz14
2477340
2477321
2477310
2477309
247730
2477284s
247728
2477261
24772589
24772523
24772458
2477242145
2477233345
24772307
2477225
247721it
24772168
2477205
24772000
247718874a
2477165
2477160
24771310
2477123s
247712
2477117
24771082
247710
24770862
2477060
24770505z
2477029DS
24770144
2476wheat
2476mahal
2476jr
2476blue
2476aje
2476BIKE
24769jrp
247699mwt
24769978
247697240
2476965
247695997
24769570
2476927ap
247692186
24769117
24769105
247690
24768853
2476865
2476856
2476844
247684
24768295
2476820
2476807
2476792
24767860
24767814
2476764
24767571
2476754
247674
2476729
24767247
247672
2476716
247669kamos
247669
24766845
2476673
24766636
2476646
2476630
2476624
24766
247659958
2476586
2476578
24765689
2476562
247655
247654
2476521
2476511
24765001
24764699
2476452
2476400
2476398d
2476386
2476372
2476368
24763607
247634
2476333467657125
247632920
2476324763
247632220
24763112
247630270
2476295
2476278
2476272
247626c
24762667
2476247
24762231
2476216pyg
24762121
247621
24761991
24761846pgda
247618
2476169
247616
247615
247614
247613
2476113
24761035
24760a
24760943A
247608
247606
2476031
24760295
24760123
2476007
2476002
2476
2475tree
2475mr
2475alic
2475SK
24759934325289
24759834
2475973
24759695
2475962vaniq****
2475962123
2475958
24759510
24759371
24759254
247592
24759119CSgt
2475909M
24758973
247589
24758862
24758821
24758788
247586
2475857
24758540
24758513
2475850
247584691
2475845
2475838
2475825
24758184
2475809
247580
247579
24757856
247578
2475778
2475760
2475757
247574
2475705
247569
24756836
24756711
247567
24756687
24756355
247563322952397
24756264
2475621
247558314
2475576
24755630
24755601
24755555
247555
24755462
247554505
24755423
24755374
247553
2475522
247551230
24754a
2475478
2475455
2475435
247542431992
24754192
24754166160395
24754116
2475406
24753jdt
247539
24753813
24753631
247536
24753405
2475336
247533
24753247
24753239
24753133
24753101
24753028
24752o
2475291222
247526kaan
247526
24752517
24752414
24752365
24752310
24752270
2475200m
24751s
24751998
24751852
247517123
24751608
247515
2475135
247513100
24751245
24751157
2475110
24751073
2475083
247507
24750594
2475053
2475039
247502
24750167
24750111
2475004
2475.03
2474n42
2474kc
2474jy
2474inc
2474997
2474991
2474957
24749559
24749507
247494111
24749305
24749
247488016
24748437
2474836
24748144
247481
24747wa
24747m
24747c2mmie
24747an
24747999
2474796
2474794339
247478jesusfin!
2474789cr
24747887
24747842
247477rodel
247477255
24747596
247474b
2474742
24747394
247473532jokojokoz
247473275
247472jess
2474727696
247472366489
2474722c
247471
247470138
24746agl
2474687e
24746848
24746679
247466
2474623cyg
2474612
247459746
2474578
247456
2474549
247454466
24745371676
2474533
2474529
2474522
24745121
24745000
24744994
2474485
2474476
247447
2474457
2474448
247444
24744299
2474422
2474419
24744079
24744042yoa
24743929
24743898
2474375
2474363
2474349
24743394
24743217
24743170
2474312
2474311165
2474308247
2474302
2474281r
247427qn
2474264
247426
24742547
24742512
24742404
2474237
2474229a
2474220431
247422
24742101
24742
24741919
24741894
2474179
2474170
2474152
24741417
247413
247412247412
247411t
24741171
2474107
247410
2474099
247408b
247407
24740669
2474064
24740500
2474046
247402426
24740193
24740123
24740069
24740
2473ll5
2473jk
2473NBailey
2473997
24739898
24739804
2473975
247397
247396
24739475
247394
24739287
2473924739
247392
24739188
24739155
247390
24738958
2473889
24738800
24738667
24738543big
2473847
2473837
2473827610
247382
2473804
24737bbv
2473773
24737677mj
24737544
2473745joe
247371
2473700
24736966
2473680
247366
247365shining
247365dx69
247365athlete
247365ampd
247365B
24736543
2473650
2473641
2473615
2473606
24736000
24735812
2473578
247355j
2473550
247354
2473535
24735282473528
2473513
2473512
24735080
247350
2473475n
24734743
2473459
247344kk
24734303
24734117
2473407
24734017
24734
24733a&y
2473396
24733841
2473367
24733652
24733584
247335404
2473343
24733403
24733327
2473317
24733038
24732k
2473289
247328
247326
24732443
247324
2473228
24732187
247321228
247320
24731903jp
2473178
24731728
24731695
247316
247315114
2473147
24731410
247313
24731066
24730footbol
24730857
24730788
24730651
247306
24730508
247303a
2473024730
24730006
2473/2473
2473
2472xxx
2472ruwkq
2472god
2472des*
2472b2472
2472988
24729782
2472972
24729407as
247293
24729230
24729205
247291
24728n
247289
2472887
2472862
2472848
2472846s
247283
2472821
2472811
247281
24727928nsc
2472784
2472771
24727639
2472759
2472740
2472724
2472715
24727116
2472708
24726985
2472692
2472665a
24726515
247265
247261
24726
24725rock
2472595
2472583
24725736
247257
2472549
24725455
2472537000
2472535v
2472531689
2472520
247251485
24725018
24724950
247249111019
24724820
247247d
24724789
2472476
2472473d
2472471
24724611
2472457
24724523423
247245
24724461
2472433san
2472422
2472412!!
24724007
24723987
247239216169
24723844
2472380
24723761
2472371
24723608
2472355
2472350
2472336354426935
2472327a
2472326
24723233
24723172
247231351099617
24723129
2472304
24723006
24722myvmw
2472287
2472267
2472261
247224
2472237
24722333
24722177
2472215cuy
24722125007023
24722063
24721781
247217762
2472172
2472152
2472150tekiero!
2472144
24721412
2472138
24721362
24721230
247212
2472111lu
24720n
247209
2472084
2472077
2472057
2472050
2472040
2472031
24720291
2472026
24720182
2472014
2472006
24720019
2471pt
2471lf30
2471edwin
2471996a
24719945
24719911819
247199
2471981jeg
2471979
24719764
2471966
2471963rl
2471956thc
24719429
24719342
247193
2471923
247191871
24719161lui
24719070
247190481
24719003
2471892
24718859
24718626
24718597
2471856
24718379
2471833
2471829
2471822
24718184
2471812
2471796
247178
2471754
24717368
2471719
2471710
247169
247168200
2471666
2471657
247164103588
24716396
24716269
2471619
247161
247159k
24715792
24715684
247156
2471553
24715493
24715435
24715391
2471535512
2471528
2471526
24715215
2471516
24715053
24715
2471498
24714952
24714780
247147
2471438-*-
247143247143
247143145
2471429
2471422r
2471420
2471412
24714108
24714057-macm
24714041
24713933
247138
2471375
24713673
247136
247135
24713469
2471345
24713423
24713317
2471331
24713129we
24713056
24712916
24712862782616
24712818
24712682
2471260
24712528
24712472247
2471241
247123E
24712335
2471228
2471219
2471214a
24712058
2471202
24712
24711a
2471193
24711849
2471182
247117705TATIANA
2471174angela
2471171
24711700ehukitty
2471160
2471153
2471148
24711466
247114
247113
24711240
247112
24711056
2471100
24710amjilt
2471088319
2471080216
24710598
24710560
24710524
2471048
247103ak
2471020
24710049
247100108
24710
2470uxeqh
2470rb
2470nicoll!!
2470litoizx922008
2470hunter
2470doc
2470bd
247099
247097
2470964
2470939c
2470915
247090e
24709000
247089bc
2470892
247087lo
2470867
2470841
24708382lin
2470820
24708100
247080
24707992
247079426693
24707907
24707830
2470777
24707764
2470759a
2470755
24707461
2470735
247073
24707031
2470699
2470666
24706544
2470631
2470620
24706100
24706063
2470600017926
24705985
247059
2470580
2470577
2470569
2470548
24705187
2470501
247050
24704ttqhg
24704875
2470474
2470430
24704123
2470401
2470398
2470384
2470369
2470354
2470343175
2470325
2470305
24703006
24703
24702934
24702819
2470260
2470249
2470238690450
24702370
2470226
247022
247021719
247020y
2470206
2470205
24702
24701977
2470196
2470193
24701887
24701800
247017
24701542
24701460
2470134
24701306
24701252
24701234
2470122aipt
2470121
247011mzs
24701187
24701156
2470102
24701*06
24700944699617
2470079
24700756
24700632
247005
247003
24700230
247001
247000002
247-_God
247*1813a
246yo56*
246xyz
246wee
246vys130
246tucker*
246ts
246tray
246tiger
246tapon__
246sumss
246stef4lee135
246star
246sofia
246slc
246simpson
246shit
246shar
246sb4l
246sam
246royalroad
246rhcp642
246rdr
246qwx
246pretty
246poe
246pickupsticks
246pap
246orange
246nzm
246nsw
246northave
246nitu
246mycek
246mmdlk43
246mhu
246mensada
246marine
246lover
246lll
246liverpool
246lapaisita
246l2468
246kool
246kittie8
246kiki
246karen
246juan
246jen
246james246
246jakarta
246iluvsutty#
246iia
246hazel
246hapons
246green
246gray
246frogs
246fishpond
246evy
246emzels
246em135
246eazypzy
246ds
246dogsusxie
246djbell
246diana
246debit
246dar
246cris22thian55
246cows
246colon
246clq
246chicks
246chica
246chaser
246cba
246candie
246bsl
246brit
246bri
246bpc123
246bender
246bdfbn
246barcelona
246ayg
246australia
246arw
246anuna246@
246andtublo
246ais
246adelaideapt12
246acts246
246ab014
246_g_m_a
246VILMA
246SUNSHINE
246SPOT
246Pink
246KING
246INGLEWOOD
246Farrant
246DS184
246BEN
246@ujang
246?:Q!
2469vr
2469sunnyhill
2469srxxx
2469see
2469rose
2469pitkin
2469ose
2469no
2469mmmm
2469me
2469lupeta
2469lainey
2469j
2469inter
2469hollis
2469gna
2469emma
2469ddrr
2469aze
2469amm
2469GH
24699ydpoz
24699alex
24699769
246995688
246993
2469922
2469915
24699127
2469906
24699
2469878
24698744
2469866
2469852
24698512
24698172
2469813
24698022
24697999
24697989
24697840
24697644401146
246974e
246974
246973
246972
2469717
2469706
24697
246969m
24696734
2469642
24696398
246960
24695926ely
24695902
246957KELYlady
2469566
2469550
2469546
246952
2469511
24694yourcum
24694931
246947
24694631
2469458
2469440
24694321
246942
24693955
24693861
24693751
24693581
24693572
2469345h
246933
246931930
2469311
24692g1
2469286
2469274
24692658
246926
24692525
246924m
24692389
246923
2469208
24691945
246918m
24691834
24691674
24691537
246913579
246913562
246911dl
2469113s
24690Password
24690903
2469087
2469079
24690681Yoha
246905678
24690455
24690392
246903
24690247
24690229
24690184
24690133454
2469005
2469000
2469//18
2468zx
2468zc
2468yv
2468yo13579
2468yesterday
2468yeager
2468yay
2468y..
2468xy
2468x
2468ww
2468wq
2468words
2468win
2468whodoweappreciate
2468who2468
2468wer5
2468wdya
2468wdwapta
2468wcigd
2468viola
2468vest
2468verona
2468usuckimgreat
2468urGreat
2468trinity
2468tp
2468tom
2468tlj
2468tintin*
2468thebest101
2468th
2468t/
2468sup
2468stephanie
2468sonja
2468shelby
2468sh
2468sean2468
2468sasb
2468sambo
2468sakon
2468sac
2468rxh
2468rose
2468rmv
2468rica
2468red
2468rb
2468rangers
2468r
2468pwincess
2468pre
2468pooh
2468player
2468pick
2468otvt
2468orit
2468onlyme
2468ol
2468nug
2468notme2468_
2468no
2468ninadoida14
2468nguyen2468
2468neopet
2468nelly
2468ncsb
2468naruto
2468mv
2468msf
2468mook
2468moi
2468ml
2468miri
2468mike13579
2468mg
2468meg
2468md
2468mat
2468mary
2468maria?
2468mari
2468man
2468mai
2468m13
2468lyy
2468lucy
2468lsw12
2468lprgr8
2468lovergal
2468lovejosh
2468lost
2468lomba2468
2468logs
2468llib
2468livsrox
2468lh
2468lavy$
2468lara
2468l
2468ksb
2468kristine
2468kris
2468knj
2468km
2468kj
2468kimmi
2468khm4jd
2468kelly
2468katy
2468kasey
2468kar
2468jy
2468jt
2468josejose
2468joer
2468jmw_T
2468jlo
2468jjc
2468jha
2468jenny
2468jd
2468jc31
2468jb
2468jamie
2468itsimurguia
2468irule
2468ilyy
2468iloveu?
2468ihate
2468iamthebest
2468iamdabest
2468hill
2468herb
2468hb
2468hay
2468harps
2468ham
2468green
2468gotob
2468gnst
2468gio
2468gem
2468ge
2468gaz
2468gatorsr12468!!!
2468gagopoako
2468funny
2468frog
2468fio
2468fila
2468fer<
2468fatjoe
2468fa
2468even
2468erika
2468els
2468eli13579baha
2468ec
2468ear
2468ds
2468dolphins
2468dog
2468dkny
2468dee
2468dea
2468day
2468dancer2468
2468dana
2468cutie
2468ct
2468cr
2468cool
2468cmme
2468clira2468
2468chr
2468chioanorexica
2468chaz
2468cfc
2468cb
2468cat
2468carforhire
2468ca
2468burt
2468bryan
2468br549
2468bp
2468bones
2468blueeyes
2468bj
2468biotch
2468berlin
2468beer
2468bdfhj
2468bam
2468baby
2468aulmary
2468asdfghjkl
2468as
2468ardi
2468aoif
2468andronikos
2468amyrocks!
2468amnjd
2468alex
2468ajl
2468africa!
2468adk
2468adampassmore
2468acrosk
2468ace
2468aav
2468`0
2468_family
2468YB
2468TOMATHY
2468SaRd
2468SASB
2468Re
2468RAINBOW!!!!!
2468PP
2468NB
2468MON
2468MERE
2468LOVE
2468KITA
2468JaK
2468JM8
2468JG
2468ILUVME
2468Elba
2468DEB.
2468Chase
2468BDR
2468AL
2468@beth
2468=ela
24689sefa
24689l
24689gh
24689c
24689abc
2468987
2468980
246897531god
24689753151778
246897513
24689731
2468972
246897135
246896826
24689630
246895h
2468957
2468952kar
24689517532468951753
2468951357
2468945
246893781
2468930
24689214
246891teresa
24689143
24689137070794
24689123
246891200
2468910=
246890wahidah
246890b
2468905
2468901357
24688toby
24688993
24688888
24688844
2468880
24688726
24688642liz
24688642daga
24688642amador
2468864205
246884
246882erra
24688261
246881r
2468810
2468809
24687j
2468797
24687953
246879513h
24687951300
24687931
2468792
246879130
2468790
2468789
246877_47_
24687788
24687768
246875l
24687531a
2468751
246874
24687341
2468730
24687238
24687193
246871552865
24687000
24686988
24686919
2468678
24686710295
24686647
2468642b
24686424
24686416
246863639
24686201
2468617
24686139
246861
24686063
24686003
24685dafnh
24685a
2468597310
246859713
24685921
24685917000
24685885
24685858
246857gh
246857923
246857391
24685719
24685690
246856737451002
246855d
24685550
246855123
2468550
246854edgar
2468546
246854
24685379234789
2468533722
246853325
2468531970
24685319
2468531
24685292
246852780
246852369
2468523
246852147852
246852123
246851988
24685196
2468513853
2468513795
246851379-+
24685123
246850rcfh
2468507
2468501620
24684y
246849
246848
246847
2468467519
24684628
24684530
2468445
2468443
2468437
246843
2468421s
2468415@jetg
24684
24683A
24683840
24683811
24683722
246836900
246835900
2468357975310
24683535
2468351
24683474
24683446
2468339
246832lov
2468329017
24683199
24683142
2468310
24682mom
24682hafiz
24682965lm
246829139
24682887256
24682701
246826bmra
246826
2468253598101637
24682515
2468246c
24682468claire
24682468a
246824685555
246824682468246
24682468*
24682455
24682424
24682345
24682313
246822j
246821265301987
2468212
2468210123
2468201214161820
2468200
24681v
24681s
24681a
24681993
24681989
2468198
24681810
246818
246817686
24681735
246816meez
2468164
24681632
2468160
2468159357
2468157sin
246815379
2468152
246814daddyy
246814521
2468143619
2468141
246813j
246813b
2468138
246813798522585554679
2468137900
24681369
24681357vmh
246813579sz
246813579r
246813579j
246813579a
2468135795
246813579246
246813579159951230
246813579**
2468135777
24681357$Fu
246813546
246813500
24681345
246812q
2468124812
24681239
246812323
24681216
24681201
246811e
2468115
2468111
246810xyz.
246810thoty
246810suiling
246810simi
246810rm
246810qw
246810punkgirl
246810p
246810orihime
246810nm
246810mo
246810madmaxshema
246810lizzie
246810k
246810jp
246810jem
246810ja
246810iris
246810i
246810george
246810g
246810fmr
246810fh
246810ever
246810di
246810cmwk
246810ca
246810brh
246810bcd
246810am
246810agha
246810abcd
246810_1214b
246810\\
246810T
246810R
246810J
246810C
246810989
24681096859
2468108
246810789
24681066
2468106
246810567
2468105
246810369485
246810369
24681034
246810285456
246810258
24681024681010
24681022it
246810202533
2468101983
24681018181212
2468101357
24681012z
24681012p
24681012d
24681012EL
2468101214w
24681012141618209
2468101212345678951
246810120
24681011rg
246810111985
246810111213141516171819
246810111213
246810108642
246810.
246810+12
246810!
24680street
24680shamz
24680qwertypoiu
24680punk
24680pml
24680mke
24680malcom
24680lupe
24680l
24680it
24680h
24680ff
24680e
24680carlos
24680beautyinugly
24680asdfghjkl
24680_abje
24680PIC
24680Ab
24680@asdf
2468098765
24680975310
246808t
2468081cr
2468075
246806
2468056
2468054
24680513
24680509086046
24680427
246803b
24680357
24680313
246802zz
2468028679
24680223
2468022
246801p1
246801b
24680158
2468013795
246801357
2468010t
24680100
246800j
2468008642
2468007531
24680036
2468002SCKR
2468001a
24680005
24680/
24680*
2468/*-2468
2468.com
2468..
2468-svane-pigen
2468-dog
2468-17
2468--
2468*9753bn
2468((
2468!!
2467policesuck
2467guzman
2467cr
2467ccaannssuu
24679yellow
246798513
246797b
2467964
246795
246793046
2467924679
2467906
24679
246789g
246789E
24678963er
246789591989
24678933
24678922
2467876a
24678714
24678601f
24678514
2467823
2467811
246781
24677998
246779695
2467791
2467782534
246777888
246777
246775731
246775
24677135
2467703
2467696
2467681h
2467674
246766
24676103
246760
24675943
246758196
2467561
24675545
246755
24675338sheuk
24675308
2467529
2467510
246750925393
24674894
24674733
246746
24674543
24674453
24674274
246741
2467383p
24673648-24673648
2467346
246734327
246733
24673219
24673179
246731
24673001
2467298
2467285
24672770
2467266
24672551
24672529
24672461
2467223
24672112
24671984
24671889
24671813
246718
24671721
2467166
24671561
24671514
246714802
246714
246713735
24671246
24671224
246711925
24671050
24670wjis
2467085
2467081367
246707993007
24670729
246707
24670620
24670607
2467053
24670365
24670310
24670250
2467023177
24670210
246701
2467
2466ohyess
2466md
2466jess
2466gee
2466@baby
24669car
24669772
246695m
24669523
2466945
246693569
2466932
246692852b
24669278
24669222
2466912
24669088
246690
24668921234
246688793
24668817
246687
24668595
24668569
246685
24668472q
246684
2466820
24668063
24667avbgj
2466793
246679
24667892
246677904
246676234l
24667588
246675
246674123
246673457
246672583
246672037
246671556
2466707
24666943
2466688
246666z
24666567
2466654722776116
2466642
2466631
24666250
24666117bc
24666099love
2466600533
246659774
246659264
24665745Louise
246656h
2466563
2466561B
2466555
2466547212
2466538
246653553
246652233
246651
24665047896
24665
24664955
246649
2466487
24664691adj
2466455
246645
2466447
246642p
24664272
246642246
2466416
24664017
24664+24858
24663977
2466393992614709
24663829delgado
24663737
24663692
246636
246635691
2466346
2466333
24663283
24663236
2466317
24663131
24663051
246630172j
2466292
24662787
24662746
2466270
24662674
24662530
24662474
246623
246622JIE
246622
246619520
2466184
2466175
2466168
246616
2466148
24661418
24661314
2466122116
246610659
24661027
246610
246608b
2466053
2466031
246602
246601
246600
2465zaa
2465physician
2465o246
2465kang
2465don
2465da
2465be
2465AM22
2465991
246598k
24659869
2465984
24659731
24659700
246596
24659574
246595
24659365
246592148
2465913
2465906
24658973
2465894
24658867
2465870
24658529
2465836
24658261
2465824
2465814
2465810013
2465799
2465775
2465773
246577
2465761
246575919
2465756
246574731
24657393w1033585
246572909ja
2465724657
2465715
246570018
24657
2465699
2465688
24656789
2465657824
24656518
246565
2465640
24656320
24656258
24656223
2465613
2465607
24656016
24655ag
2465597
2465586
2465581
246558
24655798
2465575
24655694
2465567
24655657
24655624
24655615
246555143
2465544
24655374
2465529
246551786130518
246551694g
24655140
24655124
246550431
24655001
2465498
2465468
2465462
246544
24654345
246541
24654007
24654000
24653966
246539494cory
24653882
2465375
24653734724
246535754017
24653548899
2465354
246534
24653300
2465327
24653251
246531j
246531e
246531079
246530jj
2465304
24653025jos
24653
2465274
2465268
246526231pulli
246525750
2465253
246524kl
2465246
2465235
24652306
24652235620730
2465220
2465212085
24651995
2465193
24651792
2465163
24651410
2465135
24651329
2465124651
24651200
2465114
2465112
2465100
246509
24650590
24650507571167
2465044
2465023
2465020
246501
2465007
24650
2464wing
2464ut2004
2464moseby
2464ix
2464fmb
24649934
24649901
24649712
2464961
2464953
2464943
24649367
246492465
24648f8a
24648857
24648791
24648704
24648653
246486
246485
2464841
24648266
2464824648
24648002
2464798pinkie
2464790
246477495442144
24647629
246475752
246475284
2464750
2464742
24647355
24647255
246472
2464701liz
24647
246469
246468
2464661
246465
2464634842
2464622
24646188
2464612
24646091jebr
24645b
2464591607
2464573996988
24645700
246456857
246456
2464528
2464527
246452049
24645186
246451
24644me
2464499
2464484
24644824
2464477
2464456
24644448antonio
246444
24644264
2464415
246441
24643899
2464387
24643801041295
2464374
2464371020
246435753
246434
246433647
2464315679
2464302014099356
2464299
2464298
2464292
24642815
2464264
2464252
246424642464
2464242
2464233
246423
2464219
24642008
2464199
24641898
2464185
246418224
24641804
2464163p
246415674
24641407
24641327
246412mr
24641278
246411036
2464108
2464105
24640hawthorne
2464088
2464070
2464055
2464049
2464046
24640401
2464031
2464029190513000
2464022
2463wn
2463ty
2463raha
2463nips
2463empresskelli
2463cuca
2463cmp
2463QWErty
24639ka
2463997
24639894n
24639770
2463965
246396
24639427837818
2463935
2463928
246392006
246390c
24638900_ahmet
2463886
24638818him
2463871200
246387
24638615
2463824638
24638147
2463808
2463800003
24637b
246379
2463779
246377
2463747
2463736
246369sheena
24636850
2463674
24636695
24636579
2463650
24636415
24636345
24636288rr
24636247
246360a
2463604
246360
24635ok
2463593dc
2463585
2463580
246357mk
2463579
246357421XZ
24635710
2463566024635661
246356
246353
24635122
24635093
2463508646116
24634919
2463482
246346
2463442
2463439
24634331033
24634153
24634005
24633ben
24633748
2463367
2463355
2463351230
246334808
2463340
246332sha
2463322
246331990
246331
24632L
2463279
246327
24632589
2463255
246325
2463245
246323
24632228
2463209
2463201
24631996
2463193
246319
24631782
246317
24631558
246315
246314
2463130
24631153
2463111
2463106
24630868
2463081615
24630731
2463054369
2463054160
2463053245
2463042
246303
2463029
2463027483
2463026edu
2463025360
24630200
24630167
2463007
2462martin
2462kaprikornio
2462gmes
2462cr551
2462bina
2462999918
2462989
2462970
2462947
24629381250
246293
2462923197645
24629231
24629114
246290
2462895
246287J
246286akga7432ak
24628503
24628468
246283
24628277
24628174
24628039
24628
2462786
246278
2462774624928
2462759
24627544089834
2462746
2462733
2462724n
246272
246271990
24627088
24627
24626927
246269
2462683
24626742
246267
246265283
24626353
2462633
2462620
246261512
24626124
2462604
24626
24625870
246257
2462550
2462546
24625371
24625332
24625320
246253119
2462531
246253
24625278
24625260
246252
2462515
246251
24625061
24625023
24624h
24624921
2462487*
2462486824624868
2462486
2462481811620
246246b
2462462462
24624616
2462451
2462446
246243
2462428
246242
24624147
24624045
2462398
24623961
246237
246236h
246235123
2462340
24623302
246232998155
2462317vv
24623
2462299
246229299
2462280
2462275
24622642
2462255
2462244
246223
246221424203
24622112
24621r
2462185
246218
2462174
246215e
24621488
2462141789
24621357
2462132
246213
246212
2462115000
24621088
2462101
246210
246209
2462079
2462076
2462067S
2462055
24620515
2462031661
2462028546
2462018
24620031
24620
2461polly<3
2461parker
2461gdw
2461andres
2461A2461
246199mk
2461997
2461994shafy
2461992wednesday
24619884k
24619832
24619809
246198
2461974
246197
24619693
2461965
246196
2461958jk
2461948
24619354
2461927
24619192
2461906
246189angelo
2461887
24618781
2461861
24618512
2461844
2461840
2461834
2461830
24618253
24618190
2461815
24617972
2461787
24617782
246177
24617672
2461763
2461743
2461733
2461725
2461723
246170
24616985648668
2461692k
24616913stringer
24616838
2461668nb
24616584
246164k
24616453
2461635AL
2461628
24616197
24616141
2461612
2461608
246159071
246157623
2461570
2461562
24615542
246154936
2461546
2461540
2461538003
246153789
2461530
246152923DEEB
24615221
24615015
24615
2461483
2461480
246147
246146789
24614624
24614566
24614466
2461432
246142
24613lv
24613916
246138
246137430
24613712527
246136
246135sohagamal
246135dp
246135ala
24613555
246135246135
24613488
246131667
246131377
246130
24612924
24612859
2461268919
2461258
2461247
2461239915
2461232
2461223
2461221550
2461219
2461205
246120
24611987
24611935ktg
246116711
246116309
246114
2461125245
2461120
2461110782
2461105
24610j
2461096026
2461090688
2461087652
2461085
2461078
2461063911
2461057284
24610511
2461048450omar
2461040377
246104
246103788
2461036242
24610333
2461030025
2461029362
2461027598
2461025596
2461024554
2461022110
2461018
2461012437
2461012
2461010
24610095
2461000018337
2460zanotty15
2460sm
2460orob
2460mookboat
2460aass
24609967
246098la
24609778
2460961
24609535
24609480
2460931988
24609257
2460900006172
24608855
2460875
24608681
2460844
24608183bruslee
2460803
24607994
246078
24607653
24607138
2460703
24606935
2460689
2460685
24606703
246067
246064
246063
246062
2460618
2460602
2460594
2460580
2460579
2460570734
24605576
2460531c
24605244
246052
2460491
24604860p
24604761
246046a
2460466
2460461
2460451
246043025
24604239
246041od?8
24604090
24604037
246040
2460396*facf
2460371
246036
2460358
24603504
2460347
2460335
24603297
2460315
2460308
246030
2460299
246029
246028255330
246027
2460250
246024
24602331
2460229
2460219
2460210
246020
24601vj
24601man
24601kat
24601jvj
24601benji<3
24601ValJean
246019
2460177
24601731
24601709
246017
2460163
24601563
2460147
246013441
2460130137
246012
24601162633864
2460101032598
24601000
246008
246006694473
24600545
24600408
24600341
24600116
24600
246/574
246+810
246 4129
245watson
245una;'
245tyo
245trex
245stb7
245sjwrj99
245poope
245phox
245peach
245nur
245nlcut99
245monkeez
245mim
245lupw
245kmu+-
245k6Z8
245jenkins
245high
245grant
245gangcrazy
245follow
245dirty
245dbnftj
245chatnow
245broadway
245arie
245ander
245abl
245_gaps
245STUNNA
245PLEASE
245MUFF
245DIVA
2459vk
2459pcp
2459hk
24599942
2459991
2459962
2459944
245993j
245993
24599034
2459900026368
2459900017270
245988352
24598721
24598593
245985
2459824
2459808
2459788
245978013948
24597774
24597709
2459748
2459741
245972698
2459726
24597235
245971
24596styct
24596@jcs
2459696
2459677
24596630
245966066
24596517
24596310
245962
245960
245959
24595690
24595641
245954
2459510
24594kel
2459482
2459473
24594429
245940
245939
2459381
245937
2459363
2459350
2459322
24593044
24592becca
24592969
24592859
24592787
24592704
245927
2459256
2459251
24592465
24592430
24592340
24592316
24592312
24592194
24592143
24592134
2459211
24592073
24591976
24591935
24591851
2459184
24591669
2459157
24591520
245915
24591403
2459139
2459126
24591220
2459112
245911
24591027
24591
24590997
2459094
24590536
2459037
245902burma
24590254342250nakary
24590218
2459010
24590072
245900531
24590025
2458ph
2458nk
2458mcr
2458kim
2458dad
24589935
24589727
2458963171590
24589610
2458956
24589512
2458936
2458921casa
2458914
245890
24588s
245889
245888138
2458875
2458872
24588661
2458848
24588460
2458832
2458817
2458808
24588007
2458792
2458789
245877
24587608dlsl
24587383
2458731
245872036
24587028
24586Peak
24586969
2458687
2458679
245866
245865245
2458635
24585lt
2458596
24585890
2458572
245856704
245855
2458506a
245850
24584980
24584821vanessa
24584812
2458476
2458473
24584663
2458448
24584459
245844
24584191
24584083
2458404
24583950
245838
2458373
245836
24583546
245835
24583417
2458330
2458313
24582923524
245827498
2458259
2458254
24582454
245822
24582061
24582008
24582
24581457
2458136
24581332
245813
2458126
24581214
24581187
2458114
24581062
24581054
24581035
2458101
2458098
24580947
24580919
245806
245805
24580232
245801525
2458007
2457sk8
2457p1972
2457mILLER
2457jr
2457gffjp
2457esda
2457av
2457PENISUPDOWN
2457HECTOR
24579973
245799
24579808
24579706
245795
24579450
24579281
2457914
24579031
245790
24578ms9
2457896h
245787T
24578789dimifran
24578756Yo
245787
2457865
245785960
24578472
24578338
24578282
24578212
24578159
24578065
245780203jd
245780
2457794595L
24577803
24577719
24577677
245776218
245776
24577536
24577506
24577449
24577399
2457734
2457731sp
24577236
2457706
24577000
24577
24576983
2457688
245767HKHFPF;
245765asd
245765
2457642
2457631
245762vv
24576150
24576040
24576
24575989
24575854
24575804
2457572
2457560
24575589
24575545
2457549
2457545
2457542
2457519
2457508
245750466
24575
2457493
2457487
24574707
24574616
24574578
24574569
2457454
24574500
2457439
24574267
245740891
24574050
245739080
245738277
245737b
245736682
2457348
24573404
245734
24573314
24573276
24573261
24573235
245731447a
24573033
245730
24572956
2457289
24572706
24572560
24572506.a
24572430
245721e
2457202
24572
245719685
2457183
245717s
245717374
24571632
2457152
2457146
24571427
245713g
2457132
245712743788
24571230
2457117843
2457116
2457114
245710926
24571031
24571024
245710
24570884
24570659
2457056
24570529
245705
2457029
2457025
245702
2457017
24570079
2456wm02
2456tito
2456nbcmr
2456mich
2456dcruz
2456abcd
2456E38
24569983
245699243
245698126
24569789
245696
2456959
24569462
24569359
245692
245691497
24569123
24568lee
24568a
245689001
245688
2456879
24568708
24568593
2456858
24568521
245684
24568242123
24568202
245681793
245681150
245681
2456800
24567986cdaz
2456794
2456789a
245678936459612
245678865
245678074
2456780
24567788
245676937514
245675917
24567575
245675450524919
245674963
24567483
2456746
2456743
24567349
245672230
2456719
245671239
245671
24567007507981
24566897
245668
2456676
24566509
245663beed
2456624566
24566190
24566125
24566081
245660
2456593
245658369
24565767
2456565
24565499
245654685
245654287
2456522
245650034a
24565
245649
2456489
245648
2456475
2456463
245645
24564407
24564222rere
24564166
24564047
24564
245638401
245637891
24563650
245635798
245634645
245634442t
2456341
2456335
245632540
24563210
245632057
24563120
24563101
24562jfwt
24562994
2456283
24562742
2456262
2456258
245624823
2456246
2456245
2456240
24562359
24562343
24562300
24562244
2456216
24562062
24561980
245618642s
245618
24561782
2456168
24561588
245614j
24561415
245612franklin
24561234
245612
24561117253275
245611121
245610487
245610
245609549520051
24560906
2456087
24560778
2456074
24560651
24560590
245605
2456044
24560387
24560374
24560319
24560311
24560293
245602
24560192
24560051
24560013
2456000
2455yuki
2455tom
2455loomisrd
2455jrgb
2455doorgaan5
2455Boris
24559jenny
24559965
24559931
24559901
24559884
245598423
24559804
24559793
24559778
24559710
245597
245596637
24559625
2455960
24559534
24559501
24559486
24559444
24559424
24559415
24559358
245592671308
24559243
24559240
245592
245591941995
24559187beatrizadriana
24559175
24559103
2455905
24558n
2455886
2455876
245586p
2455862
2455853
24558343
24558271
24558184
24558041
24557s
2455792
24557803
24557756
245576941
24557629
24557560
2455755
245573th
245572l
24557198579347
245571325
2455712
245570J
245570603
2455687
245566123
24556423
24556359
245561c
2455617
24555985
24555899
245557010
24555666
2455563
245556
2455546
245554132
24555315
2455525
24555126
2455480
24554778
2455462
24554580
24554495
2455444
245544
2455433
245543-s
24554243yessi
24554227
2455413
245540998
24553948
2455394
24553923
2455388
24553789
245537
24553567
24553527
24553458
24553400
245533
24553135
24553113_amro
2455311281989
24553091
24553080
24553032
24552h
245529412
2455285
2455263
24552590
24552525
2455250
24552455jk
245524
245522800
245522664
2455220
24552178
245520
24551sbb
24551975
24551914
245518
245517119
24551683
2455158//
24551453
2455106
24551
24550913
245509
2455081
2455070
2455069
24550582
245505
24550393
245502
2455016
245501234
2455009
24550063
2455-alexis
2454yf
2454tlm
2454pa
2454nikki
2454mexico
2454fh
2454996
2454992
2454980514
2454973
2454962
245495347
245494399
245491083
245490
2454896711
2454886
245488
2454870
24548637
2454853
2454844
2454839
24548316
2454820
24548062
245479097
24547890
2454784
2454782
2454779yoyo
2454776
24547722
2454770
2454768
24547617
24547585
24547542
2454753
24547516
24547462
24547431
2454733
24547120
2454709251
24547007
24546hojcp
245468buff
24546646
24546571
2454645201314
245463
24546288
245461100-
2454600
24546
2454595
24545878s
2454584
24545701
24545678
2454546
2454542
2454530bebita
2454523
2454518q
24545122
2454506802
24545007
245450
24544978
2454475
245445648
2454432
24544258
2454419
245441
2454406
2454402
2454399
24543748
245436
24543545
2454352
24543383
24543341245963
245432786
2454319111
2454316
24543
2454286
24542788
24542696
24542690
24542585
24542574
2454255k
2454247
24542454a
2454238
2454228
24542212paty
245420
24541986
245419
24541884
24541874
24541872
24541840
245418083
24541752
24541635
245416203
245416
24541520hm
2454147
24541398
2454125
24541234_
245412241
24541181
24541080
2454103
245410
24541
24540KIKO
245408
2454062
24540602
24540540
245404s
24540350
2454024539
2454016
2454001x
245400
2453pol112*
2453maxd
2453lanet
2453jv
2453cb
2453bile
24539789
245396
245394edb
245394
2453934
2453932
24539174
245391125
2453894
2453889
245387hc
2453868
245385312369
2453829
24538187
2453811400
24538048
245380
24537723
245376967
2453764
245376208
2453755paul
245373356
2453728
24537215369863
2453709
24537035
2453695
2453694
245368
2453666
245364zero
2453642
24536351
2453616
24536123
24536100
24536043
2453595
24535894
24535746
24535545
245355
24535483
24535465
245354031
2453535+6317761
245353
24535218
24535185
24535145
2453505a
245350
2453492
245345545
24534417
24534406
24534323
245343
24534124
245340d
24534...
2453395
24533882
245338605
245337
245336a
245336000brkbrk
24533353
2453327
245330633
2453304
24533008
245329712
2453290
24532739
245327
2453266
24532588
24532518
245324d
24532453b
2453233
2453224532
245321t
24532122
24532086
24532001
24531952
24531899
2453184
245316298
2453158
2453152
2453149
245312910489
24531220
2453119
245311
2453103
245310
24530987601
24530961
24530761
24530687+k
24530659
24530623
24530545
2453048
2453047
24530398
24530387
24530304
2453027
24530203
2453010
24530060
2453000119
2452yp
2452andreita
24529922
245299
24529890245287700
24529863
24529699
24529689a
2452964
2452959NM
24529542
24529445
24529372pb
2452923524
245292
2452915
24528bieqm
2452888
24528579
2452849
2452845
245281.
245280
245278963210
24527876287
245277J
24527661
2452742
24527277
2452723
245272009
245270
24526995
24526960
245269
24526824
24526606
245265
2452645a
2452644
2452629
245262
2452614577
2452612
2452609
24525j
2452595
2452582
24525779
2452570
2452560
2452552aa
245255
2452544
2452538555
24525305
2452527
245252015
2452518
245250
2452496
245249102
24524827
245248
24524715
245246247
245245b
2452456
24524535
245245.
24524438
24524387
24524373
2452431
24524138
24524116
24524047
2452403mine
24524029
24523941
24523920
24523851
24523829
245238
24523741
24523738parajohn
24523738
24523702
24523640
2452360
24523493
24523365
24523322104
24523301s
2452328
2452321
24523162
2452314
24523123BesitoS
24523042
245230
24522959
2452290
2452280
2452275
24522718
245226
24522552
24522506
24522456
24522438
245223
2452213
2452211
2452202
24521969
2452192
24521866
245216rg
245216
2452153
245215
2452132
245212
24521093
24521026598
24520anhag
24520857
24520787
2452065
2452064
24520555
24520539
24520436436
2452042
245203
24520204
24520195
2452016
2452015128
2452008
2452006
2451vs
2451rr
2451nutella
2451lf
2451hero
2451eleo
2451ajrl
245199v
24519980238
245198cb
24519880
24519849
24519819a
24519773
2451972
2451965
245196
2451955
24519531
2451946
2451940
2451939
2451930
24519252
24519193
24519162
2451907
24519029
24518843
245188
24518721
245186L
2451862
245185213809
2451840
24518288
24518202
24518122
24518108
2451803
24518
2451787
245178
2451777+*-paola
24517689
24517545
2451742
245174
24517244
2451714
24517079
24516970
2451689730..
2451682
2451673j
2451652
2451648
2451616
2451604
24516
24515896
24515682
2451564
24515606
2451552
2451540
245153tt
2451521
2451512
2451505
245150
245149
245147
2451461
24514536
24514507
245143
24514213
245141c
2451417934
2451411
24514090
2451400home
24513j
2451399
245139
245138
2451376
2451363
2451361
24513481
2451344
24513330
2451332
2451319
2451313
24513026
2451295
24512804
24512717
24512632
24512611
2451246
2451238
24512334
24512285
245122
2451203
24511hma
2451196
24511926
2451188k
2451174
2451164
2451162
24511597
2451153
2451144
24511380
2451117
245110
2451096
2451090
2451073
24510668
2451045921
2451038
2451030
24510240
2451019
24510169
24510057
2451000
24510
2450violin
2450ridge
2450rena
2450mm
2450erja
2450draa
2450bb
2450ERJA
245098587
2450971
24509628
2450951
2450948
2450935
2450918
245090jg
24509
2450872
24508653
24508488
24508249
2450820
245081993
2450803
245080
2450773
2450769
245076
2450751
245073
245072
2450714
2450700001967
245070
2450689
245068
2450673
245066
2450653
2450646
2450619
24506115
2450607
245060505050-4
245060404020-9
24505927
245057371
24505495
24505356
2450528
2450522
2450518
245051
2450506nb
245050...
24504906
245046io
24504664
245046
245045
2450443
245042J
2450421
24504185
24504156
2450413
24504033
24504-25104
24503chloe1993
24503776
24503646
245036
245035
2450343
2450335d
24503209
2450310
24503042
24503015
2450300542
24502865
24502840
24502727
245026
2450251
245024ah
2450245024502450
245024
24502316
245023
24502260
24502157
2450205030118
245020501009
24502037
2450202030
245020201040-6
2450201036111
24501w85
2450196951
24501887
245018
24501772450177
2450162
24501562serymer
245015
24501421
24501306BB
245013
24501270
2450123
245012
24501185
2450111
24501021
2450100103
24500d
2450082
2450073
2450065
245006
2450057
24500501
2450042
245003900
24500329
24500316
2450019
24500137
245001
24500093
2450000d
24500-03
24500+
245/elec/1-2
245-aj
245-49-15
244ysa
244tlbnu86
244sl66153
244shannon
244robin
244qxzjkm9
244porto7378
244pin
244o463
244myspace
244mochi
244machines
244jordanlol
244jas
244hook
244hibbard
244gngsz42
244fyl
244entei
244colo07
244casa.
244bglcd
244af32c
244ThReAdclayton
244MOB
244LIFE
244Cogito
2449york
2449qyxdc
2449ks
2449crb
2449985
24499685
2449962
24499356
24499244
244991
24498988
244988bd
2449885
24498819
24498804
2449876s
244987
24498607
24498318
244982
24498101boi
24498036
24498+NATIS
24497nui
24497994
2449795
24497817995226294451825
244977
244975
24497460
2449738
24497
2449692
2449686
24496826
2449660
24496517
2449650
24496385
24496116papi
244960505014
244960402088
2449604020062
244960
24495945
244959
24495888
244958
24495641
244955ds
24495552
244955
24495465
2449523
244952
2449508
24494966m
2449476
24494724
24494429
2449436
24494203
24494173
24494058
2449390
2449373
24493671
244936
2449335
24493331
244932
2449312
24493051!!vn
24493002
24492Rose#
24492871
24492765
24492537
24492449
24492434
244923112233_
24492201
24492140
244921
244920501056-1
2449205010033
244920203006-7
24491987
2449192
2449189
2449183
24491687
24491635
24491531
2449148
24491425andrea
24491276
2449117
244911395
244911
24491049
24490devil
244908
244907
24490560
2449038
2449014
244901079
2448xd
2448thankgod
2448sr
2448pig
2448micasita
2448jg
2448fire
2448e977
2448cool
2448champ
2448FAN
244899
24489690
24489350
244892
244891153
244890a
24488fovsr
24488829
24488777
2448866087
2448860
24488527
2448832
244882
24488113
24487jm
2448789
2448782
24487738
2448761
2448755
244875218
24487417
24487363
244873
2448720
244871418
24487060
24486999
24486949
24486746
24486638
2448650-sam
24486415
2448636911012
244863
24486093
2448608612
244860503024-5
244860402014
244860402008
24485chose24998
2448598lolfranko
24485856wp
244857jobo
24485660
24485573
24485363
244851341
2448505040120
244850504005-4
2448505
24484brpd
2448498
24484911
24484829
244846
24484536
244845
244843892
2448438
24484216
244841484
24484075330
24484035
244840
2448390
244838*
2448372
24483644
24483587
2448356766
244834
24483339mj
2448309
244830202033-3
244830
24482991ktagay
2448289
244827559
24482626
244826
2448252JC
244824j
24482491
2448226t
24482251
2448220
2448212
24482070
244820
24481940
24481867
2448172
24481576
244815
24481371
244812381
244812
24481109
244811
24481029
24481009
2448090
24480835
24480622
24480568
24480457
244804
244803
24480142
2448007
2447cj
2447artegraffDRA
244798329
244793
244791
244788
24478700
24478646
24478593
24478486
24478426viri
24478196
2447811015
24478028
24477kent
24477979
244779
244778
244777
244776
244775
244774
2447723487
244770
2447687
244768
244767806
24476657
24476636
2447654nella
2447651
24476391
244760401013-3
24475828f
24475776
2447564
24475625
2447561
2447558
2447535
244753
2447523
244751226
244750101006-1
2447492
244748al
2447483kp
244748
2447467
24474536
244744940
24474389
244743
24474257
244741600202
244741316
244741
24474084
24474
244739692
244739403m
244739010
244738470
2447373teamo
244736
24473462
244733
2447329
24473202
2447317
244730997
2447300
24472874
24472783
24472687
2447259
2447249
2447243z
24472385
244723361
244722
24472136
244720501040-9
244720302007
244720203029-3
244719i
2447187177
244717
2447167
244714415
244713791993010493
24471276
244711802b
24471152
24471123
244711
244709gab
24470950
244707
24470463
2447030
24470274
24470155anny
2447012
24470085
2447003
2446pat
2446o4
2446ma
2446feb2079
2446dmm
24469972
244698747hg
2446970
24469569
24469551
24469525
24469498
244693661
24469299
2446924cw
2446923
2446913
244691
2446891j
24468883352378
2446873
244686
2446833
24468241
244680295
24467f
2446788
244678697
244677421
244676594
24467550
244675217
244674s
24467416
2446726
2446709ta
2446701
2446696
24466880
244668.
24466764
244666
244664
244663
24466270karlis
244662
24466045
244659496aj
244658977
24465739
24465727
2446561
244655
244654430
244654
244653417
2446523
244652
244651667
2446505
24465
2446482
2446473
2446471224
24464707
24464675
24464604
24464571
2446454
24464486
24464454
244644
244643
2446424161
244642
24464186
2446413
2446399
244639361
24463856r
2446383838
24463793
244637286
24463651
2446360
24463509
24463474
2446345
24463412
244633457
24463321
24463271
2446322
244631572
244630461
24462Chiba
24462879daniela
244628
24462756
24462691
244626239
24462603
24462537
24462482
2446241
24462363
2446234
24462242
24462056
24462024
24461927
2446190
24461835
244618132
2446179
24461581
244615
24461465
2446137
24461325
244612413
2446123
24461159
244611
2446108
24461017
244610
2446080
2446077526
244606048
24460509
2446045
24460278
2446014666
2446+0677
2445vero
2445ll
2445ec
2445cbr
2445beer
2445993
24459729
24459635
24459521dan
244594730
244593213a
2445919321
2445900
2445899
2445897
24458834
244588
244587
2445865
2445861
2445847
2445839
244583
24458103200
244580
24457780
24457590
24457481
24457466
24457437
2445741caseta
24457391
24457321
2445716
24457113
24457039
244570070
244569a
24456916
244569067
24456855
2445680
2445678
24456726
24456714
24456537
2445645
2445636
2445626
24456167
24456110
24456
24455958
2445585
2445572alex
2445566
244556
24455442
244554261
24455349
244553202
24455291
24455265
244551559643
24455082a
2445501
24455
24454905
2445490
244547
24454670
24454526
24454380
24454242
244541875
2445411954233006
244540244
24453971
244538547j
2445370a16
2445359
2445352
244534
24453181
24452A
244528
2445267434
244526
2445244
2445234
244523
2445214
2445202030
24451989
24451910
244518437
244517
2445157
244512927
2445122
2445114
2445103
24450989
24450898
244507
24450648
24450501
244504954
24450431
2445033
24450251
244500d
24450026
2444zoe
2444s11
2444nadine
2444me
2444kj
2444ama
24449l
2444975
24449701
2444965
244494094
2444921
244490333
24448fgiry
2444887
24448738
2444860
24448493
2444847
2444824065
2444817
2444803
24447pinto
2444793
24447679
2444747
244473708n
24447257
244471275j
24446936
24446857
2444679
2444667
24446494
2444648
24446381
2444619
2444614
2444605
24445hot
2444599
24445790
2444562
24445552
24445515
24445479
2444538
24445300
2444518766
244451196
2444504
24444922lucy
244447pinto
244447
2444466
244445719100
2444453691
2444450509
24444504933229
24444503852610
24444444
2444444
2444440
2444424
24444109
244440
2444381
2444359
24443509
2444344
24443236
244431987
24443027
24443002
2444285
244426979
244423
2444225
2444222e
24442165
2444212
244419
2444184
24441759
2444168
2444149
24441452
244414
24441318
2444118
2444103
244410
24440965
244409
2444080
24440743
24440622
24440438
244403bk
24440312
24440
2444
2443vp
2443ra
2443kj
2443gbtbk
24439911
24439839
244398
2443956f
24439502
2443947
24439428
24439297
244392
244390
2443893
24438869
24438821
24438688
244385
244384
244383
2443820
244381
2443795
24437888
2443785
2443773
244377.2010
2443736
244372009
244371
244370447306
24437
2443685r
244367
2443652
24436355
244360
24435kitty
2443581234
2443580
2443568
244356
244354
244353623
2443520
24435161.
24435101
24434ul
24434solat
24434has
24434ever
2443490
2443483
2443469
24434656
244345x
2443431aa
24434219
2443417
24434143
24433uauqr
24433927
2443389aa
2443370
24433660
24433654
2443357a
24433479
24433316
24433304
24433272
2443321
2443312893
24433106
24433061
24433
2443292
24432642
244325257
2443246
244323
2443219
24432181
24432119
24432001
24431al.
2443185mm
24431827
2443173
24431682
244316
2443152
2443151
2443145
24431335
2443113
244311
24431013
2443099
2443076
24430685
24430606
2443036
244303210385
2443027
24430140
24430084
24430
2442xx
2442vahan
2442top
2442skating
2442s3663
2442petra
2442mor
2442lyd
2442kevin
2442ja
2442elida
2442e
2442cm
2442bigc*
2442alan
2442ahgc
2442Password
24429763
24429563
24429455
2442931
2442922
2442919
24428m
2442894
2442884l
244287TEODIO
24428666
2442853
2442848
2442833
24428220
2442820
2442818
24428026
24427a
24427888
244277
244275
244274
24427284
24426tzbki
24426MF
244269
2442666
24426545058
24426515
24426227
2442600
2442593
244256GD
24425577
2442555
24425511
2442548
2442538
24425331
244253
2442527
2442522
2442520
24425168
244250s
24425075
24425027pp
24424960
2442491
244248
24424736
24424665xavier
24424649
2442464
24424563135
244245
244244c
2442445
244244244
2442438
244242810saulitox
2442397
244239533
2442391301021993
244239
2442386
24423823
24423742
244237
24423698
244235872j
2442355
24423523
24423519
2442345zhrdrm
24423453
24423387
244233002727
2442328
24423184
2442317
24423091
24423051
24423045
2442303
2442287
244228456
24422729
24422662
2442254
24422502
244224Mj
2442245
24422442a
2442238
2442217
24422041
24421941
2442190
24421849
2442179
244216341
244215we
2442151
244215
2442133124
24421214
2442121
24421173
2442096DA
24420907
24420888
244207x
2442078
2442072
24420679
2442065
2442061
244205
2442035
2442025
24420153
2442011
244200r
2442007elli
24420037
2441mbali
2441karkar
2441e107
2441Tps
2441994elmo
2441993d
24419931
244199034
2441989respect
24419821
2441980175
2441970
2441968
244196
2441955
24419436
2441913-7274569
24419021amaan
24418984
2441877
24418687
2441862
24418575
2441830
24418237
244181
24418
244177704
2441749
2441742
2441735
2441731
2441721346
244171cel
2441711
24416j
2441681
2441654*+
24416491
2441645
2441638
2441610
24415885
244157716
2441562
24415315
24415236
24414k
2441488
2441482
24414759
2441450
24414475
24414240
2441412
24413SPRUC
24413926
24413840
24413828
244138
2441364
2441356
2441350
2441348
2441336
244133
2441327
2441311
2441305
24412949
24412892443947
24412840
244128
24412731
2441272
24412668
24412599
24412561
24412528
2441246
24412442+041094p
2441244
24412424
2441235
24412285
2441224724
2441216
2441210
244120
24411944
244119
24411881
24411874
24411825454265
244118
24411684
24411600
2441151
244114
24411393
2441132
2441128620
2441123
244112
24411155
2441111
24411083
244110671995
2441102975
244109239123
2441080909
2441079
2441077969
2441072791
2441069
244105594
244105
24410367
2441033
2441025650
2441022796
244102
24410140
244101
2441007
24410062
244100
2440srcemt
2440pierce
2440ley
2440churchview
2440977
24409736
244095
2440934xa
2440924409
244092
24409038
24408941
2440887
24408838
2440869
244086-9
24408546
2440850
24408489
24408443
2440829
244080598
2440801
244079
2440787
2440781234
2440771
24407524
244074
24407320
2440718
24406porzi
244069
244068644
244067
244066
244065476
24406402
2440612
244061
24406
24405914
244058S
24405803
2440564
2440552
2440544
244053
24405155
244051
2440505
24404rmm
2440492
244048911r
2440481
2440470
24404674
2440457dali
2440456128061988
2440449
2440440
2440438
24404194
24404132
24404
244038710
2440378
24403689
2440338
244033
24403215
24403154
24403133
2440300
24402973
244029
24402887
244027
24402632
2440259
24402548
244024404m
24402234
24402020
244020
2440194
24401911
24401851eleazar
24401805
24401691007
2440163
244016
2440157
24401531
244015
2440149
2440143
2440130
244011013
24401011
2440099
2440085
2440077
2440065k
2440057
2440053
2440033
2440022
2440016
2440014
2440011
24400038
2440-025
244*976
243win
243vallejos
243tech
243sara
243rqrnz64
243riverforest
243remm
243reder
243q0g
243ozzy
243ntcnn52
243mansfield
243lucy
243l242
243jpcn
243isalj
243hunt
243hol
243h63
243etr
243ciaoeil
243cab
243biarab
243abc
243KS8140x
243FLYN
243ASKPX42
2439stud
2439kids
2439A1C
2439992
2439980
24399680
24399599
2439953T
243995
2439922
24399141
24399081
24398LOVER
24398859
24398825
2439878
243987
24398601
243985
2439830
2439829
243982
2439809samir
2439804
24398018
24397920
2439770
2439765
243975b
2439754
24397377
24397300
2439722
24397053yer*
24397
2439688117
24396868
2439674
2439664
24396546
2439638
2439629
24396191
24396099
24396025
2439595
24395627
24395589
2439531c
24395266loren
2439519
2439505321
243950
2439489
2439477
2439460c
2439445
243941721
24394054
24393993cm
24393835
2439379MIKE
24393663
24393579
2439353
2439324395
24393023
243929
24392739
2439255
2439249
243924
2439221
243922
243921989
24392143
243921
2439202
243919
24391666
2439147
24391372
24391212
2439100
24390man
24390957
2439086
243907
24390671
243906
2439042
24390331
24390321
24390292kd
2439014h
24390085fer
2439
2438tk
2438jjr
2438harvey
24389m
243899
243897bm
24389782
24389635
24389587
243894
2438933
24389202
24389152
24389002
243889
24388805
24388690
24388583
24388487
2438834
243881z
2438813a
2438810
2438804celly
24387919
24387862
2438773
243877
24387602
2438750
2438740419175403
24387330
243873
24387177ori
24386kc
2438684
2438680
243867
24386613
2438650
2438630
2438620
2438615
2438609
24385pipsy
24385a
2438597
243859022
243857554661
243856
2438540xx
2438534
2438528
243851
24384curramorna
243848
2438466140
243845
243842
2438407
2438399
243839
243836837
2438360v
2438352
24383297
2438324
2438307
243829A
24382842
2438268
243825
2438223
243821
24382
24381971
243818
24381703
2438168
24381635
2438147
243814193
2438141
24381301
243812zico
24381278
243811708
24381013
24380mvwf
24380974
243808
2438075
243807
243806
24380458
24380337
2438023
243802008
243800sam
2437pm
2437l
2437bike
2437b
243799751
24379869
2437972
2437962
2437951
2437914516
243790
243789
2437873
243786740252
24378571354076
2437843
24378318
243782530
24378022
24377ooo
243779xiaojia
24377865
2437766
243775625
24377443
24377254
243771stp
24377++
243768502
243768
2437679
243765
243763
2437623ga
24376
243759d
243759
243758635j
2437576
24375678
243756123
24375518
2437524024
24375199tv
24375126
2437497
243749
2437474
2437470
243746
2437452
2437445
24374292
243742440
24374172
2437407
243739l
2437375
24373619
2437343
243733314
243732523
243732338
24373115
24373
2437272602
243727
24372627
243726
24372371
24372186
2437209
24372039
243719828
24371838
243717
243715
243714
243713914
2437123
2437117186
24371124
24371021
24371
24370894
2437073
2437055
2437041
24370311
24370255
24370090
2437002291
2436rda3644
2436me
2436maydr
2436kak
2436gqyds
2436david
2436bonita
2436anux0057
2436997
243699
243698315
2436977
24369715
243697
243695607
2436924369
243691870p
2436915
24369043
24368840
24368668melani12
243686
24368350
24368329
2436831
2436814
2436808
24367man
243679445
243679
2436782
24367759
2436775
243677301
24367700
24367635
2436757
2436750
24367456
24367420
243673516
24367324
2436730
2436725
24367240
24367214/12/1995
243670498
243670
2436689
24366744
24366648
243666
243665
24366418
24366322
2436626
24366217
24366116
2436606
243660
243659m
2436583
243657z
243657297
243655823k
243655053
243654806
243654009
243652917
2436527
243652049
2436510j
243650993
243650
2436490
2436489
2436479
2436474
243646409026
243646
2436456
24364485alejandr
2436441
243642ct
2436426
24364240
24364126
24364068
24364
2436392
24363871
2436384
243634607w
2436345
243633642
243633575
243632787
243632
24363120
24362bm
243628t
24362859
2436270
24362693
243625
2436247
24362391
243622
24362160
243621
243620
24361985
243619
2436188
2436182
24361804
243617392
2436171
24361662
243616150
24361530
24361437
2436138L
24361338
243611678
243611212
2436111
243610cinthi
24360na
24360677
24360430
24360359
243603
2436027
24360198
2435thelock
2435suzumeru
2435mm
2435ml
2435lrz
2435king
2435hebron
2435creston
2435car
2435akqhb
2435Wadus
243599573
24359878
2435976
2435967
243595
243593472r
24359255
24359218
243591160
243590
243589599
243588c
24358697
24358655
24358431
243584
2435819
2435809
24357973
2435790
2435788
243578
243577
2435768
2435753
2435750
2435748
24357408
2435733
24357299
2435721
2435718
243571
243570
24356st
24356liudan
2435699
2435689
24356812
24356801
24356792
24356725
24356658
24356565
2435641
24356235
243561c
2435616
24356121
2435610
24356002
24355m
2435593
243558721
2435583
243555j
2435555
243554
24355301
24355192
243551053
24355045dj
2435499
2435495
2435486
24354772
2435471
243546a
2435455
24354364
24354305
2435424354
24354085
2435406
243539j
24353949
24353893
2435381n
2435357m
243535293
24353479
243534
24353337
243532867
24353195
243531
24353068
243530508a1
24353015
24352989
24352880
243528
24352757
2435270636
24352549
243524j
2435246
2435238
24352260
2435216
243521
243520534
24352025
24352007
24351982
243519284
243519
2435189
2435184
2435170
24351661
2435148a
24351338
24351224
243512
24351017
24351015
2435095
243508
24350784
24350659
24350572
24350564090596
24350354
2435023
243501ABC
243500802
243500
2435-700urq
2434suarez7160
2434oectt
2434love
2434joh
2434hammel
2434eroc
2434casandra
2434ad
24349801
243497
24349598
243494trl
2434946872
2434941
2434932
24349243
243491641
24349092
243490
24348924
24348746
24348669
2434854h
243484cwljjp
2434843
243480
2434777
2434774
243475
2434741
24347358mc
243473
24347223
243471614
2434701
24346972
243469
243467d
2434674aa
2434666
2434663
243465logan
243465
2434615
2434612
24346
243459
243456bball
243456511
243456.bff
243455
2434531
243451
24345000
243449891
24344943
24344911pbp
2434487
2434478
2434473
2434463
24344547
24344512.
24344503
24344493
2434443
24344388
24344365
24344341
2434430171
243442510
24344235fer
2434422
243442
24344145
24344067anamariam
24343900
24343837
243436908lore
243435=yin
24343574
2434356
243435433
24343524
24343459
24343416
243434
24343282
2434323
243432
24343170
24343156
24343123
24343063
243430
24342954
243428aap
24342741
24342670
2434264
24342585
24342505456
243424cv
24342434z
24342412
243423207152
24342251
2434202230
2434201688
24342
24341986.
24341924
243418
24341725
24341658
24341362
24341252
24341220
24341132
243410
24340938
2434081
24340679
2434058
2434053
2434042r.r
2434024340
24340202
2434012
24340021
243400
2433west
2433su
2433qq13
2433newton
2433jhtgk
2433alm
2433SU
2433BB
24339szn
243399
24339885
24339815
243397LB1994.
24339754
24339660
24339615
24339536
24339402
24339315
2433925
24339216
24339131
24339104
243390896
24339009
24338998
24338957
24338671
24338419
24338346
24338330
24338249
24338238061084
2433813+*-jordy
243381
24338042
24337cheer
24337922
24337821
24337642465307
2433758
24337423
243373oo
24337362
24337174
24337128
24336950*
2433692
24336896
2433680
24336738
24336614
243364p
24336453
24336381
24336335
24336277
24336245
24336102
243360
24335860
24335811
2433571
24335666
2433566
243356
2433556
243354rr
2433533737796636
2433528
2433521
24335121
243351068
2433506
243350
24334900
24334896
243348
24334674
24334614
24334575
2433450
243344621
24334330
24334279
24334266
2433424
24334203
243341as
24334097
24333959
2433374
2433364
24333636
243336
24333515
2433342
24333353
24333206
2433319
24333136
24333075
24333020
24332928
243328782
2433287
24332816
2433279
243327555
2433268
24332635673
24332622
2433261
24332561
24332466
2433245
24332323danielalejandro
2433231
24332236
24332156
2433205
24331c
24331986
243318
24331710
2433163
24331612
2433158ismet
24331518x
24331456
24331406
24331346
24331310
2433123
243312
24331164mglf
24331092
2433101
24331
24330azefq
243309873552
2433095
24330886
2433084esthery+
24330577
24330508
2433046
2433034
24330190
243301800
24330139
24330022marianap
2432yb
2432tidtee
2432saustin
2432nena
2432jalal
2432harrison
2432dos
2432d1
2432aida08
24329zaza
24329gpvqh
24329956
243299100
24329835dina2432
243298033
243298
24329674
24329606
24329534e
243295121555
2432944
24329387
2432930
243291761ca
2432909
24328845
2432864
243286
24328555
243284
2432838
2432824328
24328071
24327957
243279
2432777
24327592
24327573014
2432752
2432746
2432735
24327286
2432724718
24327169
2432710710240
243271
24326d
24326813multani
2432681
2432674006
2432641431
24326334
243262
2432614
24326054
24325916
243258991
24325770
243257342
24325636
243256
24325471072
24325463
24325453
243254
2432537372536
2432536
24325322
243253
2432527
243252
2432516
2432515
2432490
24324849mpvc
243247
2432458
243245243
2432443
24324393
24324356
24324303
2432425
2432418
2432401
243240
2432396a
2432382
2432376
243236825
243235c
24323552
2432352
243235!
24323486
2432344
2432324323
24323212
243231990
24323023
24323007
24322895
24322818
243227
243226
24322489
24322439
243224
24322322
2432224322
2432220
2432206j
24322
24321899
2432181
243216660
2432142
243212
2432116
24321075
243210245
2432096934911114
24320908
24320866
24320802
2432072
2432049
2432043
2432033
24320230
2432007
2432004
2432002
24320
2431ta
2431rox
2431mcmc
2431love
2431girlpower
2431gator
2431dec
2431cari
2431away
2431_j
2431998
2431995843301
24319951314520careandlove
24319940000
243199304
243199117
24319882825
2431985khon
2431979
2431974
24319678
24319663
24319587f
2431957yy
24319499
24319280
243191398
243191
2431906
2431898
2431891
2431877
2431870
24318588
2431845
2431831
2431824318
243182
24318010
243180
24317886
243177
24317684
24317665
24317627
243175922008
2431754
2431738bnk
24317366
2431723
243172
2431719
24317148
24317093
2431707
2431694
2431685
243165m
24316552
24316528
24316521
24316450
24316374
243163620095
24316339
24316267
243162534
2431619
24316100hola
24316082
24316027
24315karla
24315800
2431579
24315745
24315726
2431567
2431566
243155ko
24315567
24315495
2431548
24315448
243154
24315379
243152
24315149
2431503
24314903
243148
2431478
24314674
24314608
243146
243144575215
243143243
2431426
243142
24314103
2431406
24313965
24313940
24313905
24313891
24313873
243137MAGALY
24313619vh
2431361
24313567
24313549
24313548229
24313516
24313469
2431343
24313307
2431329
2431327
2431321961
2431312
2431306
2431291
2431281
2431277
24312648
243125746328536
24312556
24312525
2431245tl
24312457
24312432
24312381t
24312320
2431228188
24312273
24312131
24312068
2431201716
2431198141027
24311857lomaximo
24311817
24311761
2431169
2431161124311611
2431155946f
24311520
2431151
24311433
24311408
24311365
24311305rosma13
24311248
24311220
24311164
24311084439761
2431103595
24310l
24310974
24310909
243108CSB
24310810
2431075884
2431073343
2431068
2431064014iza
2431043660
2431039810
2431036793
2431032912
2431031698
2431028087
2431024ahmad
2431023
243102
2431018
2431009
2430sheng
2430pin
2430mg
2430kalel0127
2430erdn
2430chestr
2430avek
2430aj
2430_stefa
2430980
2430939
243093
2430924o
243091d
24309097
24309057
24309
243089918860cim
2430890
2430875
24308726
243086
2430836515
243082
24308
2430793
24307863
24307791
24307731
2430762
2430756
2430748
24307393
2430732790
243072
243071
2430695
243069
243068
24306555
24306422
24306277LTP
243061
24306
24305882
24305796
24305770
24305643
24305544
2430534
2430530
24305203
243052
2430507
2430500751
24305
24304915
24304721
24304618
243046
2430439
24304349
24304304
243042015
24304121
24303871
243038
2430359231
2430352
2430344antonela
2430324
2430320
243031y
24303111
243030800
24303024
24302725
2430269
2430263
24302617
243026110
2430259
243024a
2430241
24302314
243023
2430200309
24302001
24301992
24301870
243017
24301648
24301607
24301581
243015
24301453
2430142l
24301410
2430137078945612
24301317
24301239092
243011150
243009yamile
24300922
24300710
24300670
2430062
24300610
24300506
24300331
24300290
24300274
243002409
24300213117
24300163
24300124hi5
243000jk
24300073
24300052
243/26
243.13
243-killzone
242ymjlw69
242wiu2
242wer1
242w244
242uk3
242u.nck
242tjs
242tav
242skateevy
242sexy
242rockyou
242qq8
242pt908
242pcbqc97
242ocnemovasauce
242nassau
242mookie
242milford
242mcrfm86
242mai
242lover
242love
242kenzie
242kcl
242k424
242jemina
242gv114
242frost
242fatman
242edge
242deathwish
242clarinet
242cari
242bro
242borcin36
242bhdsr87
242augau
242a1lk
242ND1972
242FLY
2429tco
2429na1la
2429lgm
2429dakb
2429cass
2429carson
2429august
2429abraham
2429LM
24299MP
2429999
24299846
2429977
2429956
2429953
2429942
242994
2429936m
242993
2429921
242991
2429902
24298696
24298621
24298509
2429843
242983443368735
242983
24298243
2429822
24298081
242979
242978
24297409
24297212andres12
242970130
24297
242969sexo
242969
242968
242967
2429649
242964
24296325
242963
24296197
242961227
24296
24295cairo
2429597
24295931
24295733
24295578
2429552
24295440123
242953
2429524295
24295124
24295057
242950
24294992
2429484
2429466
24294508
2429438
2429432
24294258
2429410
24293karate
24293854
24293663
242936
242933c
2429321
24293103
242930ruth
242930813
24292952
24292924
24292724
24292558745024
242925
242924292429
24292373
24292307
2429224
24292125
242921
2429204
24291fran24291
24291983
24291523
24291425
2429130
2429124
242911646
24291073
24291
2429086casa
24290801
2429072
24290642
24290614
2429056
24290449
24290322
242902x
24290243
242902049493
242901a
2429007
2429#*m
2428sd
2428le
2428jv
2428gtocf
2428end317
2428derekdaniel
2428cf
2428b2a32
2428april
2428aircadets
24289a
2428987
24289616
24289526
242893967663
2428929
24289050
24289035
24288989ab
2428892
24288889
24288831
2428880
24288772
24288744
24288679
242886
24288485
24288467yemnery
2428842
242882
24288017
2428787
24287745
242876192
24287529
2428742
242874
2428729
24287148
24287053
242869630
24286892
24286808
24286774
242867
24286594
24286565mafer
24286545
24286524310396eni
2428650
242864561
24286381
2428625147
2428624286
242861sa
2428614
24286129
2428593
24285882
24285810
24285783
242857
242856917922855
2428560028
24285541
2428541kd
24285294
242851j
24285093
2428507
2428505
24284jm
242849
24284862
24284724
24284416
2428407
2428404
2428397
242839
2428388
24283821
242837560
242837
2428348
24283397
24283360
2428323
2428318
24283017
2428300
24282909
2428287
24282728100
2428265554
24282534
24282530
24282528
24282525
2428248
24282428S
24282334
2428224784
2428222
24282173
2428209
24282023
24282007
24281994
24281977Engels
24281892
24281826
2428179
24281757
242816969
24281677
242815al
24281509
242815
24281301
2428128
24281266
24281216
24281117
2428106
2428105
24281022
24280920
24280806rr
2428080
2428075
242807
24280659d
2428052531
242804pt
24280458
2428031609
242802tn
2428012
24280108
24280000
2427tansey85
2427so
2427rafe
2427ploy
2427pcwc
2427molo
2427mc
2427lucy
2427karenps
2427jm
2427hh
2427ep
2427d
2427char
2427alex
2427A
24279825
242798
24279686
24279627
2427959
2427950
242794028
24279266
242792
242791
2427907
2427902
24278985
24278805
242786AAH
2427853
242784
2427829
24278141
2427810
24278
242779B
24277930
24277784
2427769
24277535*2412294
24277416
2427736
24277298isamarld
242772021
24277143
24277117
242771
2427700
2427697
2427691
24276712008
242766123
242765
24276463
2427636
24276273
242759898
2427592pop
2427586
242757G96
2427568sm
2427567
2427558
2427549
24275473
24275434
2427540
2427525
2427524
242752
242751
2427501tefa
242750
24274993
24274913
242748
2427458
24274473
24274415
2427434
242743
2427420
242741
24274
242739
2427372
242737
24273443
242733619brenna
242732359m
2427319
24273133
24273106
2427301
24272ja!
24272925
242728wb
24272830
2427282806
242726293
242725ab
24272586
2427252414042630
242724luispet
24272387
24272311
24272127
24272101
24272071
242720212
24272007
24271lulucita
24271980
242718923
2427186
24271848fernando
24271819
2427180
242717272b
242716c
242716720
2427165
2427154
242715104
2427145
24271363
242712nitzia
24271261
2427123gur
24271197
2427114477
2427111090
24271038
24271025
24271009
24270oatty
24270925
24270891
2427075
2427064
242705e
2427034
2427029
242701m
2427000
2427
2426teamo
2426sl
2426reyna
2426raines
2426osball
2426nelly
2426kj
2426duck
2426buds
2426ad
2426Scottish
2426MIA
2426994
242699222
24269880
24269782
2426969
24269518
24269366
242693
24269216
2426901
24268886
242686j
242685w
2426852
2426847
242684236
2426828
2426821
2426819
24268133
24267nook
242679424
242679
242677
24267382
2426736
242673165
242672919
24267199
24267139
2426710
24267096
24266c
2426699
2426680
242667
242665
2426638
24266171a
24266136
242661
24266*GR
2426597a
242658l
242658671
242658045
2426575
2426552
2426538
2426526
2426510
242650783963kkk
24265063
2426500
2426489
242648
24264769
24264066
242640
2426397
242638966
242638017
242637584
242637
242636658brett
242635562j
24263537d
2426341
24263332w
242632b
2426323
242631974
242631575
24263132
2426312
2426300
24262980
242629091306lbjss
24262870
2426285
24262829
24262811
24262802
24262729
24262710princesa
24262636
242626
242625c
24262580
24262571
24262533
242624262426
2426237
242622KP
2426226
2426217
24262123252525
2426207
2426201425
242619m
2426198929
24261983
242619242619
24261915
24261892s
242618898
24261855
24261827
2426180
2426176
24261678
24261622
242615490
242614d
242614634
242613518
2426124
242611ab
242610m
24261064
242609l
2426083
2426077
24260669
24260604
24260465
2426033
24260304
24260205anmb
24260195
2426015973
242600sa
24260000
2425yey
2425wtr
2425tiebia080804
2425sv78
2425sexy
2425old504
2425maple
2425latula
2425gh
2425dw
2425catz
2425butterfly
2425brent
2425b03f
2425a8
2425FK
24259mya
242598526
24259800
2425976
242597
2425960
242595079
242594611512
24259369
2425926
242592
2425909
242589teri
24258882
24258600
2425851
242582
24258062
24258000
2425787
2425775
242577
242575
242574
242573726tlo
24257127
2425710
24256969
242568lol
242567f
2425678
2425676
2425651
2425632
2425616
24256125
24256105
242561
2425601
242558mhj
2425586
242558
242557212
24255698
24255617icag
24255529
24255420
242554
24255299
2425520
2425519
24255180
24255161
24254921
24254862
2425478
2425462
24254522091995
2425445
24254250321
242542
2425410
2425406
24254
2425399
24253946871
24253910
24253812
242537876
24253719
2425365alex
24253637
24253600
242535625
2425351
24253424
242533650
2425335
2425332551
2425330
24253272
24253233
24253183
24253114
2425309
242529iapm
242529dza
2425294852
24252925
24252904
24252832384144
2425281as
24252809
242528004-5
242527hnj
2425277
2425272
2425270508
242526v
242526p
242526enj
242526a
2425263218485866248
24252629
24252627282930
24252623
24252615
2425260407
2425260
24252526
24252522
24252507
24252486
24252453
242524282712
24252425a
2425242
24252410
2425232
2425230
242522lee
242522242522
24252142
24252020
24252000denisse
24251jp
24251989
24251987
24251979
24251927
24251916
24251715
24251711
24251705
242516amores
24251640110692
24251574
2425149
2425148
24251430
2425141
24251356rocco+
24251308
242512D
242512517
2425123paty
24251216
2425120
2425117
24251112528
2425110
2425102007
242510184_cna
24251
24250985
24250894
2425089
2425080519881990
2425072115
2425070936
242506425
2425053
24250432
2425032411
2425025
2425022920
24250216
24250193
24250108
24250102
242500c
2425....
2424zc
2424xn
2424va
2424tsw
2424tr
2424tita
2424suckerz
2424ss
2424sh
2424ro
2424rh
2424ramirez2424
2424r4
2424puppys
2424pp
2424pinkisshit
2424pet
2424payson
2424nn
2424mmrr\\
2424lol
2424lk
2424lh
2424kylie
2424kat
2424jqewp
2424jk
2424jf
2424jcjc
2424izzy
2424hc
2424goodlooking
2424gogo
2424gh
2424frog
2424fire
2424farewell1313
2424eway
2424edna
2424dan
2424cold
2424chvh
2424ch
2424cc
2424boss
2424bj
2424bambi
2424babe
2424ave
2424am
2424ad
2424aa
2424TINA
2424LJ
2424DZ84
24249928
242498933
2424965
2424951
242494771
2424938
2424933
242491470
242491268
242490
24248892
24248844
242487c
2424875
2424866810
24248636
24248527
24248421
242483gani
24248382
242481mesasd
2424810
2424797
2424787
24247777
24247624
2424746
24247388367
242472lpraul
2424724
242472353
24247101
24246ddkww
24246995
2424683
2424672
24246523
24246512906
2424640
24246328
2424629
2424626211
24246144
24246051
2424593_elpapi
24245852
24245831
242457
242456730
2424563781
242455815508
242455740
2424550
24245499
24245445
24245426
24245246
242451909a
2424519
2424512
24245045
242448bl
24244863
2424463
242445R
24244545
242445
24244313
24244277
24244181
242440g
2424399
2424396
242438
242437
242436987
2424366+7191200
24243636
24243587
242435
24243454
2424340
242433BEZLDY
24243320
24243240
242431mn
2424313
24243112
24242nut
24242929
2424286
242427man
24242720
2424263
2424258
24242528
24242501
242424tj
242424m
242424hp
242424golf
242424gang
242424dd
242424bd
242424KP
242424A
24242490
24242479
24242424pink
24242424242424242424
242424242424
2424242414
2424241604
242424101
242424038
242424.242424
2424233
24242323
24242282
2424225
24242177
24242020
242419966
24241988
242418a
2424183
24241689
24241605
2424155789
242414tony
2424142215
242413g
2424134
242412mm
242412355
24241234
2424122
24241212
24241118
242410angely
2424106543932
24241012ds
242410101982
242409128585
24240831407176
2424075
24240711
24240653
24240587
242405678
2424048
24240401
24240343
2424028
24240212
2424020
24240101
2424000
2424.hug
2424++
2423wxmi
2423tas
2423ragearn
2423lp2g
2423et
2423boo_06
2423alvjlp
2423a2423a
2423998
2423978
24239743
24239619
242395032
2423943
24239390
2423938
2423935
24239329
24239183
24239110
24239039
2423902
24238jrer646qw
24238900
24238892
242388087195..
242387
24238556
24238500
24238302
2423825
24238165cs
2423812
2423800
24237pwf
24237853
24237804
24237761
242376
2423740304
2423735685
24237283
2423725
24237231236
24237179
242371000
24236999
2423695
242368
24236722
242366
2423650
24236479
2423633181
242362k@
2423617
2423611458
2423603
24236000
24235xkhem
242359378
2423591
242358551
24235596
242355
242354021044668899
2423539
242353140
2423523531
242352
242351
24235023pelusa
24234934
24234771
242346060
2423442
24234332
2423429
24234092
242339853
2423391969
2423385
24233814
242338
2423373
2423361
242336
242334726
2423346
2423339
24233360
2423327yo
2423325
24233
242329R
24232925
24232919
2423284
24232731
2423271
24232639
2423256098
24232403
24232323
24232290
24232230
242322126
2423217
24232001
2423196
242319
24231847
24231813
2423180
2423167243307919
24231652
2423160462Q**
2423155
2423147
24231458
2423143
242313babyj
2423138
2423134
24231319
24231288
2423125
24231180
24231109
242310li
242310590baby
2423103
24230940
24230888
24230802
2423063
2423060
2423051
2423039
2423029
24230263
24230103rafael
24230048
2423$%&
2422sexy
2422noi
2422m
2422khayz7
2422jump
2422fink
2422cc
2422agd
242297
2422961
24229543
2422936
24229275
2422927
24229200
2422916
2422907
2422900003
24228955
242289
242288
24228669
24228615
242286
24228553
24228486
24228411
2422830
24228280
2422822
242282
2422818589
24228140
2422803191165663
24228025
2422800006
24227home
242279ja
2422795
242278
24227407
2422734
2422725
24227137
2422701
24226894
24226822
242267
24226487
242264
2422637
2422631
24226152
242261
2422600
24225dj
2422593
242259
2422584
242257729
24225748
2422565682469426
24225463
2422545
242253640358
242253218
2422530
2422527
24225215
242252
2422513
2422511
242250
24224d
24224893
24224846
24224770
242247
242245
2422428
24224213
24224176
2422410
24224099
24224002
2422393
242239
2422381993
24223802
242237526
24223653
2422363886459
24223588
242235
24223432
24223384
24223281
24223229
24223130
242231207
24223091d
24223029
242229413174475
24222913
242229
2422289
2422284616
242227216
2422248a
24222471
24222426
24222422m
24222410
24222322
24222295
24222229
2422211
24222085
2422201816
242220
242219yui
24221991
2422189
24221824
24221804
242216gr
24221667
24221629CAPRIh
24221623
242216
2422151
242214gg
2422149
24221443
24221414
24221358
24221313
242212sumaarca
24221285000
2422125
2422123
24221202b
242211068989
24221060
24221010Ma
24220977
24220921
242209
242208271610
2422079
2422077
24220726
2422069+
24220617
24220602
2422058
24220483
2422045
24220406
2422034
24220284
24220275JUVENAL
2422023
24220204
24220199
242201279455
2422004
2422
2421terka
2421sexy
2421nw
2421mj
2421kobe
2421ijC
2421ewlana
2421e72ave
2421dc
2421br
2421bf4eva381
2421ballin
2421TY
2421GP
242199_eloconeo
24219942421994
2421993382194
242199221250848
24219912421991
2421988
2421979
2421977
2421974
2421972
24219694
2421966
24219528
242195
2421948
2421941
24219393
2421933
242193
24219200
24219153
2421898
24218824
2421881423689028
2421876
24218713andrea
242187
24218650
2421852
24218483
242184
24218361manuel
242182
2421818
24218073
24218042
24218000043380
242180
24217prang
242179933
242179
24217790123
2421774
2421759
24217543
24217471
2421740
24217395
24217313
24217265
24217
24216cheer
242168
2421678
24216652107
242165891
2421648
2421644
24216364
242163
2421617816071996
24216141
2421611
24216
2421583
24215810
2421573
2421563
24215526
2421551
24215489
242153242153
2421524
242151kpk
2421515
242150rb
24215011
2421492
2421487
24214842
24214744
2421471
24214574
2421454
2421449
24214442
24214379
2421436
24214356
24214256
24214244
24214241martolota
2421417
2421414
24214108
242140
2421395
24213929
242139
2421389
24213692
24213650
2421361
2421356
24213506
24213446
24213248
242132314191
242131rolucae60
2421314
2421306
2421301831
24213
24212830
24212748
2421271
2421259
242125789
24212513
2421248
2421236
24212202
242121200
24212016
24211sli
24211993
2421190
24211890123749744
24211818
24211797
2421173
2421167
242116121724
2421159
2421151
242115
2421137
24211315gabycami
24211291
24211277
242112319760183
24211214
24211210
24211132
24211100
24211001053882
24211
2421096
24210901
2421088
2421086
2421083923
2421082615
2421081214
24210806
24210775
2421072462
2421070660
2421067376
2421066
2421063148
2421061998
2421055324
2421053454
2421052150
2421051267
2421050344
2421049726
2421049297
2421046921
2421045689
2421043
24210404
2421036808
2421035484
24210312
24210287
2421028278
24210270
2421024210
2421023534
24210201
242101930
24210123
24210098e
2421006913
24210019
2420whit
2420tyler
2420sure
2420rina
2420papa
2420mmd
2420jv
2420gyibc
2420friends
2420dona
2420cherub
2420Dood
24209990
24209910
242098
24209700
24209689
242096
2420936
2420931
2420924
242091
242090905
2420905
2420891
2420882
24208624
242085008
24208470
2420831
24208234
2420819
24208161
2420807956
2420800473
24207vvnzk
2420786
2420777
24207734
2420761
2420748
242074
24207346
24207298
2420727
2420716
242070IN
24207069
24206ja
2420686
2420683
24206771
242065643j
24206541
242065
24206407
24206271
24206259
242062
24206081
24206044lc
24205892
24205847
24205752
2420571
2420563
24205552j*
24205455
2420541
24205344
24205299
2420523
2420520520
24205200
24205111006
24205092
24204j
242048881
24204695
24204669
2420458caradepavo
2420450
24204427
242043
24204265
24204253
24204124
24204098*
24204
24203809
2420375
242037
24203509
24203491@ng!e
242034
2420317
2420314
24203065
2420303
242030
24202923
24202848
242027
242026
24202520karen
24202517
2420248
2420242026202620
24202399
242023
24202290
2420224202
24202206
24202165
2420210
242020055633
2420199391
24201977
24201901
242017kj
2420177maryygen
24201746
2420163
2420145
2420144
24201345
2420132
242013
2420127
24201211528
2420117
2420112
24201102
24201073
2420096
242008w
242006amor
24200626
24200609
2420058
2420052015
2420044
2420034
2420022
242002136
2420015
2420008498
24200000
2420.0
242.els
242&&h
242 gt
241wxcvbn
241temp
241sjohn
241sale24
241river
241pxx
241pass
241o2oo1
241niggah
241msg
241middie
241man
241love
241kp13
241jenny80jeter
241imogene
241gr8@naki
241fire
241ellis
241ejm
241cla
241caravan
241borat
241balrothery
241amb
241St121
241PUSSY
2419sketchkid
2419phil
2419lys
2419leth
2419if
2419cpf
2419as
2419CeeNo
2419992
2419990
2419970nm
241996d
2419966
24199611
241995sebas
2419958710
24199577
2419951995241925
241994mtj
2419948
24199425
241993august
241993241993
24199314
241992diana
2419925
24199215
241991linkinpark
2419911412312
241990l
241990c
24199032
24199018273645
2419901
2419900036657
2419900028093
2419900025213
241989matt
2419899
241989241989
24198901
241988dsl
2419883
2419875
241987123186
24198707
241986a
24198628
2419852004
241984jr
2419845++
241983july
241983104
241982ew
2419822
241981320
24198127
24198106
24198070
24197rebecca
241979a
241979922218072
24197907
2419789
24197849161195
24197809bs
24197785
24197693
24197632
2419760
2419746
24197399
2419733
24197278
24197194
2419714811532501
2419709
2419696
2419686jl
241968511996
24196724
2419663
2419654
24196520
2419648
24196364
2419616
24196151
24195985
24195863gabo
241958241958fideo
2419573
24195471ivan
2419538
24195318
24195258852
2419511
241950ml
241948
2419472
2419468
2419445
241943891
2419423
2419411
24194052
2419403katca
241940
24193911
241939
2419379a
24193637
2419355
241935325
2419342
24193377
24193298
241932
2419313
241929ryj
24192894
241926ya
24192658
24192551
2419249m
2419240
24192388
24192304
24192250
241921aa
24192003
24191abbey
24191929
2419181456
24191732058140
2419162
241915
2419125
24191114
24191036
24191011
24190love14887
2419095
241908A
2419087
24190807
24190742
241907241907
24190710
2419061192
2419053
241904382
2419021omda
2419015292mmm
2419014h
241901314
2419003
2418texas
2418ss
2418rebeldeway
2418monkey
2418maisel
2418kk
2418jon2418
2418javi
2418cass
2418Yossy
2418ETL@UPR
2418993
2418982
2418970K
2418954
24189477
24189397
241891993
24189068
24189010
2418895
2418873
241884
2418823
2418809
24187m
24187965
2418777
24187574
24187527
2418749
2418733
241873
2418718
2418711cell
24187082418708
2418690
24186816
2418669
2418653
241864mu
24186296
24186185
24186123
24186
2418592606
24185818
24185602Library
241855
2418538
2418524214
241851232
241851
241849135
24184599
24184413916
24184324
2418421
2418403
24184
241838w
24183684
24183605
2418346
2418326487
2418312563
24182915
241829
2418284
24182803
2418263
24182526
24182520
24182493
2418242515
241824190204
24182302muriel
241822m
241821R
24182125
24182006
24181k
24181957
24181879
24181766
2418172
24181615
24181581
24181510
2418146209
24181453
24181425818458
24181413
24181329
24181243
241812337kj
241812029
24181112
24181047
24181019
241810016
241809aja
24180907
24180869
2418081
24180740
24180709
24180696
241806407063525
24180617
241805fam
24180481
2418040034561
2418036
241802931210714
2418020
24180191
24180106
241800d
24180038830000
2418000000
2417wylie
2417tuyyo
2417rocket
2417nanc
2417luckyb
2417leysla
2417jpc
2417fpc
2417duh2417duh
2417carfri
2417aljime/
2417MJE
2417AZUL32A
2417993
2417992012
2417980
24179760
24179698
24179659
24179633
24179621
24179531
24179457m
24179443
24179399
24179383
24179369
2417932
24179276
24179225
24179219
241791761715
24179129
24179111
24179105
2417909
24179063
24179054
24179024
24179009
24178wal
24178864
2417881
24178785566
24178687
24178631
2417854
24178525
2417841
2417838
2417817184
24178123
241780
24177995
2417791
24177860dvzr
24177818
24177744
241775697
2417740
2417738
24177373
24177290
241771a
24177052
24177016
24176x
24176MARIA
241769
24176796
2417674
24176695
2417662
241765
24176443
24176354
2417617
2417615
241761
2417600532
241759j
24175918
241758634
241756
241755
24175480
24175344
241752
24175167
24175150
24175022
241749920792
24174959
24174875
24174814
24174732
24174697
24174616
24174499
24174420
24174321d
24173994
24173938
24173786
2417375
24173697
2417365
2417362
241735sa
2417351
24173436
24173362
241733
24173127
24173107
24173087
24173055
24173021
24172969
241729241729
24172702152710
24172611ggnnbb
24172526
24172475
2417240
2417223
24172203
24172170
24172105
2417200003
24171982
241718aem
241717a
24171788ori
24171757
24171724
24171712
24171696
2417168
24171656
2417163
2417162
241715925j
2417155na
2417150
2417145
24171410
24171387
24171319
2417130504
2417125
24171191
24171184
24171148jd
24171138
24171104
24171088
241710281
2417081945
2417062
24170540k
2417051423
2417046
2417022004
2417021987
241700151
2416ym
2416rob
2416nemo
2416mem
2416lmph
2416jo
2416ferx
2416ea
2416cj
2416breka
2416bc
2416alex
2416V
2416997d
2416991
241699
2416989
241698685
2416981
241696844
241696
24169581
24169532
241694
24169342
2416933
241693
2416926
24169234
24169229
2416916
241691475588
241691273
241690CC
241690820
24168999
24168886
2416875
241686
2416858
241684
24168383
24168353
2416823
24168165673545
2416801
241679979bs
2416795
241679203
2416789
2416783
24167795
24167751
24167725
2416764
241675659
241674808k
2416723
2416718
241671084
241670458
24166kg
241669
241668
2416671
24166532
2416647
2416613
2416607
24165987
2416597
241659
24165726
241655
241653
241652016
2416513
24165122416512
241650740
24165
24164956
2416484026
241646
2416422
24164000
24163948
24163793
2416377
241637246
2416369mv
241636259m
24163528
2416349
2416345755
241633785
241632947
24163160
2416305
241630
2416295
2416289
24162803
24162762
24162656
241626
24162560
24162536ongkobudi
24162529
24162448
24162376
241622tw
24162210
24162141
24162120552
