326320
3263180
326316
3263143102
32631310
326313
32631254
326312
3263107
3263088osl
3263070d
3263057
326302
3263009
3263
3262pix
3262nh
3262liente
3262k7
3262hk
3262elly
3262dmxyq
3262dan
3262burger
3262992
3262958
3262939
3262930k
326292dyf
32628lollyPop
32628986
3262893
326288dc
3262888
3262873
326286
3262852
3262844
326283
32628125
3262807
32627NK
32627753
3262765
3262743
3262716
32626960
326267
32626691
3262662
326264
3262629
326261
32626
3262599
32625860
3262559
3262541
326253214
3262517
32625120
32625064
326250
3262495
32624888
3262482
3262480
32624625
326245tatiodonto
32624580
3262450
3262418
326241
326240
32623863
3262384
3262377
32623646
326235286326
3262346
32623323
326232m
3262319
3262314
3262301
326229324111
326228
32622545
3262244
3262230
326221905
326220
3262177
326217020
32621688
32621651
326215J
3262149
3262140
32621300
3262125
3262121
326211
3262103
3262102
3262098
3262088
3262082
32620723
3262054
32620301
3262021
326201
3262001
3262000
3262 32
3261mcca
3261l9
3261fuckin
3261993jkn
3261984
3261982
3261980ob
3261979
3261977
3261973
3261969
3261960
3261959
326194
3261931j
3261931
3261921
32619123
3261905
32618x
32618a
326187
3261820
326178981
3261766
326175
3261708
3261698
326169
3261666
326164
326160
32615d
3261598
326159487pepuk
326159487g
3261594877
32615948701
3261586
3261567
326155142110198
3261517
3261509
32615019
32614m
326149
326148
3261449
326141
3261408
3261402
3261398
32613857
32613740
3261369
326134
3261318
32613
3261271
326126jp
32612531
3261252
3261242
32612304
326122504
3261222
3261214
326121
3261203
3261199
32611714
3261158a
32611379
32611310
3261129dj
3261125717
3261120_YANLI
3261106
3261096
3261083
3261081
326107
3261062
32610518
3261044
326104
3261024
326102
3261018
3261012345
32610
3260slim
3260ikbkb
3260david
3260NINTH3420
3260991
3260975410
326096
3260936
326092
32608m
3260868
3260855
326085
3260829
3260815
32607keely
32607anm
326077
3260749
3260738
326072
32607037
32606pooh
326068
326067524
3260664
3260627
3260616242
32605tiny
32605866
326056
326053
32605
3260487
3260472
3260462
3260457necati
326045
3260426
3260401
32603happy
3260361
326035
3260343
326031a
3260308
3260300518300
3260300480990
32603000819212
3260300027471
32603
3260294
3260279a
326027
3260254
3260250
32602407
326023025
3260228m
3260226
3260222
3260203cg
32602
3260177
3260167
326016
326015
3260143yiran
3260110245
3260100709241
3260100472900
3260100202244
3260090
3260080
3260038
3260024
32600177
326/1516
326/103wirasinee
326.axommoxa.a4
326-0215
325zero
325weezy
325tsc
325touring
325tigers
325tex
325sweetwater
325sinpatch
325sexy
325sandd
325sable
325ram
325r312
325pink
325ohh5
325norris
325naughty
325mus
325ml
325mattie
325maliah
325m321c
325lo325
325lbs
325lansbury
325kira
325josh
325jazz84
325jalor
325israel
325im84gmd
325ii325ii
325i5610d
325girl
325gates
325f27
325eleanor
325ehjjz
325e4621
325djyng
325ci200308
325box
325bimmer
325b3m8l
325air
325SNis#!8
325MAL325
325DFangie
325A130V828
3259mo
3259jdel
3259desi
3259994_61
325998
325997
3259966
325995231987
3259947
325993910
3259933
3259924    0127258200
3259900177501
3259900124
32599000
32598f
32598702
3259859
3259836
3259828
3259800021721
325978nay
3259783
325975328
325974
3259726
3259700132865
325970
3259684
3259640ms
325961478altav
325960
32595love
32595j
3259584
3259572
3259543
3259534
32594rod
325949879
3259456
3259436a
3259410
3259403k
32593d
32593824
325935
325934
32593200634
32593136
3259305
32592ozqps
32592erS
325929
325928
3259262
32592546
32592505
325924
32592304
32592125
32592102598
3259207
32592
32591rox
32591874
325917
325915
32591317
3259127
32590sd
325906jr
3259062..
3259052
325902
32590019
32590000
3259
3258e789
3258coco
3258bjk
3258anna
32589qkdgq
325898
3258965753
32589500
3258946
325894
32588v18
3258888
3258876
325887
3258868
325886679
325886
3258853
3258852
3258828
3258817a
32588141187
325880
32587a
3258797
3258789
325876
3258752
325874123
325873
3258720
3258712
3258701
32586l
325867
3258639
32586142s
3258611mlr
325859511
325858616
325854M
32585346
3258513
32585000
3258496
3258452
325845
325843178
325842529
325842020
3258420
325841l
32584144
32584050
32584
325839
32583783
32583750
325835
3258327659
325832
3258311t
32583100
32583077
32582890
3258273
325825
325824
325822
325819zf
3258193ihsndrk
325819
325818
32581778
32581714
325816d
325814
3258130
3258126
325811
3258107
32581
325809
3258085gt
325808
325806
325805
3258.3258
3257smr
3257jmm
3257hmhm
3257fries
3257dijaboo
32579940
3257989
3257980
3257975
325797
3257962
32579549
3257936
325791574
325790
32578988
3257889
325786ni
325786
3257852732578527
32578452
32578137
325781
3257801
3257799b
3257783
325774
3257715
325771014
32576883
325767
325766
3257649704
325763
325762
325759
3257566
32575417
325753
32575224
3257507
32574ANGEL
3257482
3257457
32574196
32574
325736
325735
325732m
3257312
325729654
325729
3257283
325727
325725295
325725
325722
32571jt
3257170
3257142
32571234
325712
325711
3257095
325709
325708
325705963
325703
325701bee
3256td2145
3256pass
3256goth
3256angel
32569999
32569874123
325698741
32569842
3256972
325696
3256942
325693_93
325693
32569273
3256918470
32569109
325689tr
325689jesus
3256889
3256875
32568601A
3256836
3256806
32568024a
32567vjxjm
325679
32567870
3256764
325675
3256746
3256743
3256729
3256710
32567
3256689
325667
32566330
3256626
325662
325661
325658v
3256580ls
3256575
325654787
325653
3256527
3256510
32565.
3256487
325648
325647
3256464
325645
325644
325643210
325641
3256401452
3256400266
325639
325635th
3256345
32563351
3256325852123
32563254
3256302
32563
325629sag
3256252
325624334
325623judy
3256233
32562105
3256201
3256179
3256167
3256146
325612v
32561234
3256112
325610
3256092
3256069
325606
325604
32560382
3256+4135465743486764568784563487444444
3255winona
3255sn
3255perry
3255gw
3255ctg
3255cb
3255@54
325599
3255984
3255978
3255965
325594
3255913
32558832
3255867
3255851
32558205784
3255807
3255798
3255759
3255745
3255721katha
3255706
32556893amorteamo
3255665
3255655
3255647
325563c
32556304
32556212
3255615
325559517505990
32555832
3255576
3255555
325555
3255541
3255530
325551
325550
3255482
325544
32553gwzp
325537
3255359
32553255r
3255317
3255302
3255296
3255283
32552811
3255277
32552577
32552549
325524
3255237
3255230
325522
32551994***
325519
325518
32551643
3255157
325515
3255137asm
325513
3255125
32550yzonb
32550912
325506m
3255051
325504
3255011
3255
3254rb
3254pr
3254love
3254ee;
3254damrong
3254cd
325499
325497646408
325494
3254936
3254916*pg
32548sealonline
32548791
3254875
325486
32548376
3254831
3254812
3254803
32547m
32547849
3254742d
325471casa
325471
325469
325468
32546562deku
325465
3254641-6
3254627
325460
3254590
325458
3254560
32545583
325454120
32545291
32545217
325452
32545
32544955
3254489
325447503
325443kt
3254433
325441
325438
3254370
325436105
3254356632
325435
3254338199
3254298
32542843
3254271992
325425pmb
325424
325423
3254228
3254227
32542177
325421519
32542
325417896
325417
3254158d
3254156
3254148681
32541415
3254139
325412654
32541131
3254107325
32541004
32541-cc
3254060
3254044
325404
3254036
32540340
3254033
325402d
3254007n
32540000
3254
3253rdstre
3253hf
3253drre
3253997
325397
325396
32539428
32539165
3253908marife
3253901
3253882173
3253865
325385
3253846
3253813
3253798
325379
325377244
325375
325373
325371
325370
32536j
3253690
32536811
32536748
3253663
325361234536
325360
32535ygteh
3253572
3253570
325356
32535346
3253523
3253514
32534l
325348
325347
3253461
32534469
325342
325341078
325340810
32533MYLove
3253394
325338
3253344
3253335
325333
3253315
32533
32532777
32532665
3253255
325324259
3253236
325323
32532232
32532062
3253198
3253171
3253166
3253144
325314
325313
3253120
3253067
32530419
3253022
3253
3252svvfh
3252mejia
3252kingsire
3252jr
3252dtm
3252ae
3252996
325297
3252957
325294
3252931
325291l
325291
325288
325286
3252845
3252825
32528231032
3252811
3252809
32528033
325279
325278
325277607
3252761
325275a
3252742
32527282
325272423
325272
32526o
32526969
325268497
3252662bs
32526585
32526514
3252639
3252629
325262
32526113
3252604
32525z
3252576
325257
3252565
325256
3252556
325254
3252533
325253
32525109
3252491
325247
32524600
3252453
32524523
325244ab
3252442
3252425
32524149
325240klbh
32523=15sothere
3252395
325239
325236204721328
3252354
32523430
32523269
3252323
3252316
3252311
3252302
3252301chiko
32522844
325228
3252272521
3252268
325225
32522359
325223
3252206
325219sts
325218478
3252180
3252169713
3252154
3252151
32521374
325212911
3252121ia
325209
3252078
3252076
3252060ic
325205971
3252032520
3252020
3252008ms
3252004
3252002
3251tino
3251no1
3251gert
3251asew
3251JHX
3251@hoki
3251998
3251993a
3251989str
3251986nh
3251981
325198
3251966
325196
3251953
3251945
325194132
3251932
325192
3251915
325191
325190
325189123
3251885c
3251879
32518560
325185
325184
32518293851473
3251823
32518159m
32518090
32517oso
3251785c
32517808
325177877
325176
3251743
32517367
325173
325171
32516823248110
325168
3251678
325167
3251662
325164580
3251643
3251633
3251621
325161813misery
32516088
325160
32515a
3251597
325159
3251570
3251558
325155
325154
3251530
325150
3251497
32514632
3251454
325144213036
3251429b
325142
3251401
325140
3251384
32513550
32513548
32513451
325133
3251325
3251313
3251306
325129m,
3251294000
3251291
325127367157
325125
3251241
325124
32512322
3251229
325122519
3251200600536
3251200458241
3251200071053
325120
3251199
32511964116941988
3251172i
325116
325115
3251129
3251127
3251115
3251107
32511
3251098
3251083
325108
32510639
3251059
32510519
32510500
3251031
325102711
325100x1
3251000477510
3250sb
3250pago
3250love
3250eshwary2271
3250cleo
3250ca
3250alets
3250LEXI
325098
32509603
3250943a
3250943
325094
32509077
3250905
3250900138265
325090
32508luv
32508gab
325089936
325089
32508796
32508713
325086651
325085
3250834
3250808
3250800418185
32507dw
325078
32507444
3250743
325073
325072
3250718d
3250700347740
3250700
32506thib
32506rhywd
3250668
325066504
3250646
325064
325062c
325062547
325061982
32506108a
325060
32505jhg
32505G
3250580
3250560
3250553dad
3250532505
3250530205
3250528
32505221
3250511
3250500613
32505003
3250500192751
32504woeh
3250495
325049
3250477
325047
325045
325043e
325043
325041118890
325041006
3250400999709
3250400527882
3250400
32503skm
32503j
325038/18
3250376733
325036250
32503526n
3250344
32503350
325032k
325032503250
325030039
325029552
32502800
325026
3250237
3250233
3250221605
3250217070046239
325021314
3250201
3250200558024
325020
32501a
32501982
325019457
325017
32501484
32501331
32501201
32501181
3250107
3250103
3250100714652
3250100542924
3250100504151
3250100381751
32501+2gdr
32500oconee
32500MNBA
3250081
32500693nikko
32500497
3250028
32500226
3250013
325000444
325.325.m
325-0081
325
324ya9f7
324vks
324sno
324sdf
324racer
324pinky285
324ors
324neia
324mvt
324maria
324lover
324ksn
324jtrak
324jrt
324jjr
324jasmine
324h11
324gtcbean
324gera
324fucsa76
324flo
324egeave
324densg47
324crw
324colfax
324cloud9
324carly
324bruce
324bountiful
324apples
324alma
324SJP
324Louisa
324LB6486
324CUTIE
3249tzmt
3249mar
3249ismyname
3249ding
32499779
324994
3249922
3249911
324990004041
324990
32498kia
32498a/a
3249898
324989
3249886
32498380
3249816
3249802
3249799
324978
32497540124883182
3249752007
3249709a
32497
32496kkm
324969
32496823
3249653
324962
32495cw
3249569
324956
324953449MIO
324951852357
324951
32495088sep
32494852
324944J
32494400
32494179
32493kss
324938794
324934
32493249.
3249321
3249312
32492bee
32492a
3249287
324926
3249209
3249201
32491r
32491c
324919yen
3249179
3249166
324916
3249145
324913barney
3249134
32491265230374
3249125
324911flori
324911
32490h
32490K
3249089
32490801
324907
324906
324903
3249012
3248tr
3248navy
3248jw
3248bitch
32489a
324898
32489657
3248911
3248907
32488t
32488962
324888
324887
3248864
324884707
3248817
324881
32487c
32487702ar
324876
3248740
32487234
3248706
324869gb
324868101
3248672
324867
3248660charlotte
3248651a
324861105504
324861
324859ana
324857
32485695220
3248560
324854
32485368
324853
324851301015
324850406026-2
324850402029-0
324850
3248484
3248478
324847
324846252
3248443
3248433
3248415
3248413
32483cheech
32483710
32483249
3248299
3248286
3248252
32482307
324822342463
32482132168
324821
3248201grazi4life
324818
3248157
324815333472
324815
3248133
3248129
32481204mc
32480cv
3248094
3248053-sara
3248043
324802181ERZ
324801989
324800w
3248
3247pineview
3247fish
3247cp129
3247Toph3r
32479m
324796
324795
3247943
3247924
3247905384
32478d
32478878
324787702
324787084
324786
3247852131
3247840
324783I
3247835
3247816
3247805
324780
3247799
3247789
3247780
324773
324769998
324766
324765683
32476390
324762456
3247616
3247611
3247608
324759
3247583
32475697
32475585
324754
324751301006
324750505021
324750503006
3247498
3247474
324746838
3247447223
3247435*3243599
324742766
32474218
324741
324737782
3247373
324735220
3247338
32473204
324731
32472804
32472519362
324724
3247226
324722
32472157017
3247206a
32472
3247184
32471622
3247154
3247130
32471205
324711574
3247107
324710
3247091
32470884
324708
324704laly
324701
32470
3246ruhg
3246mery
3246jaja
3246Be7to
32469mark
3246974med
3246955147
324695
3246934
3246932469
324692
3246907185
32469
3246882
3246877
32468700
324685
324681
32468
32467957306
32467891
32467759
3246768
3246764
3246759
3246752
32467280
3246722344
3246707
32466inhon
3246689
324666
324664
32466220
324661120
324659n
324659
3246581
3246569
3246566
324655
3246524
3246518
32464kc
3246490
3246476r
324647
3246444
3246411
3246383
324636ms
32463541
3246352
3246332
3246321
3246309ulvn24119
324629
3246277
32462280890
3246217
32462
3246182a
324615
324614
32461279
32461039
32460952emi
3246073
3246059
3246038
3246028
32460139
3246011
324600hey
3246
3245mw
3245k
3245ei
3245dolphins
3245KEYA
3245A-4a
3245991
32459810
3245970
3245962
3245951
3245922+000
324590751q
324589
3245873
324585
3245831
3245804
32457pw
324578
324576
324575241907
324572
3245703
32456xof
324569
324568
3245666
3245656
324562
32455j
32455933
32455859
3245579
3245566
324556
32455487
32455480
3245535
324552
324549914215
324549
3245480
324547
324545
324543902j
32454208
324542
32453a
324538206
324537DJ
32453762
3245369
32453594a
3245353
32453458
324533gaz
3245321
3245312
3245301
324528914
324527
32452658stars
3245263
3245234
32452303
32452123
3245203s
3245202
32451925
32451832
3245169
324515606
3245141
3245112
324510k
3245103
32451
3245095
3245084
324508
324505
3245032
3245028520g3
3245023
32450195
324500p
3245000
3244rocker
3244lr
3244bld
3244CW
3244991
3244983td
3244979130
3244969
3244962
324495fai
3244927
32449166
32448a
3244886
324488
324485
324481
324478
324474
324471
3244693
3244675
324467
3244659
324464
3244620
3244609
3244606
32446
3244589
324458225520
3244564
324455
3244510
3244501
324449112
3244465
3244463
3244456
3244447
32444401
32444051
32443kas
32443865
32443621
3244343
3244335
3244324
3244305
32442xegjdg
324427
3244266k
3244257.
3244245
32442323
3244228
3244217
324420x
3244194
3244167
324416
324415
324414
324413
3244116
3244105
32440azqpx
324407
3244066
3244055
3244047
3244032440
324401
32440
3243kp
3243eastwood
3243agus9700
32439857
3243959
3243942
3243923
3243914
324390
324388
3243873
324386
324385
324384
324383
324380
3243790
3243773398
324376164235
324375
324372
3243688
324367
324364L
324364
3243639
324363
324361k
3243612
32436043231785
32436
3243596
3243582
32435533
3243550
3243548
3243541na
3243528
32434qtqp
324349
3243485
32434748
324347
3243457
3243453
324344
3243425
324342
3243404
324339
324336
324335
32433404
324332433243
3243314
32433
324327892r
3243274
3243261
324325455
324324kl
3243242
32432400
3243224914
324322
32432
3243196
3243176
324317
324316
3243142
32431179
324310
32430963
324308
3243073
324304
3243012
3243009
3242rnc
3242kay
3242Dipset
324299
3242936
3242925
3242911
324289
3242887703
324286
3242849
3242834
3242832428
3242821660
324280716
3242805
32427peja
32427kwnsf
32427988
324279
3242781
32427740
3242765
3242755
3242737
3242730
3242722279
32427092
3242700
324269/9521407
3242674
324266643
3242649
3242642
3242632
324262
3242615_yo
324260
32425a
3242590
3242588
3242562
324256
32425490
324253
3242525
324251isamar
32425146
32425
32424d
324249324
3242484
324246
3242453agt
324243
32424232
324241
3242401
3242380
3242369
3242354
324234564
3242335123
3242325
324231
3242303omerate
324230
3242292jv
3242280paul
3242273
32422633
3242252
324224777
32422267
324222
3242205
324220
324219
32421886
3242154
3242141
3242135
3242129
3242120ER
32421111534
3242080
324207
32420528al
3242046almacen
324204
3242032
3242020
3242005aml
3242000
3241rocioos
3241kn
3241ftg
3241dancer
3241benn.
324199j
324199512
3241989k
3241985
3241980
3241979
3241967
3241962
3241956
324195
3241941
32419347902
324193
3241920
324191
324189
3241887
3241881
324187c
324184jg
3241836
3241821
3241805
32418032
32417910
324177
324175
3241734
32417325
32417147
3241704
324167
3241657
3241635
3241627
324162
324160
324159771
3241582632415826
3241575
324157
32415529
32415310
3241521b
3241506jonathan
324145549
324144
32414344
3241429
32414217330
32414135
32414050
324138514
32413746
324137
3241367985
3241357
32413551b
3241350
3241335
32413310
324132413
3241309
3241306
3241297
32412852
3241276
3241269
324126
3241234
3241225
32412207
3241211
324121
32412025
32411984qn24
32411854
32411764
324117
32411600
3241127
3241122
324111111
3241100
324109081
3241088
32410834
3241079
324106269
32410560
3241051760
32410445
3241040
3241034ss
3241031
324102
324101
32410067
3241000z
32410
3240tak
3240lapoya
3240ja
3240fllp
3240bd
3240ab
3240998
324099
3240979
32409709
324096163
324095
3240909
32408900
3240883
3240866
324086
3240851
3240823
3240812
3240800220644
32407fla
32407D
3240778
324076
3240740
3240715
32406pjiix
32406f
32406chula
3240693
324068
324067
3240659694406W12
3240654
324064
3240627
3240621
3240600490711
3240600418581
3240600244795
324060
324059
3240541514200512
32405143
3240505
32405002
32404991
3240495
32404755
3240431
3240420
3240405
32404036
324040
32403j
3240396
3240379
324035
3240336
32403143j
324031
3240300566720
3240300049571
32403
3240283
324028
324026
32402420
324024011
324023
3240216
32402006
3240192
3240189
324018165
324018036
32401696
3240162
324013mym
3240134
32401127304
3240108
3240100819616
3240100718356
3240100400259
3240100273958
32400rs
3240083240008
32400750
3240032400
324001a
324001321any
324000j
3240000
324-mcr
324-0351
323zxedx87
323yque
323x13
323wicked
323vzkpo
323uus
323tivo
323superman
323stacey
323sol
323sexy!
323scla
323sassy
323sam323
323rules
323rotary
323ricardo
323rae
323pooh
323pebbles
323pajero
323nywold
323munchkin
323mr.jones
323mkh
323minerva
323mike
323melissa
323matt
323marianita323
323maplest
323mami
323m9365=
323loveher
323losangeles
323llullo
323lilo
323leroy
323laloca
323lady
323kotukustreet
323kiho
323karen
323joe
323jesus
323jazz
323imsexy
323ib
323hussnian9561
323hoe
323gtjlr85
323gnuey
323gatita9880
323fl2520
323fayreid
323familia
323epal
323elmo
323deb
323daveopah
323danna
323cvm626
323cicoupe
323chick
323cherry
323chad
323candy
323bravohs
323bella
323balematua
323bab
323awru
323astina
323asd
323aries
323anna
323angel
323alondra
323alex626
323adilio
323_53626
323TURISMO
323SANSIRO
323PBC
323Nsjr
323NFG0014
323MOBBER
323LOVE
323KITTY1
323JESUS
323HALFPIPE
323GL
323FAME
323BRICK
323BLONDIE
323BABY
323ANT
323@rockyou
3239psp
3239kk
32399lsb
3239988
3239980
3239976686
3239968
3239946
32399323
3239929
3239912
3239900057972
32399
32398ajnwk
323988
3239872
3239869
3239848rob
323983
323982
3239819
323981
32398000
32398
323979
3239741
3239733
323972a
3239720
3239717
32397035
32397
32396n
323969
323965
323963
3239619
32395sugarland!
32395hb
32395e
32395930
3239589
3239567
3239557
32395387
32395232
3239519
323950
32394bking
323948
323947
323945
32394461
3239421
3239418324
3239412288
323940
32393mcintosh
32393d
323938
3239360
323934
32393368
3239335
32393019707159
323929507
323929
323926zmj
32392527
3239249
3239243
3239222
3239216
3239210
323920
32391m
3239198
323917
3239166
3239153
323914
3239138
3239135
323913
3239124
32391227
3239105
32390opnfh
32390ariesum
3239085035
3239061197
323905590
3239028
323901213
3239008
32390021
3238xm
3238west
3238poochi
3238kasparov
3238ezekial3238
32389xyov
32389b
323899
32389871
3238982651983
3238981
3238960
323894
32389293
323892
32389180
323891
323890
3238895
3238890
3238881841
323887419
323887
323885
3238834
32388202
3238809
32388017
32388
32387962811
3238787
32387595
3238748
3238727
3238701
3238697
3238689
3238676
323865
3238633
3238623
3238610863
3238593
323858
3238578
3238550
32385262
3238516
32385109
3238503
3238495
323847
3238460
32384560
323843397
3238426
323842
3238416
32384071
3238400
3238394
32383842
323837
323833188
3238313m
323831
323830
32382czcyy
323828467
3238250
32382453
3238241
3238232016
323823
323821810
32382099
3238203123
3238198
3238189
323818
323817
3238155
3238135522339888
3238133
3238124
3238121290
323811realdeal
3238088
3238073585
3238068
32380538
3238049j
323803012
3238025
323802128
323800heidi
3238004
3238"xoxo2813"
3237sec
3237lim
3237comotu
3237JLP
323798
32379759
3237965
3237945
32379236
3237907
3237890m
3237882
323787
3237860
3237850
32378427
3237817671
32378
3237799
3237784827
32377795
32377654
32377522
3237735
32377263788
3237708
3237699
3237692
3237677329
3237669
323766
32376462
3237630
323762
323760579
3237603
32375qjstn
32375867
3237581
3237553
3237542
323753
3237523
32375121174
32374arr
3237485
3237470
323744581
323743
323741084
32373rskdr
323739
3237379753951
323737
3237363
323735
32373307
32373221
323731
323730342526
3237291
3237280
3237273321
3237257
32372337e
3237219688
3237214alianza
323720970
32371brown
32371986
3237184
3237176
3237171
3237167
3237161
32371503
323715
3237130
323711b
3237115
323710
3237076969
323707
3237056
3237046
3237027ms
3237021695
3237014
3237009
3237
3236sugfyr
3236ka
3236fernix
3236dan3236
3236987415
323697
3236960
32369500
323694
32369222
323691981
3236917
3236914
3236902
3236895a
3236886
323688
323687
3236851fb
32368426623
3236824
323682
323681
3236806
323680
323679rk
323679
32367810
323676D
323676
32367484jpu
323672
32367132
323671
32367
3236698063
323669655
3236686
32366672
3236663
32366528
3236641
3236635
3236625310
3236614
323661
32366
3236592
3236572
3236565
3236552
3236538
3236532
3236518
32365
3236488
3236473
3236463
323645192
323644
32364304
32364269
32364212
323641
323640
323639111
32363880jeff
323637
323635loka
32363392350910
32363236"
3236312
32362926
323627321
323626jp!@
3236260
323625
3236243
3236234
323621tj
3236212
323620344
3236175
32361537
3236150
3236141
32361314
323611y
3236115
323610s
3236100
3236091
3236079
323606
3236053
3236038
3236028
323602
3236013
3236010
3235tril
3235sfk
3235nancy
3235kcsh
3235hw
3235ed5
323599midonil
3235959
3235941
323592js
3235912
3235909
3235900
323588
3235878
323586633
3235854@0
3235839ma
3235837864
3235828
323582478
32358121314
3235804049
32357989
3235778
3235769
323576
323575
3235746
3235737
3235706
323570
32356hyuga
3235694065
323568b
3235676971
3235662
323565
3235647
3235609
32356
32355867
3235579l
3235574
323556323556
323555b
3235556493
3235554136
3235553
323554p
3235546
3235544
32355323310349
32355264
3235515
3235511
3235508
32355
3235492
32354912
3235478jc
3235472
3235459
3235451
323545
323543
32354260
3235412
3235400
3235384546
323538
32353717
32353654140
3235354
3235345
3235336542
3235323l
32353161
32353108
3235302
32352x
323528d
3235275701
323527
3235264
3235262
323525
3235247
32352428
3235241
32352351
3235232
3235221
323521
3235208
32352
323518792581189p
3235176
3235167
3235159
3235131
323511323511
3235106
32351
3235089
3235079
3235069224
3235054
3235050147
3235042
3235022
323502
32350
3234yee
3234pris
3234knip3234
3234cook
3234ca
3234acd3
3234OTTO
3234976
3234975JLP
3234970349
3234953
323495
3234942
3234933
323493
323492
3234906
3234896233
3234879
3234858
3234855
3234849
323484076790229
3234837556
3234826
3234819
3234812168
32348023
3234801
32347hurtu
323477
323476
3234747
3234721236
3234715
32347101
3234709
3234706
3234701734
32346gcqy
3234692n
3234685560
3234677
3234664526
3234656
3234654
323465
3234618763
323460228
323460
32345a
3234597
3234590
3234575
323456789
3234558
3234548
3234542
3234527j
323452
3234506
3234491
3234483
323446
3234444
32344369
323443
3234423
32344147
3234404
323440326
323438834
323438
323436t
32343639
3234358
3234351
323434285
3234325
323432144332
3234310
32343021
32342913cdm
323429
3234287
32342527
323424g
323424620041994+
32342322
3234214
3234198
323419
323417g
3234162
3234153
32341462
3234142
323412jue
32341234la
32341212h
323411933
3234110581rojo
3234100000
32340es
323408v
3234084
32340737
3234065
3234041
323403
3234021
3234012
3234000
3233siqc
3233matt
3233kuau
3233flo
3233dadd
3233a.t
32339o
3233993400ramon
3233990
323398822
3233976b
32339724ab
32339445
323393264
323393
3233921
32339145jacke
32339092008
323390617
3233901
32338zjmyf
3233892
3233887
3233877
3233866
3233860
3233824
3233817mam
3233813
3233805
323378a
323377614
3233763
3233755
323372
3233710
323369
323366718
3233656
3233632
32336298882
323362
3233611
3233605
323360
323359
3233586
3233575e
3233571
3233565
3233562618
3233559
32335401935
323350
3233491
3233467
3233460
323345100
3233446
323343391455
3233423
3233412
32334092
32333914
323338sc
323338hdj
3233377
3233357
323334tz
3233345689
3233342
32333323
3233326344
3233316
3233307
323328l
323328
32332755774519
32332629
3233254
3233245
3233237
323323323323
3233231
3233221019345
3233215pa
3233208
32332025
32331995
3233194
323319
323318
3233172
3233163
3233154
32331349
32331245
323311
3233100
3233098
3233092
3233083
32330708
323307
323306315
323306
3233054s
323305
323304
323302120664
3233018
32330120
32330017j
3233-nkb
3232xbbrielle
3232tel
3232taxacountant
3232scars
3232ra
3232padp
3232novvw
3232neal
3232mi
3232ll
3232jade
3232id
3232hm
3232fifi
3232eric
3232ea32
3232druetm
3232camas
3232boob
3232blah
3232ay
3232ah
3232MUSIC
3232Blade
3232993788
323299
3232984
323298
3232972
3232966
32329606pastor
323295a
3232954
3232951622
323295
323292
3232904
323290
3232890
3232886
32328788
3232876
323287
3232865
32328585
3232834
323282005
323281
32328
32327912
32327811
3232754
3232742
3232734
32327282
32327179
3232712
32327
32326h
3232689
32326833232683
3232676as
323267
323265710
32326523
32326483
32326420
3232641
32326310
3232625
323261
3232604
3232602,.
32325r
323258ph
323257
3232565757
3232562317
32325568
3232549
32325450
32325426
3232535503
3232527
3232524
3232523127
3232519938
3232514
3232505
32324994
323248848
3232481
3232471
323246r
323244a
323243<"x
3232432
323243
32324287
3232424
323240835
32323kjfd
323239513232
3232374
32323724ud
323236
3232347
3232343
3232333
323232serb
323232rn
323232orcungs74
323232d
323232K
323232B
3232325694
32323244
32323232A
323232026555
32323131
32323030
323229ryan
3232298
323229252vya
3232288
32322827331401
32322760278883912
32322680
323226
32322566
3232254358
32322532
32322502
3232246
3232236
3232228
323222042
3232218
32322144077016
32322109
323221
32322
32321c
3232185
3232179
32321717
323216312s
32321622cori
3232152
323214a
32321462
3232143
32321351851
32321251
32321235
3232120
3232112123
3232103
3232101
3232094
3232079
32320713
3232063
3232061vanesa
3232050
3232045
3232034
3232031
3232028
3232025
3232018
3232010
3232005
3232002323
32320
3231zl
3231momo
3231metact
3231juna
3231DLC
3231995m
3231993
32319923
323199
3231988
3231978
3231968
3231960
3231948
3231926
32319053
32318v
3231894
3231857
3231844
323182527
323182
3231816
323180
3231794
3231778
32317721
3231765
323175
3231745
3231724mama
3231724a
3231716
323171
3231696kms
323168
3231673
3231661
3231643
32316275
3231608
3231606
3231584
3231579fabri
323157567
323157
3231553
3231541c
3231532a
3231522J
323151
3231504
3231503
3231498
3231483
3231477
3231462
323145ja
323145
3231444l
32314340
3231422cj
323142
32314126
3231400
3231399
3231392
32313821
3231367
32313604
3231353gabiel
3231343
3231340
3231336
323132982611
32313231r
32312wa
32312l
32312801
3231274
3231270
3231260
3231254l/
323124
3231232c
32312314331
32312291
323122535
3231221
323122
3231210
3231200327
32312
3231191
323118
3231170
32311476
3231143421
32311296
3231125
32311209
3231117
3231113
323110sh
3231108
3231100
32310905
3231070
3231060
323104
3231031
32310280k
3231018
32310144
3231007
3230linc
3230harle
3230HAB
3230983
323097
3230953
323095
3230912
32308ily
3230879
3230854
323083
3230822
3230812
3230803
323080
32307douglas
32307771
3230759
3230738
323072
32306fa
3230694
3230692
3230683
323066balapan
3230659
3230645
3230633
323063
3230626
323061
3230594
323056
3230544
3230540
3230530
3230529
3230521
32305150857
3230505
3230500203914
3230500051880
323050
32304dtmm
3230489
32304829
32304715
3230458
3230434k
323042493
3230421
3230415
3230400115495
32303nan2
3230382celia
32303611
3230353
3230334
32303250
3230313
323030325681
32303026
323030052
3230300145040
32302j
323028602s
3230278
32302528
3230235z
323023203
323022mj
32302187
3230200025760
32301ph
3230194
3230190
323018
32301623
3230148
3230140cj
3230132
3230126
32301234
3230123
323012
323010327292
3230100220455
323010
32300pui
3230099
3230085
323005
3230039
323003
3230024
32300225
3230006
323-7051
322zil
322xzsxx22
322vvm
322vcv
322tsa
322sqn
322sagtn52
322rico
322prancer
322ondeck
322nxnvz92
322newton
322n13th
322msc
322marchberry637
322lisha
322lexie
322jcswrz
322janae
322hjvvu39
322heidi
322foster
322flt140
322evj
322ecrv
322davis
322cowboys517
322cincy
322ch3223
322brook
322bands
322b917b
322ash
322allfam
322akikae711
322TRS
3229rockyou
3229kb
3229dk
3229SAINTISAACLP
32299bcc
32299981
32299952
32299852
3229952
3229926
3229921
3229900149460
32299
3229896
3229889
3229875
322987
322986F1
3229858
3229854
32298462
3229844
32298281
3229820
322981907
3229815
322980
3229791
3229781
322977200
32297689
3229757
32297495g
3229741934
3229725
32297205.,<
32297146
32297078
3229700
32296h
3229686
3229661
3229650
32296444
3229636b
3229618
3229607
32295sycessre
32295804
32295661
3229547
322953
32295189
3229501
3229471
322946s
3229442
32294229
322940
32293l
32293953
322936
322934412
3229333MR
322932
322931
3229307
32292ppp
32292j
3229289558487737
32292733
322927
3229260
322925669
3229252
32292432
3229241
32292326
3229228
3229204
32291lila
3229191
322917
322915687
322915
32291374
3229124estradas
322911ff
3229113
32290lm
32290at
3229075
3229053tyler
322904po
3229028
3229015
3229005
322900
3228surf
3228smadoleblvd
32289sam
32289arc
322897188459
3228942
322894
32289195
3228904
3228902
32288bug
3228865
322882905
32288232
32288137paulo
3228811
32287al
3228791R
3228786
32287805
3228756
322873
3228722363
3228718
3228708
3228705
32286hs
3228695
322868
3228673
322865133
3228637
3228623
3228612552
322860
32285lmc
3228583
3228569
32285516
322854322498
3228529
322851159
32285000
32284jc
3228486
322847
3228456
3228452604
3228445
322842
3228415
322840701
32283pc
3228393
32283792
322836
3228349
32283347
32283228z
322831
32283084
3228301
32283
3228298
32282856
322828
322827
32282532
32282308
32282206
3228210691825416
3228153
3228143
3228135
3228115
32281113
3228102
322809
3228071
3228054
3228045
32280383
3228021elchico
322801
3228/483
3227willow
3227jd
3227fw
3227coyote
3227993
322797150
3227957
3227940
32279243
322791481
3227890johana
3227878
3227876
3227871
32278623
3227844
3227840
3227835
322783
32278129608344
322778
322775k
3227746114
3227741
3227739
322773
3227720
3227690
322768r
32276637
3227655
322765
322761908
32276
32275jay
3227582
32274993
32274911
32274735
322747
3227452
3227433304
322742465
322742001
3227410a
322740
3227382
3227375
3227350
3227348
3227334
3227325
32273191
3227311
32272kermit
3227265
322722
3227212
322720
32271927
3227171
3227164
322716
3227150
3227148
3227130
3227128989
32270ka
3227093sa
322709
32270823
322707536
322706
3227053
322705
322702
3227011
3227003
3227
3226patitas
3226kings
3226ap
3226959
322694
3226910
3226908
3226883
32268706m
32268613
322684
3226813
32268055
322679
3226786
322675
322673245331203
322672
322670
3226687
3226676e
322666
322664828
32266428
3226633
3226629
3226607
3226590
3226588
3226574
3226564
3226557
3226545
3226537
3226515
32265
3226495
32264729
3226463
32264558
3226449
3226428
3226411
32263869
3226381
32263577
322635
322634
322632263
3226316A
3226311
3226308
3226292nan
322628
32262625756
322625de
32262530
322623
322622
3226215
3226201
322619at
3226198
3226183277
3226172
32261587
3226140
322612
32261010
32260nmnru
322609
3226071
3226062
3226056
32260505
32260414
3226027
3226018
322600
3225zncdg
3225mm
3225manuelito
3225houston
3225fs
3225bh
3225alora
322598
322595
3225949
3225926j
3225909
322590336
3225901
3225893
3225886
3225875
3225866
322586
32258564
3225847
3225841
3225835fl
3225833
3225829juan32281
3225808
3225802ruth
32257908
32257861
3225775
322575
32257437
32257303
322571
322569666
3225692
322567843
3225650
3225622
3225597
322558410
3225570
32255572
3225544
3225536
3225516
322551
3225501
322549
3225471
322546576750
3225457
322542
32254136
32254060
32253823
32253695
3225367
322535v
322534a
3225331
3225321
3225280
32252302a
3225230
32252200
322522
3225202
3225196
322518fon
322515784
3225153
3225151
322513
3225120
3225109sebas$
322510
32250salsal
322508t
3225073
322507
322506
32250517
3225048
322503m
32250312
322501a
3225
3224pj22
3224kenny
3224jc
3224calliste
3224andrew
32249wh
3224985
322498
322497
322495
3224942
3224937
32249216
322490244
322488
322487
3224854
3224849
3224846
3224823
3224814
32248036
3224799
32247891
322478
3224754
322472x
3224702
32246tm
32246821995qXx
322466h
322466
322464bucs
322464
32246341
32246128
3224606
32245mca
3224590
3224589
3224571
322454b
322454653
322453481
3224528p
322451
322450826
3224496
32244841
322447
3224468420
32244635
32244541
322445
32244486
3224432244
32244301
32244072
3224399
3224387
3224383
32243776
3224365
32243606
32243533
322434nh
3224325
3224322
322431
32243
32242997
322428160
32242622192681
3224262
32242578
322425
3224247
32242322
322423
322422810
3224226
3224223
322422
32242165
3224206c
3224192
3224178
3224175
32241710
3224162
3224153k
322415
32241266
322412313
3224121981
32241172
3224111
32241025
3224083
322406fa
322406321
32240464
3224043
322404
3224034
3224028192386411
322402
32240150
32240140
322400
3223tink
3223sjpr
3223m
3223fe
3223eli
3223darren
3223alb
3223aa
3223HMh
3223996
32239871
3223954
32239345
3223929
3223920
3223905
3223848
3223844
3223834
32238
3223782x
32237685
3223741
322372815
322372008
322370busteni
32237040
322367349386
3223666
32236582
32236560928
322365
322364
322362529
3223615207cy
322360
32235han
3223586
3223560
3223547
322353438
322352
32235
322348j
3223488
3223483
3223474
32234542
3223446
322343
3223426
32234
3223394
3223384
322336
322334ever
3223341917
32233232
32233221
322331472
3223304
3223299
32232820103
322326122511
32232531
32232442
322322bd
3223224
32232113
32232007
32231987
322319
322318325262
3223167
3223162
322315d
3223145
322314
32231222312asd
32231217
32231170
3223109
32231
32230917
32230887
3223067
3223055
3223047
3223035
322303
322300nn
3223006
32230
3222sal_
3222dk
3222999
322296755
322295933
32229515
3222950
322294
3222879
3222827
32228197
3222803sj
322279
3222780
322277
3222740
3222722
3222711
3222701
3222658
3222650
3222622
322261
3222598
322258425420
3222577
322255
322254
3222528
3222519
32225130
32225
322246l
322245
3222421
32224117
3222393
3222386
32223695
3222362
322235
3222334
322232223222
3222316
322231
3222301230
3222293
322228
3222272
322225
3222232222
3222223
3222222222
3222221
3222213
32222050
32221A
32221993
322217191
322215
3222136a
3222125a
3222110
3222103
32221006
32220papa
3222092
322207
3222065789
3222050
3222048
322204
3222028
3222007
3222000
3222.cat
3221w51
3221smithsretreat
3221n21
3221moria
3221ln
3221jm
3221dopey
3221casa
3221TRINA
3221JM
3221FYU
3221@home
3221990s
3221988m
32219843695
3221981
322197311
3221972
3221968
3221959
3221953
3221933
3221917
3221912
3221911b
32218jor
32218891
322187
3221867
3221856
3221847
3221837
32218191
3221813
3221801
322180
3221781
32217792083
32217731502
3221765
322174015
3221724
32217
3221695
322168de
32216746
3221667
3221655
3221645
3221640587
3221631
322161
32216
32215868
3221574
3221561
3221539
3221530
3221522464
3221511
3221500
3221487125
32214857
32214425
322144
32214314
3221416
32214091
3221387
3221364
3221352
3221342434
32213364
32213265
3221320
3221311
322130
32212allday
32212CVL
3221298878
3221292
322127
322125c
3221250119
3221247554
32212412
3221233
322122604
32212222
322121990
3221214a
3221204sexybigmanpretty6foot
3221200
3221189
3221182
322118
3221175
3221164
32211477
322114477
322114
322113
32211253
3221117
3221105
32211000
32210z
32210935
3221075sb
3221063087
3221056
3221051287
322105
3221026
3221015
3221011dea
3221006
3221*814
3220ypcm
3220szyax
3220nokia
3220fs
3220combs
3220ab
3220RZ82
3220G
32209b
3220980
322097
322095
32209270
322092
3220907
32208tnh
32208dzggm
322089407
322089
3220870
322086
32208281994
3220827
322082
3220817
32208113
3220804
3220797
3220782
3220727
3220720
3220714
322070
3220696
32206911
3220678
3220670
3220657
322064
3220629
3220608
3220600059041
32205lo
322059estupido
3220577
32205663913928
322056
3220546.b
3220539
3220535
3220526.
322052200
3220519
3220503503
3220500035256
32205.
32204a
3220488
3220474
322046
322045
322044
3220434b
3220422
3220412
3220406
3220400554707
3220400313734
3220400137758
322039
322038
3220368
322035rj
3220344
322033447
322031
3220300749743
3220300367
3220300231710
3220300016479
3220290
3220280
3220270
32202621
3220240
322023
322021882
322021313
3220205
3220201
32202005
32201k
322019jaja
32201991
3220170
322016265
3220150
3220145n
322014283
3220132201
322012589
3220113
3220104
3220100339045
3220100177525
3220100036557
322010
3220091204
322008ss
3220081990
32200758567
322006783
3220059m
3220052b
3220047166
32200412
322002a
3220019520
32200100
322/1arm
322-6328
322-1662
322+6
321zzz
321zxc
321zetina
321zamiel6
321z123z
321yuly
321yokwe
321yllib
321yesli
321yea
321yamum
321y123
321xuks
321xoxo
321x654x
321wsc.
321wittaya540
321wem
321weed123
321we321
321watson!A
321vop
321viv
321viciodeti
321vd321
321vazjesus
321valentin
321united
321ulie
321tupac
321trillionaire;
321tra
321totitA
321tomisgay
321tkm
321titans
321tiff
321thomas
321thecat
321telitjc143
321tee
321tease
321teamo
321tatis123cas
321tat
321tab
321surf
321strider
321stone123
321staubin
321starwars
321sss
321sregit
321spud
321spikhair9
321sparrow
321son
321sobe
321smith!
321slater123
321skyline
321ski
321sk0
321sipp
321silvosanel
321sickass
321shock
321shawn
321sha
321sex
321serpentblade
321scott
321schlitz
321satclass
321sandy
321sam123mas
321ryaN
321roxy
321roxas
321roses
321romance
321rocku
321rockon
321rirok
321reyalp
321resee
321reneen
321reggorf
321redweed
321rebekka
321raya
321rara
321randomly123
321rabaah
321qwer
321qwedsa
321qwdsx
321quiensera321
321qswazx
321qaz890pl,
321q654
321q123
321pudumadam
321pssyppin
321profeta
321pri
321pop123@
321polo
321poki
321plood
321play
321piratas
321pink
321philly
321pete777
321penny6
321patrick
321pass
321pandacool
321paddyc321
321ozzy
321otm13
321orot
321oprah
321olongapo
321okm
321ognim
321ofu
321ocb
321nve
321nrab
321nokia
321nike
321nick
321nia
321nhbck
321newhome
321nestum
321nenita
321neb
321nazifah
321narnia
321nadine2807
321n321r
321mykidspics
321my06
321music
321muj,kgiupo
321mtz
321msn.com
321mota321
321moon
321monk5
321modelsrock
321mn321
321mmm
321mkh
321mitch
321miko321
321mik
321mig29
321michy
321meanu
321mbc
321maxdh
321mati
321married
321mark
321mari123
321mar
321man
321makesomenoise
321maha
321m369
321m18
321lulad96
321lucky123
321lps
321loveshit
321loveangel
321love12
321lotbrea
321lopez
321look@me
321lols-xd
321lokis
321lodvg
321lliw
321lkjdsa
321lkccc
321lip
321link
321lilsammie
321lil-j
321lfg
321letshavefun
321leomar
321leggs2
321lavica321
321lacost*
321kykiku281601
321kma
321kleenex123
321kitty
321kiko13kiko
321kids
321kfb
321keith
321keds
321kao.
321kaelin
321kaboom
321jvh
321jules
321jsr
321jose
321jona
321john321
321jmw143
321jlpd
321jjkk
321jin
321jidokan
321jg321
321jen17
321jeffrey
321jav
321janjan
321james
321jam
321jacob
321jackel
321j654
321iwiktunlaw
321itsthesame
321isthe1
321inwj3d9j8n
321inutaisho
321ines
321imhavingfun
321imayaguwonk!
321ily
321iloveu
321ilovemaria
321ilove
321ikkin
321ian
321hut
321hottie!
321hotshot123alabonga457
321hot45
321hoe321
321hetafla321
321heart
321hawk
321hand
321h321h
321gwood
321gum
321gray
321grace
321gooner
321goo
321gohead
321global
321girls
321gill
321gerson321
321gerald
321gcb
321gadovlo
321g654y987r
321fuego
321frost
321fresh
321forfun
321fmv
321flower
321ffx2
321fdhk
321farts
321familia321
321ezz
321exo
321ewqdsar
321ewqdsa
321ewq/.,
321eulb
321ersen
321era
321eod
321engel
321emoclew
321emily
321elppa
321ejm
321ehabmar
321ec5k
321ebbins
321duende321pokar
321dry
321drm
321donny
321dodgeball
321djc
321dinky
321digi880
321dict
321dem
321defender
321ddd
321days
321date!
321daniel
321dani
321dance
321damian
321daki
321cth
321cristhiano
321court
321cookie
321com
321cmia87az
321clg
321clean
321churros
321chtjrs93
321children
321cheese
321chavo
321chantelle
321cgs24
321cdffdc
321cd014
321cba=
321cba123
321cazowazo
321cassie
321casa
321carbajal
321campshop
321butlins
321burger
321bungy
321bum
321bugbug
321buffaloarmy
321brogan321
321boyz
321bosh
321boomie
321booger
321bom.
321blueldy
321blt123
321blastoff!
321bitoy
321birdie
321billy
321bigbutt123
321bhfive
321bexpardo
321bettina
321ben
321beautyangel
321bear
321bbe
321basket
321bang
321bailye#@!
321babyt
321b987
321b0j
321ayan
321aussieland
321asn
321as180
321arid
321ard
321aol
321annuity
321angel
321andresf123
321amwwlfp
321amjay
321amber
321alyssa
321alexis
321ale
321ahjbikki
321afiyaabro
321action
321aby
321abela
321abc123
321a789
321a321a
321_ssenlooc
321_mkms
321_julio
321_doble_j
321_You
321_Tana
321_654
321Zondag
321Williams23
321VEGA
321Sweety
321SKATE
321Rutger321
321RUready!
321RAINBOW
321QAZ
321POWER!
321PJZZA
321MiMi
321Matthew
321MAGIC
321Louise
321LUIGIE
321LIL-J
321Janua
321JAGUAR
321Hope
321HIM
321GH1
321EWQ
321Die
321DAVID
321DANNY32
321CARTERCHAUNCEY
321Blastoff
321BIGT
321BEBE
321Asd
321AnaLys
321ASDF654asdf
321AOL
321ACB!
321ABC24
321@mores
321@iih
321@bca
321=ekgirl
321::FLetcher
3219leger
3219O1O
32199999
3219977
321996sofi
3219962
321995f
321995(d)
321992321992
3219914
321990JEN
32199038
3219900324016
3219900004003
32198jes
32198919
321988linda
321988d
3219883reid
321987lkj
321987ch
321987852654
3219877
3219876540
32198745619932009
321987123
321986a
321984e
3219843
3219831077
32198301
3219823
32198007
32197x
32197998
321978c
3219783
321977g
3219752
321971pig
3219711
32196m
32196i
32196db
321969242105
3219682
321967890
3219649
321963654
3219626eab
321962
3219612
3219596
32195817
32195716
321957
3219560a
3219552
321954962
3219546321
321951p
3219511118
32194travi
32194as
32194880
3219473611
3219456
321944
32194363172470
321942
32194152
321940
32193u
32193890lumo
3219377
321935b
32193483
321933
3219318jj
3219311105
321930
32192a
32192901
321926
321924
321923
3219221b
321921
321920a
32192004
32191crf
32191988
3219183
3219170781
3219169
3219161790
321915878
321914ever
3219141
321913599042321
32191319
3219121
3219116
321911119
32190am
3219093
32190903
3219072
321906
32190575
32190541
32190490
321903471
32190206
321902
3219013
321901
3218zaq
3218my
3218jp
3218ice
3218herm
32189aro
3218992
321898d
3218973
3218966
32189434
32189148
3218907
32188tim
32188nlv
32188c
3218894
321884nc
3218837
321882
3218808
32187hes
32187950110286
3218785
3218779jk
3218775dvw
321876
321872829
32187131
321870t
321869633
32186569
3218642em
321862967b
3218616n
321860jesus
321860130
3218598
32185893
32185617
3218550
3218536
321852789
32185249
321852321852
3218502
32184ect
32184998
3218496
321849151
32184803609090
32184671
321845
321842
32184123
3218404
32183me
3218395
321838
321837
321835
321833
32183034
321829
32182791
32182416
3218234
321822421721
321821599
3218204g
3218204
32181kiss
32181859
32181817
32181705602
321816
321815
3218139
32181203
3218108MHEL
3218103
321809e
3218077
321806786
3218046
321803129
3218029290857792595
32180052
3217x
3217sed
3217nb
3217lulu
3217bc
32179hcu
321799
3217963
3217954357_AndyNL
321793jlc
32179300
3217900a
32178t9k
321789654h
321789321789
321788744
3217881
3217878
3217865
3217854
3217820
3217813
3217805
32177c
3217778
321776
321774CV
321772
3217710
3217709l
321768033
3217679dyl
321767614
321766297
3217645689
32176321
321761
32176
321759
3217575
321754806
321754
3217538ami
32175337
321751810
321751
32174996
3217497
321748371
321748
3217461
321746
3217459
3217440
321743
321741729
3217407
321740
32173740
32173664
321735
3217335
32173218
321732
3217297
3217269
3217259
321725
3217247
3217235
321723001
321723
3217223
3217221549
321721
32172
3217194
321718
32171692
3217163
32171451
32171338
32171313
32171298pinklove
3217128
321712121007094
3217120
321711may21
321710577
32171004
32170chacha
32170725c++
32170681
3217059
321704596
321703
321700hola
32170
3217
3216zimmerman
3216sayshi
3216jr
3216idaho
3216eydy
3216da
3216bebe
3216=love
3216958
3216947210034
321692
32169113
321690
32168a
321688jac321688
32168851_tano
3216868
3216854970
32168530
3216848578
3216840
32168146
321679
32167854
32167777777
3216766
3216744k
3216731216
321672
3216713
3216705
32166998
321668008
3216677854
321666643071293
32166530
321665
3216630
3216624244
32166
32165ewew
32165E
321658v
3216587
321658163
321658
3216575
3216561
32165532
321654z
321654x
321654myojo
321654lx
321654lj
321654jd
321654gorn
321654edgarDIANA
321654clown
321654as
321654AJMF
321654987s
321654987qaz
321654987nano
321654987love
321654987jehad
321654987h
321654987drey10%
321654987c
321654987aa
321654987_
321654987L
321654987963
3216549878
321654987654987c
321654987321654987
321654987321
3216549872850
321654987123456789
321654987100
321654987/
321654987*
32165497
3216548c
321654852
3216547love
32165469
3216544
3216543210951753
32165410
32165408
32165400
321654-mamat
321654**erick
321653
3216515
3216513
32164s
3216494846
321648597
32164782
32164653tado
3216451
32164325
3216427813
3216421
3216405
321640372254452714486
32164+
32163772
3216368445
3216360
3216356
321635
3216341
3216322
3216312
321631
32162987
3216281759
32162785
3216276
3216265433
32162594
3216254789
321624
321623500
3216222
321621
32161a
3216197469
32161803
321618
321617
3216161650
32161504rosa
32161411
3216128
32161252
3216123
3216115
3216112187
321611
321610
3216098650
321609
321608
3216071leo
321606
3216029
321602
32160111
32160001
32160
3215por
3215mic
3215dm
3215dana12
3215brice
3215AC
3215995
32159887
3215987532146
3215987410
321598718
3215984267
3215971
32159654
3215963+
3215953z
3215951
3215949190
3215940506
3215920
321591m
3215914587
321590
3215898752
32158888
32158741
3215867
3215846
3215831
32158237
3215823
3215809
3215805
32157parissummer
32157863
321578
3215765
3215761
3215755xc
3215741
3215726541
3215720
3215709929
3215701
321568a
3215689
321567ml
321567981
32156770
3215647
3215640987
321563
321561
3215603
3215597
3215592
3215581684
321556
321555l
3215547
32155374
3215528
3215521J
3215513
3215511
3215505
32155
32154raj
321549dmg
3215485d
32154768
321546t
321546987
321546789
32154611
321545763
3215447
32154321
321543
32154143
3215394
321536v
3215361
321535
32153440
32153314
3215328
32153215a
321531426
3215296
32152900
32152800
3215273252
32152642lyn
32152642
3215254
3215252
3215232152
3215229986
3215229
321521m.k.
32152123
32152085
32152
3215196
321518jm
321518
3215172027
3215167
321515sn
32151532
3215136
32151314
3215121
321511
32151080
32151
321506
3215054
32150433279303
3215032768
3215021
321501a
321501456
32150079
3214you
3214tulsa
3214nobabado
3214mojo
3214kkth!
3214ever
3214ess
3214d
3214asdf
3214TIFF
3214Cheyenne
3214979
3214956
3214949
321492
3214891
3214883
3214881
321487
3214864
321482148
3214805328
321480
32147z
3214796580
321478d
32147896carito
321478965damla..
321478965182
3214789650
3214789632
3214789325632
321478569
3214785
3214755
32147323
32147305
32147273217779
3214709
321470143
32146987
3214670
3214667
321466
3214652206932331
321465163
321464
3214627
3214613nm
3214610
321460859t
3214600
32145uli
32145anna
32145a
321459
3214580323
321457
321456rr
321456qw
321456m
321456j
321456d
321456berk
321456a
321456987789456
32145698741
3214569870
321456987****
321456888
321456852
3214567890
321456654
321456555
3214563210
3214563
3214560j
3214556
321455417920
321452765
3214518m
32145137
321451
32144k
3214493
3214489
3214461
3214458321
3214454
3214444
3214428
321441605
321440g
3214395313
3214391
3214386043
3214375
3214369908
3214351
3214342
321432533
32143214l
32143166
32143143
321430
321429
32142730
321427
3214268
3214259
3214255
3214249512
3214202
3214190
3214189
32141836
321417ray
3214171
32141695
32141589
3214155
321415
32141335
32141224
3214117
321410738944
32140809_cem
3214077k
321406
321405
3214047
321404
3214032140
321403!
321402
3214014
32140000
3213peo
3213jd
3213deroit
3213bmw
3213LCQ
3213994
32139783213430
3213960
3213956
32139218
321391864
3213910
32138907
321389
3213878
321387
3213851
3213807
32137kcm
321376
3213754
3213746
321374
3213708
321369m
3213687
3213681
3213676
3213664
321366
32136546
321363905
3213634
3213625
3213617
32136121
321361
3213607
32135930
3213582v
3213577
32135665
321356
3213555
3213548
32135419
3213536
32135321
3213526
321352
3213515
321351232
3213506
3213501
32135
3213499606146
3213492
3213487
321345rc
3213445
321343
32134123
321338
32133651
3213357
321334450
321332w
3213325
32133214
3213321108w
32133015
32133
32132q
3213295
321328296
321327
321325AJ
321324
3213228ixxol1
3213228
321322323
321321wc
321321tammy
321321qqq
321321nnn1080
321321lll
321321kw
321321hey
321321g
321321d
321321bj
321321b
321321J
321321963963
321321852
321321654
32132154
3213215
3213214321
321321321q
32132122
321321123123
3213211133
321321090
32132100n
32131ek
3213191177
3213187
3213167
321316
3213148
321313769
321312380
3213121311
321311211
3213111
32131039
321306dm
321306100
32130385
3213032552
321303
3213020
32130066
3212wb
3212riley
3212mike
3212lj
3212l6331
3212humberto
3212chan
32129a
3212992
32129878
3212978
321296576
32129431
321293
321291165
321290321405
3212896
3212865
3212849
3212840
321283
321282107
321281
32127a
32127898
32127745M
321277
321276
3212746133
32127223600920
321270calaida
32126979
3212690
3212684d
3212682
321267
32126666
3212664
32126623
3212660101971023
3212652
3212645
3212639
32126272
32126123
321260
321258angel
321258987
32125802886658
3212578
3212558
3212547
32125456
3212544272545
321254
3212532100
3212526,,xx
321251A
3212515
32125087
3212499
3212473
3212462
3212460
3212458
3212456
32124505r
32124441
3212430
32124171
3212409056
32123qw32123
3212395
32123849
32123713
32123654a
321235483
3212354
32123512
321234t
3212349
321234155
3212333619
32123332223553212333322321
3212333222355321
3212333222333
32123332
3212321321
321232035
32123198166/159
321231540
32123121224
3212311
3212308
3212304
32122k
3212283
32122800
321226
321225601
3212231
3212222
32122153
3212207
3212200
32121q
32121987
3212195
321218
3212171544
32121695
321215x
32121546kh
3212150.cemocemo
32121456
321214
3212122
32121105
3212100
32120st
321209
3212079
3212064
32120582
32120533
3212051k
321204
3212036
321202579
32120232
3212020
32120100
3212007
32120062001numbe
32120024598
3211xc
3211qq
3211o651
3211mp
3211lb
3211kpuop26090
3211jp
3211ec
3211cool
3211cc3b
3211KT
3211998
3211996
3211993j
32119896
3211983nmz
321198
3211969
321195l
3211939561066
3211921
32119105
32119012y
321187
32118625
32118063
32117ma
32117cj
32117964
321175228
3211747
3211741
3211730
321171777
3211710sago
32117
321164si
3211646
3211635
321162
32116153475043
321161
32116
321159liz
3211590
3211581
321156
321155
3211541
32115377
3211533l
321153
3211521
3211516fb
321151
32115050
32114_g
3211492
3211473
32114569
3211453
321145032
321144ad
32114409
321144
32114321
3211426sol
321141
3211391
3211375
3211362623
3211352
3211342
321132113211
321131811651358
3211314
3211311
32112948
3211273
3211263lu
3211250
321123t
321123qas
321123pavin
321123m
321123lm
321123go
321123e
321123billy
321123?
3211236
321123456
321123321123_
32112332
32112327
321123231
3211232123
32112300
3211226-lainey
32112179619era?
3211214926
3211210
32112011
32111987
32111968a
3211181
3211175
3211168
321116
3211152
3211148
32111414
321113649
3211128
3211111
321110d
3211101
321109
3211080
32110730
321106868161230
3211050721
3211038
321102621008196
3211018
32110101
321100j
3211007
3211003
32110017
3210zxcv
3210york
3210tlc
3210somong
3210rn
3210poo
3210money
3210ice
3210geo
3210dora
3210boom
3210achtungbaby.
3210^^6
3210BOOM
3210995
32109872
3210982
32109729
32109620
321096
3210955
321093
3210928
321091c
321090
32108love
3210893889808456
32108910
32108850
3210877
32108691
32108440lrb
321084
32108321
32108310
3210821
32108188090
321080903
321080
32107ms
32107k
3210789
3210780
321076
321074
32107250i
3210719
321070
32106c
3210689
3210683
321066?ljt
3210662
3210654987
3210654
321065
321064
321062532
3210623
3210607
3210601
32105m
32105arr
3210590
3210583as
321058
3210575
3210561
321054leo
321054287
3210532
321052e
3210520
3210519529
321051814042
3210511
3210507y
3210500562
3210500234241
3210500009590
32104yun
3210499
3210465
3210453
3210450
3210447
3210433
321042nk
321041m
3210410
32104013
32103sam
32103968
321038m
321037
321036321036
32103510
321034fsk
321034
3210330
32103210_
32103191
321031
321030481
3210301
3210300492815
3210300028337
32102ejjc
32102922
321028low
3210270831187631
32102698
32102579
32102536
32102524
32102487373
3210232806
3210225
32102202
3210219
3210210
3210201t
3210200028467
32101panda
32101985
321019
321018
32101664
3210159
32101414
3210130
3210128
3210123014
3210119a
321011989
32101109
32101032
3210100643941
3210100439945
3210100414
3210100381289
32101001
32100dave
321008583
3210078
3210073
3210066
32100622
32100436
321003321096
321003
32100258100
3210022
321001687
321001236
321001
3210006107
3210.
3210!avrp
321/08
321/.,cxz
321.spania.321
321.fer
321.alez
321.1
321...
321-binky
321-alper
321-.,messy
321*omar
321***
320xdk4n
320warrior
320vance
320spr99
320ski
320sagee
320ron
320rac
320pm01
320phj
320npal
320molina
320lovelife79
320lalo
320jjj
320j310h
320hwy98
320hearts
320girl
320elmejor
320diane
320ddd
320coke
320cadee
320bluffview
320bdd
320alexis
320Sycamore
320KIR
320JOHANNYS
320@mizu
3209pjesus
3209gusjan
3209GodsChild
320998552
320997
32099500jk
3209944038
3209900344700
3209900280001
3209900008483
32098982
3209863
320985443
320984
3209836
3209823
32097mwiiq
32097c
3209786
320977
320976
320975
320972t
320971005
32097007
3209700156
32096wrvcx
320966
3209645
32096417394
3209639
3209637a
3209618
320960
320959042
320958
320956
32095203
3209512
3209503viki
32095
32094c
320948
32094703RRR
320945
320944
32094085
32093m
320939002
32093728c
320935
320931
320929sg
3209287
3209260974
3209246
3209230
3209224
3209220
320920j
320920
32091q
32091986
320915
32091435
320914
32091234
32090nc
32090jay
32090a
3209091
3209064
32090314
320902861
3209020JR
3209015
320901211
32090077blah
32090059
320900
3208te
3208mr
3208kqr
3208fuwen
3208Fyre
32089sg
32089g
320899
3208970a
320894
3208931
3208916
3208900
3208888
320887
3208847
3208824
3208819
3208817
3208808
32087s
320879502
32087737
3208701
320867204
320867
320866
32086218
32086191
32085nis9
32085911
32085889
320858
32085659
320855
3208537
3208502
32084821
320847777
32084714
32084680
320844
32084262
3208413132084131
320840d
3208360905
320835021312
320834
32083073
32082642
320824921081993
32082306
320822
32082171
3208215a
3208212
32082003
3208196h
320817
3208149001
3208137436
3208124351
3208104
3208083018
3208076
320803
320802
3208014
32080065b
320800
3208
3207ouqpj
3207kelly
3207jj
3207chu
3207GAflow
32079de
32079844
3207958
320794325023
3207918
3207913
32078mfg
3207896010
3207882
3207877
320787457
3207869866
320786
3207828
3207821
3207813780
3207804524
320780
3207792960
3207786307
3207778520
3207778
3207755
320774
3207722124
3207710860
32077099
320768abcd
32076789
3207662
3207657
3207638516
3207633990
3207630599
3207621661
3207619191
3207608687
3207599865
32075979
3207580377david
3207578306
3207570
3207550872
3207525093
32075162
32075138920
3207507
320749875
320749
32074841
3207471
320746
320744921
32074467seni
32074366739
320742242230
3207415
320741
32073xxx
3207397470auly
3207371156
320736471427
320733j
3207329441
3207321
320732
3207305988
320730
3207296
320727
320726J
3207251
3207239070
320722lyx
3207225682
320720
32071r
3207197010
3207182576
3207179871
3207170
3207161043
3207139
3207121143
3207114960
32071129
3207101939
3207092137
320708328
320707579
3207062737
320705647326
32070559
32070510
3207042030
320701
32070008
32070
3206reese
3206oakmon
3206jake
3206india
3206babybear
3206aj
32069PU
320698
320696
3206924
3206910
3206905
32068vince
32068home
3206895543
320688
320687psm
320687
3206856895laura
320684
3206834
32068268
320682
3206817897
3206799256
320679
32067785
320676
32067469
3206724
320672155
3206705322
32066chloe
3206698
32066827
3206675049
3206672086
3206663030
3206660937
3206648756
3206632032
3206631
3206619523
3206609899
3206607
3206604165
320659
3206580524
320657sh
3206574
3206571359
32065623
3206558964
3206556701manu
3206536904
3206527
320651984
32065088
32064r
3206498526
3206487
3206476499
3206473
3206463
3206459889
3206454206
3206437550
3206432194
3206429584
3206418109
3206414
320641
3206398582
3206389850
320638
3206377646
320636
3206345881
3206341862
3206331343
3206320992
3206319496
3206296450
3206289654
3206286152
3206280803
3206270997
3206249744
3206246456
3206240753
320624
320623
3206224465
3206221319
3206206
3206200132lanena
3206199587
3206184851
3206177
32061722520
320616
320615417
3206150842
320613
32061260
3206121313
320612
32061102
3206109780
32061
3206093168
320609
3206084617
3206082509
3206076775m
3206067690
320604t
3206037
3206032681
3206025
3206019
32060054
3206000
3205rohans
3205kay
3205dave
3205SORK
320595811
3205932059
320590748
320588320588
3205855
320584
32058322
320582
3205817
3205798
32057722
320573
3205721
3205717
320571
320569
3205666
3205622
3205618391
3205598
3205577
320556
320555
3205522
3205513
3205501100
32055
320549
320547
32054325
3205425
320542
3205387
320536
32053486
32053385
3205315J
3205293476
320529
3205275
320527
3205269183
3205262
320526
3205245370
3205227566
3205202
32051979
32051873
3205153
320514ll
32051291
320512
3205117
3205103
32050jbh
3205097
3205074509
32050701
3205058
3205031
32050193203782
320501
3204t
3204quail
3204lyfe
3204cl
3204MANA-MAORI
32049dad
32049901
3204979
320495
3204935
320491075708
3204906
3204900
320488
320485
3204828
32048195
3204816290
32048
320477
3204763658r
320474
3204724tiny
32047087
32047039
3204702082
32046md
320469
320467
320466
3204652a
32046483
320464
3204634
32046163
3204605352
32045oadod
32045894
3204573
3204565aa
32045481
3204514
320450
3204497
320448
3204472263
3204465
3204459195
3204437790katik
3204399578
3204372
32043537
320430l
3204301523669
3204292712
3204282
3204270508
3204263
3204250851
3204248218
32042384
3204226
3204215963
32042121
320421
32042035
3204202
32041901472
3204178ks
3204176
320416
320415
3204134
3204128
320412
3204114942
3204102996
3204099
320408m
3204053888
3204042
3204010
320400as
3204..
3203sa
3203re
3203ap
3203ai
3203@th
320399
320397
320395
3203942
3203924j
3203878887
32038590
320382b
320382198906226818
320381
32037957
320376
320374
320373313345
32037189
320370
3203684659
32036792
320366
3203656
3203622A
3203600600
320359a
32035768mah
3203551
3203510
320350
32034bc
3203498
3203465811
3203442
32034106
32033eva
3203386079
3203365
3203357
320335
3203344871
3203335635
320333
3203321
3203318
3203316
32033048
3203298920
3203294416
3203276
3203271757
3203269679
320326
3203253
32032480835
3203244
320324
3203223684
320322
3203211843
3203210
320320p
320320k
3203205
320319901
32031919
3203176
320317
3203158
32031456a
32031270
3203123
32030993174129
3203095921
3203084
3203082834
3203078667
3203056558semsem
3203052
3203044
3203042379
320303lrh
3203036
3203027
3203011111
320300325
32030
3202st.
3202sc74
3202hotty
3202doty
3202db4
320299
3202977986
3202968
320294
3202916207
3202903527
3202894
3202892
32028776
3202861465
3202850566
320284l
3202828823093
320282
320281
3202802313
3202795
3202789464
3202777815
3202774903TATIANA
320277
32027651
3202757428
3202750360
3202741
3202719
3202709
320270
3202689067
3202669304
3202654324
320263
3202626628
32026115
3202610624941002
320260
3202596591g
3202595129miniclip
3202594
320259
3202587
3202573
3202568
32025609
320255mr
3202554151
3202551
32025488
3202532
3202529301
3202528
3202526
32025200
3202513799
320251
3202505047
32024k
3202499
3202487382
3202474
3202460
3202452929
3202445673
3202434
32024178
3202409909
3202406158
32023wm
320239626
3202371015
3202364317
320236
32023563
3202334
320232373
3202309
3202303
3202302
32023
3202278403
320227
320226
320224randy
32022313
3202228
32022230
320222
3202218908
3202208
3202201923
3202195574
3202181112
32021726
3202161582
3202149
3202146447
3202143
32021304873124513540
3202109232yo
32021066
3202104833
320210
3202091001
3202088
320208
320206
32020548
3202049691
3202028961
32020260
3202020
3202005
3202002445
32020011
3201thea
3201st
3201reo
3201nla
3201mhax
3201law
3201honda
3201freejack
3201druid
3201as
3201999j
3201997d
3201993
320199116
3201988ima
32019888
3201985473
3201984thor
3201982
320198
3201973
3201970
320196
3201947
3201944
32019342693
320193
320192
320191
320190
32018h
3201891
32018730
3201866
3201857
3201833275
3201825
32018
3201795
320178
320175
3201714
320170
320165nook
320165
32016308b
3201629
3201614
3201603
32016
3201582
3201581
320157
3201560120
32015212
320151160250
32015099
3201496
320148
32014704
320146a
320146
32014560
3201442
320144
320143
3201411820
32014011
3201370
3201369555
3201335d
3201328610
320132014
3201300
3201299
3201273
320127
32012489
3201233
32012258
3201217
320121
32011991
3201183
320118
32011674845406
320116
320115531
32011501
32011492
32011401tr
3201128
320112
3201109
3201095
3201085
320106963216
3201058
3201048
3201038
320103
3201023
32010201
3201019
3201010
320100034522
320100008050
3201
3200wp
3200what
3200tuam
3200sic
3200relay
3200mai
3200lopez
3200jr
3200eul
3200dkit
3200breeze
3200as
3200GLENWOOD
32009s
3200961
320095
3200922
32009138
320090bush
3200900gw3340203
3200900581339
3200900220271
3200900124019
3200899
32008881
3200867600
320084whampoa
320084
3200810033
3200805114
320080
32007bb
3200782
320077712
32007616
32007560
32007447
3200730
320071
32007060
32007009
3200700673728
3200700605765
3200700429070
3200700262981
3200700131
32006m
32006cf
32006CF
3200691
3200683
320066
320065
3200645
32006230
3200612
3200604
320060110352
3200601013461
3200600696
3200600248057
32005sg
320058k
3200574
32005614
3200555
320053702534
3200520
320051
3200500387047
320050010
32004life
320048
32004764dw
3200463049
32004381
3200420515
3200414
32004102
3200406437
3200400416258
3200400221678
3200400081248
32003xkzpb
3200392
320037
3200354
3200352
32003475
3200338
32003192.r
32003087
32003001
32002bear
3200294
32002911
3200288
3200283
3200273
3200267
320025640
3200253
320025
32002449
3200219G
320021/*-asu
32002018
3200200433914
3200200368331
32001jen
32001976
32001895
320018
320016a
3200156
3200151558
3200143
32001358
3200128
32001155
320010985
3200106
3200101318921
3200100968263
3200100698762
3200100484291
3200100456157
3200100364
3200100
32000999
320006
320004m
3200046
3200032000
3200027
320002
32000150
32000052
32000036
3200000
320/69
320.1
320-4066
32/506
32.com
32.957.883
32.860.563
32.727902r
32.153622
32.021.253101923
32-brooklyn
32-848-32*
32-32-11-jbtdva
32+26+tnsey
32*november18
32&sexy
32 ryanb
32 canita
31zone31
31zoilab
31zadree
31yuhuxJ
31yrsold
31yourlove
31yomiis12jazhis
31yemvip
31years
31yari
31y51a
31y23conamor
31xxcm
31xk40
31xdu6t9
31x6e54s29
31wv44447
31wolfetonepark
31winter
31williamz
31wilkie
31wi13
31westclose
31ways
31warwick
31warmo
31wannita88
31walnut
31wILJES
31w21ww
31violins
31vierge
31vf307
31vcdf
31vanhoose
31v08g1980
31utfan
31uniform
31uhgirl
31tvkijken
31turtles
31ttmami
31tsebgnil
31triste
31trinidad
31trevorlin321
31traylonbaby
31towngate
31toppick
31top
31tony
31toni20
31togo
31to15
31tiptop
31tink31
31tim44
31thisyear
31theaker
31tg27nc
31teamo29teasoro
31teacher2
31tauro
31taska
31taea9h
31t4fox87
31szjenn
31swim13
31sweet
31svaio
31superman51
31sugih31
31stvirgo
31student
31strode
31strawberry
31stofoctober
31stoctober
31stmay2001
31stjanuary1991
31stdecember
31stblvd
31staugust1991
31stars!
31stJuly
31ssergio
31ss137
31spots
31sporting
31sparrowclose
31spanishangel67
31soulja
31sonia
31sol31
31soccerchamp
31snickers
31smc1
31smartass
31skullz
31six2
31sisler
31sing89
31shortie
31sherwood
31shefa
31shann
31sha1995
31sfc28
31sexylina31
31sexybabe
31sexi
31servant
31secret
31sean
31screen28
31sball
31samoa807
31sakura
31s84529
31s1984
31ryanspark
31rus_1
31rui31
31rthday
31rox
31roseline
31rolina
31rockwell
31rocks
31rock
31robbins
31riza
31richland
31repekka01
31redsoxs
31redhot85
31redd
31rds13j
31rb339
31ratpacker
31raff92
31ra90ro
31r287f4yuwc
31r20min
31r0lnw1yn5
31queensrd
31qtl19
31purple
31pumasunam
31psu94
31proverbs
31princesa
31prettyMOM31
31prchard
31ppg31
31powershot
31potts
31popotamo
31poohbaer
31polita
31playas
31pitis
31pinker
31pimpstas
31pimpin
31pierina05
31pickup
31pf2pz1
31perkins
31peoplesuck
31peasho
31payal
31patd
31parklane
31papi
31pachu536651
31p4ch1t0
31ottobre
31orlyave
31ontop
31onibmag
31ollerton
31oktober05
31okt23
31okiiah
31octubre2002
31octubre02
31october89
31october1989
31oct92
31oct79
31oct55
31oct1988
31oct1983
31oct101989
31obriens
31oakpark
31oakfeildroad
31o88
31nuncatolvi_
31nrok01
31noral
31noiembrie
31nitro
31nicole
31nick
31newton
31nesy32smith
31nerito
31narra
31napa
31nagem
31n2k3
31mzyoung
31mymy
31mutiny
31munnik
31muffins
31mother
31montana
31monk31
31money31
31mommy
31mohsha
31model5
31ml22
31minutos.
31minuots
31minorka69
31miller
31mikasa
31mickey
31mia12toy1993A
31mh29
31mexico
31mersin33
31ment
31mei88
31mei2001
31mei1990
31mc5wes
31mb20
31mayo95
31mayo91
31mayo84
31mayo26
31mayo1997
31mayo1981geminis
31mayo06
31maybaby77!
31may94
31may2004
31may1996
31may1993
31may1983
31may1960
31matthew
31marzo96
31marzo90
31marzo80
31marzo1994
31marwan
31martin
31mart1992
31marie
31maret93
31maret88
31maret1991
31maret07
31march_serish
31march93
31march87
31march2007
31march1991
31march04
31mar99
31mar85
31mar1995
31mar03
31manuel
31mamo31
31mamasita
31mallory
31makaveli
31maio02
31mai1991
31mai1985
31maggio2005
31magdy10.
31madeca
31madcock
31mac@95
31mabe
31maart18
31m_10vab
31m55g11j
31m28d21j
31m0r0ck5
31m093jv
31lyfe07
31lupita
31lu66zar7661
31loz95
31lovedaquan1
31love12
31lorenza
31lora
31ll3k
31lizzy1284
31litia
31lindabrady59
31lilly89
31liathmore
31lenox
31lei07
31le03
31lax
31laura31
31langford
31ladyt
31laburnumdrive
31l5a9r1r0y3310
31l1dh
31l.8.2527
31kyenna
31kuraki30
31kramer2
31komornst
31kisses31
31kimmeboo
31kilifi
31kidman
31kerby
31kegs
31kaosdaisy
31kanon01
31kamoy
31kalers6
31kakatua
31k3pci
31jw228
31just31
31july92
31july88
31july64
31july1992
31july1990
31july1986
31july1978
31july15
31juliodel90
31julio2006
31julio1981
31julio1961
31juli90
31juli53
31juli1980
31julho1996
31jul90
31jul07
31juan
31jtn31m
31jrt13
31jordy
31jon59
31john
31joanna
31jk31
31jesus31
31jensen
31jeanra84
31jb05
31jayden
31jared
31janvier
31january5
31januari90
31januJ
31jane5
31jan92
31jan91
31jan8880
31jan81
31jan59
31jan1988
31jameson
31jagman
31ja81
31j01a07la
31ivcjb
31iuliou1990
31irywal21
31ionmincu
31ioanna8
31inlove
31in2006
31in07JW
31imadiva
31icnadanaxorairamana
31i323r
31hunny
31htimsr
31house
31hotchik
31horse
31hooker
31honeyb
31hon32
31hokej
31hippos31
31hf08
31hend21
31hearts31
31hcec25ic
31hayalet
31hawaii74
31harwood
31hardwoody
31hadi<3fionasim
31h007
31gurl
31guillermo
31gs05
31green31
31gramar
31gracey
31gr33n
31god83
31god1
31gisselle
31giovon20
31giants
31genius
31gems
31garvin
31garcia13
31ganilyn
31gabrielarbd
31ga46
31fullback
31fuck
31frugs
31freedom
31freaks
31forward
31fnh55u7d4d45
31flavor
31flavas
31fjgr03
31firsttime12
31ferney38
31feb76
31famu
31faith
31eze2
31exchange
31eudico
31esser
31esposa27
31errors
31enero97
31enero91
31enero1990
31ene93
31enathiel
31elvis
31eloise
31elmo
31eli07
31eimmat
31eibc30
31efrainpatri
31edwin1980
31edgar
31eby0prbd?coi
31e676
31duppa
31dunk
31drinker
31dramaqueen
31dragon13
31draftpick
31doudou
31dogzzz
31dm15
31dk05
31dirtygunndying
31dillion
31diciembre1994
31diciembre1988
31dic92
31dic1989
31diane
31di79michi/.
31dezembro1997
31dez1994
31devil
31desi
31des87
31depps13
31deoctubrede1984
31deoctubre2003
31denice
31demayodel2077
31demayodel2007
31demayode1990
31demayo2007
31demarzode1994
31demarzode1990
31demarzode1970
31demaio
31del45
31del101998
31dejunio
31dejuliode1986
31dejulio2004
31dejulio1992
31dejaneirode1997
31defebrero
31deenerodel1985
31deenerode1992
31deenero..
31dedici
31december92
31december1990
31dec95
31dec93
31dec66
31dec2003
31dec1993
31dec1991
31dec1
31deagostodel92
31deagostode1989
31dea23a
31deENERO
31de1992
31dd304
31dc0221
31dayss
31davien04
31daumas
31danesway
31dancer
31danat
31daerd
31d47
31d2212n14l
31d0n1993
31d.j.
31cwekqi
31cutefairy31636
31cumswalla
31cserhati
31crothers
31cris31
31cp5692
31cowboys
31countrygirl
31corazon31
31constanta84
31colt
31coco
31cocacola
31co2001
31cmjm12
31clew219
31claire31
31citywide
31church
31chris3
31cholo
31chicken
31chevy
31chertsy
31cheer0831
31chancellor
31chadclowdus
31center
31ccgrb
31cbsc14
31catt
31cassi04
31carr
31cantar
31campionroad
31caew99
31c12a91t
31buzin
31burton
31buddah
31bubz
31brett
31brats
31bracken
31boyz
31bossman
31bosrd
31bora31
31boo99
31bon05fire83
31boggers
31boarder
31blown70
31bloom
31blade31
31bjft7o
31bird69
31berger
31bella5
31beccerz
31bean
31bd0168
31bb2525
31balpha
31balkanstreet
31bacon
31baby31
31b8R93
31b22f23v
31azure
31avenue
31avazane
31august1996
31august1988
31aug2003
31aug1982
31aug1953
31au71
31au1979@#$%
31assaad
31as23
31arsenal31
31arini
31arden
31aracely
31apple
31aout96
31aout1959
31aoe25
31antakya31
31ankara
31angela
31andrea
31anabela@
31an052
31amujan
31amigos
31almty
31alicha
31alex
31ale96
31aks001
31ahornweg
31ahah
31agosto90
31agosto1994
31agostO83
31adriteamo726
31aara
31a749be
31a537v812g..
31a-89sa
31_zirazm
31_otuzbir
31_marzo_2006y.
31_july_1995
31_deenero
31__07
31_1991
31_121982
31_10_1991tixa
31_08_94
31_03_2538
31_01_91
31ZiPlm7
31ZARLYN
31Yjacket31
31YAkETER1418
31WATER
31VIGO87
31Tue0305
31Takorastreet
31TMA
31TITO
31TINKLOVDE
31TIME
31TARIK
31Street
31San1994
31STARA
31SLGIRL
31SEXY
31SAB1N0
31Racer
31PwBears
31Player
31PUNK
31PRINCEZ
31PREMIE
31PAMIKA
31October87
31October
31Oaklawn
31OME11
31OCTUBRE1994
31OCT78
31NIGA
31MoLuV35Jo0
31Michael
31May1994
31Mai1991
31MaRcH2007
31MILLER
31MERY31
31MAY8905
31MARCH
31MADRILISTA
31M197be4
31Lifffeystreet
31Le703200Tan
31LILBOY
31L11R19L
31KIMGELOCA
31KEV93
31July2004
31Julio
31JuLIo
31JULIO
31JERRY
31JANUAR92
31INBED
31HowAreYou
31HOTGIRLL
31HARDING
31GOON
31Elder
31ENERO
31Dispatch@
31David
31DEMAYODE1994
31DEC87
31DAS1983dev
31CUTIE
31CEDRE
31CANDYLUCAS
31BY25By30
31BRONDALE
31BOOKEY
31BABY
31August1993
31Aug1981
31Agustus310887
31AHMED
31AALIYAH
31@orlan
31@EliJah@51
31@12@1004@
31@1088
31?5?1991
31=8=94
319worm
319tee
319taurus
319sts
319snowq
319ronaplace
319robin
319prince
319pokemon
319norwood
319msv319
319mb46sx
319maiko117
319m429j
319king
319jiarong
319foever
319f.m.t
319emt007
319dlr
319cleo
319caston
319bssmta
319bayave
319babo
319angeli
319ali
319abc
319YAHOO
319Palma=
319GATOR
319DeSi375
319BITCH
3199netty
3199lozz
3199dono
3199cass
31999999
31999716870
31999336
31999203
3199900278651
31999002
3199900179211
319990000
31998z
31998801
3199800078171
3199800008296
319978fry
3199778se_
31997237
31997058
3199700001141
31996a
319967293
3199630
3199623
3199584r
3199553
319955
3199524
3199512
3199504
3199460
319942d
319942
31993m
31993ar
319937788
319935
319934
319933
31993238
3199319
31993000
3199274
31992702
31992477
319922barke
3199216
31992000
31991b
3199187
319916490
31991456
319914
319913393
3199125
31991234
319911231
31991034049
31990p
31990m
3199074
31990556
3199048
319902
3199
3198vinoed
3198sierra
3198haha
31989m
31989_19
319896
319894
3198924
319891
3198883
3198868
31988582
319885435
3198838
319881048
3198794
3198772
319873
319871
31986h
31986c
3198685
31986747
319865
31986282..
319862004
31986080
3198586
319857
31985500
31985005
31984eva
319849574
319847
319845885k
319843P
319842
31984181
319840983x
319840278
31983825
319833
3198317
31983083
31982834
319825321989
319821
31981s
319818
319814k
3198131kapp
31981112
31980tv
319808TEAMOMUXO
319807
319806098563
31980510
319804657
319802523
3198
3197pton
3197lucia
3197kst
3197jb
3197boys
3197ap
319798
31978pd
319788
31978520liza
31978264
31978105
319777
31977475X
31977041
31976969
319767686
319766524
319762ru4va3e9
319761
31975@me
31975832
31975637
3197532
31975144
319749416
3197469
31974496
319744534
319744
3197428
319741276
3197387
31973691
319733
3197305
3197301
31972941
3197268599
31972648
3197254
319725
3197239
3197226
3197220
319721
3197167
3197125838
3197104
319709
319708269
3197056
319702521
3197000
3196tj
3196dlb
319699
3196953140
319695053
31969084954
3196876
3196871
319684
31968
31967612
3196743
3196720may
319671320
3196679
319664
319663
31966
319654roberts
3196547
31965134
319647609
3196443
3196438
319642
3196399
31963772ruizherman
319634s
319632
31963085
3196294672
319626123
31962346
319623
319622
319621
31961881105
319617
319615632
3196148
3196133
31961029
31960jfs
3196082
31960325648597.,
3195sofi
3195me
3195dsa
3195al
319596
319595
3195940
31959314
3195879
3195846
3195830
3195816a
3195771
319576
319573fras
3195722
3195683
319567
3195660
3195647
3195617
3195600
3195597
3195570
3195559
3195539
3195506246
3195477
3195441
319542
31954151mely
31953kay
3195355
319532596
3195265715
31952491
3195237
31952098210
31952
319516
3195137
3195135
319511
319510872609803
319509
319507
319503.0
319502m
319501
319500500gor
3194mb
3194klw
3194NC21
3194JS
31949942
319498
31949413
319487
3194839
3194816
319479876
3194775
319477
3194722
3194697112
3194661
3194650
319461my
3194612
3194592899
319458
319456
3194549
319454
319452t
319451
319449
319446
3194455
319444
319439i
31943894
3194357
3194330
319429071988
3194270
3194247
319423
319421520a
31942
31941982
3194194
31941792
319415
3194146
319410991
3194105ll
319407
319406
319405
3194044101
31940245480
31940144101
319400
3193th
3193gemma.
3193China
319399
3193964
319394
3193903
31939
3193866A
319386
319385
3193756
319373
319372
31937
31936931
319366
3193641
31936367
3193624
3193609
31935j
31935831
31935396
3193528
319350
31934716
319343
319341
31934
3193387
319333sue
31933357
3193313
3193300
319326
31932505
319324
31932007
3193199
3193193
31931819
3193176
319317
31931505
3193147
3193126
31931
319306
319304
3192ugen
3192jb
3192ash
31929p
31929693
319294
31929174
319290
3192872492
319286960991912
31928592
319285
31928131
319277
31927445
31927311276
319272
319270591
319269
31926555
3192647
3192612
3192601
31925967
3192585
3192570
31925435
3192534
3192523
3192500
31925
31924731
319245
3192431923
31924
31923785
3192363
3192331923
31923143
319230
3192292l
31922906
319227193
31922526
31922348
3192226
3192191
319219
319215293
319214
3192115
319210
31920c
3192077
319207
319205
319204
3192023
3192021
3192015
319201
3192007
3191wd
3191steph
3191nichi
3191magno
3191ka
3191jv
3191ag
31919rhs
3191999a
3191988Heidi
3191983
3191980
3191975
3191970
3191963
3191950
319194
3191930b
31919151
31919
3191886
319184l4u1nsofi3
31918423
31918167
31917890
3191765@
3191746
3191710
31917075
319170
319169477
3191684
31916702
319166405
3191644
319163w
31915k
3191551
3191536
3191531044
31915203
319150000
3191450
3191431914
31914102
31913FECHAS
3191389
31913888
3191376
31913400
3191337536
319132
3191314
3191304973
3191301
31913
3191285
319127
3191239
3191235
3191231
3191206
31912005
3191180
319117
319116
3191132
319113
3191123
3191112
3191101
319110
31910C77!
3191098_012
31910809
31910520
31910222
319101v
3191(ge)
3190reuben
3190oooo
3190km
3190juliy\\'...
3190_jony
3190MDC
3190Hwa
31909593
31909495430027
31909311
3190909
3190900351750
319090
31908chris
3190873
319086
31908272cali
31908142
31907smt
31907MA
31907574
319073
31907223
3190701835383573
31907
319069j
319068
3190675
3190659
3190621cb
3190604
31905marli
319056
31905303
3190525
31905193
319051
31904rog
31904fjs
31904_skool
319048
319047
3190447916
3190437
319043097
3190419
3190398
31903846
3190335
31903083
319030
3190298
319029
319027
319025407
319023314733
3190219
319021499
3190201989loca
3190200474191
3190200210789
31902
31901988
3190172
319016241189
3190155r
319015
3190133
3190121987\\\\
3190100384432
31901
319004
31900294
3190010
3190002
3190*
319-612-191
318yorkave
318yella
318word
318wisner
318twinsmom
318tink
318teirrahotgirl
318tay
318sycamore
318star
318sp_95
318shorty
318shae
318scooter
318sassy
318rosaecahsieuq
318rktjrd
318red06
318ratchet
318pt9n0//-
318portcity
318poind
318pens
318otis1
318ohfive
318nottie
318nicas
318nene
318najah
318myspace
318mob
318mia
318mdh
318marcus
318magnum
318livvy
318lilrippa
318lee
318kiwi
318kessa
318katrina
318jt750
318jos318
318jenette
318isbmw
318inlove
318hunter
318hotbed
318hellboy
318gurl
318giz
318gemini
318freak
318emo
318ej85
318dream
318dominoe
318diamond
318cutie
318ci coupe
318cc87
318boys
318blood
318bitch
318baxter
318badazz
318ash
318anne
318allstars
318Warrior
318SICKEST
318LOLM,AN1
318KINGD
318Hemi
318GOON
318CUTIE
318BRITT
318BOYS
318BLOODS
3189tg
3189gary
3189be
318998
318997
3189942
3189910
3189878
3189858
318982
3189808
31897kory
3189793
31897650
318974
318970000@318910
31896pbs
31896bgjh
318968
3189661922
31896580
318962544
31896052
31895j
31895b
31895D
318957866
3189559
3189512
31895
31894LOVE
3189461
31894314
31893das
318938n
318937
3189356
318934
31893364
318932
3189312492
31893008
31892t
3189292
3189266
31892469
318923
31892093112
318920
3189192015es2294
318915r
31891527
3189131891
31891101
3189102
31890n
31890denise
318909
31890711
3189055
3189033
3188zwerg
3188skyst
3188oct
3188krb
3188clj
3188alpha
31889t
3188996pae
318899
3188982kelsey!!
318898
3188966446
318895tc
318895
31888992
3188876939314752413
3188871
3188869
3188863595
318885co
3188839510
318880
3188783648
318876
3188731887
3188707
3188694414
3188688d
318868616
318866302k
3188654
3188646672
318862883
3188613
318860055
31885ting
3188595
318856
3188557
31885519
31885393jhostyn
3188534
318851
318850blue
3188500
31884drib
3188494
31884842
31884764
3188451786
318843
31884201
318841a
318841
31884
31883gul
31883968
31883659
3188346
31883188d
318830mck
318830hen
318830de
3188304
3188300
31882BLS
31882532
318824
31882313
31882181
31882075
318819
3188163b
3188129
3188123
3188113
31881
318807
3188060
3188059
3188046
318803
318800s
3187yd
3187pryv
3187mls
3187mary
3187joe
3187coco
3187997
3187989195
31879840
3187960
3187928
318791
31878amypike
318788843
3187874039
318786
3187838
318783176
318782
318781573
31878104
318780137
3187789632
31877808
31877746
31877327
3187709
31877041
318770
31876bebe
3187673
3187659
318765
318763
3187588932
31875611
31875421
31875291
31875148
318750t
318749
3187479
318747
3187459804
318745
318742
318740
3187393
318737vr
3187375184
31873602
31873271
31873093486
31873
318728
3187275
318727
3187263023
318725
31872406
3187226021
318721802c
31872176
318721
31872075
31872028
3187195l
3187182660
318716
3187151577
3187143059
318713g
3187122
318712
3187101250
31870864
3187070
318705
31870187
3187012
3187008489
3186xb12ss
3186secret
3186ollie
3186koybe
3186jam
3186KiWiNe3186
318698
3186933341LELA
318689146
3186889961
3186874158
318685
31868296
3186806
31867yair
318679
318678
3186740
31867123
3186703873
3186693212
3186690280
318668
3186671628
3186659593
318664
3186633
31866083
31865gv
318658
3186574
318654
318652
31864808
3186452448
318644
318643
318641
3186407
31863b
31863900
318637
318636
318633
3186294
3186272511
318626
3186253556
3186243
3186229021
3186220
31861986
318619
318618
3186172812R
318616
318615
318613
3186121
318610
31860834
318607
318606
3186047
318604
318602247
318600+
3185tc
3185mel
3185gma67
3185dani
3185bh
3185KO
318597450
318596
3185885813
318586
31858518
318582
31857998
31857893isHoLung
3185755
3185743954
3185725225
3185711
31856974
3185679533
3185660
3185658
318565
3185600
3185587828
318557
31855358
31855270
318551
318547
318546
3185450
3185445
318542
3185396
318538
318536
3185338
318532
318528
3185267
3185260736
3185223
3185207
31852
31851988
318519
318517
318515k
3185143
3185121244
318511421
3185109620
318509f
318509900
3185084
318507624
318505
3185046164
318502
318500b
3185000
3184joed
3184SJNL
3184982n
3184921
3184903
318490
3184891
3184885
3184880750
318487
3184860
31848125
31847610290
318473km36462
3184717
318469
3184652549
3184622
31845984
318458
31845388
3184525z
31845058
3184491299
318448
3184478133
318446
3184424933
31844017
31844
31843762
3184359c
3184355816
318435
3184325b
31843184j
318431
3184279
31842576
31842416
31842373
31842326
318422
31842000
318417g
318417469
318416543
31841480
3184135790
3184132
3184120
318411krr
318407
318405
318404
318402185
3184002
3183slb
3183re
3183fs
3183989854
3183970
31839417
31839
3183885
31838656
31838625
3183821
318380
31837739
3183729
318370
318369
31836482
3183638
31836205
318360
31835602
3183557
3183547
318351983
31834bj
318345485
3183447
3183432781
3183395
31833883
3183355
3183333
3183320807
31833019
318329
318327
318326
3183255575
3183250
3183241
3183229
3183213232
31832126
31831k81e87
318318318
3183180171
3183160kb
3183154
318314
3183124
318311
3183099
3183092
318308c
31830601
3183035
3183018806
318300128672
31830
3182meep
3182ge
3182dear
3182and1
3182970
318295
318293
318290
318288
318284
318282536
318281
318274
31827043
31827
3182673032
3182653
3182627627
318261wd
318261
318259
318257
318254m
318254
3182534
318253
3182527
31825241
3182522
3182515
3182512252950
318250d
31824978
3182482778
3182443
31824
3182367
318234318234
3182332
31823010
3182286310
3182273646
3182257175
31822489
3182233
3182225
318221
3182206
318219
318218
3182130
3182111
3182084
31820712
318206
3182046
318203
3182020
318201
3182008
3182007
3182000
3181pinas
3181hunted
3181comandos
3181997a
3181993n
3181992sh
3181989115
3181985lpq
3181976
3181971
3181962
3181957
3181954j
3181945
31819
318189
318188
3181832
318175
3181720
318171314
3181699
3181687
318166
318162122
3181610
31815700a
31815432ss
3181535
318152
31815039
318150
3181455
3181431
318141
318138555
318134
3181313
3181292
318127
318126
31812513d
318125
318123556
318123
318122
318119
3181154
3181144n
3181133
3181126BB
3181121
31811151970
31811133
31810771
318107
3181038410
318102534
31810212
3181010
3181$3XYC
3180tree
3180pcfm
3180dana
3180ch
3180andover
3180HOE
3180997
3180981
3180973
3180944
31809002
3180871dana
3180851
3180828
318082
3180810
3180804
31807pie
3180795
318077
3180756a
3180736t
318073
3180715
318071016
318069
318066
318065083
318062534
3180580
318055bb
31805434
318052
3180500420533
31804994
3180455
318044a
3180431804
3180411
318040488747
3180400
3180385
318035e
3180338
318032082
3180307
3180300062340
3180272209
318022460372
318022
3180200123223
31802
31801bug
318019
3180183
3180133
318011
3180100030304
3180077
31800541
318000
318-8231
318,AOL
318 boy
317will.w
317warwick
317velly
317trumpet
317thmaint
317sz562
317starz
317snoop
317s37
317ripley
317rigi
317primrose
317part2
317nuni
317nap06
317mykids
317mom
317lynn
317kelly
317jzip
317jas
317hrm
317green
317duces93
317denise
317daboi
317courageous
317brit90
317bigbro
317baker
317babiigurl
317apu837
317and65
317allday
317_ynna
317TTO
317NAPMAP
317JFESPINAL
317ERICKJR
3179wt
3179papy
3179ma
3179aditz
317998
3179968
31799602m
3179921
3179900190827
3179899919
3179882c
317986922
31798642
317984265
3179834
3179809
31797f
3179782
317973
31796hehu88
317966
317965
317962663
317960
31795j
31795Ismybirthday
3179565b
3179556969
317954
3179531
317952486
3179510892
3179504
31795+dks
317948
317946825
317946
317944o
317944
317943656
31794266
317941bv
31793d
317939
317937
317934
31793329
3179307
31792m
31792dpc
317929
3179259
31792526
31792486
3179231792
3179200
31791love
31791bbday
31791960
31791729
317916
317913
3179113
3179105
31790ch
31790JV
317908
317907633
317907
31790340
317903
31790260
31790181995
3179012323
3179
3178mina
3178julio
3178duck
3178ROBERT
31789miami
31789ida
31789G
3178987
317893
317891
31789
317889158
3178888
31788660
31788401101
31788174mp
3178806
317880
317879
3178770595s
317874187
3178708932
3178703973
317870
317869
31786777
317866
3178652246
317864
317860005919892
31785lps
3178590937
3178589
3178581
317856
317855
3178540
31785233
31785135
3178497601teamo
3178478699
3178469628
31784629
3178455
3178440911j
317843332
3178431
3178421
3178390
3178381s
317837427
3178367
3178339760kj
3178319331
317831
3178300540
3178293476
3178280583
31782702
3178266778
3178262224
317826
3178248381
3178246347
317824127
3178239
3178235371j
317823
3178223896
3178212309
3178210642
3178201897esteesminumero
31781ter
31781879
3178179534
3178177JA
3178176220
317817
3178167606
3178164625
3178161151
317815
317814
3178138563
3178135
3178131781
3178126990
3178120818
3178113
31780lra
3178096702
3178083
31780808
3178076330
3178068
3178064588
3178061574
317806
3178052616
3178045011
3178041408
3178035560
3178031464
317803
3178022609j
3178012397
3178010090G
31780
3177tw
3177tc
3177hh
3177alba
3177MZIs
3177992228
3177990339
3177987335
3177986367
3177981
3177962832
317795mamma
3177938241
3177922653
3177913916
3177908105
3177903534
3177898028
317787040
3177866927
3177865155
3177862167
3177856
3177847e
3177843341
3177831095
3177824460
3177818281
317781
317780
3177797754
3177793
3177778107
317777777
317777
3177759
3177751080
3177748354
3177735378
3177722621
3177716
3177711784
3177702032
3177697751
31776777joae
3177663
3177655
3177651433
3177629736
3177627
317762
317761
31776087
3177605447
31776
3177586
3177585859
3177576594
3177573185
3177571929
31775669helga92
3177564278
3177556797
317755425
3177551782
3177550068
3177549995
3177529259
3177526431
3177514572
3177507445
3177497777
3177491899
317748
3177462
3177458746
3177439643
3177431357
3177428139
31774088
317740
31773gav
3177399
3177377570
3177364817
3177356625
3177350
3177345sc
3177345b
3177339145
31773310
3177328551
3177322422
3177319337
3177317082
31773164
3177313834
3177306763
317730
3177299890
3177291994
3177288772
317728683
3177282193
3177279038
3177267319
317725
3177244795
317724169
317724
3177219023
3177217778
3177193
317718jo
317718KIRK
317717dl
3177151105
31771456
317714
3177138
317712131
31771071109
31770987
317709
317707pop
317704hla
3177043856
3177022syf
3177018
317701469
3177013
31770018
3177!!
3176d
3176DW
3176992129
31769696
317694
3176930
317692
31769159
3176903948
31769
3176896050
317686651
3176852493
31768491
31768258
3176807dee
317680
317679306321
31767872
3176768
3176752588
317674
31767184
317670
3176664067
317666
317665
3176640105
3176611814
317659
31765607
3176531765
317652jm
3176515391
317648a
317648
3176458
3176441
3176432
3176421
317642
317641518
317641
317638
3176373
3176343MT
3176302
3176270
3176240166
317624
3176221802
3176208319
317620
317618
3176175849
317617
317615818
3176150
317610
31760589
317605
3176022286
3175yann
3175marlene
3175jp
3175989
3175960
3175943
3175924332
3175918216
3175906767
3175892
317588995
3175868938
3175865256
31758312
3175825
317582121128
3175810SW
31758
31757903
3175779
317571naty
31757130
3175692
317569
3175665
317566
3175630nelly
317562
317561
3175542
31755
3175449
3175425
317540
3175391
317538
317537s
317537mhg
317537lmk
317537llt
317537lg
317537leslie
317537g
317537cjf
317537aan
3175378201
31753745732
31753716
317536600
3175352
3175331336
31753175ca
31753172106
3175312
3175301811
3175275028
3175267262
3175257j
3175246
317524
317523
3175214
3175210
3175205
3175185700
317517
3175163
31751500
3175122817
3175103
31751
31750805
3175070
317505
3175048765
3175040812
3175031750
31750154
3174xx
3174pm
3174dogdogs15
3174NASTY
3174991062
3174983354ok
3174980194teamo
3174968023
31749657g
3174963
3174950
3174943
3174937574
317493
31749211
3174911
3174892947
3174879
3174874112
3174870850
3174867
3174857887anibal
3174853
3174848730
3174834
3174831278
3174825677
3174818420
3174814
3174813859
3174805480
3174799910
3174791924
3174784049
3174780591
3174779482
3174768189
3174760933
3174755824
317475
3174739152
3174738540
317472
3174717711
3174714458
317470
3174693822
3174691705
3174681892
3174680513
3174675
3174670246
3174655300
3174653107
3174650662
3174644467
317461
31745bc
3174586373
3174582314
3174567015
3174551727
3174549723
3174545910
3174538653
3174527199
3174520577
317451
3174503746
3174491141
3174484
3174461
317445
3174439
3174426363
3174420279
31744047
31743173
3174316996
317431
3174302062
3174292582rey
3174292247
317428
317426
3174250
317423
3174225430
3174220873
3174215c
3174207485
3174207
31741a
3174199913
317419720317
3174195375
31741824028
31741781lm
3174176188dani
3174175430
3174173589
317416267az
3174161538
3174156770
317415032535
3174148391
3174141138
3174125968
3174122453
317412
3174119532
3174117529
3174115855
3174112591
3174110696
317411
3174102354
31741
317409513
31740879051585*
3174084608
3174073
3174047
317403
3174011945
3174009377
317400
3173rk
3173jm
3173haru
3173do
31739dallas22
317398
3173976280
3173964
3173960288
317395643
31739519
317394
3173937610
3173935275
3173933020
3173926623
317392
3173912824
317391
317390
3173898851
3173892096
3173867096
3173863
3173855723
3173845456
3173843440
3173841989
3173830773+
3173829303
317382531
317381
317380
3173777916
3173776504
3173751903
3173745001
3173741265ha
3173731812
317371a
31737
3173699
31736758
3173652
3173620372
31736164
317360
31735t
3173598062
3173586641
3173583344
3173580860
3173573723
3173566529
31735551
31735456
3173537084
317353212
3173527618
3173527201
3173518245
3173511
3173502267
3173501197
3173494403
3173475
3173463777
317346
3173448510
31734421
3173438497
3173436888
3173429556
3173426319
3173421761
3173409260
317338
31733557
317332
3173310688
3173304116
3173301291
3173296806
3173285315
3173264665
3173258
3173246224
3173243888
3173239809
3173233
3173221761*
3173220958
3173215089
3173204053
3173200323
31731989
3173194541cesar
3173182657
317317two
3173179468
3173170664
3173166224
31731610
3173151228
3173149892
3173144709
317314344
3173143
3173141703
3173135023romari
3173129593
3173124786
3173123
3173113071
3173106767
31731019
31730J
3173097755
317309344814
3173090851
3173088803
3173079894
3173078741
317307
3173066021
3173062160
3173061118
3173059387
3173054874
3173046143
3173037311
3173031572
3173026128
31730202
3173018052
3173014029
3173012489
31730052241
3172wellhello
3172lv
3172d718
3172LV
317299
317295
3172948
3172927766
31729085
317287582
31728523
3172851631
317285
3172844526
3172840844
31728306j
3172818997
317281
3172806959
31728033
3172785900
3172781657
3172772382
3172763924
317275
3172747086
3172734702
31727299
31727215403324874
317271
31727016363
317270
31726714
3172661755
3172651926
3172643
3172639341
3172626311
317261983
3172612073
3172611413
3172609406
3172606662
3172602645
317260
31725eliza
3172596327kl
3172593187
3172581376
3172577302emo
3172570
317256849
31725557280
3172551027
3172548721
3172545732
3172544460
3172537
3172534
3172531301
3172529
