9244881k
9244846
92448218ardiles
92447972606
924477
9244754a
924474734
9244710
92446vezoz
924469336
9244678
924466602
9244643893
924462481
92446178
92445772533
92445613
92445400
9244527
92445099222
9244494
92444475
9244417
92444
9244388
9244370
924435
92443429
92443303
924432
9244306
9244282
92442746
924427
9244257
92442450
9244239
92442244010606
9244216
9244212
924421
924419855
92441318
92441157
924410
924407
924406661
9244044
9244025
924402
9244001
924400
924399906
92439705
92439612
92439302
924392102j
92439131
9243887b.
9243883Yeah!!
92438296
9243827
92438167
924380557
92437cpope
92437899
9243772
924376164238
92437584
924373635
9243719
924370
9243689
92436840
9243669
92436487
9243639
9243629613X
924361
9243583
9243562
9243538
92434_[x]
92434645nania
92434517
924341781
92434038
924339knute
924339269
924339
924338
9243366
9243342Sarah
924334
9243336953
924331122
924331078
92432963
9243295
9243285
924327
924326
9243251
924324
924323
924320510
92432003
924317
924315996
9243142babu
92431065
92430980
9243092
924309
9243010
924300
9243(ale)9709
9242pot
9242jz7734
9242ijctg
92429lq92429
92429755
9242954
9242943
92429421
9242926336
924292
9242887
924287775
924285
924284
92428248f
9242804202
92428
9242746
9242736
9242722
92426car
924268441514
9242679039
9242670
924266
92426491
924263693bm
9242622
924260
924259
924257jovico
92425624
924256
924254563
92425368
92425112
924250276
924249546
924249
92424844
92424833
9242469
924244584
9242435
9242423704
924241081
9242399
9242389
924238
9242338
9242330
92423236
9242318
924230274
924228
9242275609
924226704773027
9242242
924223802
924222w
9242215041
9242206
9242193038
9242186
924217
9242162340
924214500
9242123
92421211
924211477
924211
924209Aa
92420643
9242012
92420087
9242007
9242003
9242001t
92420000
9242000
9241yoder
92419j
9241996**a**a
92419949
9241993j
9241992n
924198810151995
9241985s
9241984
9241982
9241978
9241976
9241965
9241939
92419012
92418mj
92418733
924187
92418609tskd
9241847
924183490
924183
9241816
92418003
9241790
924178a
9241764
924174270
92417330
924170
92416718
92416488
9241642
924162537
9241619
9241588
9241572901234
92415500
9241520
9241515
9241502218989
924149
924146133
924145303
924143754
924143
9241412
92414079
92413988
9241395
924138181
92413640
924132490
92412902
924128393
924128129
9241268
92412652
92412405
924123398
9241224
92412185
92412009
924119
924118063622603
9241179
92411731
924115
92411451
92411327
9241121
92411180
9241117
9241107
924110
92410760
9241060d
9241032
9241028
9241017945
9241016
9241011
92410075
9240mabel
92409924
9240923g
9240919789
92409
9240861b
9240802
92407cmd
92407930
924078
92407736
92407550
92407237
92406w
9240693
9240607
92405tr
9240574
924056
92405111
92404koda
92404944
9240490
92404605
9240430j
9240426
92404121
92403ar
92403946
924039
924038306
9240367
924035759
92403546
9240344
92403020
924029
9240277
9240249
92402030
9240200204
92401e
9240185
9240174
92401520
9240138
9240132
9240118i
924011
9240103
92400891
92400580
9240041
924003911
924003
92400117
92400
923xx148rose
923viper
923tony7
923tejada
923pass
923pak
923nuzgb92
923nicky
923miko
923luke
923loreto
923laxdan
923ksjo
923khey
923jwmv
923iloveme
923hit
923ghr221
923fucre33
923eman
923dios
923cg2
923bet468kink157
923ada
923HAZ6926
9239teddy
9239sa
9239hijrv
9239999
92399793
9239968
9239965
923995159
923994
923992
9239902
92398t
9239892
923987856
9239856
92398435
92398053
92397920
9239775
9239757
92397205
9239716
92397
9239696
92396848
923968
9239672
9239665
923965441
92396468
92396431
923963
923962115
92396
9239591
923956
923953661
92395076
92395
92394exubp
923946894
92394331
923942106
92394*sa
92393d
9239384
92393797
923937
923936587df
923934612
92393351TKM
923933314
923932
923930269
92392r
92392bday
92392R
923929
92392838
9239278
92392724
92392657
923926
9239249
9239247
923923t
9239239
9239236
9239232
923922150
9239213
9239209
923919192
92391751
92391710
923917
923915204
9239139
923913
923911
92391071
92390mno
92390cc
9239086
92390745
92390661
92390476
9239032
92390311
923902202
9239009
923900
9238ubcbs
9238me
9238karla
9238akg
9238995
923898865
923898257912953617222
92389499
92389407
9238925
9238923
9238914
923891030
92389+07578
92388990
92388898
923888
923886
923885371
92388288
9238822
9238817n
92387r
9238797
92387923r
9238784
92387723
923876958
92387639236
92387408
9238732
92387218
92387178
92386833
923868
92386661
9238649
9238619
92386113087
923859p
923859840
923858
9238563
9238556235
923853560
92385327
923852588
9238520r
92385102
9238509599
92384tb5
92384762
923846
9238415
923841
9238404
92384
92383893
9238373223
92383681
923834536
9238329
923832
9238304D
92382mda
92382911
9238286
92382786
923825
9238239
923823795
923822
9238214
923821
923820
92381987
923819
9238163539
923814755
92381277
9238123
923810741
92380930
92380587
923803930069
923802
923800
9237snl
9237ram
9237am
92379clc
9237992379
923799
92379734
92379356
9237926
923791783
923788
92378544
92378382
9237821
923781
92377892z
923778105
9237760
923774301
9237724
92377020
92377
9237698
92376673
923766
92376549
923761
92375fkxeq
92375CH
923759132
923757898
923756331
923756
92375446
92375237
92375000
92374970
92374770
9237472
9237459
9237450
9237431pooh
92373915
9237387ao
923737469
9237352
92373303
9237311
92372974
9237279
923727503
92372414
923723257
9237224
92372133
923717411
9237151
923714
9237116
9237098
92370877
9237084
92370709
923704418
92370380valentin
923703726
92370268y
9237016u
9237007892396759
9237004
9236meg
9236joe
9236dg
923699028
923698
923695307
92369495
923693754
923692190
92369127
923690
9236883
92368169
9236812559
923680916
9236779
9236768
9236752ABC
92367512
9236735
9236706
9236697
9236678970
92366634
92366517
923665
923662488
923661482
92366038
92365n
9236589
92365691
9236544
9236521
92365
9236495
9236472198312937
923644d
923641426
92363967guille
923638
9236343
923633
923630s
9236303
9236293
9236281
92362774
92362574
9236248e
9236231033
923621510
9236208
92361874
9236164
923614ir
9236120
9236119
923611424
92361120bb
92361110
92361107
92361009
92360ngqcx
9236081
923606633
92360363
9236027
92360111
923600
9235iyirx
92359mbsow
92359712
9235970
92359599
9235947
92359336
9235909
9235889195
9235857
923584750
9235845
923584
923580
9235789
923577842
92357725
9235769
923576
923572952923723848
92357219josue12
9235709
92356860
9235683
92356760100791
923563535
9235623690
92356201
9235606
923559047
923557618
923556788035102
9235556
923555
92355437
923553198
92355137rossana
9235508
923550337
9235486
923547963
92354668m
923545661
92354459
92354412
9235428
9235417
923540a1
92353hot
923539046
9235386
92353636
92353569
9235351f
923532724
9235314
9235302
923529
9235246
92352423311151
9235239465603
92352353
923521
923519911903
9235197
9235156
92351519
92351480
9235137
923513049
92351265
923512051
923511246
92351015
92350jhrr
9235094mhkl
9235092
9235085
92350658
923503305
923503
923500200
9234ttn
9234surgeon//*
9234md
92349nvagc
923499
923496519
9234953
92349417
92349234
9234915
9234906
9234889
92348643
9234848725
92348426
9234821441
923481361
9234800
923479446
92347847
92347801
923477256
9234764979
9234747
9234744
92347327
923473
923472
923471151
923470859
92346ksvmk
92346827
92346799
9234669
923465925
9234648
923463245487
92346035c
9234600889
92345nonic
92345960
9234580
923457120
923454708
92345401TKM
9234535
923452426
9234509
9234506
923450
9234496
92344898
923447805
9234448
9234427519
92343838
92343672
92343202
9234297
92342709
9234257bk
923425
9234243265
9234225
923421
92341759
923417
92341664
923414847
923414354
9234137
923413
9234093643
9234072
92340517
923404551
923402045
923401115
9234007
9233tarn
9233ht1
9233acsp
9233@1989
9233987
923397
92339566
9233951
9233933839
92339219234116
92339057
9233903cdl
923389
9233880
9233865
923382105483349
9233804
923379514
9233789
923378592
9233776
9233736
923373041
9233725
9233722
923371025
9233702
9233699653
9233692336
9233691
9233686+
92336600
92336494
92336452
9233621
92336201a
9233617
92336
923359603
92335835
9233576
9233555
92335188
92334969670264
92334829
923347429
9233463
9233454F
9233452
9233420
92334145
923340720
923339566
9233391
923337520
92333686
923336067
92333457
923334047428
9233322
92333205
9233320
923331451
923331
9233304
9233285
92332649
9233254
923323558babyyobh
923322512
9233214
92332102
9233207
923320
92331923
9233191
923318195
9233173
923313628
9233106
92331
92330911
92330607
9233057
92330455
923304
92330196
92330006
92330
9232yada
9232slm
9232n7
9232fer
9232MIST
92329919
92329767
923296
923292446
9232921
9232905630
92328998
9232865
923285479
9232844
923282763
923282
923281
9232806
9232796
9232786
92327647
9232747
923274295
92327313
923271619
92327043
92326dqazp
92326944
92326835291993
9232679
9232674
9232660
9232651
92326311
9232630
9232629
92326200
9232618
9232602
92325i
9232576
923256
92325541D
92325445
923253661
92325211
92325191flor
92325094746rz
923250
92324ca
9232494
9232488
92324779
923245742
923244732
923244
92324342
92324328
9232415
9232403
9232400
9232395
92323843
9232371
92323686
9232355
92323324
923232894
923232416
92323142
9232308
9232306
923229793
923227673
92322684
9232241
923224
9232225
92322
92321839
9232174
9232156
92321506
923213t
92321376mire
92321292
92321234
9232118
92320mor
923209693
9232081
9232047
92320459
9232036
9232028
9232025
9232010112
9232007
9232$okorro
9231kn
9231boxer
92319LYY
9231995mv
92319922
9231982d
9231981
9231977
9231974
9231971
9231969
9231962
9231959
92319312
9231923
923191
92318899
923188
923186452
9231854
9231831218
92318195
9231802
923179
92317678
923176
92317581
9231753
92317189
92317068
9231681291
92316721
92316700
9231666
92316580
92316427
9231618
92315849
92315847
923157
9231558
9231531
9231528
9231511
9231476
92314557
9231451
92314496
9231433
9231427
923141918sgl
9231414
9231407259
9231394
9231387
92313725
9231357
92313509
9231339893180060
92313255
92313189
923131
923130680923202503
92312623
9231239112
92312321a
923122530
923122047621
9231203
9231196
9231160m
92311557
9231150m
9231148
92311311
92311205
9231117484
92310holiO
9231070
9231060
92310521
92310434
923104
923102861
9231022
9231019
9231016
9231008cachetona
9231002
9231
9230luisa
9230guida
9230998
9230967
92309230
92309
92308c
92308820
92308729
9230868
9230852
9230837
9230836
92308205c
9230802
92307carmq
923079
923078
92307659sarah
923076
9230746
9230731
9230703
92306964
9230689
92306843
9230641
9230638
923063
9230615
92305mj
923059235j
9230565
9230553_07
9230520525
92305049
92304bear
92304808
92304559
9230425d
92304205
923042
9230415
92304049
92303sg
92303950
9230384
92303795
92303781
9230370
92303689
92303517
923034
923033033
923032
9230315..judi
92303
923029
92302657
9230253604+dAAd
92302370
9230213
9230192
92301823
923017
92301609
9230156
92301476
92301453
923013fz
9230128945
9230119382leo
923011
923008
923005827571
923005
92300413
92300318
9230026759
923002
9230015
923/322349
922yk32s29
922wvave22
922wedas
922tmn
922tin
922stene
922secrets
922queen
922patchen
922nuzeh27
922nbnfj69
922lynn
922love
922lemzz591
922lau
922l0v3nlex
922jzc
922jess
922jaja
922fwtfg89
922fresasdepopo
922eho
922crp
922cle
922chris
922bitch
922as5996
922anu1376801313
922TVBFW68
922JAJA
9229zz5
9229nutti
9229katy
9229bwdgk
9229am
9229996
92299899
92299675
9229954
9229951T
9229939a
922990
9229894
922988447
92298731
9229858
92298545
92298125
92297885
9229770
92297563
92297337
9229715786
92296merilyn
92296MLS
922968a
9229658030405162
9229635
92296102
92296051
92295g
9229580787
922957
9229559544
92295261
92294tom
92294m
92294br
92294940
9229488
92294692
92294503
9229438355
92294224
922941
922940
92293oreo
9229384z
922938
922937
9229348
9229337m
9229331
9229326
9229310-house
9229300
92292BKballer
922928922
9229281i
92292743
92292599
922925
92292360
9229229
9229228
92292245
92292200
9229215
922920
92291j
92291962
9229192
922919
922914ever
92291431
9229128
92291166
9229111
9229092008
922908790
922908
92290761
92290599
92290486
9229024
922901\\
92290082
9228wd
9228mihaela
92289cjn
92289714
9228970556
9228969
92289387
92288wjwoo
92288cl
9228885530
9228875063
9228853320
92288430
9228829985
9228820
9228816e
92287954
922879
92287721
922876
92287545
92287493
9228743
9228722
92287118052
92287023
92286cla
92286bh
9228674
9228653k
92286522
9228619
92286131
92286025
9228601
922858wug
922856
922854
9228517
92284mani
92284844
9228468
922842j
92284230
92283955
9228379
9228364
9228346
9228334
92283112
92282v
922829
922828
9228253530
9228239
9228209
92281c
9228197
9228187557
9228181503
922817
9228135
9228134424
92281258
92281178
922811
92280chcj
922809
9228070
92280666
92280445
9228034
92280229
9227tommatias
9227rm
9227kate
92279jrr
9227990661
922798
92279235
922791
9227897
9227877776
922785
9227826670
92278164
922780
92277ev
92277942durito
922779
92277732
9227753
9227730
9227721
9227710420
9227710
92276th
9227680
9227670
92276569
9227646991
9227629
92276064
9227600
92275bbv
922758
92275702
9227566a
922756
92275447
922754
9227522
9227498207
92274931
9227481391
9227476
92274491
922744
92274223
92274162
9227412
922738elytsgod
922733
922732230
922731bt
92272986tekelo
9227281222
9227264
9227253
92272495o
9227229
92272232
922721
9227204260
92271:D
92271958
92271808
922717
922716
92271489
922713
9227123
9227118
92270857XD
9227077
922707
9227062
9227044
9227027
9226meg
9226MIKE
9226996
9226983
922695501
9226933
92269
92268894
9226877
92268689
9226844
9226825
9226815
92268082
922678jr
922678
92267492
9226737
92267203
92267050
92266pr22js
92266983
922668
9226666
92266302
92266079
92266019benjamin
9226597
9226593
922657f5
92265660
922656
92265501
9226540
92265046
92264960
9226479
922646
9226440
922641
92263nuqr
9226362613
922635
9226333634
9226329
9226327
9226300
9226292
922628160
9226265g
92262338
9226228
9226201
9226191432
922618285
92261790
9226177
922616
92261453
92261234
92261127
922610
9226092260
9226089K
922607
9226064
922603
922601943angel
9225zack
9225renee
9225me
9225is me
9225B-day
922599155211777
9225972
9225942320
922592
92259101
9225899
9225883
9225874
92258621
9225856519
922585
92258294
92258237
9225814175
9225800
92257X
9225788
922578
9225764
9225744
9225706
92257016
9225699
9225690
9225668r
92256668
9225663
92256523
922564
9225635
9225629
9225592
9225578751
9225570
922555m
922555
9225533
9225515484
92255066
92255
92254hrtex
9225482
9225462087
9225453
9225434
922540773anaibib
92253j
9225396
92253876
9225374j
9225357
9225347
922534
92253104
922530
922529666++
92252885
9225273
9225236363
92252179
9225201314
922519
922517
922515r
922514
9225121
92251137
92251039
922507
9225061
9225060
9225048
92250324duuf
9225017
92250125
92250000
92250
9224jamaica
9224issxy
9224fever
9224ever
9224avdr1
9224@9224
9224997neu
9224988
9224966638
9224945
922493025
922491275
92249
9224885537
9224861a
92248446095
92248203mari
92248
9224781806
922476605
92247569
92247366*/
9224696
922469
9224677
9224675169
92246184
922461
9224600
9224594
922458
922457
92245581y
92245558
9224528
922452
9224510
92245
922449
9224459
92244425
92244274
92244174
9224400
9224370
9224348
9224336299
9224324
92243113
92243094
922430
92242830
922427427
9224254
9224252089
922424
9224238
9224216
92242077
9224198414
9224188
92241695
9224159i
92241513230194
922415
922413
9224114
9224107820wehng2
92241
9224091
922409
9224083992
92240745
9224058
9224041
922402l
9224008
9224
9223love
9223dtspi
9223966
92239499
9223927
92239070
9223895
92238917
92238803
9223874340
9223862
9223828lebaa
9223816
92238075l
9223801
92238
92237774
9223773
92237635
92237492
92237407
92237249
922371618
92237072
9223703
9223688
9223681
92236616
9223653123
9223631m
9223629
9223615
92236041
922360
9223594
92235785
92235718
922356
9223540
9223525
9223498
9223493
92234751
9223454
92234510
9223450
9223442
9223429697
9223422709
9223410
9223396
9223380428
92233766
9223363
9223357725
9223345798
92233259
92233161
9223312770
92233088
9223281poch
92232722
92232598
92232567
92232455
92232296
92232
92231fran
92231_P
92231903
9223180213
92231736
92231731
9223166
922316
9223146
9223144066
922314
92231298
92230952
92230891
9223079
92230716
922307
922305962317
922303
9223016
92230130
9223007565
92230017
9222syli2148
9222sam
9222hmwmv
9222angie
922299
9222974
92229547
92229253
922292
92229172
92229
92228nstgw
92228963
92228805
9222870
9222865
9222854
9222846
92228352asdfg
92228301
9222825
9222818
9222805
922280
9222792
92227769
92227638
9222725
9222716
9222696
92226898
9222673
9222668
9222655770
92226347mg211827
9222621
92225972
9222583
92225702
92225598
92225564
92225454
9222533
9222530
9222522
92225154
9222510151993
922250
9222497
9222485
922247549
9222460mirian
9222450
9222442
9222434686fat
922241
92224018
92223wilson91011
92223911
92223885
9222372
92223666
922233ry
9222331
922231
92222rnnvf
92222889
9222277
922225629
92222506
9222234
922222e
9222225
92222134
92221889
92221765
92221528
9222147
92221350
92221196
9222102
922209
92220839
922207
922205
92220203
92220146
922201
92220073
9222005d
922200422
9222003
9222002
9222
9221pcrll
9221isaly
9221bra
9221998
9221994mb
9221993clb
92219925555512345
922199
9221987f
9221981k
922198
9221975
9221972
9221970cnk
922196ren
9221961
92219579
92219528
9221944
922193quit
922192141
9221918jb
9221908
9221899
9221895d
92218877
922188
922184
922183
922181tl
92218138
9221811
9221801
92217933
922177
92217566
9221753
9221746
9221733
92217220
9221710
9221702600
922168813340317
92216836
9221669
9221649
922164
92216223
922162012
9221620
92216122
922161
9221591867
9221590
9221585
9221572
92215661
92215521
9221544
92215280
92215225
92215
922147945
92214737
92214670
922144039144314196059134
9221433
922142052922142
9221417
92213b
9221394497073293
9221392
92213770
92213755
92213401
92213297
922132
9221309
92212hoe
922129r
92212880
922128
9221269
922126
92212517
9221241
92212345
92212284
922121k
9221214567
922120
9221196
9221189r
922118
92211611
922116
9221155
9221134828pp49
922113
92211250
9221123
92211156
9221105
92211
92210973
9221092h
92210853
9221081
9221070
9221065coo
9221054
9221050
92210425
9221039356
9221035
9221027339
922101ccy
9221017
92210104
92210003
92210
9220lana
9220ghitza
9220cod4
922099
9220975
922095a
92209561
9220946
92209416
92209315
92209157
9220904
9220896
92208863
922086933
92208649
92208591
9220857
92208510
92208140
922081
92207RP
92207989
9220774043
9220736
9220723
9220708j
92206bc
92206983brgb
9220651
9220644
9220622
92206133
92205m
92205g
92205ethan
92205863gg
9220573076
92205700
92205604
92205456
92205201314
9220507har
9220506
92205012
92204n
92204976
92204900patyx100
92204800
9220469
9220466
9220446
9220418
92204067
922040
92203jmhluvsakwj
9220387
922038
92203754
922036922041
9220358
92203515
9220338
9220329
922032
922031
92202ajg
922027
9220261erika*
922025
92202423
9220218
9220206
92201tm
92201a
92201964
9220185
922017754
9220149
9220143
92201337
922012804
9220123
9220113
9220105m
92201
92200994
922009
9220072dd
92200687
9220062
922005a
92200438
9220028
9220015
9220
922+6
921wcollege
921w65
921smiley
921sep81
921pooh
921palm
921old
921nba
921mine
921lrc
921lolly921
921lilah
921jrve830
921jis
921igtojsa
921hillst
921evol
921edmunds
921dsr
921burleso
921beat
921baby
921aeris
921Virgo1989
921Oo33
9219rac
9219lilly
9219katy
9219asdhk
9219996
9219971974
921996r
921994lovegreen
921994j
9219945380302
921993ca
9219931986
921992anu
921991s
9219913660
9219910507937629
921990a
9219898
9219892198
921988c
9219867
921985a
92198430karla!
921983koko
9219835314
92198258
9219802
92197les
921976CB
92197601
9219749756
9219741203
9219733315t
921972635310885
9219718890
9219708210
92196ic
92196745
9219665
9219656566
9219631c
9219614
9219607
92195965
921959
921958
9219565
921955
9219521
92195200
921950
92194801
92194523
9219434
92194271
9219406z
92193kiki
92193B
9219377
9219367852
9219334
9219327965
92193019
92192bday
92192917
92192855
9219280
921927
9219236
9219234a
9219222
921921u
92192121
921921117101990
92191js
92191940
9219188
921915454
921911
921910
92190r
92190NiCoLe
92190961
9219072M
921906
921904rf101
9219030405
921902114776587
921901390
9219011292
921900
9218puy
9218jewett
92189lz
9218991
9218987
9218958
92189430
9218936
9218932
921890416
92188sam
92188ae
9218898a
921889595
921887
9218831
9218820
92187GO
921877
921876410290
92187203
92187114
9218705
92186lcas
92186962
9218662
9218661
9218638
9218623111
92185ll
9218599756
921858
9218559
92185315
921852292185
92184tlv
921848147
921848
92184398
92184165ana
92184067
92183m
92183989
92183912
92183475
921832002
92183151
921831
92182e
9218286
92182824
92182775
9218266ito
921826
92182503
9218212
92182
92181929
9218191
921818
92181697
921816
9218152
921813
921811
921810
92180810
921808
9218076
9218064
92180586
921804
9218024
92180000
92180
9217jl
9217ae
92179mike
921795
921793ge
92179210peinaita
9217915
9217907
92178tl
92178752
921784931026
92178481
921783930
92177735
9217760B26M
921775
9217720361
92177127
921771
92176811
9217663
9217635
92176142
9217596
92175872
921757gp
9217561
921755
921751
92175
9217480204
9217452
9217446
921743
92174227
9217409
921740
9217398571G
921737
9217345
92173431
9217338707
9217336
9217320534
92173157
92173010
921729
9217262
921722
92172
921719921719
92171953
9217184
92171716
9217155
921714
92171234
9217120
9217115156
92171023
9217100
921709a
921708
9217057
921702
92170
9216gn
9216alc
92169969
9216984
921693661
9216933a
92169273
92169139
9216894160
9216870856
9216853124
921683431628
9216824433
92168200
9216803
9216797
92167930
92167781
9216752002
9216739873
9216713
9216669908
9216665
9216650542
9216648369
9216644
92166315
92166289nba
9216614766
92166062696
9216586761
921658
9216566
92165632
9216561261
9216550605
921654
9216530
9216527
9216478
921645
92164372
9216412
9216407
921640
921639
921638436
921636j
92163614kelly
921634
9216331
9216301
92163.73.486
921629
921626
9216243
92162327
921621r
92162138
92162025
92161902lolli
9216171
921616
921614
921612
9216102
92161
9216097p
9216091096
9216071
9216068
92160476
92160253
921601
9216009447
92160031010288
9216
9215rbk
9215ness
9215lidia
9215jm
9215gm
9215998
92159898
9215954
92159420
9215923656
921592
921591224
92158kjs
92158951
9215879597
921587
9215859
92158467
92158321
9215825256
92158208
9215806
92158
9215789865
9215782b
9215771
9215763
921575635
92157477
9215736
9215729700
9215721005
92157177
9215671971
9215670560
9215661582
92156485
92156398
9215617891
9215611
921560323
921560014350
92155990
9215583
92155569
9215540162
9215532618
9215526939
9215508123
92155
92154ac
9215498
92154814
92154745
92154708
921546636969
9215452
9215446
921544
92154295
9215406432
921539
921537
9215368498
92153455
92153301
9215324
921530
92152839
9215254655
921524cc3
92152168
921521
92152
9215181
92151618
921515
92151378
921511sxk
92151166
92151
9215092
9215087113
92150505
9215049kndy
9215038
921501196
9214pk
9214ka
9214copela
9214979rani
921496
92149265
9214897
9214887810
9214868
921486
92148260
92148125
92148
9214791436
92147777
921477
9214755945]
9214749507
9214720
92147089
921470
9214682
9214661
9214649099
9214646679
92146335
921462
921459621000582
9214569
9214560378
92145441
92145373
92145205
9214495
921448
921443
9214425
9214417335
9214400
921437
9214348
9214323
9214306500
92143036
92143016
9214290
92142866
9214254
921424
921421je
9214204
9214189
9214187
92141733
9214159404
9214154500
92141316
92141177
92141108
9214093287
921406656227179
921405m
9214040
9214034
921402lsm
9214026
921402
9214016hv
921401
9214008s
9214000
92140
9213pilo
9213atunway
92139rocko
9213985525
9213977
9213954
921395
9213941609
9213938g
921393
921392139213
921391
9213877852
9213854
9213843
9213833576
92138088895
92138060
9213793591
921377
9213758600
9213744840
92137389
9213726
92136878
9213675167
92136668
9213641
92136354
9213622637
921361
92135949cv
9213589
9213571611
921355988
9213550
9213537266
9213528
92135125
92135086
9213498
9213482
9213468
921346228121210
9213460323
9213432659
92134072
9213401123
9213384198
921338
921336
9213343637
9213317a
9213294
9213277861
92132615
921325102
921323B
92132322
9213229155
92132161
9213210
9213179315
92131757
9213170
9213161771
9213157344
92131559401920
921314921
92131478
9213140418
921313
9213126
9213116976
92131108
9213108563
9213089
9213079
9213075
921306_JJV
921306020
9213055039
92130496
92130436
92130415
9213040228ncc
921303m
921302
92130116
9212wkg
9212taz
9212nut
9212ivelis
9212hea
9212TQMpatito27
9212998558
9212989lahvd
9212981
921297
9212965
92129212
921290sara
92128868
9212876
921287
9212846
92128301
92128268
9212788
92127685
9212764745
9212742
9212726
9212708138
9212696
9212682
921266513
9212658
9212641
92126293
9212616
921260617
92125965
9212590039
9212577004
9212567
9212561623
921255
92125425
92125413
92125360m
9212533
9212525892324617
9212502
9212499
9212485
921248
9212471988
92124703
9212464
92124522
921244lulu
92124327
9212421485
9212419415
9212402mk
921239
921237s
9212347805
921234
92123339
92123303
9212317000
92123127295
921231147082
92123100672
92123078480bebe
92123037
92123026790
921230095022
921230086011
921230065544
92123004398
92123001
92122954299
92122918280
92122910964
92122901671
9212289003
92122858
92122812210
921228-13-6163
92122712062
92122705112
921226michi
92122624481
921226146237
92122600+AB
9212254006
92122510
92122504656aliaslulu
9212250
92122481028
9212245616
9212241672719617852
921224016594
921223nuri
92122328319
921223136156
92122303022
92122300333margar
921222AmBz
9212225
92122227458
92122209611
9212219
92122125850
921221121702807238
92122108831
921221025217
921220JUAN
92122050850
92122016643
92122
92121965005brayan
92121964068
92121957860
9212192224
921219105445
9212189
9212186223
92121836
92121831351
921218135060
92121808295
92121772460
92121761612
921217508822468
9212171217
921217085188
92121677905
9212165820
92121624
921216055008
921215553556
92121521
92121474257
92121454802
921214512313
92121415th
921214126351
9212141
92121406669
921213khairul
92121310
921213055010
921212g
92121280819
9212125907
92121254338
92121251240
92121211
921212085621
92121175691
92121155577
92121125
92121112
921210a
9212107
9212101464
921210086639
921210016251
92121000670
92121
92120975139a
92120964510
92120956770
92120905
921208a
92120828276
921208126793
921208015081
92120762330
92120753071
921207136033
9212071
921206B
92120655010
92120651635
92120629621
92120626185
92120608
92120554230
92120510
921204f
9212048
9212045
921204115480
92120407
92120402163
921203lau
921203599314
92120352239
92120328
92120300883
92120278330
92120250770
921202222
9212021347
92120210167
921202045271
92120201
92120153433linda
92120151799
921201146273
9212008
9212006b
9212006503
9212005J
9212003
9212001
92120
9211mm
9211hunter
9211_1348cesar
9211991
9211986f
9211984
9211979
9211976l
92119736
9211960193
9211957
9211921
92119119
92119105
92119022
92118kk
92118c
921189
92118750
92118266
92117sd
9211792
9211784
92117665
9211755
92117374
92117368
9211733
9211724
9211710C
9211708
9211677
9211664
9211626241
9211612
92115875
921158
9211556
9211552
9211525
92114sw9
9211490509
9211478825
92114576
9211447
92114356
92114201994
9211407t
92114003
9211398
921138289
9211374
9211368283
9211344
92113391
9211331
921133
92113110
921130tonny.lix
92113056390
92113051150
92113023106
921130120604
921130055226
9211300
92112961439
921129371
921128daniel
92112878620
92112877
92112867890
92112853725
92112823519
921128095229
92112806
921128045416
921127900813
92112756002
92112750
92112727
9211271454
921127035128
921126fuck
92112691
9211265746
921126146002
92112610
92112609239
921126030
92112579461
92112569806
92112557689
92112509110
92112503376
92112502574
92112500997
9211248
92112469100
92112415795
921124146658
92112406257
921124025231
92112401174
92112376293
9211235746
92112355679
92112353730
92112353099
92112351703
921123146090
921123115155
92112301
9211229
92112271513
92112263618
92112253477
92112252284
9211222647
921122135752
921122016446
92112116798
92112111753
921120av
92112072871
92112053150
92112006
9211200
921119az
92111960277
92111952215
921119045107
921118laurita
921118797
921118532
92111809080
92111803287
921118+
921117scorpio
9211179743_poom
9211177441
92111767280
9211176370
92111754014
9211172365
92111715
92111628280
92111613
92111607003
92111602435
921115z
92111566084
9211154564
92111512
921115045265
92111504034
92111501574
92111467392
9211144
92111407306
92111401049
92111379
9211135573
921113146193
9211131
92111304345
92111271
92111256762
92111254119
92111214
921112106165
921112085499
921112045382
9211118
921111567
921111126172
92111104419
92111064360
92111057305
92111052028
9211102005
92111011534
921110025572
92111001350
921109tv
92110999
9211096477
92110934
92110929619
921109106172
921109086183
92110904799
921109016126
921108764933167895472
9211085885
92110853183
92110850591
921107eaer
92110789
92110752395a
92110752
92110725622
92110707004
921107016229
92110698pony
9211066934
9211066188
92110659018
92110654083
921106145889
921106085660
92110606
92110580
92110564688
9211055555
92110508176
92110503638
921105**TQMM
92110477548
92110459337
92110453
92110451140
921104115360
921104075142
921103j
921103A23
9211037
92110357712
92110353431
9211031121
92110305
9211029
92110227533
92110212790
921102105900
92110210
92110204
92110200880
92110128691
92110109050
92110106
9211007
921100230
9211!
9210weadg3
9210paz
9210liltianna
9210jpd
9210i
9210di
9210davidson
9210boy
921098
921095
9210924104ankit
92109210
921092
9210905
921089
92108801
921085
9210838715
9210826
9210818965
921080
921079
9210776
9210772
9210763665
9210737
9210709
92106ass
92106581
921064loui
9210644
921062
92106137
921060155
9210601
92105m
9210587095
9210561
921054
9210536
92105265
921052005cxx
92105143
921050210
92104bry
921049
9210450
9210447
921043
921041g9
921041
92103wd
921039
9210387
921038
9210374
921036
9210354
9210345798
92103327
9210326125456
921031f
92103156665
92103125431
92103107
921031015317
92103079529
92103074551
92103055972
92103052469
921030127077
92102s
92102977965
92102955040
92102939
92102916
92102906014
92102902698
921028ju
92102871458xiomara
921028086202
921028025995
92102780169
92102764783
92102726253
92102708
92102701234
921027.alexa
9210268
9210265
92102630485
921026126282
92102605650
9210260
921025891231
92102576952
92102553510
92102551330
921025146492.
921025**
92102475579
92102460270
92102459751
921024145324
921024106587
921023s
92102374
92102352310
9210232
921023127351
92102303280
9210224
9210221992009
921022115623
92102204583
92102200723
921021aus
92102151617
921021075420
92102102020
92102101180
921020sm
921020674
92102027223
92102012935
92102008
921020075293
92101per
921019_wyl
9210197511
92101970770
9210195700
92101953159
921019025192
921018mgs
9210185410
921018146507
92101811
921018075542
9210180329
92101802363
921017star
92101782
92101753362
92101752305
9210175
921017125763
921017085589
92101672125
9210165056
92101621
921016105189
9210156b
92101557610
92101554416
921015126586
921015065509
92101497
92101457887
921014535463
921014115893
921013wf
921013eren
921013666
92101353160
92101318525160
92101310
92101308
921013075324
92101300538
92101259090
92101252592
921012145132
921012026125
921011dyzasty
92101162283pblo
92101157751
92101155
921011136592
9210110311
92101101
9210109898
92101064591
92101056
92101051368
9210103421
921010145614
921010055379
92100977518
92100966230
92100959030
92100956073
92100951918
92100950628
921009075145
921008a
92100877670
9210085610
9210084baby#
921008145260
9210081
921007jp
92100754799
9210075235
921007146237
9210070a
9210070155
92100671150
92100660263
92100659982
92100602089437
92100555028
92100552940
9210050758
92100500
9210048
92100476
92100459584
9210042011
921004086363
921004055065
92100376iris
92100354413
921003152443
921003086062
921003055127
921002aj
92100270775
9210026
92100254758
92100253021
9210024
9210021770
921002123
921002105137
921001aaa
92100181365
92100159661
92100151695
92100129
921001075255
921000296745698
921-0137
920w5thst
920smile
920saz!@
920saj
920rg23
920nash
920meehan
920jou
920jamaica
920humboldtav
920gbmoes
920f6g4m
920eml31
920dvauc
920butterfly
920boewriu
920bme!
920b1123d
920and963
920NOCUM
9209pa
9209manos
9209atm
92099a
9209990
92099566
92099209
92099092
92099
9209864
92098599
9209840
9209821
92098107percyjeans20
92097love
9209780
9209758
920972
92096alex
920964
9209629
920961h
92096070001
92095ab
92095KAS
92095808
9209553
9209545
9209532
9209460492094604
9209438
92094233
92093a
9209363
92093351
92093077310
92093055812jk
9209302
920930145516
92092nena
92092g
92092960112
92092958142
92092952225
92092950079
920929045032
92092860789
92092855203
920928145875
920928/
92092763
92092756035
920927146307
92092706321
92092700501
9209265
920926115306
92092607
920926016252
92092554068
920925145562
92092510516
920925086195
920924iorikof
92092471219
92092460713kathe
92092456058
9209244421
920923yingying
92092356908
92092353453
9209232
920923105102
920923-01-6978
92092260994
92092251367
92092208j
9209218
92092156488
92092150811tefa
92092113
920921105467
92092071202
920920135744
920920045028
92092001s
920920016358
92091ok
92091951365
9209193
920918jack
92091863032
920918136553
920918045168
92091727651323346441
920917136260
9209171
920917015450
920916_djs
92091679355
92091655740
92091610
920915@lxq
92091564647
92091557896
92091555478
92091553041
92091551480
920915025815
92091461007halo02
92091456356
920914125937
920913mary
92091362297
92091323
920913105125
920913075827
920913016261
920912l58279.com
920912146558
9209121130
920912086153425
9209120
9209116140
92091158070
92091120
920911045341
92091093
92091066
92091029644
92091001847
92090lei
920909liz
92090954000
92090950942
92090927339
920909140070
920909075162
920909-01-5020
9209084
920908145819
92090811861
920908105614
920908075099
92090800789
920907931227
92090762895
92090714664115
920907035431
9209069554983
92090659237
92090657250
92090607
920905fer9850
9209058239ViKi
9209056
920905285
9209051725
92090504730
92090478757
92090475691
92090461933
92090451962
920904106169
920903xinpei
920903915028
920903567573
9209033g
920903075508
920902an
9209022
9209021460
920902136030
920902105744
920902055513
92090202518901
92090180250
92090157118
92090153112
92090113
920901123
9209009
9208mayraf
9208jpzgo
9208dv
92089cmb
9208999
9208993988
9208984917
920898
9208973061
9208948
92089170
9208910
92089069
92088ruilopes
92088950
92088841
92088740
9208865541
9208846089
92088344
9208829
9208817
9208808
92087gb
92087901
92087846
9208759
9208711
92086767
9208646
92086441
9208619
9208602833.
9208591
92085663
9208542808
920853
9208519
92085040
92084love
920848
92084625
9208448
92084224
9208420
92083897
92083689123
92083633
9208344911
920831anis
92083108144
92083105480
92083008
92083001919
92082a
92082959400
92082951573
920829145124
920829085686
9208288636jan
9208286643
92082854071
92082850971
92082805003
92082752600
920827045402
9208267120
92082654412
92082650700
920826086077
920825q
92082577280
92082552610
920825136749
92082455274
9208244
92082413784
92082408560
92082404262
92082351835
92082350162
920822sue
92082256476
9208225552
9208224
92082209125
92082202147
920821x
920821khai
920821ZOE
9208215
9208212
920821016424
92082056400
92082051866
9208204082dafna
920820085612
920820045418
920819@asin
92081956288
92081952401
92081951510
920818da
92081878481
92081860264
9208185326800
920818075511
92081773558
92081755436jh
92081751040
920817086323
920816785551992
92081651460
92081623
920815t
9208154
920815025607
92081473791
92081454681
9208142100
920814145842
920814015394
9208132
920813095011
92081277437
92081255832
92081252493
92081251020
920812135181
92081209335
92081176231
92081154742
9208115
920811115795
92081061663
92081041
920810095075
920809952
92080953870
92080917246
920809045388
92080900467
92080870053
92080853213
92080851130
9208080856
920807990277404
92080753936
92080751313
92080710366
92080703149
920806f
92080653230
92080653141
92080650803
920806146562
92080580756
92080559471
92080551306
920805-07-5029
92080458888
92080456753
920804145160
920804085567
9208035875
9208035119
92080328
920803086277
92080262593616
92080252740
92080222
92080211539
920802021
920801045164
92080101459
9207thave
9207paola
9207jtcxf
9207gaga
9207connor
9207977811
9207955
920793
92079207r
920792
92079087966911
92078b
92078848
9207880
9207872
92078601
92078450
9207829
9207817mh
920780
9207796
9207773
9207753040
9207731364
9207717
920771
92077
920769
92076709.kk
92076436
92076194
92076011
9207592
9207559
9207553508
920755
92075288
9207517
920750921
9207497
9207486443
920746495
920745
9207439703
9207430049
9207401988
9207372
9207345
9207338
9207333
9207331
920732
9207317
92073159280
9207315522
920731145716
92073109
920731025765
92073059757
92073057258
92073052507
92073029
920730146231
920730095040
920729S
9207295309D
92072952792
9207291234
920729075413
92072860413
9207285744
92072812
920727dz
92072768_456
920727147188js
920727115135
920727025594
9207269789
92072657030
92072652020
92072651369
920725kiaragiron
92072576391m
92072546
920725105857
9207250
92072489
92072461900
92072456914
92072453320
920724444
920724145435
920723mm
92072374470
92072354879
92072339
920723085020
920722brandon
9207226214
92072259430
92072250615
92072210362
9207220751
9207219616
92072178248
92072173980
9207215828
9207214
920720paula
92072069139
9207206
92072051760
9207202073
920720136152
9207198
92071976370
92071959122
92071952675
9207191251
920718999
9207187
9207185112
920718145236
92071762400
92071752030tefy
920717135896
920716i
92071666974
92071657134
920716055173
920716016510
92071576304
92071552375
920715115840
920715035568
920715015137
92071459367
9207145709
92071450
92071411070
92071409
9207140
9207137088
92071359427
92071353160
92071310894
92071308
92071259589
92071251812
920711l
920711analls
9207117301
920711035501
92071061193
920710145346
92070952442
9207090
920708854
92070854742
92070850542
920708105097
92070775915
92070758565
92070751595
92070750831
920707065230
920707-05-5016
92070662932
92070657912
92070650551yesica
9207062006
92070605246
920705a
92070556369
92070555907
92070552339
9207055
920704jj
920704999rno4e
92070454957.p
92070454280
9207045279
92070450390
920704146430
920703727486
92070362009
92070360049
92070303452
920702lachybeto
9207027
92070218790
9207021
92070207
92070200157
92070165475
920701025588
9207000
9206ynd
9206kb
9206aaa
920699166
92069841
92069572
9206955400
920695
92069291
92069170
9206911509lop
920690
9206891
920688e
92068372
9206827
9206807
92067wow
92067884jessenia
9206770
9206764
9206733
92067270
92067144511
9206702
9206698
9206694
9206677
920666a
920666
92066304
920662
92066167
920660578
92065936
9206589
9206561
9206550
92065311
92065202
92064EVER
92064733
92064482
920643
920642
92063gzaud
9206384789
9206372779
92063661
9206363
920635
92063249
920630s
92063057322
92063054692
92063053912
92063052169JUNIO
9206304801
920630146517
920629nck
92062972728
920629146624
920629105080
920629+
9206285746
92062822971
920627s
92062775485
92062756383
92062750016
92062702
920627-yy
92062660491
92062655668
92062654378
92062650992
920626066012
920625mtm
92062557763
920625412301
9206252
92062500494
92062427908
92062410266jd
9206241
920624075361
920624045066
9206240013
92062376
92062355788
92062314
920623105338
92062259711
9206225148
92062228740
92062211
920622016720
9206220153
9206218262
92062166250
92062154898
92062152089
92062150744
920621135672
920621036295
92062075351
92062060036
9206200158471
92061967879
9206195423
92061908misa
92061903
920618marcela
92061870166
92061855043
920618145626
920618105261
920617558986802604
92061725700
92061714
920616CMK!
9206166164
92061629744
9206162
92061619
92061612035
92061604954
9206160108
92061570810
9206151979
92061513
9206150899871
92061500075
92061454790
92061450884
92061414
920613s
92061320530
920613136050
920612as
92061268768
9206126636
92061255011
92061253612
92061250036jftv
92061223
920612145158
920612075866
9206118484
92061148
9206113
9206111
9206110
92061051572
92061014
920610045196
920610-50436
920609g900228b
92060969878
92060953785
92060951235
920609105665
920609016355
92060871649
92060809714
92060808416
920607a
92060750868
92060721019
9206071
92060660150
92060650651
9206061
92060571513
92060555062
9206054189
92060502
920604a
92060459071eve
92060451
920604065027
92060358356
920603085499
920603025218
92060301265
9206029926
92060271412
92060264
92060259587
92060255506
920602125989
920602075141
920601rbf
92060192
92060158110
920601085428
9206006257
9206.DIOS
9205sophie1
9205may
9205lobb
9205jaca
9205dud
92059x
9205979781
920595
920591
9205898152
92058853
920587s
92058709
9205822805
9205814a
92058078
92057936
920579
92057693
9205754751
92057377
92057210s
9205713089
92056956
92056103
9205605022
92056
9205588
92055688
9205563381
92055372
9205522
9205510
92054GR
92054814
9205475
9205442
9205356528
92053447
92053338
9205325042
92053204
92053164
92053157680
92053150855
920531020188
92053051784
92053025775
920530075053
9205300401
9205298
92052956023
92052952010
9205295014
920529145704
920529075646
920528lead
92052876895
920528146553
920527@mcr
92052715719
92052709530
92052705675
9205270167023425
920526meli920526
9205265520
9205261883
92052609
92052603
920525915
92052552941
920525028
92052471240
92052459755
9205245571
92052453196
920524145764
920524115215
920524015775
920523a
92052358479
920523419
92052319
920523035993
92052301841
92052276863pipe
92052259713
92052250520
920522035430
9205216h
92052115
920521135309
92052108960
92052102520
92052041
9205201415
92052012327METAL
92052005
920519a
9205196
92051905735
920519018
92051856629
92051850302
920518369
920518115120
920517mlireP
92051780
92051752246
920516136569
920516105885
92051605332m
920516035645
920516+
92051553553
92051500980
9205148241
92051470976
92051463791
92051457910
920513zul
9205135409
92051323388
920513126306
9205131
92051308087pitiN
920513045549
920512920716
9205121
920512075164
920512015380
92051177845
9205116240
92051160624
92051157623
92051155639
92051154276
92051150971
92051150300
92051121
920511126361
920511106
920511055188
92051056282
92051055030
92050978
9205095714
92050938
920509016171
9205088rhx
92050860770
92050850350
9205081e
920508146249
920508075444
920507cute
9205071
92050662790
92050626
920506026267
920505German
92050567259
92050521
920505145048
92050510
92050454799
9205043270
920503david
92050396
9205034
920503105069
92050306
920503015370
9205030
9205029
92050254820
920502126538
920502055020
920502-52150
920501jafjedd
92050157050
92050115
92050110747
92050099
920500374
92050
9205
9204vero
9204nut
9204mab
9204kaya
9204herway
9204dixie
9204bitchies
9204970
920495a
9204945
9204927
92048810
920486
92048573
920482706
920482
9204796523
92047748
9204766j
9204744
9204729416
920472
920470645373
9204702w
9204669
9204658
920465
9204631
920461414
9204598845
9204585
9204573936
92045333
9204517102
9204500479
92044tsho
9204466
92044551
9204438
9204425175
92044100
92044
920439ingles
92043967x100pre
920438
9204370
920434a
92043061900
92043011059
92042a
92042976034
92042963587tauro
92042958036
92042951546
9204292
920429025609
9204287
92042855873
920428146740eun
9204280428
92042760953220314
92042758975jkpl
92042756131
920427035168
9204265691
92042624375
92042607411
920425jose
92042567
92042555152
9204254179
92042526004
9204251358
92042510060
92042502628
920424fede
92042475660
92042465110
92042450520
920424016789
920423a
9204237
92042316620a
92042303307
92042262732
9204221987
92042205488
92042128424
92042100
920420a
92042064272
92042063
92042055036
92042006
920419z
920419gus
92041976731
92041957460
920418molano
92041857619
9204185102nashik
9204183_e
920418145138
92041792
92041674247
9204165597
92041653347
92041614a
92041556287
92041507014
920415035443
92041500451
92041496
9204148964
92041460859
920414145712
920414125148
9204136
9204135526
92041309
92041292
9204126
92041257409
92041212
92041206898
92041203597
9204115838
9204112008
920411105010
920410fk
92041060427
92041054524
92041053846
920410036683
920410025748
9204097514
92040929
92040909005
9204090161
92040871776
92040860195
92040851676
920408115437
920408045029
92040803539101
9204078045
9204075
920407057342042408
92040700155
9204067
92040624904
920406145691
920406025139
92040601548
9204060117laurar
9204060072
920406-14-5122
92040575466
92040556712
92040553969sebas
92040550978LIZ
920405055010
920404jo
92040463642008
9204045166
9204044522
92040409531
92040404599
920403MitziyNoe
920403375
92040326717
92040311884
920403016384
920402i
9204029870
92040252780
920402105254
920402085396
920401n
92040175611
920401146521
92040022
9203skin22
9203nora
9203ecytt
92039795laura
9203956250
920395011
9203945814
92039203kkdvaca2
9203901901
9203889
9203851377
9203810
92037ana
920379
920377
9203761757
9203758
92037525
920374
9203737
9203723694
9203715jw
9203690
9203688
92036725
920367
920361
92036013
92035739
92035423
9203534
9203529K
920350901940
9203505
9203493c
9203480
920346
9203447
92034206ilu
9203417850
92034120
9203409g
9203406
9203366003
9203360
920332
920331602366-julian
92033156652
9203312
920330gbb
92033076284amigo
92033065
92033061350
92033057077
92033054302
92033050234
920330065213
92032972766
92032960482
92032957520
92032956515
9203292
920329075297
920329035738
92032824430
920328145150
920327zx
920327VERA
92032774565
9203275788
9203272
92032710893
92032705750
920326lyy
920326csl
92032659448
92032624610
920326085422
92032606093
920325865013
92032555200amor
92032550250
920325099
920324ron
92032460072
92032451138
920324145081
9203241
920323a
92032313
92032305409
92032303333
92032258290
92032255037
92032216
920322025051
920322.
9203218597
92032165070
92032154141
92032058118
92032053914
92032050630
920320125497
9203201
920320075266
92032005065
92032001
920319lore
920319106774
92031905305angel
9203185200
92031810860
92031805017
92031764035
92031760838
92031758167
920317146158
92031708
92031657611
92031651192
92031608
92031607169
92031577000dt
92031567108
92031554448
920315086091
92031501778
920314895022
92031454257
92031414280
920314055066
9203136120
9203135.736
92031256102
92031235
92031217514
92031206750
920312036099
92031126730
92031105
92031100480
920310andc2
9203105658
92031015483
920310126721
92031008753
9203100
920309karen
92030961645
9203093
920309145526
920309105161
920309075070
920308a
92030872500
9203086
920308560251946
92030821
920308146236
9203080040
92030778105
92030757345
920307145573
92030711
920307085136
92030700815
92030618568
92030611
92030604
920306025289
920306016761
920305h
9203054
920305075436
920305015214
92030500190
92030476842
92030460245
92030455250
920304085a
920304035731
920303valen
920303cg
92030359021MCI12
92030317817
92030313951
92030300353
92030257610
9203025094
92030211164
92030192
92030177136
92030156040
92030121
920301145505
920301135585
92030018lp
920300145
92030
9202yo
9202lynn
9202dr
9202ah
9202Isis
92029885
9202983494
920296m
9202965
920296
920293ali
92028mp
92028412
92028236
92028
9202795
9202779767
9202776
920276441
9202750
9202741
9202730
92027216
9202705
92026divur
9202682n
9202656339
9202619as
92025s
9202594395
92025865
92025771
92025685
9202560
9202553
920255
9202525
92025018
9202491865
9202487405
9202456346
92024404002
9202432
920243
9202426944xv
9202406522
920240
92023892
9202382560
920238
9202367
92023554
920233610
9202323
9202310320
920230
920229leidy
92022970188
92022960638
92022956797
92022953132
92022915
920228tatis
92022855
92022811519erika
92022809735
92022785
92022760426
9202275602
9202275101
920227065098
9202268
92022628862
9202261992
920226126549
920226025879
920225kahoe
920225@b
9202255356
9202252333al
92022507232
92022504217
92022502095
92022500092
92022458231lukiwi
92022453191
9202245214
9202244550
92022425449
920224105541
92022408eyleen
92022401663
9202236
920223085139
92022300
92022259778
9202225566
92022252129
920222085292
9202219f
92022176120
92022158416
92022153848
920221135526
920221075199
920220mfvh
92022003099
920220016314
920220-07-5699
92021959245
92021953000
92021951791-4541
9202191522
920219085742
920219015138
92021861350
92021856217
92021853218
9202182602431779696
9202181
92021806368
92021804705
92021776590+andr
92021753159
92021719
920217086792
920217075196
9202170451
920216bihah
92021676464
92021619070
920216145148
92021608396
920216026085
92021600930
920215pla
92021557368
92021553966
92021516
92021513a
920215036265
920214n
92021478
92021458750
92021450334MCR
92021407986
92021406688
920214055114
92021401929
92021353045
920213125280
92021303358
920213016535
920212uhkz
92021258034
9202122765
92021215661
920212035646
920211abc
920211145616
92021106838
920211016988
92021100058
920210seda
920210cws
9202106
9202105411/2207
92021053076
92021026389
92021010
92021
92020981
92020961068
92020954886
92020952549k
9202095009083
92020919
920209*s
92020826
92020804116
920207d
9202076278
92020755646
92020727
92020709199andrea
920207025769
92020609607
92020607370
9202060039
92020575583
92020560543
92020507
920204angel
92020465648
92020456703
92020456320
9202044
920204125609
9202040552
920204025018
920203zzz
92020390
92020374790
92020356237
92020351
92020317
920203075101
92020306361
92020303567
92020301726
9202030101
92020253195
92020251036
92020242
920202085674
92020205
9202015861
9202014341
920201075554
9202010422
9202009
9202007
9202001ryan
920200
9202
9201WINTER
9201LlCc
9201JD
9201994b
9201991tv
9201988ak
9201987akire
9201985a
9201983
9201981
9201976
9201973
9201968
92019602
920194
9201921
9201911
92018l
92018716
9201856
920183
9201829
9201823
92018116670
9201799
920178df
9201778
92017722
9201746
92017202
92017029
9201687
920167
920164
92016100
92016021
92015@W@
9201555
9201549
9201537h
92015073helaine
92014852...
9201464miamopr
92014444
920143
9201408
9201388z
92013810
9201379
92013632
92013599
92013312viviana
92013146
9201313
92013115470
92013107787
92013103064
92013065197lilia
92013053415
92013015
92013
920129ff
920129@eqa
92012958260
920129115258
920128k
920128556230811
9201280807
92012805499
92012800250
9201273
92012716
92012705591
920126sas...
92012656078
9201261man
92012607
92012603241
92012600544
920125kei
92012584
92012560704
92012558072
92012555379
920125145951
920125075525
9201249304
920124135700
92012410
92012409429
92012407922
92012402343
920123v
920123jeje
92012359650
92012356694
92012354977
920123247
9201232
920123125287
9201230953
9201229
920122115765
92012208091
920122055459
92012178044
9201217123
9201217
92012154005
92012150441
9201213
920121055270
920121-58000
9201208
920120145821
920120075229
92012003546
92012000490
920119729
92011952382
92011906470
920118wan
9201187
92011853295
92011827006
92011819267
92011807242
9201180
92011786
92011776991
9201176
92011752537
92011728
920117075818
92011700022
92011670204
9201165
920116075648
92011605470
92011576720
920115167726
92011503
920115016451
92011475088
92011457241
92011451782
92011410130
92011400916..li
920113miniminoko
92011357310
92011352130
9201132
920113115835
92011278215
92011254480
9201120
920111215
9201111
920111016446
920110a
92011021
92011014
92011010581
92011004
920110015206
920109az
92010963558
920109125379
920109105247
92010908
92010903833erika
92010865710
92010855839
92010826847
920108136025
92010810424
92010804568005o
920107j
9201075400
9201072
92010709298flaka
920107045391
920107015555
92010700215
920106H
92010660
92010656720
920106145956
920106105874
92010559016
92010524140
92010506
9201046479
92010403
92010351016
920103145838
920103125861
920103074401992diego
920103+c
9201028626711
92010259390
92010256455
92010251470
92010241
92010211
9201020a
920102025041
92010156710
92010152234
9201012
9201011
92010103047
9200zone3
9200trektrek
9200rock
92009tkp
920099
9200978
9200950
920094482LC
920094
92009200b
920092
92009079
9200904
92008pajh
9200885
92008791.1
9200860
9200838a
920083
92008
9200797
9200781b
92007776
9200747
920072
9200711
920070
92006jj
92006889
9200666
92006454
92006449
920062
920061
92005va
9200592
920059
9200574774
9200564
92005417
920053@
9200530
92005121
920051
92004857
9200470
92004516
92004350
9200418
9200413
920041
9200404
92003jk
92003agr
92003944844
9200375
920037
92003491
9200317588
9200302
9200283722
9200278
920027
9200256
92002546
9200223
92002058
92001keith
92001884juanchi
9200187
9200174
920015411
92001500
9200147968
92001433
9200142
9200131
9200124
9200117
920010541365
920010
92000914262801
92000706
9200034
9200023
920002
92/stewie
92/11/06
92/03/02toffy
92.5silver
92.3.11
92-stress
92-sarah-cee-07
92-gamefreak
92-cjl
92-36-258-26-11-0000
92-12nm
92-06-06-50979
92-05-17dn
92,serserim
92+hotmail
92*pilsener
92(-)y=*
92%piano
92$w@n
92 alpha
91zznare
91zicri
91zemunka
91zaqwsx
91zach
91yzyxah
91yigit789
91yellowback
91yeah
91yanyan241583
91xyz39
91woodland
91window34
91ward27
91w722
91w289i17l00l
91volleyballer
91virus
91viatzameamica
91vg10
91vaughn
91ukno
91tusherya
91turbo
91tufts
91treesrus
91toymr2
91tonna
91tmf25
91tilly91
91tig78
91thekid
91tetrapodo
91tcam
91tasha
91talon27
91t72l
91syclone
91sweetie
91suzen
91sunrise
91stripes
91steph52
91stealth
91star
91stallion
91ss91
91spirit
91spencer
91soytueclipse
91smonster
91skyz
91sj912
91sinik91
91sikness
91siccness
91shit
91shady
91sexygirl91
91selin
91scout
91school
91savage
91sana=
91sallly30
91saleen
91saddam
91s91a34r96a2
91s08a25j
91rug310
91rsemaj
91route
91rodmell
91rock
91rm125
91ricardo
91reds
91redmustang
91re11
91rangers04
91rams
91ra11
91r32j
91qmki
91qaroot2207
91psalm
91princess91
91prince
91preludesi
91porsche
91pooh
91platini
91pink91
91piggychoo
91phl
91perez
91peewee
91pebbles*
91patricia25
91parrot
91parklans
91papa
91pandagsx
91p@ntech
91ositas90
91orange91
91octuber
91nzu80y
91nummer11
91nosylla
91north
91niwde2
91nisha
91ninjas77
91nhl19
91nenita
91negro
91ne56952
91nc5496
91nati06@05
91n7r5
91myjjstar
91mxhgqe
91mt10aq
91morales
91monchis84
91mmahaim
91mirjam86
91mini
91milmma
91michael
91mhec
91metavante82
91maz626
91may27
91mattytrev
91mariox
91maribel
91march
91mar6
91manda
91mambo
91maichoua
91macaroma16
91lupe
91luis
91ls400
91lou.lou
91lmjr
91lisa
91libra
91levin
91lespaul
91leeds06rar
91lb13
91lauren1991
91lashantrelle
91larchwood91
91lamont
91kween
91kudai
91kram
91kisses
91killae
91kikilala
91kids99
91kg11hotmail
91kevin
91kariana
91kachito02
91k932
91k11a6l
91jwtoal
91june06
91juia91
91jp12
91jorgin91
91jon28
91johys
91jimmy
91jicala
91jeni67vik63
91jeff
91jeepin
91jazmin
91jane
91jamie
91jackson
91izmir
91isma
91isfun
91iowa
91impact
91ilovelouise
91ikin
91ibrahim91
91huron
91honey
91hondas
91hondac
91hno36
91hillview
91heyy
91he76
91harley
91gt91
91green
91gooflove
91goeers
91goats
91gmc6210
91glenn
91gk11
91ginna
91garnel27
91g10y28l
91fxrs
91fuckyou
91frog
91friday
91forrest
91fordf250
91fockers
91fluffy
91fish
91fg8e63
91ff4ry
91feb25
91fc3s
91fastfuck
91famous
91f232
91ewx7z
91espirales
91eredna
91eni10
91enforce
91elva
91elim94
91efcivic
91eclipse
91earsok
91e30m42
91duvan
91doublepe
91donttellme#
91diesel
91dianita
91deyamona
91debaditya
91dbaby
91davinci
91dakota
91d428aanan
91d18437
91cv23
91crxsirt
91crxsi
91cristina
91crazy3
91court
91cossie
91corvet
91cookie91
91clarinet40
91cia21
91chrisbrown
91chino
91chevy1500
91cheamz
91charmi
91cennea
91cecy
91carver
91canudoit/
91camero
91caca168
91c1500
91butterfly
91budgirl
91bryand
91bregal
91bravo
91brandy
91born
91boosted
91boom69
91bonny91
91bmedic
91bleeker
91bhsh
91bernice
91beers
91bb099bb77
91barby13
91badazz
91bachiller
91babyboy
91baadt
91b4ever
91azirul
91august26
91atown
91aster
91as91as
91arsboomer
91april
91anki
91andres
91ana4693261
91amberrose
91alien
91alexa
91ajjnf
91ahpoixeh19
91agogar09
91adri3118421022
91a82bhk
91a2r3u4t5
91a00e71
91`6741
91_nnameci
91_mIlLiOnAr_19
91_cellat_90
91_adam_19
91_22_sonrics
91ZACLOP
91WMedic
91UNIJO
91TRUES
91THEO11
91Syau222
91SIKK
91SEXYBEAST91
91RYPW10
91Priscy
91POOH
91P7801
91MONNI
91MAFIA
91Liverpool
91LEXUS
91Knights
91KATE
91K5Blazer
91J7b52
91Italian
91Harvey92
91GEOFFREY
91FORDESCORT
91ECLIPSE
91E110
91Deeds09
91D1962
91Civic
91Chang
91Celica
91CLUB
91CHERRI
91BeetsJoe
91BHGL91
91B08j2c
91Aaronca
91ACCORD
91A637SUNSET
91@1412mk
919west14
919thuglove
919ssabom
919sep
919sarah919
919redan
919ppy
919nomar
919louisburg
919kls
919hyna
919gurl
919goon
919ethan
919dsj
919diva4u
919codm
919catia
919amfm
919abuelo
919R16
919KOOLLAI
919CHA
9199yg
9199matt
9199gigg
9199A
91999ks
919999999
9199990
919998
91999619
919995431
919994338
91999369
91999297
91999222
9199914
91999102
91999086
91999021
9199899
919988as
919988
9199842
919983636
919982485
919981868
9199818
919980680
91998019
919979955650
919979934
919979557
91997894
9199761
919976
91997532
919974346
919972715_4804
9199719
91997085
919970366
91996xmg
91996904
919967530
919966
919965469
91996465
919963640
919962165
91996003
91995p
91995A
919958643
919957433
9199569
919955919
91995555
9199552a
919955
91995426
919952038
919950771
91994jc
919949354
9199483484
91994808
91994737
919945534pm
919945253
919944199
9199438at
91994302
9199427
919941
91993p
919939482
9199388
9199367
919936541
91993648
919934028
919933
9199323ill
919931552
9199312
91993003
919929939949959
919929379
919929109
91992827hotmail
91992809
91992772
919927
91992550
919925
919924140
9199239902
91992358
919922404
9199218su
919921893
9199218555
919921410maf
91992025
91991D
9199188
919917
9199166
919915229
919914
91991253
9199122948
919911536900
91991011
91990spawn?!
91990dak
91990847
91990775
919906690
9199064201220
919905961
919905074
91990379
919902
919900991
9198smpfgbwd
9198md
9198haha
91989kit
9198997
919898659
919896843
91989364
919893499
919892225
919892
91989198qd
919891380480
9198901047
91988c
919889953
91988965253
919887920
919886407
919884396
9198838
9198835378
9198831
9198826190
919882455brasil
9198802754
91987sjs
91987hmsmireina
919879538
919878
91987712
9198741040
919873011
919871362
919870711
919870
91986ANGEL
919869lc
919869296
919867903fcp
9198678418
9198673182
91986538
91986472
919864
9198632
919860308
919858512
9198571765
91985703
9198558807P
919855
9198530c
919852528
919852221
919851
9198503204
9198496476
919847533
9198468184
91984635600
919845304
9198438689
919843439
9198412
919840351
9198395
9198371982
9198341105
919833
919832539833
91983118
91983097c
9198305280
9198294
9198283
9198281
9198266667
919825642
919824625
919824435
9198236
919822629
91982166
91981991
919819785
919819
91981844
919817800
91981714
919815631171
9198140
919813750
9198127
9198117825
9198114629
9198104217
91980vero
9198094
919807086
919806335
9198055340
91980441
91980229
919802
91980011isha
9197se
9197am
919796891
919796
919794824
9197926
91979
9197897654
9197886480
9197882
919787989
919787288
919784563eu=)
91978250
919781716
91978048
9197802
91977jjp
91977GAL
919779311
9197786225
91977836
919778
919775735
9197749
91977363
919772788
919771797
9197712
919770262
9197700
91976cd
919768768amylee
9197671121
919765love
91976581
91976534
919763963
919761737
91975mb
919758833nanas
919758111
919755223.-Z
919754860
91975141
91975037
91975
91974922
9197445821
919743703
919743126
919742434
919741218
91974104
919735028
9197348882
919733670
9197283
9197269013
919726269+t
919726
9197249946
919724462nici20
9197236
919721144
919720
9197194733
9197189283
9197168
919715278
91971425
919714
919712409cascais
9197111851
9197093754
919708
919701sb
91970089
9197001
91970
9196mp
9196kj
9196grad
91969aj
91969876dm
919696shy
919695543
9196948
919694
919693175
919692207
9196909
919689319
919689
919688592
9196862793
9196847
919682914
9196823463
9196814116
919680142
9196790
919678119
9196768m
9196757
91967449785856
919672684
919672119
9196711837
9196698
919668277
919666737
919665432
919664571
9196640
9196616096
919661091
919659704
919658646
919657492ade.
9196561rex
91965495
919653297
919652454
919650978~
9196491339
9196469382
9196453369
919645147
919642m
9196427
919641803*m
919640051
919639885911935125
91963802
91963623
91963435
9196338478
919633491
91963268
9196313285
919631129
919628366
919628
9196268157
919626
9196250
9196217886
919621173
9196205798
91962
919618631
919618094
9196177996
9196174
9196154715
91961431
919612329
9196119021
919611
9196108333
91961019pam
9196094
919607874
9196075611
919606720
919604d2
919604568
9196034777
9196023
919602
919600388
9195tj
9195jn
9195baka
9195RITA
919599502
9195992
9195976676
91959701
9195962644
9195959
9195940
9195932
9195926
91959184
919586678
919582691
919582019
919580235
919579
91957767
91957622
919574971
919573511
919572903
9195715131
919570723
919569445
9195680075
9195678
9195641
919563047
919561
9195572
919555999
9195537
9195523589
9195518864333
919550
91954y
91954946
919548466
9195466
9195448
919543591
9195428
9195420
9195419
9195414
9195405
9195392475
9195358588
919534225
919532214
919530435
919529820
919528178
919527318
91952647
919525252
919524631
91952366
9195209
919518429
919517
919516
91951569
919514546
919514443
9195135374
9195123
919511789
91950a
919508190
9195079336
919507259
919505MAJA
919505119
919504274
9195010
9195000
9194p
9194kaylie
9194jdst
9194hlsv
9194fany
91949ron
91949945
919499
9194974015D
919496bec
919496879
9194965
91949601
919495584
9194951423
9194940
9194937
919493654
919492343
9194919877
91949096723236
91948900
919488357
9194870488
919486327
919485384
919484566
919482314
9194814424
919480121
9194776
919476525
9194762
919475560
919475188
91946960
919469258
919468043
919468031
91946751
919465387
919464
919463340
9194624
919461634
91945S
919458075
91945767
919456838
919456
9194552215
91945266
919450800a
919448
919447643
9194462
919445479
919445250
9194441
9194424
9194403
9194371e
91943687
9194359l.
9194340
919433570318
91943318
9194291612
9194289
9194282
919427485
919427033
91942634
9194256
919424
919422099
919419d
919419
919418411992
919416056
919414815
9194140
919413739
919413488
9194119792
919411
91941018
91940988
919407737
9194067289
9194042714
9194027344
91940131
9194008008
9194003334
9193x2324
9193mp
9193ew
9193army
91939p
919399359
9193981125
919397862
919397204
9193961996
919396000
91939598
919395658
919394233
91939402
9193938016
919393127
91939294
919392750
9193923016
919391678
9193912luigi
9193901956
919390
91938738
91938511
9193843571
919383981
9193807420
919380220
91937mec
919377833
919376
919372.5
919371
919370
9193695
919368394
9193670
919363
919362695
9193609621
9193600
9193590
919358824paulo
919355743
91935507
91935435
9193534862
9193523
91935156
919349918
9193493
9193467
9193453200
919345
919344242
9193422967
9193414
9193412098
9193407
9193393229
919338970
919338170
91933700
9193359
919335063
919334213
9193324381
9193305
91932ib
919328238
919327837
9193266
919326
919325560
919323682
9193228
9193222
9193211
919320606
9193199872
9193187
9193153475
9193133163
9193131
919312460
919311
919310249
919310060504
919309315
919308720
91930730
91930511
9193048795
919303955
91930304
91930266
919301411
919300795
9192sept
9192pw
9192pare
9192klty
9192bv
9192KC
919298687
91929800
9192978
919297091
919297
919296
9192956067
91929501
91929496
919294214
919293qqr
919293lasmejores
919293bill
91929398
9192939597
9192939495969798
91929355
9192930405
9192929
91929248QQ
919292
919291508
9192912
919290964
919290158
91929
919289017
91928824
919285660
919282835234
919282353
919282
9192817241796..
91928119
919280444
919280
919278944
9192782
919277
919276423
919275139adorote
9192748614
919274354
919273493
919272526
9192712
9192709h
919269628
9192691150
9192683720
919267601
91926694=
91926586
919263699
9192631770
919263153
919261934portugal
919261410919684761
919260952
91926%nickel
9192598
9192589
919256394872
9192546
9192537099ken
919253493
9192512
919250185
91924908
919247773
9192464
9192459pik
919244856
919244
919242527
919242098
919241525
919241185
9192409
9192405291
919237
919236
919235
91923470
919233541
9192324
919230720
91923
91922913
9192283004455
9192273
91922701
919226970
919225359
9192236232
919222605
919221729
919221
919219310
919219
91921804ale
91921765
9192173476
91921593
919215593
91921447
919214
9192126
9192114
919211185
919211
919210
919209578
91920902
919208
919206565
919206
9192057066
9192032
9192030
919202230206
91920204
9192015873
9192011242
919200tate
9192006
9191yu
9191wert
9191sepi
9191rm
9191mm
9191marit7616
9191keoki
9191jj
9191ii
9191gabby
9191evo
9191carD
9191MM
91919999
9191995sg
9191991a
91919919199
9191990
9191984
9191978
919197517
91919736
9191969
91919667
919195331
9191946c
91919391
919193336
91919297
9191922
91919202
919191s
919191m
919191b
919191987
919191919
91919157
91919120
9191910
91918991
919188839
919188
919187835
919187802
919187256vania
91918647
919184398801902
919184203
91918246
9191814
9191808
91917931
919178
91917784
91917738alt
919176583
91917571
919174812
919173685
919172
91917161
91917
9191698
919169271
919168722
919166rc
919166cm
91916441
9191631
919162665
9191620
91916070
9191602
919158
919156393
919155650
91915546
919154541
9191530
919151570
91915123
919151218
9191511
91914jok
91914919
919148murat
919148059
919147398
919146
91914567
91914514
91914396
919143243rafa
9191429
91914230
919142146
9191413
9191404
91913a
919139421
919138849
919137579
919137085
919136996
91913615
9191354755
91913434
91913311
919133
919132550
9191322
919131912u
919131512
91913093
9191302
9191288
91912741
919126906
9191265000
919126147
919125b
91912579
919125559
919124771
91912381
91912339
919122903
919121
91911j
919119940
919119231
919118682
9191178
91911703
919116quero
919116838
91911575
919115356
91911466
919113821
919113458
919113
9191129
91911174
9191113651
919111
9191104
919110072
919108872
919108081509
919107615
919107
91910674
9191060
91910491
919104063
9191031
9191028
9191026
919102142
91910202s
919102
91910169
919101421
9191012
919101
9191009
91910*
9190thunder
9190reagent
9190l0m4l4m
9190gronk
9190a14soloeso
91909941
91909871@Z
919098198
919096539
919096
919095821
9190947
91909293
9190924
919091050
91909067
919090100
919089
9190879
9190868
91908591
9190842
91908373
919083400
91908241
919082238
919081128
9190800
9190799
919078815
919077101
919076605
919075903
91907511
919074
91907356
919072532
919071
9190703771
91906v
91906g
919069018
919068347
9190681
919067412
919067
9190655
9190649
919063j
919063271
919062109
91906152
9190612
91906073
91906
91905dm
91905brooke
919059
9190586
9190563s
919055738118
919055048_fpfy
91905411
919052305
9190515
91904zag
91904arjay
9190477
919046
919045437
9190448
91904253
91903b
9190398
9190387
91903697
919036
919034279
919033397
919033113
919032654917714059
919031100
919029103
91902871
91902625
919025888
91902324
919022
919021519
91902007
919019
919018298
9190177
919017
919016139
91901355
919013
919012113
919011710
9190112
91901
91900768
919007
91900665
919006322
91900611
919004046
91900313
919002836
919001401
91900017
919-2324a
918ynaffit
918vale
918rczz
918pyh
918peach
918oak
918mew
918liz
918jst
918jmd405
918jdm
918ff3738
918fany
918crap218
918chrisbrown
918che
918bond
918bday
918ah8
918Lucero
9189jolu
9189ash
91899jbj
918998702
918997811
918996
918994g
91899381
91899246
918992
9189916
918990599
9189892
918988165
918985617
918985450
91898441
918983381
918982510
9189811
91897jmm
918977917
918975587
918974488
918972404
91897137
9189698
918968
9189673
918966454
91896550
91896351zy
918962686
91896
91895a
918959354
91895732
918955295
918954336
9189509145
9189501
918949497
918949205
918948926
918945836
9189448946
918944617BONECA
918944043
9189438
918943178
918941765
918940946
91894
9189387
918938149
9189355
9189345
9189322
918931161
9189301b
91892kk
918929455
918929051
9189282027
918928
918926212
91892574
9189228
918921904
91892133
9189209
918920100
91892000
91891bear
918919110
918918918918
9189188
918918220
9189175
918916
91891314
918912811
918910
91890937
91890812
91890741
9189062845
918905
918904374
918903331
918902377
91890191
918901452
9188yr04
9188koy
9188cjs!
9188albertsheyla
918899991
918899586
9188980
918897403
918896287
918894
91889224
9188905e
91888chunta
918889982.WALTER
91888888
91888840
91888769
918886
918885734
918884231
91888323
9188819
918879537
9188792
918878518
918878
91887606
918875443
9188749
9188729
91887203
91887194
918870507
918868613
91886792
91886658
918866
918863966
918862470
9188610
918860
91885mm
9188591885
918858129
918857904
91885677
91885563
9188514211
918850123
918848759
91884705
9188455
918844299
9188439
918842348
918842
918841
91883baby
91883767
918835325
91883524
918835
918834723
918833534
918832417
91883156
918830
918829
9188277
9188268
91882585
9188253
918823258
918822351
9188211
91881972400
91881870
91881810870
918816109
918815865
9188135
918813
91881276
9188123
91881150
918811
91881012
918808
9188051
91880382
9188027
918801690
9188011
918800745
91880
9187rhino
9187luwh
91879994
918799655
9187943137
918792889
9187925039
9187921395
91879187
91879021
918789
918788424
91878794
91878668
918784
918782725
918781922
918780
91877nng
918779075
918778717
91877661
91877628
918774
9187715492
918770765
91877
91876769
918766495
9187656581
91876512
9187634
91876150
918760911
91876
9187596
91875894
918757
91875478
918753325
91875185
9187513302
91874tillnow
91874934
918748492
91874604
918745321160420
918744794
91874320
918742986
91874232
918740076
918739277
91873515
918733
91873164
91873004
9187275496
918725888
9187246
918723917
9187224
91872218
918720603
91872
918719670
9187191
918718447CARDOSO
918717777
9187165
91871373
9187136
918712643
918712
918711
91871082
9187101
91870860
9187083
918708128
91870721hadi
918703978
91870218
918700
9186economia19
9186990587
918697196
9186935
918693108
918693064
9186917918
918690104
9186886313
9186868
9186863901
918685947
918685199-28
918684186
9186837
9186818
9186812281
918678989
91867588
918675147
91867475
918674247
918673425
9186717974
918670770
918667973
9186665034
918665485
918664434
91866400
91866290
9186621583
9186610c
918659933630**
91865757
918657201
918657
91865562
9186544068
9186537386
9186531
918650584
91865
9186494190011
918649407
9186489854
9186475085
9186461
918645790
91864441j
918642684
918641878
9186411
918640770
91863ld
918639541
918638916
918637991
918635119
91863311
918631335
9186305322
918629
918627399
91862676
918626221
91862384
9186230
9186223
9186211
9186197225
918618912
9186188
918617396
918615825
918614
91861191
9186103
918609004
9186082
9186057730
918605148
918604977
9186031
918601225
918600
9185p
9185gwwak
9185O0oIlll
918598852
91859709
91859551
918594923
9185933_verito
918592722
9185915
918589797mt
9185895
918587865
918586608
9185864122
9185850007
918583
918582
918580972
918578656
9185752
918574369
9185734965
91857292
9185728641
918572181
9185705543
918569165
9185685
9185672974
918567
9185665
9185664510
9185661240
9185633053
918563
918562337
918561786
91856
91855973
91855748
9185565
9185562289
91855532
9185544
91855280
9185512
918549079
91854861
918546918546
918546418
9185460008
918545588
918544440
918542297
918541391
918540784
9185391064
91853836
918537275flavia
918536447
9185347
918533590
918530602joana
91853032
91852MNV
918528894
918527864
918526502
9185251933
9185245200
918523073
918522537
918520217
918520
9185195025
918518
918517691
918516892
91851619
918515186
918514281
918513516
91851063
9185101nt
91850c
9185092
9185088
9185077
918507121
918506301
918506
9185051883
918503620
91850309
918501coop
918501669
91850004658
9184tlq16
9184ed
9184candido
9184977
918497490
918495803
9184954662
918494442
918492chu
9184922446
918491855
9184915197
918489200
9184875635
91848629
918485j
918485874
918485
918482823
918482040
918481808
91848132
918480401
918479270liliana
9184788tkm
9184776
918476049abc
918475558
91847442
918473648
918473268
918472
9184695565
9184679
9184657
9184643
91846365
918462111
918461387
918461
9184606824
918457792
918457055
918456kayden
91845635
9184546
91845370
918452858
918452149
918451875
918450639
918449822
918448613
918448282
91844737
918447
918446768
9184463
918445042
91844384
9184434
918442385
9184418
91844
918439
9184370444
91843644
918434723
9184344
918434
91843213
918431r
918431
918430165
91842902
9184288775
918427587
918427356mko
918426600
918424153
91842233
91842149
9184201991
918419983
9184193
91841888
9184172731
9184168
918416053
9184155185
918414346
918411879
918410330
91840cv
918409641
918409
9184084472
918408
9184071658
9184051
91840401
918403336
9184029
9184022121
918401441
918400584
9183fi
9183992
918397883
918397
918395860
918394827
918394
918390545
9183892
918385904
918384829
9183845869
91838349
9183834195
9183833506
9183822
918382052
91837679783969
918376267
918375271
9183739660
9183724495
918371
9183677
918366
918364pepi
9183638
918362348
918359043
918358349
9183568443
918355927
918354360
918354
918352918918
918351712
918350
918348084
918347121
9183451228
918344775
918344430
91834378
9183429
918340203
918340190
91833984
918339000
91833721
91833633
918335743
918335638
918334948
91833241
9183321545
918330010
918329060
918327629
918325885
918325687
91832456
918323980
918323374
918322260*
918321914486859
918321086
91832013
9183199121
918319339
91831865
918317055
91831613
91831587
918315058
9183138
918313256
918312021
918311
91831006
918307434
9183060225
918305
91830300
918302849
918302171
9183013...
9183001341
9182vl
9182prissy
9182gm00
9182dwm
9182c
91829985
918299
91829634
91829529
9182929663
918292717
9182922311
91829102
91829
9182885
918286294
918284870
9182845848
91828277
918282318
918282
9182812
918280124
918278570
918277662
9182762468quigan
918276
9182753104
918274
918273tornarak
918273denzel
918273a
918273654
918273645poi
918273645cel
9182736455 nui
9182736451
9182736400
9182736123
91827355
918273465e
9182734655
918273456a
9182733
918273-654
918272688
918272640lafee
9182711
9182702764
918270*
91826nn
9182692488
91826833
91826798
918267656
918266
918264587
918263024bmx
9182624048
9182610
918260040
918259639
9182590401
9182584186
91825776lyyw
918257
9182554181
9182551082
918254764
9182544385
918251248
918250758
9182502012
9182491938
918246
918245
9182434
918242984
918240887
91824
9182385
918237698574
9182373
9182360
918234901
9182347
91823422
9182337
9182334583
9182323
9182322
91823114
918231
91823023
91823016
91823
918229751
91822712
918226310
918225485
918225169
918224665
91822381
918221152
91821896
9182185505
91821677
91821501
91821245
91821183
918210rk
9182105
91821014
9182098V
918208978
918205857
91820526
91820360+-
9182029289
918201914
918201
9182007999
9182002
91820
9181sexy
9181murti91
9181marit
9181afric=
9181999
918199726
91819938
918199200
91819862
91819851
9181984
918198
9181976
9181970
918196798
9181957262567123
918195
9181940
91819231
918191439
918190p
91819
918187953
9181861
91818469his
918182877
91818275
918182
91818091
918180
91817981
9181796
918178924
918178417canal4pais
918177949
9181774
91817700
91817493
918174369
9181719
918171615141
918170886
9181702
9181685
91816788
918166721
918166302
91816522
918164580
91816274
91816190
918161379
91816078
91815a
918159092
918156724
918155636
918155
9181533
9181525
918150856
918149325
918148587
918147508
918146950
918144718
9181437
918143393
9181417
91814112
91813qui
918139119
918138
918136531
918135y
918134080
91813355
91813325
91813318
918132
918131806
918131052
91813
9181276
9181254
918125200tica
9181245
91812368
918122232
918120281
91811993
918118789
91811690
91811643
9181158
91811443
91811422506
918113
918112163
918110650
9181093
91810911
91810809141097
918106962895
918105
918104786
918102531
918102473
9181023
91810191
918101486
91810106
91810
9180mg
9180mami
9180kl
9180abby
9180MN
918094603
918091011
91808948
918087611
91808639
918085148
9180842
918082
918081739
918081
9180801
91807jacob
91807938
9180754
91807445
918073
918071453
918070389
91806mackynzie
918069
918066
9180618a
91806133
918060684
91805mike
91805988
9180586
918058
91805656
918055586
9180541
91805388
918050brittlee
91804mc
91804Mnc
918047677
91804721
9180453169
918044022
91804316
918041708
91803sexy
91803aiami
9180395
918036984
918034844
91803288
9180303
91802932
91802733
918026
91802553rosa
91802001
91801emr
918019
91801724
91801668
91801536
91801443
91801295carla
9180124
91801223
918010737
9180083
91800350
9180022
9180012
9180-*aps
918,crip
917valor
917tino!
917son
917sirap
917santafe.
917ridge
917peter
917nlee
917mike
917me*!239
917maucho
917luvs425
917kmta
917crs
917china
917cdam
917bono
917arp
917@1375!$$
9179marco
917999
91799801
917995795
917994125l
917993d
917993568
917992324
91799
91798872
917988377
917987735
917985915hel.
917985504
917984ashes
917984745
917983msb
91798290
917982112
91798119
917980733
9179801
917979486
917978571
917977711
917976701
91797428
917973597
91797246
91797204
917971379
917970952
917970314k.
917970
917969026
917966494
9179646
917959533
9179578
9179569775
917956135
917955433pedro
917954784
9179532
917952938
9179520
91795
91794jess
9179491385
917949004
917945589
9179427908
91794198
917940536
9179401601
91793isme
91793d
917938756
9179371684
9179366
917933780
91793174
91793
917929594
9179289
9179266974
917925722
917925329
917925106
917923609
91792296M
917922150
917921829
917921486
91791p
91791hv
917919
917918762
9179172
917916384
917916102
917915073
9179142
917913914
91791321
9179123539
91791210
917912
9179116424
917910134
917909566
917908529
91790792
917906623
917905189
91790360
917902000
917901771
917900448
917900201
9178yyo2517
9178harsha
9178aF
91789806
9178971751
917895158
917894569
91789225
9178918
91788v
9178897
917888
91788700
917886920
917884590
917883
917881562
91788053
917879399
91787697
917875972
91787438
91787400
917872103
917871139
91787
91786elena
91786901
91786757
9178654
9178646
917863
917860
9178592
9178586
9178566
91785517
9178540
917853818
917852989
917851535
91785118
91784m
91784702
91784613
91784470
917843630
917842401
917841612
917840419
917839
9178385
917836033
9178344
91783269
917831004
9178296
917829
9178271186
91782692
9178236599
91782266
917821679
91782034
91781natalie
917819009
917818188
91781645
917816026
917813995
9178120508
9178117
91781
9178097
917808
917806116
917805325
91780492
917803503
9178027
917801648
9178.117.322.JF
9178
9177mb
9177cm3
9177age
91779mbc
917798053
917797570
9177935
91779236
917791587
917790540
91778935
9177892
917787nati
9177856china
9177833
917783
917781840
917781098
917780335
91777974
917778
917777485
917776
91777552
91777376
917773524
91777271
9177717035
917770
9177691
917762099
917762
91776159
91776063angie
91775972
917758700c
917758
9177567385
917756311
9177558065H
91775512695
917751498
91775040
917749509
9177490449
9177484
917747691
917746181
9177416
917741
91774062
9177397
917738280
91773709
9177356
917735223
917734063
917732612
917731495
917731156
9177296
91772888
9177267576
91772587
917724288
9177234
917722357
917721633
9177207
91772004
91771k
91771972
9177197
9177193
91771777
9177174826
91771687
917716580
917715963
91771344
91771216795
917711360
917710A
91771086
9177099830
917709159
917707450
917705661
917701
917700
9177
9176dm
9176SUE
917699466
91769894
9176978
9176966
917695231
91769333
9176922
917692
917691343
917691260
917690352
91769016
9176888
9176853asd
91768524
9176831
917682024
9176803
91767skater
91767974
91767934
917678651
917676564
917676017
9176731341
917671434
917670
917669
917668092
91766758
9176662c
917665
917662p
917662401
91766187
9176612810
9176608
91766024
9176598
917659625
91765937
917658cmp
91765874
917658109
917655896
917655618
91765324
917652198
9176518ca
917650154
9176499
917647
9176457
9176438524
9176427313
917642
91764101
9176404
917640
917638211562
917637353
91763660
9176348
91763380
917633059
917630272
917628456
91762524
9176204
917618066
91761668
9176151617
917610548paulo
91761
917609737
91760928
917606231
917604309
917603
917600010
9175dog
917599br9
91759380
91759175
917589708
917589
9175869
9175864
917586043
917585
917582tt
917577436
9175769
917575360
91757458317
9175693403
9175691408
917567500
917566265
91756579
917565164
9175635512304
917563
917561231
91755ca
917559751
917559
9175585792
917557894
9175561
9175549a
917554
917553201110
91755173
91755159
917551100
9175491
9175475
91754645
9175457480
9175447
91754285
917539445
91753814
9175373
91753343
91753121
917530550
91753027
91752lumi
9175288300
917525995
917524
9175188787
917517aswad
917517
9175152
9175145554
917511222
917509281
917506521
9175045970
9175000
9174mf
91749d
917497967
917497347
91749481
917494
917493420
9174923
917491757
917486
917483960
9174818878
917480135
91747dad
91747961
917478679
91747835
917478253
917477139
917476603
9174761929
917476
9174755
917474481
9174736
9174730
917472
917471461
91746k
917469995
9174683391
917467344
917465937
9174628
91746012xxemoxx
91745ya
917459522
917458013
91745659
917453818
91745162
917450
91744yes
91744768
9174470051
917445733
9174430
917441874
917441482
917439359
917438
9174351
917434659
9174319
9174304m
917429109
917428802
91742727
9174269189
91742403
917422616
9174220
917420011
91741mincu
917418844
917418587
917418
91741683
9174167
917416052
917414572
9174136
9174129842
917411331
9174103665
917408809
9174077
9174066
91740628
917405077
917402651249
917401644
917400ch
9173usmc
9173mbm010-6234567
9173lr
917399538
91739899910
917397694
9173961319
917393
917391735
917390625
917389205
91738659
917386006
9173852
917384625
91738324
91738264555
91738259
9173825
9173824650
91738246005
917382218
917381212
917379047
917378312
917377438
917377
917376658
9173757561
91737406
9173734276
91737102
91737058
9173694825
9173682
9173669
9173660
9173651
9173647
917364
9173637
917363288
917362447
917360223
91736
91735bjm
9173585665254
91735744
91735666fuckers
917356621
91735642
9173558963
917355
9173546
9173537820
917353002
91735201
9173518
9173512
917350999
9173504
917350319
91735*j
9173489
917347A
91734771
9173469477
91734657IH
9173465
91734621234aa
917345
91734462
9173443719
917343
9173406508
9173399503
91733915
91733603
917335225
9173351042
917335031
9173335
917330620
91732d
91732864582
917327660
9173272
9173268
9173253
9173243120
917323
91732194
917321811
917321007
917320
9173193319
917318965
91731536
91731471
917311938
917310056
917309550
91730924
91730886
91730799
917306320
917305258
91730338
9173025
91730098
9173000
91730
9172qq
9172jc
917298
917296397
917295351
917293412
9172921
91729061_yadira
917289
917288
917286
91728542
9172838
9172834
917282eqdf
917281137
91727s
917275704
917275
917271955
91727072
91726664
9172633415HeIn
917262375
9172609d
91726
917258986
917257972
91725634
917255
9172539148
917252310
9172503
9172492322
91724799
9172474
91724512
91724453
917244072
917243676
9172423800
917240509
91723859351661
9172383
917237790
917235826
917235526
91723470
917234
91723276
917232182
91723131h
9172301
91722aleyfacuseaman
91722871
91722712
9172254
917224n
9172245
91722340
917223
91721852
917218
917217218
9172161
91721576
91721467
917211516
917210
9172095796
9172093
9172076
917206
91720560
9172050
9172045
9172037
91720223
917201989
917201117
91720025
917200
9171998
917199732
917198k
9171984c
917198
9171979
9171973b
9171968
91719645
917196
9171955
9171949
9171940
91719262
917191949
91719170
9171910
917190013
91718m
91718902
917188593
91718659n
917185494
917184141
91718380
91718052
917180175
91717994
917178116
91717551
9171737
9171721
917171929
91717134
917171
91717
91716872
917168491
91716602
91716494
917164380
917163528f
917163
917161834
9171605n
91715969
91715788
917156541
917155258pedru
917154590
917153868
9171512
9171509
91715
91714887
91714765
9171471
917146
917144215
917143722
91714301
91714103
91714015
91714
917137893
917137
917133143
917132491+917132491
9171322
91713150
91713062
91713
917128512
917127319
917127
9171266
91712613
917124
91712250
91712133
91712083895
91712-79
917118206
917117813
9171172593
91711630
917116
917113998
917113263
91711283
91711140
9171110
91711001
91710em
91710944
91710873328
917106334
917106154
917105341
917104525
9171024
917102177
91710153
9171003
9170don
917099531
917098921
917098
917097314
9170969
917096062
917095213
9170931
917092906
917090640
9170894
917088945
917088297
917087822
9170871
917083136
917082864
917081889
917081101portugal
91708
917079130
917079
917077503
917075287
91707409
917073
9170726
917071
917070
917069167
917066
917063215LX
9170629
917062136
917060992
91705sne
91705aj
9170580
917057z
91705675
9170562
9170535
91705231
917050624
91704r
917049723
9170464
91704371
9170426m
91704208
917041985
9170412
917041
91703alie
917038
917037479
917035462
91703434a
9170326
9170322
91703160
91703075
91703
91702a
91702718
917026205
917021j
9170216071727
917020598
917018628
917017935
91701779
9170152005
9170146
917012470
917012
917011
917010
91700945
917009199
917009
9170063
917004
9170022
9170019
917001070
91700055
917-718
916withme
916wells
916warhorse
916vecinos
916ubeezy
916travon
916tlr
916stang
916smiilez
916sicc
916samoan
916saheka
916ryan
916rayray
916queen
916pop
916polk
916pearl
916n9622
916mix
916mien
916meka
916mawi
916man
916madison
916lucy
916loven
916love
916llc
916lil225263722
916klick
916jus
916jmo
916jacob
916ismybirthday
916hooters
916hogg
916hin
916hardnox
916greg
916gemini
916gangsta
916fosho
916fiji
916ers
916eighty
916dph
916crazy
916chirs
916caty
916capri
916burn
916boyz
916blood
916batman
916baby
916b916
916asc
916angle
916analiz
916West
916SabreWulf
916SACTOWN
916QUEENS
916LEON
916KA0030REN
916CDM
91699jm
916999800
91699782
916996
916995567
916994
916992987david
91699169t
91699159
916991
916989745
91698894
9169867
916985367
91698382
916983528
91698071
91698
916979pt
916979k
916977669
916976421
916976149
916974386
916973193
916972432
91697179
91697115264
916969974
916968927
916968266
91696800
916967709
916967
916966
916965
916964
916962829
9169618
916960680
9169606
916960
91695916
91695833
916957464
9169556
9169532
916952524
916951423
916950399
916949602
91694898
916947423
916946517
916945338
916944475-meu
916943821
9169430
9169422557
916941041
916940035
91693a
91693703
91693688
91693628
916936002
916935996
9169351830
9169344
9169331
916932647
91693254
916930424
91692nj
91692mr
916929857
9169290019
91692856
916927560
91692620
916925505
916924783
91692332
91692148
9169210
91692027
916920
91691e
91691979
9169194
91691881
916918
916917
916916A
91691521
916914877
916914278
916913626
9169133
916912773
916912610
9169117
916911372
9169110
9169105688
916910018
9169096831
916907742
916906226
916905663l
91690444
91690408
91690374
916902856
9169015
9168acj
91689968
9168988
91689869
9168975
91689565
9168949
916894141
91689308
9168915
91688nurse
91688cd
91688anaj
916889810
9168880
9168862
91688394
916882897
916881060
91687j
91687d
91687ab
916879358
916878789
91687865
9168778
916876732
91687671
9168762
9168752
91687466
91687227
91686tcbl
91686cnp
916869
916868
916866948
9168656iansocute
91686511
916864904
9168645
916864300
916863216
91686261
91686051211574
91686019
91685a
916859321
916855id
9168547
91685316
91685259
91685225
91685049
916849983
916849384
9168479
916845743
916844424
9168435
916843
916840838
916839870
916839248pamplon
916837r
9168363j
916835464
91683445
916834316
91683322
916833
9168308ry
91682j
9168299
91682751
916826432
9168257
916824211
916823947
916823
91682110
916820494
916820349xxd9
916820
91681812
916816837
9168168
91681605
91681520
916815
916814284
91681383
91681310
916811788
916810564
916810
916809754
916809
916808079
916808
9168073
916804
91680291212
91680212
916802
916800656
916800481
916800128
9167re
9167frog
91679947
916798802
916798680
9167978755
916796593
916790952
91679008
916788802
916787
916786
9167830225
916782411-SOFIA
9167821
916781455
916780922
916780087
916779926
9167786
916778
916777410
9167762
916774720
9167745
9167725
91677204
916771245
91677
91676967
916767321
9167656
91676443
9167630
916762
916761732
9167603876
91676
91675945
916759
9167588
916758434
916758298
91675755
91675633
916755617
91675447
916753800
916751827
916750.
91674856
91674622
9167460
9167439599
916743703
916741460
9167404
916739659
916736413
916736
916734211
916733900
9167325kp
9167317006
91673044.sahh
916729
91672791
916726531
91672550
916723271
91672270
9167220865
91672168
91672003forwork
9167188
91671816
91671744178870
916717098
9167160
91671556
916714379
91671343
91671292
9167124
916711917y
91671145
916711
91670grl
91670841
9167073160
916706931
9167054
916705
916703436
91670309
916702429
916701878
916700
9166nyno
9166grape
9166ea
916699147
9166982
916696658
9166958
91669531
916695146
916692030
916691367
916691236
916690nda
916689782
916687801
916686636
9166862
91668532
9166830
916682196
916681568
916680169
9166774488
916674182
916673084
91667177
91667135
9166710
916670574
916670150
9166696
916668985
916668215
9166671
916666341
916665611
91666502
91666247
91666215
9166621
916661309
91666074
916660606
9166603
9166595
916658117
916655855
916655159
91665402
91665363
9166530
91665235
916652169
91665144
91665010
9166499172664772
916649179
91664722
91664679
916646172
9166458602
9166456
916645
916644639
9166426
9166399
916639474
916637
9166361015
916632604
91662926
91662876
91662705
91662597
916625561
91662474
916623794
91662326
91662255
9166213
91662066
91662020
916619ok
9166193562
9166188
9166176
916615147
9166136970
916612jc
9166127747
91661170
916611205
91661038
916609033
9166073
916605957
916605682
91660286
91660066
91660035
916600082
9165som
9165dlcp
9165HOT
91659921
91659721
916596838
916595821
916591571
91659077
91659045
916589042
91658840
9165871130
91658653
91658500
91658467
916583805
91658272
916581773
9165816
91658018
916577585
916575861
916574832
91657166
916569443
91656920
916568807
916568785
91656832
916568004
916567645
916567481
9165672
916566
91656562
9165646385
91656425
916564
916563768mj
916562782
916562265
916562196
916561871
916560015
91655844
91655789
916557713
916557097
91655452
916554481
9165539
916553454
916552665
916551998
916550246
916550
9165488788
9165481932
916547367
916545341217
916544721
9165440188
916543
916542027
916541663
91654129
9165405;
916540577
916539707
916538169
91653763
916536801
91653487
91653339
9165331
9165328
916531233
9165307283999*
9165288
9165282123
916527648
916527165
91652556
91652433
91652398
916523080
916522
916520798
9165202
91651995
9165193775
91651808
9165180
916517985
916515592
91651414
916513305
916512858
916511857
916511
916510
91650948
9165087643
9165083
9165052716
916503474
91650151
916501298
916500828
916500264
916500183
916500069
9164rmc
9164mama
9164k6
916499045
916498279
916497
91649679
9164942659
9164925
916491627
916490594
916490179
91648924
9164877460
91648723s
916487
916485
91648403
91648274
91648
9164798
916479487
91647896
91647788
916477572
91647713
91647708
9164760777
9164741695
916471321
91647081
9164703
916469843
9164686600
916467948
9164672
91646528
91646508
916464968
91646468
91646462
91646363
9164627714
916461926
91646
91645889
916458506
916457695
916457344916457344
916457
916456058
916455359
9164546113
91645406
916453167
9164522
91645134
916451
91645034
916449546
91644919
9164485
916446997
9164455139
916445133
916444233
91644318
916440806
9164397
9164388860
916438
916437285
916435
91643460
916433644
9164331408
916432
916430960
91643026
9164302
91642959
91642900
9164273
916426891
91642574
916425575
91642496
916424113
9164238
91642284
9164213205
916420
9164188
9164181
91641776
916416537
91641496
916414446
916414
916413356
916411499
916410975
916410410
916409772mg
916409083
916408
9164072
916406
91640565
916405165
916404610
9164043
916403
9164021
916401328
916401
916400851fabio
916400382
9163za
9163pwxz
9163kv
9163bella
91639938
916397644
9163971
9163965825
91639550
916394963
91639468
9163938
9163922959
91639197
916391023
9163901571997
916388
916386806joao
916385080
916384385
916381763
9163815322
91638
91637881
916378
916376440
916374728
916373958
916373766
9163725472
916372235
916371850
91637176
916371240
916370971
9163696
9163688922
91636678
916366
916363419
91636237
9163606384
91635921
916359026
916358238
916352217
916351571p
916351030
91634lucre3106
916344a
916344250
9163438
9163431408
9163426
9163420764
91634170
916341355
916340110
916339029
916337
91633627343
91633411
916333307
916332969
9163324715
916331785
916330
916329832
916329671
916328ka
916328
916327056
9163268116
916326498
9163256
91632455
9163229
91632133
91632045
916320
9163196
91631892
91631820
916316g
91631621360709
9163152
9163146492
9163140
916313
916312
916311690
916311
91630er3
916309584
9163093
916308334
916306
9163055
916303914
916300ema
916300221
9162994
9162977
916296388
916296
91629577
916292823
916291527
91629098
916289867
91628857
916287676
916287209
916286867
916285188
916283486
916283165mimi
91628263
91628072
916277124
916276
9162757
916275462
9162723
916271256
91626952
9162691847
916267383
9162670y
9162668
916266299
916265208
91626511fe
916264333
916264253
916263b
9162630423
916263
916262876
91626120
916260403
916259763
9162586
916257640
916256205
91625485
916254484
916253207
9162518
91625153
916251
91624916
91624634
916245298
9162434
9162429
916242674
916242086
916241255
916241136
9162408
91624
916239414
916237845
9162373780
916237
916236101
91623560
9162343
916234097
91623366
9162329
9162318
9162306839
916229068
916228879
916228
916227
9162263226
916225510
9162242
91622402
9162234
91622261
916221793
916221453
916220664
91622
91621984
91621923
916218666
9162169
91621606
9162144mjd
9162142881
9162140
9162134689
916213334
916213181meu
91621243
916211
916210511
91620AL
9162094
916208593
9162071
9162063119
916205883
916204626
91620296
916201234
91620051
91620
9161js5
9161b7
91619945
91619881
9161984
9161982k
9161982
9161980
916197602
9161974vc
9161967
9161963
916195663
9161954
91619496
916194475
916194
9161934
9161920
91619089
91619-21
916188081
91618475
916183
91618112..
91618029
91617999
91617825
91617781
91617773
9161768
916176
91617323
9161719
91617179
9161713a
91617118
91617079
91617
916169968374528
916168011
916167248
916166553
91616477
9161611
916159137
916158631
916158
9161565
9161552
916153834
91615291
916152
91615101
916146171
91614573
916144
916142251
9161416
91614146
9161412
9161405
91614
9161377
916135707
91613381
9161332
91613316
9161314
91613079
91613069
91612988
91612918
916129
916127158
9161264
916125266
916124593
91612361
916123
916122307
916121
916120035
91611anelo
916119
9161185
91611778
916117
916116
91611536
916115
916114328
9161135742
916112990
916110893*
91611065
916110156ze
9161099c
9161085
91610825
916107209
9161064187
916105307lol
916104397
9161031759
91610246
916102105
916101162
916100267/kinho
916100056
916100
9160spi
9160jaiden
916099150
916097052
9160965
916096171
916095121596
9160940
916093884
91609345
916092787
91609250
91609222
916090981
916090
916089602c
916088
916087002CagoniP
916085009
91608328
916083150
91608299
916082105
916081181
91607RJD
916079441
916077662
916076sm
916075021
9160748
9160732
9160721
9160711
916070039
91607
91606fish
91606994
916067829
916067405
916065724
91606496552625
916063785
916063319
916061997
9160616
91606
91605pd
916058949
916057117
916056601
916056471
916056
916054515
916053
916052113
916051265
91604cm
91604Dj
916049558
916048971
916047
91604576
9160439
916043
916042219
916041298
9160403
91603Mariana
9160389
916037014
916034395-+
91603208
9160318a
916031361
91603080
91603004
9160295
91602815
916025746mateus1
916024886
9160243
91602406
9160236
916022483
916022
9160206330
91601bro
91601885
916018456
916017891
9160172
916016249
91601499
916014626
9160141
916013802
916012851d
916012
91601051
916010046
91600770
916007198
916005280pmdjdamas
916004413
916004051
91600325a
916000b
916000358
916000288
91600
916-5645381
915tintin
915t025
915surx13
915razer
915playboy
915pat
915nissan
915murat915
915mom
915mikas
915marine
915love
915live
915js000*
915jkk
915hinton
915fuckyou
915etuor
915elpaso
915edison
915clma
915charlie
915boyz
915bonez
915bel05
915babe
915abc
915RAIDERS06
915@817
9159T.S.U.
9159988
9159956
9159928
915991
9159898514
9159873
915982love
91598259
9159797839
9159765
91597327
91597226
9159714
91596rani
9159696116
91596756
9159603
91595zk
91595=maddy
91595734
9159547
91595367
9159518
91595165
915951
91594cms
9159448
915943
9159410
915940ag
91593614
91593588
915934
9159330
91592kd
915929
915927s
9159262343
9159241
915921
9159203398
91591c
91591835
915917
915916
9159159
9159146
915913
915912617
9159112
91590j
91590851
9159055618
91590493
9159015
91590045
9159+062
9158tone
9158lb
9158a
91589me
9158985000
9158952
9158944
91589345
915891621
915889
915888
9158861
915884
91588197
91587s
9158786
915876
9158747
91587323
91587282
91587233
91587
91586j
91586799
91586372
91586128
9158602672
9158593
9158588enz72135332
9158578508
9158569923
9158561
91585484
91585427
9158539
9158522
9158505105
9158503048
91584912
91584420
915842376
9158390189
91583807
9158352025
9158312m
9158293199
9158283997
915823ns
9158225749
91582212
9158218383
9158213228
9158182562
9158153shi
9158148
91581317
9158125
9158118089
9158094088
91580878
91580631
9158058
915802b
9158025
915801s
9158012559
9158006
9157sam
9157oca
91579mds
9157993521
91579157
915788
91578616
9157861
915785z
9157848047
91578021
91577776
915777
9157722310
9157706
9157663
91576421
915761020
915760
9157588
9157574
915756
915754coco
91575291
9157507
9157455
9157420
9157368204
9157356482
9157348
915733jc
915730996
91573
915727
9157264521
9157234
91572158
9157202736
915719
91571606a
91571344
915712706
915709d
915708
915706
91570388
915703420
915702096
9156td9156
9156lore
9156gbc
9156P
91569919
9156955
9156915
91569088
9156889153
915688
9156867828
915681
9156789
