3172528
317252
3172517258
3172512604...
3172509034
3172506049
31725
31724988771218
3172493
3172484331
317247533
317247
3172463767
3172452256
3172445830
31724427
3172438832
3172435
3172425792
3172419953
3172413687
317241
317240754
317240
3172399685
3172388508franci
3172381121
3172378638
3172378194
3172370343
3172369319
3172366874
3172358550
3172358062
317235
3172342116
317233
3172325264
3172321146317232
317232
31723172w
317231
317230
3172273144
3172271873
3172268
3172266
3172259962
317225407
317225
31722461
3172241211
3172239623
3172235832
3172231065
317223
3172226168karen
317221807
3172211954
3172211370
3172209158
3172206
31722
3172197709
3172182039
317218
3172176451
3172173089
3172170235
3172169675
3172162746
3172149063m
3172140752meli
3172138588
3172135412
3172132664
3172129235
3172125324
3172123973
3172117020
3172113
3172111782
3172111
31721
317208
31720551
317204
317202
3172003
3172001lv
3171wippo
3171janilyn
3171998
3171996
3171994kajuca
3171989kp
3171985creative
3171982
3171979
3171977ss
3171975
3171970
3171963
317196
3171954
317194552
317193
3171922
317191
3171903
3171897
317187
317186
317182ct
3171824
31718080
31717Ls
3171775
3171744
317173
3171716
31717
3171680
31716549
3171642
3171624
3171587
31715757
317151b
317151
317150
31714860
3171464
31714330
317141
317136
3171355
3171345
31713348
31713314
31713204
3171315
3171303
31713
31712879
3171269
3171257
31712530
317123209
3171218
3171202
317120
31711905
317118456
317117974
317116182611
317116
3171159
317115591
3171154
317113.17
3171124
31711119
31710953
31710801
31710568
317103
3171028
31710235
31710136
317101
3171 993
3170july
3170idas
3170dash
31709ga
3170975
317097012a
317093848
3170913
31708m7j
317088
3170860000
317081627
317080as
31708056ry
31707md
31707YOU
31707LUV
3170796
31707601
317074
3170717
31706del
317066355y
3170648julio
317062548
317061g
3170603
31706
3170592
317054l
317051
31704kaykay
3170494
317045293
317044
317042
3170400065049
31704
317038jh#
3170373
317035
317032gj
31703268
317032
317031
3170299
317028193
317027120
3170269
31702528
31702348
31702106
3170200069563
31701977
3170188
3170177
3170160**
317012zam
3170100134118
317008
3170060
317005
31700
317.kenshin
316zwgbl
316ynnad
316x
316wwe
316vernon
316tyson
316tol
316stunner
316sss
316sobrvd4evernever
316sld
316scsaa
316rw
316rj08
316rebecca
316rbd235
316r619
316pu
316pisces
316penny
316osorio
316onelove
316nthinh
316noah
316myrtle
316mon
316mnlqw
316meh2129
316matt
316maria
316maple
316mafia
316love21
316lost
316lavander
316kelly
316kap
316juan
316jackass
316ishot
316househouse
316hhh
316guyhall
316gnr
316gckiss
316franklin
316fk9
316euclid
316eagles
316djay
316cosas
316cards
316bud
316benamed
316babe
316austin
316ash9
316apex
316acl
316SOUTHJONES
316PINK
316GUY
316EPR
316Coby07
316ALE310rendon4752
3169mike
3169lee
3169jegz
3169cold
3169YE
3169MOTO
31699888
3169931699
31699129
316991
3169900126410
3169900032903
31699
316988
316987
3169825
31698009
31697tp
316978916
3169777
3169770
3169751
316972772
316970ale
3169700005279
31696i
3169671
3169650
31695ls
31695kc
3169590
316957
316954
3169493
316948
316943
31693ed
316938
31693513333823
31692brat
3169288
3169254
3169230
31692212sko
3169212
31691mumu
31691979
3169185
316917
316916
31691234
31691219
31690dw
31690adw
3169084
31690777
316906406
316905488
316905
3169031690
3169030
3169023
31690132
316900313
3168robert
3168fedex
31689ar
31689922629
3168983785
3168962
3168930356
3168924720
3168913123
3168912
316891
3168907626
3168901452
31688df
31688a
3168899
3168892072
3168884799
3168875738
3168870723
3168869717
3168864615
316886
3168859092
3168854
3168840093
31688352
3168828
3168823826
3168811226
3168796386
31687901
3168766347marlon
3168759932
3168753
3168748824n
3168737208
3168735872
3168720070
3168719551
316871
3168709373
3168702750
3168699587
3168689921
3168681361
3168679302
316867065
31686570
3168648413
3168642126
3168638409
3168637647
3168631385
3168629a
3168619
316861490531688999367
3168606658
3168600661
31685ejr
3168580
3168569546
3168566
316856
3168555294
3168546754
3168527945
3168526
316852033
316852003
316851
3168506477
3168505878
31685
3168487590
3168484695
3168483866
316847mc
3168475529
3168474589
316845
3168443
3168436
3168433605
3168432
3168426688
3168423623
3168422735
3168420952
31684142
3168410665
3168409426
3168406793jhon
316840331
3168401941
31684
3168396608
3168389
3168384290
3168377861
3168363161
3168359093
316835467811
3168352069
3168346279
31683404
3168310106
31682ash
3168295289
3168293756
3168288480
31682862
3168282821
316827
3168251
316824579k
3168241277
3168240
3168232
3168231496
316822T
3168220194
3168205162
3168201491
316820
31681jv
31681989
3168192
3168181.i
3168164
316815316845
3168141812
31681355
3168127111
3168122170
31681208
3168114076pamela
316811
3168103621
3168101581
3168100904
3168095665
316808fan
3168082740
316808
316807
3168065790
3168062
316805903
3168050
3168049070
3168043477
3168041
316803
3168026500
3168009314
31680051
3168000
3167west
3167lawson
3167a247
31679944
3167989663
3167979
3167977463
31679683
31679653925
316796
3167955484
3167953787
3167948840
3167939
3167935705
3167929470
31679266
3167908798
3167896607
3167880204
31678755
3167874146
31678686mda2283
3167863503
3167855624
3167847087
3167843868
3167833552
3167830727
3167824546
3167814600
31678120
3167810
3167805956
3167805115
31678
3167793109
3167790054
3167789632
3167779576
3167773125
316777037
3167765611
3167761
316776
3167745666
3167740236
316774
3167729978
3167725971
3167720840
31677144
3167700733
3167695199123
3167692230
3167678313
3167676686
3167668133
316766
3167647999
3167636580zulli
3167631415
3167623732
3167610348
3167606206
316760
31675lr
3167599090
3167595409fer
3167584415
3167580927
3167575705
3167569295
3167558593
3167550365
3167541965
3167538
3167529liz
3167515721
3167514254
316751360
3167511298PRINCO
3167510556*day
3167506922
3167503127ginna
3167496767
316749
3167484127
3167479
3167471577
316747
316746
3167459386
3167456346
3167450650
3167438
3167421295
31674181788
31674028443113351841
31674
3167397
316739
3167377744
316737
3167366242
316736
3167345086
3167340306
31673282314374170
3167323633
316732
3167313228
3167308110
3167305215anita
3167302170
31672AA
3167294363
3167292478
3167288369
3167284
316728213
3167271720
3167260059
316725544
3167253103.
316723617
3167226280
3167220753
316721fu
3167208384
3167206
3167202020alang
3167200
31671980
3167186439
3167184406
316718
3167176909
3167172943
3167172172juan
3167171571
3167164774
3167157057
3167148618
3167144829
3167142996
3167142079
3167128244
316712
3167115959
3167109031
316710
3167086709
3167083117
3167077151
3167076298
3167065771
3167063671
3167053643SANDY
316705
31670459
3167043517
3167039
3167032783
3167023683
3167020507.
3167018585
3167013547
3167010
3167006127
3167003382
3167001951
3167000
3166ticiat
3166jtr
3166NIC
3166988
3166987
31669712185020
3166970562
3166968117
3166953634
3166950844
3166941617
3166937as
3166926317.a
3166912922
3166906
3166902975
31669
3166895446940704
31668926
31668860
316688462
316688
3166869027
3166865200
316686
3166859
3166851420
3166845421
31668434
3166841
3166838241
3166837747
3166831057aj
3166828570
3166824800
3166822108cw
316682
3166811401
3166807721
3166792183
3166784330
3166772860
3166768961
3166753832
3166749468
3166745485
3166740521
31667388
3166726363
3166720726
3166711984
3166709776
3166705820
31667
316669
3166682005
3166670878
3166664541
3166655333
3166646877
3166640
3166638
31666311fs
3166621
3166618609
3166616151
3166612676ladfami
3166606369
31665s
3166595634
3166589791
3166580718eri
3166579340
3166572300
3166564661
3166563262
3166553910
3166532352
3166527484
3166522097
316652
31665178
3166516170
3166514401
3166509
31664m
31664911
3166485974
3166475350
316646ed
3166463861
3166455734
3166448553
3166442335
3166438633
3166430367
3166425531
3166420916
3166417145
3166412822
3166409729
3166407350
3166402075
316639f
3166390559
3166384126
316638
3166369894
3166365039
316636
3166353933
316635
3166343546
3166338772
3166330146
3166324
3166321912IVAN
31663166b
3166309929
3166302422
31663
3166298402
3166295358
3166288828
316626923
3166263683
3166255
316625
3166241350
316623e
3166228626
316622
3166201049
31662
316619pumas
316619dx
3166196
3166195
316619316619
3166192
316619136
3166174864
3166173
31661679
3166160030
3166154585
3166138042
3166137
3166130342
3166128279
3166127086
3166125702
3166124ty
3166122032
316612
31661169
31660R
3166086693
3166084791
3166078738
3166066
31660615
3166049106
3166043
3166037
3166029508
3165steffik
3165ab30
3165984
3165974
316597
3165962kef
316595316595
31659141
31659
31658897jay
3165882007
316587
3165854216
3165847
3165845686
3165838428
3165834
3165831722
3165827859vm
3165812159028
3165808469
31658034
3165799395
3165790
3165784478
3165781089
3165771
3165766901
3165756044
31657526
3165749446
3165739972
3165737215
3165731663
3165725
316572
31657163
316571544
3165712185
3165704318
3165695713
3165690698
3165689
316568
316567
3165661306
31656596
316565
3165645368
3165636365-MAO
3165634704
316563
316562
3165617948
3165608664
3165603954alesana
3165600
3165591500
3165589407$
3165586836
31655819
31655737
316557
3165567968
3165560607
31655555
3165552172
3165538590
3165534
316552hi
3165527355
3165521283
316552
31655136
3165511
31655073
3165502809nany
31654lyfemsjames
31654987651
3165498
3165491310
3165485004
3165469960
3165459225
3165451111
3165432162
3165431144
3165428144
3165420087
3165415123
3165411545
316541
316540
3165397916ok
3165385938
31653769
3165371635
316537
3165367425
3165363566
31653530am
31653484043137739905
3165342005
316533o
3165336372
3165332949
316533
3165328954
3165323
3165321
316531653
3165314826
3165304638
3165290449_D_M_Q
3165280238
3165269553
31652418
31652358133165235819
316522883
3165214
3165203
3165199294
3165198301
3165193355
31651888
3165185608
3165182969yesika
3165171
3165168132
3165162289
3165161876
316516
3165152681
3165147901
3165145018
3165143356
3165142229
3165136600
31651223a
3165120808
316512
3165103604
31651
3165097699
3165094703
3165077815
316507
3165065815
3165065111
3165052341
316505
3165045133
3165041557lcn
3165040281
3165036057
3165035
3165031915mmm
3165031710
3165028060
3165027621
31650244
3165018293
3165014925..
3165010442
3165009722
3165003908
3165
3164mv
3164life
3164bk
3164bex
3164^!&+can
316499
316497tH
316497j
31649785258
3164978520.
3164978250
31649764973164
3164975852
316497316497
3164972805
3164967510
316496251
3164957077301
3164953617
316494Dj
3164945802
3164938889
3164918011
3164915
3164914352
3164912089
3164910210547
3164907266danny2
31649025400
3164900425edwin
316490
3164895
316489
316485
3164846777
3164842802
3164838199
3164836001
3164832142
3164817893
3164813177
316481231
3164807443
3164806
3164804190
316480
31647jdk
3164796009aaliyah
316478ticfar09
316478
3164776
3164763123
3164753130
3164747951
3164714462
3164688219JESUS
316468
31646634852294
3164651435
3164650648
3164632
3164626711
3164615715
31646006
31646
3164597319-jhon
31645917391-jhon
3164587
3164586112
316458
316457462985126348528343
31645695
3164564721
3164551015
316453sl
316453
316452278ac
3164519783
31645021
3164492553
3164482071
3164478271
3164469107loren
3164468149
3164466245
3164464207
316446
3164455978
3164453797
31644446580
3164442p
3164442
316444
3164437998
3164432R
3164428239
3164414
3164409582
3164404109
3164395
3164376
3164361722
31643456abc
3164337613
316433
3164326
316432.
3164303957
3164298075
3164292
31642910
3164289590
3164285242
3164278385jessica
3164274
3164268185
3164267048
3164264263
3164260312
3164257232
3164256196
31642553164255
31642539
3164253164
3164250582
3164243
3164231576
316422MM
3164222680
316422187
3164214221
3164214
3164212620
3164211233
316420kids
3164204
31642
316419an
3164186876
3164185071
31641827
316417
3164158901
3164152880
3164146932
3164140470
3164132402
3164128782
3164123
3164116204
3164107932
3164091928Juan
3164085104
3164083868
3164081944
3164080530
3164079084
3164075714
3164071
3164068372
3164066724
3164064d
3164062819
3164062
3164061611
3164060583
3164059090helen
3164057668
3164054627
3164047168
3164043184
316404
31640366750160
3164028285
3164024801
3164023989
3164020982
3164020
3164017542
3164015
3164014074
31640134
3163perz21
3163jen
3163ab
3163997687
3163995047
3163986588
3163980642199324
3163968711
316395
3163936190
3163935409
3163928749
31639246
31639202
3163911448
316391
316390
31638899
316388
316386995673281
316386
3163853211
3163836
3163832
3163829074
316381523
3163801881margi
31637sAm
3163788
316378
3163760155
3163750624
3163750
3163737492
316373
3163722283
3163715680
3163714331
3163712407
3163709840
3163703855
3163702083
316370
3163699138
3163695570
3163693
316368j
3163686217
3163681785
3163679117
31636680
3163661332
3163658745
3163650378
3163645872
3163641775
3163639941
3163639594
3163638
3163637675
3163632719
3163626888
31636247
3163621079
316361mj
3163618286
3163616748
3163615550
3163613
3163604725
3163603602
3163600424
3163600086316360
3163598945
3163592795
3163582947
3163581726
316358
3163577124
3163573527
3163568822
316356
3163559191
3163547260
316354206578b
3163540551
31635398827
3163531669
3163527281
3163516
3163515676
3163508732
3163501921
3163499924
3163492543
3163490542
3163489216
3163486661
3163484576
3163482771
3163481455
3163479799
3163478631
3163478482
3163478077
3163477502
3163475865
3163473734
3163471705
3163469708
3163469040
3163466358
3163465037
3163464717
31634634513265289
3163462801
3163461783
3163460599
3163457
3163455693
3163454041
3163446902
3163443331
3163442752
3163442289
3163438119
3163433300
3163430260
3163427911
3163427448
3163421464
3163419623
3163416
3163412730
3163409899
3163404637
31634042573128333
3163391040
3163386534
3163374475
3163365026
316336
316335
3163346318
3163337838
3163331439
316331633163
3163312824
3163301572
3163297
3163294109
3163290896
316328831
3163284403
3163280631
3163278789
3163270921
3163267550
3163264664
3163264407
3163261498
3163258471lc
3163255330
316325
3163247622
3163247436
3163243605
31632429
316324
3163237277
3163232889
3163231526
3163230719
3163228112
3163225
3163220573
3163212211
3163211600
3163209790
3163203496
3163202090kro
3163200742
3163194739
3163182578
3163175690
3163172
316316j
31631614
3163158
3163148404
3163145960
3163143336
316312990icq
3163127824
316312340646
3163102203
3163096772
3163092600mafe
316309
3163086170
3163077043
3163073048
3163069paulita124
31630625
316306
3163046794
3163041763
3163021
3163012164
3163003896
316300
3162mt
3162glatt
3162dede
316299900
3162996096
3162993623
316299
3162984828
3162981711
3162980505
3162975383
31629746
3162964
3162959364
3162953128
3162948223
31629388
3162933039
3162930410
3162928111
3162917924
3162913129
3162905328
3162900
3162898805
3162893726
3162892862d
316289
3162888921
31628854820
3162882683
3162880784
3162876868
3162871871
3162867380
3162865055
316286
3162851981
3162843027
3162841347
31628409
3162838562
3162834
3162831896
3162829841
3162828978
3162823465
3162819635
3162818858
3162815386
3162811090
3162808374
31628035
31628
3162799148
3162787693
316277
3162766081
316276
3162750642
3162736564
3162727612
31627244
3162714
31627035535601258
3162694317
3162673817
316267
3162664784
3162661056
316266
3162619
316261
3162603
3162599836
3162594075
3162592
316258940
3162584658
3162582990
3162577732
3162570818
3162568725
3162559668
3162558717
3162554897
3162552521
316255
3162548610
31625478
3162543480
316253li
3162534496
3162532301
3162530317
3162528795
3162526
3162525
3162522153
31625181
3162516187
3162512029
316251
3162506694
3162500653
316250
316249
316248
316246
3162448
3162440553
316244
316243
3162426553
3162421410oseahe
3162416956
316241
31624
3162396353
3162384648
316237
31623467
3162340480
3162331251
3162326377
31623258
3162320
3162316792
31623141474
31623037311
3162299776
3162296473
3162288
3162283552
3162281
316227766
3162274
3162264
3162259284
31622521
31622394
3162236b
3162227924
3162223094
3162211754
3162208
316220
3162188
316217597505ry
316217
31621461
316213
316211
3162094
3162089
3162083414
3162051690364612807
316205
3162034
316202904
3162020594
3162016935
3162006
3162000
3161sl
3161leo
3161glenda
3161_joey
3161998
3161994a
316199413
3161987246y!
3161983
3161978p
31619688
3161960
3161956
316195
3161942sj
316193
3161919361
316191
316189
31618743156480
316187
316184
3161828
3161812
3161807
31617980
3161774
31617666
316175s
3161752
316175
31617353
316171m
316171
3161688
31616810
316166
316163
3161616
316161
31616
316158E
316157J
3161565
3161560
316155
316154
3161519..
316150
31614B
31614612
3161445
3161434
3161430
3161424832
316142
31613joh
316138627
31613824077
3161361
316135166
3161339
3161325
3161304
3161297majo
31612867
3161281
3161278
31612562
31612517
3161234
3161233
3161217
316121
31611921
316117fox
31611747
3161171
31611613
316115
31611271938
316112
3161104
31610m
31610bang
316108004
316106ar
3161059
31610314
3161023
3161018890666
3161003
316100
3160weed
3160cutie
3160991
3160970
316096h
3160949
3160931
316091
31608dancer
316089002690
316088992m
3160876
3160864r
3160838
316082555
3160810
316080
31607i
3160778
31607629
316074
3160720
316070
31606bet
3160698
316069
3160661
31606428
316063152
3160611*
3160605
3160600725662
31605mmj
31605ILU
3160549466
316054
3160529
3160501990856
31604pae9
31604aaaaaaaaaaaaaaaaanessa!
316043!s
3160426
316040ss
3160400909999
3160400810704
3160400650081
3160400490211
31604000
3160398
3160389
3160351
3160341
31603249
3160316
316031
31603060392
3160301084363
3160300566950
3160300534
316030
3160277
3160253
3160248
316023
3160225
31602103
31602026
31601982
3160195
3160189
316017458
31601726
31601689
3160159
31601428
31601311b
3160126
31601222
31601161
31601082
3160101213801
3160100871252
3160100500246
3160100241500
3160100074816
31600bretz
3160086
31600590
316005
316004
3160004
316-314
316 flash
315x100pretatiti
315wood
315wedding
315teach
315t22
315softball315
315soad
315slot
315sean%
315salsa
315pleasant
315pati
315nuggets
315nany
315n2nd(blanca)
315mama
315lex
315kst
315kern
315jys
315jose
315jeter
315javier
315ian
315htfrme
315haleygreig
315gtp17
315gracias
315friend4ever
315formenave
315ert70
315eamim
315dibujo
315cuse
315chiranontakon
315charm
315batman
315bartleby
315balli8ng
315ask
315amigos_
315aachen
315MYPtlv
315FACEMOBB
315BITCH
3159tariy
3159rama
3159eys
315998
3159960
315994
315993
3159900009464
31598lj
315989288
315986318608146
315986
31598506
315982420
3159800091878
31598
31597951
315977
315976
3159733
315972648
31597
31596877
31596789
31596530
3159648
315962d
315960752
315959
3159542casa
315952
31594756omar
31594512
31594354
3159424
315941618j
315941
3159401
31593kma
3159390
3159363estrelladorada
3159361
31593320
315932270390
31593159A
315930858363754
3159301426
31592867
315927766
3159255
315924shorty
315924
3159231592hm
315922jj
3159212
3159207
3159195
315917
315915
315914547
3159124
31591063
31590mm
31590bh
315908
3159059301012
3159056
315904374
315902s
315902321
3159010.
3158sd
31589erdz
31589ab
315899
3158967
3158950515
3158938073
31589298
31589211
3158913310
3158912
3158911
315890
315889
31588786
31588693
315886
3158853289
3158835026
315883
315882
3158800013
315880
31587k
3158784095
31587770
315877
3158755074
31587514g
31587113
3158705
31586mkhm
3158698
315868812
3158678
31586739
315866944
31586608
3158655087
31586456
315863
315861
3158592937
3158588
315857
315855
315854
3158521
31585122
3158506382
3158502008
3158500
3158492985
31584892
315848564
3158484214
31584800051995
315847592
31584661989
315846
3158450694
3158444351
315844
3158439
31584300
315842e
3158426547
31584144
3158407098
31583mng
3158394
31583856
3158381741
3158377
3158368614
31583592
3158354340
3158345jsb
3158336674
31583281
31583174
3158314
31583042
31583
31582a
315829
315828tb
31582763
3158236572
315823127
315823
3158216
31582058
3158186544
315818
3158175980caro
315817
3158167462
3158156661
3158150361
315814j
3158143035papi
315814
3158125844
31581184
315810
31580930
3158086862
31580820
31580794
31580726juanes1
3158064203
3158062
315805992
315805094
3158040
31580388
315803
31580280
31580247
3158020660
3158012273
315800
3157e5a
3157994096
315798462
3157974642
3157973377
3157969820
3157957086juli
3157951169
315795
315793587
3157933213
315792006
3157913870
315791
3157905521
3157894812
3157891
31578850
3157876349
3157872979
3157853902
31578522
31578457
31578398
31578246
31578210
3157812251965
315781
3157789
3157780553
3157779
3157772447
3157766625
3157760
3157758528amerik
3157746
3157738
31577314
3157729
3157714camila
3157706
31577011
3157699
31576966
31576884
31576850
3157681331
3157671355
3157655002
3157652444
3157643
3157639363
3157617997
31576130
31575c
31575936
315758486
3157573
3157566767
3157549666
3157541344
3157538633
3157533881
3157524927
31575227
31575096
3157508
31575
31574971
31574946
3157486452
31574829
315748
315747434
31574726
3157465705
3157462444
315746
315745288613
3157451548
31574379
3157416
3157413262
3157404689
31573naomi
31573cha
315739
3157376
31573616
315735696
3157346975
315734100
3157337
3157306835
31572sn43
3157293934
31572869
3157276
315725tc
3157246648031572
315724
3157220712
315721
31571n&n
3157195871958
3157190695
31571729
315715dz
3157156
3157154270
315714
3157135
3157129652
3157128692
3157124611
3157114311
31570z
3157099
3157092
3157087237
3157086665
3157078
31570749
3157072888
31570629
31570584
3157052
3157047r
31570398
3157034
3157028554
3157026
31570180
3156yjb
3156dne
3156cesar
3156_3156
3156993886
3156976611
315697
31569515
3156950555
3156939696
315693
31569236
315691378
315690
31568999
3156897042
3156886887
3156881074
315687285
315687
3156862
3156858329
3156857347
31568529
31568412
3156831022
3156824413ma
3156823043
3156816594
3156803
315680
3156792
315678..03
3156779304
3156771766
3156769982
3156764222
3156749gate
3156742366
31567108
31566waynesville
315669
3156681503
3156666111
3156644
3156629820
31566182
3156616944
3156614
3156610367albertod
3156610021
315660183
3156590
31565870
3156582400
31565692
3156560662
3156555199
31565487
3156531611
31565312
3156515844
3156507521
3156503
3156498995.
3156493255
315649086
3156489756422
315648764719263388
3156473
3156469324
31564632851996
3156457287
3156447742
315643al
315643
3156429935
31564213
3156400111
3156398186
3156370767
3156366332love
315636
3156332284
3156326575
3156316514
315631563
31563063208794jaja
31563040
3156282238
3156263028
31562520
3156246509
315624
3156237
315623
3156228712
3156215
31562132
3156210819
315620
315619715
3156180898
3156170958
31561627
3156155370
3156152405
3156148581
31561309
315610111
3156096198*mami
315609
3156087374
31560783
3156074798
3156067687
31560614
3156059350
3156051301
3156049112
3156042972camilo
315604
315602
31560147
315600953
3156002401
3156001s
3155yj
3155sexy
3155nas
3155dpkv
3155andrus
315599
315598
3155973843
3155966390
315596
3155952
31559460
3155945
315593890321
3155929015
315591
3155904631
31559
31558L
3155893673
3155891
3155887842
3155885
3155871677
3155857445
3155847527
315584
3155839740
3155835178
31558343
3155831015
3155830210
3155825882
315582
3155818459
31557cms
3155793560
315579
3155786
3155780966
3155771070
3155754
315574758
3155742824
3155740791
3155733648
3155730478
3155728665
3155708783
31557025
3155696395
3155690562
3155685
3155680415
3155674251
315567
31556615906687123369
3155653900
3155647152
3155642129
315564
3155625668
3155621660
3155614
3155611382
31556
3155593186
31555890
3155582538
3155572843
315556686140298654
3155550465
3155539731
31555311865
3155530lv
3155530a
3155515018
3155508516
3155505
3155502305
3155495586yyj
3155486410
3155482506
3155476873
3155471088
3155464353
3155445388
3155443933
3155442830
3155432828
3155424746
3155423424
315542
3155415024
3155413026
31554001
3155391600
3155387033
3155378roy
3155370587
31553589
3155351
3155347013
3155330804
3155328715
3155324486
3155312526
3155310665
3155303291
3155301846
31552BB
3155289
3155284733
3155272199
3155260555
3155250148
3155248809
3155245
3155238kathy
315523
3155227341
3155223
3155214343mama
3155208232
3155207869
3155206008
31551998
3155194189
3155189612
3155181398
3155173
3155170
3155164793
315515aaa3
3155151313
3155142156
315514
3155134495
3155134254
3155125336
31551198
3155113
3155100
31551
3155092912
3155091679
3155088502
3155082015vivi
3155080574
3155076577
31550698
3155061235
3155053402andres
3155052287
3155049103
3155040
3155034
31550329
3155026a
3155022
3155021255
3155018502
3155015690
3155012419
3155005065
3155000
3154rudy
3154monkey
3154kul
3154WASHNG
315499
315497
3154962702
3154961535
31549575
3154951400
3154948
3154942036
3154939
3154932
3154921
3154907820
3154901615
3154892057
3154878764
3154864315
3154833
3154814
3154810770
3154806050
3154799147
3154792
3154777
3154773362
315477
3154769395
315476
3154751
3154746214
3154734m05u5eth
315471526
3154711
315470
3154692780
3154684
3154668703
3154665090
3154661734
3154655713
31546460
3154639381
3154631546
3154620628
3154615799
3154612808
315460
3154599226
315459
3154586
3154582843
3154573
315456987
3154568
3154561
3154560146
3154555745
3154549704
3154547606
315454
3154524728
3154522328
3154517385
315451583
3154513954
3154510097852369
3154501449
31544bc
3154490
3154488476
3154478887
3154473001
3154467
3154461327
3154454903
3154445515
3154441941
3154438662
3154434785
31544321
3154423949
31544231793
3154419779marce
3154408717
3154408103
3154400344
3154396
315439
31543874
3154373486
315437
3154360
31543582
3154352005
315435
3154348705andhy
3154345771
31543404
3154339
3154331992
31543300533
3154329039
3154326943
3154320441
3154317080
3154312712
31543029
315429ng
3154292
3154287119
3154285900
3154270271
3154266487
315426
3154259959
3154251203
3154249366
3154244892
31542435
3154237937
31542363
3154233
315422115
315422
3154214275
3154211635
3154206593
315420
3154198
3154196523
3154192940
3154190123
3154187826
3154183708
31541797
3154164317
3154155132
3154150940
315415
3154141505
3154133
3154131109
3154127258
3154122320
3154119119
3154115142
3154104914
315410
3154099631
315409
3154082
3154071723
3154068607
3154065218
3154058654
3154053
3154043
3154034969
3154032116
315402
31540135
3154008812
3154000a
3153po
3153locura
3153gw
3153baby
3153AKC
3153994228
315398n
3153977b
315397
3153950857
3153927176
3153910683
315390319
3153898
315388
3153878
3153866640
3153834
3153820
3153818890carolinayuleidis
3153817
3153806861
315380
31537ga
3153796297
3153772
3153762063
315375
31537406642841421
3153734
3153704
31536y
3153697585
3153671169
3153656930
3153632347
3153612659?19
3153606
3153597888
315359
31535763014
3153574241
315357
3153547598
3153526776
315351b
31535
3153492559
3153482791
315347RAioGE
3153477
3153467l
3153461912
3153456
31534444
3153440330
3153425357
315341343
3153409340
31534
315339796
3153391050
3153384352ma
31533678
3153360906
3153353
3153341
315333153
3153304224
315330
315329
3153283052
3153259536
3153248091
3153248
3153238744
3153233
3153217j
3153211630
315319654
3153189905
3153166514
3153163173183192
315315secret
3153155686
3153152
3153133
3153130
3153127m
3153105807
31531
3153096321
3153083949
3153050803
3153034213
315301jem7vw
31530174
3153012217
315301
3153004651
31530/5
3153
3152luchi
3152cole
3152992956
3152968041
3152960128
315295
3152933201
3152923764
3152915
3152903448
315290
3152896
3152884597
3152877179
3152876517
31528714605m
315286749
3152861711123
315286
315285
3152842936
3152830985
3152823
3152821
315281992
31528067
31527h
3152796
3152791
31527800
3152777
315277
31527637
3152757912
315275
3152735369
315272b
3152728647
31527245
3152720932
3152719005
3152713883
315270d
3152708352
3152702403
31526D
3152697829
31526974800
31526917
31526856
3152676877
315267
3152660
3152652
3152646
3152634666
315263-e
31526250
3152617076valery
3152612082
315261
3152609
31525aj
31525841992
3152582539
3152581251
315255
315253588
315253320
3152530
3152529
3152526336
315252
315251646
3152507456
3152503731
31524cb
3152484787
3152480447
3152471757
3152452
3152449700
3152443
3152437537
3152436164
31524175132
3152402
315238j
31523831
3152373813
315236
3152350846
3152349369
3152342669627931523
3152333435
3152332
31523232
315232
3152313
315230
3152288647
3152277
3152267975
3152252297
3152245675
3152236340
3152230181
3152225945
315222
315221
3152208003
3152192
315219121466
315218991
3152186
31521704
315216
31521552
3152153773
315215/05/03
3152141414
3152133043
3152132
31521282
3152125
3152124247
31521227
3152120783
3152120
3152116422
3152110978
3152106
315210
3152097675
31520963
3152088
31520722
31520706967235
3152052
3152048
3152037676
3152035
3152032
3152025074
31520161
315201314
3152012760-
315201
3152008
3152006
3151sky
3151mc5
3151km
3151dw
3151ak
3151JB
3151997
3151993t
31519896878
3151988asil
3151986_german
3151980
31519785
3151975
3151972
3151970
315196
3151954asmaa
3151946
315193
31519118
315190000
31518chalo
3151866
3151852
31518415221
3151831519
315182
315181
315180
315178
3151757
3151735
31517225
315172
3151706
3151695
315166
3151654852
3151635641803200
315161153029
3151610
3151599
3151572a
3151561
315154522539
3151537
3151526655
315151651
3151512
315151
3151500
31514spmc
3151490
315145
315143
3151422518195
3151418
31514141518
31514102
315139j
31513911
3151372
3151357u
3151349
31513381
315132515
315132
31513165
31513151a
31513000
31512921
315127546
3151254
3151241521
3151231512
31512260
3151217
31512125514
315120
3151196
315118ga
31511873
315117mmw
315117512
31511738
315117
315115234l
315114
3151127
3151120
3151111
3151091
31510872
3151078
3151032
315102
3151007
3151002604
3151
3150pink
3150osnikze
3150jxl
3150audubon
3150_p_
315098250173
3150959
315095
3150905
31508john1
3150851
315083ops
31508217023906ls
3150816
315081008
315080954
3150788
3150763
3150739
3150738
315072122
315071
31507029
31506ra
3150693
315069
315068
3150672
315066b
3150659
3150622
315060
31505tj
3150590
3150587
315056697
315053415
3150511
315051
3150500213805
315050
31504lsk
31504baby
315048
315045518
315045236x
315043h
3150414
315040325d
3150400217621
3150400023338
31503fk
31503801
3150374
315035
315031
315030145
3150299
3150271
315025
31502469
3150234
315023
3150221
315021
315020247
315019fglo.
315018188
315015
31501400
3150132
315011
3150103
31500toulouse
315007263445
315005k
3150057
3150031
315001988
3150015ww
3150011
31500
315-657-3392
314yino
314xxx
314win
314weezy
314unidos
314terell
314steph
314smg
314shaker
314s314
314racer
314r25u
314plus1
314piu
314piggies
314pi314
314persell
314olive
314ntq5
314nelly
314n618
314mouse
314milo
314m64bk
314m0r
314lwr
314lizmeamo314011993
314lenty
314l314r
314king
314kaykay
314kappa
314jul
314juan90070
314jn07
314jazz
314imw
314hustlaa
314hotboy
314haras1688
314grannygirl
314girlz
314gbb
314ferret
314erv
314emmawatson314
314eliot
314e314e
314derby
314dave
314darnell
314chulo
314chaz
314bynita
314bossman
314bluice
314blair
314bear
314bam
314ave
314andres846134
314adrian
314MCAW
314Cecil
314Boys
3149marce
3149bates
3149990539
3149985
314995
3149933237
31499276
31499090
3149908
3149900328527
3149900222508
31498cc
3149877m
3149856
3149831
314982
314980
314978m
314976054
3149756
31497203
3149712
31496DDDDDD
3149682
31496710
3149657
3149645643
314963
3149612
31495n
31495d
3149594gaby
314957
314955
3149531646
31495287
314951
31494n
314949
314947413B
3149474
31494415
3149432a
3149419
3149383
3149344GirL12
31493287
31493126
31492seika
314928848
31492537
314925199
314924
314923
3149221314
3149210
31492076
314918
31491723
314916470
31491452
3149123
3149111
31490ec
314909gr
314908vu
3149079
314904331
314903989
31490265
31490239
314901
3148mars
3148lkm
3148fe
3148cb
3148IKA
31489df
314899
3148942
31489301
3148926556
314889
3148886077
3148868099
3148865914
3148862644
3148855688
3148849
31488438
3148837196
31488319
3148826304
3148823480
3148807354
3148802818
3148798810manue
3148793
3148785496j
3148777092
3148772008
314877
3148753
3148749807
3148745088
3148743384
3148739678
3148736810
3148729553
3148720450
314871722217
3148714674
3148713
3148710267
3148707940
3148702575
31487+-
3148699497-
3148692989
314869
3148682424
3148674420
3148671301
3148669340GABI
3148659404
3148655033
3148651159
31486410
314863##
3148625
3148615993
3148611584
3148607466
3148601641
3148598393diego
3148597872paula
3148593094
31485871
3148584072
3148580521
3148571972
3148565111
3148560156
314856
3148558797
3148557481
3148549193
3148545182
3148542703
3148537508
3148534577
3148533410
3148529531
3148524369
314852
3148515860
3148513319
3148511413emo
3148501433
3148498354
3148495922
314849
3148486456
3148480529
3148467435
3148462777
3148452734
314845
31484476
3148441297
314844
3148438122
31484249
31484199
3148419106
31484104
3148407
3148401k
3148400
31484
3148398384
3148390103
31483866609
3148380251
3148377272
314837000193
31483636351992
3148352135
3148342108
3148337600
3148327073
3148325050
314832
31483148
314831
31482jlh
3148294104
3148288
3148284333
31482756
3148272495
3148270378
314826
3148258500
31482518
3148235921
3148230891
31482254
314822
314821
3148205513
3148199
3148186546
3148184105
3148166191
3148159295
3148153207
314815
3148147239
3148135
3148130594rayito
3148121785
3148106582
3148102139
3148100893
31480ec
31480b
3148089003
3148080717
3148079249
3148073045
3148068208
3148065058
31480611
3148059390
3148057326
3148054215
314805131
3148048221
3148042584
3148039
3148037519
314803590
3148035
314803435
3148033237
3148029164
314802
3148019385
3148014877
314801
3148002453
3147tx
3147lexy
3147cg
3147benpaul
3147997848
3147995277
3147982279
3147972653
3147968045
3147966894jenni
3147963770
314796
3147955630
31479516
3147949904
3147947797
3147934026
314792
3147918667
3147906245julis
3147904632
3147900355ds
31478ej
31478a
3147897271
3147896497
3147892426
314789
3147887209
3147883201
3147877661
314787
3147862049
3147858663
3147854204a
3147852581
31478500
31478478
3147840557Aa
3147838256
3147836514
3147824235
3147822
3147816081
3147811329
3147806173
3147805309
3147802250
314780
3147797156
3147793608
3147792005
3147783882
31477786
314776baby
3147763257
314776
3147754
314775
314774
314773
314772
3147708019
3147696358
3147691
3147687994
3147686
314767284
31476711
31476583060285a
3147653425celula
3147645036yina
3147644230
314764
3147636173
314763
31476261583030879
3147623209
3147619613
3147619028
3147616842
3147609763
3147603625bibi
3147597506
314759
3147589740
3147581800
3147574017
31475695
3147566264
3147562687
3147562227
3147560990
3147557539
3147551023
3147550427
3147549307boddy
3147542751
3147540353
3147537774c
3147534735
3147530475
314753
3147524379
3147517430
3147513412santy
3147510522
3147504269
3147501968
3147501423
31475
3147498510
3147494316
314748ds
314748492cnr
3147480191
3147476720
3147472073
3147472
3147468611
3147467648
3147460
3147448612
3147441836
3147432344m
3147425150
3147423
3147417695
3147412847
3147406523
3147383865
3147372894
314736
3147357815
3147355892
3147353181
3147350084
3147344667
3147340haysamaly
3147339476
3147333957
3147333104
3147330531
3147323220
3147322b
3147319714
3147315178
3147310551
3147304109
3147297729
3147294372
3147288922
3147282339
3147274350
3147271901
3147264223
3147260
3147258644
3147256645
3147253395
3147251981
3147240949
3147235478
3147232036
3147230318
3147228
3147220603
3147214046
3147210988
3147204970
3147200415
31471993a
314719694256
3147193230
3147191215
314719
3147189532
3147186
3147185
3147178
3147176019
3147172519
3147169939
314716
3147156078
3147149548
3147141036
3147134075
314713
3147125401
31471245
3147115378
3147114
3147111276
3147105340
3147104252
3147096413
3147092907
314709
3147089
3147088644
3147087978
31470850h
3147076795
3147072731
314706
3147058505
3147054857
3147053105
31470502
3147048413
3147043659
3147036
314703199
314703
314702793
3147024659
3147021418
3147019046
3147016
3147013
3147006
31470
3146th
3146sava
3146gm
31469k
314697852
31469770
3146976355
3146974
31469705
3146961574
3146951535
3146945529
3146942088
3146938
3146933999
3146926823
3146921345danny
314692
3146919
3146916061
3146913432
3146910386
3146908414
3146902139090294
3146898873
314689758599
3146896515
31468896
3146885152
3146880175
31468767073166957507
3146871404
314687
3146868998
3146851230
3146846474
3146839443
3146825129
314682
314681
3146807520
31468
3146787655
3146778411
3146774632
314677
3146761178
3146748150
3146741413
31467358512
3146722
314671221078945
3146706391
31467045kp
3146702751
3146701287
3146699020
3146692
3146685625
3146683786
3146677837
314667652
3146670489
3146668770
3146662037
3146654006
3146648306
3146645
3146644764teamo
3146642286
3146636
3146633355
3146618
3146605275
3146604973
31466019994
3146598019
3146590
3146587369
3146583
3146581241
314658
3146576019
3146574970
3146572196
3146567717
31465603
3146558443
3146556875
314655
31465442
3146542813
3146542339
314654
314653
3146527183
3146518934
3146512552
314650jmv
3146509731
3146506607
3146503415
314650
3146494521
3146493
3146485291
31464789
3146471038
314647
314646853
31464622
3146461939
314645
3146440091
3146436114
3146434250lucho
3146430235
3146428237
314642279
3146411092
3146404770
3146403755ANIX
31464
3146392870
3146389702
3146383033
3146376000
314636884
3146367066
3146364014
314636045
314634rua
314633th
3146333
314633
3146321000
3146313
3146311654
3146294752
3146293999
3146289569
3146288283
3146283206
3146279963
314627
3146262033
3146261601
3146258496
3146255232
3146254660
3146248835
3146247669
314624598719
3146244109
314623ab
314623715920
3146233441
3146231845
3146230544
3146225277
3146219842
3146217612
3146212644
31462106
3146205895
314620
3146191227
3146184733
31461809191705618
3146179243
314617
3146166835
31461518237
314615
3146145666
3146143375
3146138783
314613
3146125903
3146121265
3146120431
31461132
3146100331
3146099903
3146093474
314609
3146088697
3146082648
3146079213
314607137
3146067
314606
314605738093032724823
3146056
3146051178
314605
3146047557
3146046570
3146040626
3146036983
3146034510
314603
3146027891
3146023485
3146015532
3146013364
3146007709
3146007254
3146-6
3145sc
3145jc
3145bx
3145bd
3145af
3145MICHAEL
314599
314597
3145951
3145949
314591
31459009
31458rln
3145884
31458799
314584
314582jn
3145802
3145799013
314578
3145760031
31457463
3145723660
3145713951
3145709723
3145690992
314568
3145664990
314565Grr
3145648371
3145642874
3145635533
3145612801
3145604575
3145600
314559
31455726
3145566762
314553
31455247
3145516251
314550437
3145503070039
3145493017
3145485
314548
3145464075
3145448874
3145434121
3145425400
3145415
314541
3145407786
3145406814
3145397
3145394533
3145390
314538j
31453882
3145381
3145378
3145369
31453572
3145353
3145343863
3145330733
3145327232
31453123
3145306w
3145296551
31452800b
3145267338
3145252809
3145240
3145230834
31452215
3145220177
3145218789winder
314521741963852
3145211456
314520520
31452000
31451eden
3145196
3145171
314515
31451367
3145134228
314512car
314512864
314511889
31451102p
3145094940
31450881
3145077
31450667
3145054900
314503f
3145023550
3145019087
3145017079
31450126
3145008
31450032716
31450021
3145000
3145!67S
3145
3144toby
3144cher
3144ajk
3144Ar
314499
3144953
3144949295
314494548
3144933374
31449283
3144924018
31449062
3144896156
3144891103
3144887212
3144881675
3144875636diana
3144870
3144863603
3144856524
3144850
3144835zz
3144815144
3144812577...e
3144805905
3144802
3144800540
3144798663
3144789982
3144781291
3144778
3144774904
3144771
3144769
3144761843
3144754
314475
3144744314474401857240183144744
314474
3144727132
314470121
31447
31446828
314467791192lih
3144674742
3144664357
31446546
3144644469
31446385
3144631207
314462607
3144618416
314461
3144607
31446030
314460
3144598552
3144584933
314457sexy
3144561238
314455
31445415
314454
3144531446
3144530089
3144529144
31445222
31445102
3144504400
3144494453
3144486955
314447
3144467322
314446624071991
3144464850
3144457351
31444433
3144435627
3144403090
3144389
3144383921
31443754
3144360
3144352690
31443411
3144337213
3144328123
3144325973
3144318805
31443090
3144307835
3144280302
3144276856
3144266566tel
3144264083
314426
31442510niam
31442440
3144241175
314423c
3144230812
314423
31442283
3144225962
314421636
3144212775
3144206273
31442018*oo
3144201109
314420
314419
314418
3144172818
3144164014
3144162553
3144158621
31441559bere
3144144
3144133969
3144124536
31441204
314412
3144110
31441
3144083314
3144071960
314405cr
3144053
3144051218
3144042
31440363332
3144030230
3144029007
3144025
3144023
3144015653
3144013
3144004956
314400261
3144**growth
3143nw39
3143aj
31439869
3143978721
3143971520
3143938
3143935
3143917131
314391164
3143908013
3143905830
3143901567
314390
31438j
314388w
31438821
3143871906
3143868297
3143843720
3143841
3143833088
314383088
3143812/*-+
3143801213s
314379
3143786l
314377d
31437755471309
314376
3143754475
31437323
314372532
314372
3143710979
3143706760
3143702717
3143697834
314369
314368
3143678826
3143666
31436630
3143654819
3143653358
31436428927
3143637
3143632105
3143625899
3143618641
31436165*
3143612
31436
3143599
3143580918jenni
31435560773
3143547770nata
314353
314352896
3143527
31435254
31435162
314351
3143505900
3143501559
314350
31434957
314349
3143484
3143477
3143471063
31434677
31434634
31434559
3143450153
3143445538
31434408
31434353
31434332
3143429930
31434275
314342552
3143406542
3143383488
31433712
3143358
314335
3143323
3143307
3143292640
314327jame
3143278
3143274211
314327
314325
3143239677
314322920
3143221849
3143219813
3143218
3143215
31432125
3143209206
31431f
314319801227
3143192659
3143191182550
3143186993
3143183892
3143180691
3143179973
31431703
3143164696
31431621
3143158816
3143153
314315
3143149129
3143144733
3143143114
31431414
3143136299
3143125.
314311sarita
3143111361
314311
3143100828
3143091200
31430791
3143075082
3143073
31430640
314305m
3143057173
3143052396
31430466
3143032
3143012554
3143003969
3142shan
3142pesty
3142paris
3142mel
3142ike
3142bbbb
31429breon
314299
3142984
314298
3142955
3142947
3142930
31429169
3142911
314291
3142900
31428978
3142879875$
31428715
3142861537
3142852839
314283123
314282
314281a
3142807846
3142804794
31427979
314278
3142774
3142764329
3142758
3142747753
3142743806
314273
31427216
3142711
3142706678
3142703180
3142691346
3142668444
314266
3142651076
31426436
3142640229
3142636269
31426249
3142624237
314261999
3142604
31425a
314259
3142579238
3142573003
3142567317fml
314256167
314256045410
3142553676
3142539264
3142538
3142531
3142528220
3142525
3142522018
3142514626
314251
3142503070085
3142502
3142492
3142471032
314247
314246
3142455
3142454767
314245
3142436
3142431165
3142429
314242526
3142424141
3142417063
3142414
3142412
314241
3142400709
31423d
3142398320
3142390923
3142384054
314238
3142368383
3142354312
3142350674
3142341467
314234
31423384
3142332j
3142324
3142311
31422rpj
3142293294
3142286203801
314227lilt
3142271725
3142266721
3142256
3142253821
31422453
3142238138
3142231831
3142223030
314221451893080
31422120
31421cute
3142187524
3142172567
314216969
3142161042
3142153341
31421498
3142145010
3142134562
3142130
31421262
3142121406
31421188
3142110
3142100
3142097084
3142093953
3142089725
3142083
314208
3142076
3142068
3142067
314206
3142049
31420406
3142037690
3142031420
31420266
3142025
3142020
314201
3142007
3142001M
3142000
31420
3142
3141uy
3141rock
3141km
3141gm69
3141barbie
31419r
3141999
3141994g
3141992sha
314199216
3141986
3141980j
3141978
3141977
3141976
3141974
3141970
3141963
3141959
3141955522
3141952
31419418
31419408
314191046
3141884
3141870
314186
31418446
314183
3141826iprf
3141824
31418210
3141814560
3141811e
31417az
314178h
31417748
3141769
314176
314175
31417310PNP
31417157jw
31416x2
31416sanlu
31416peewee
31416mexico
31416lety
31416gerardoivan
31416cqfd
3141693
3141689n
314167q3
3141676
3141673
3141667
31416398
31416314
3141621taz
314162008
314161581
3141600045115
3141600
31415p
31415kk
314159jrm
3141592fabi
3141592653589793238
31415926535897
31415926535271
314159264
3141584
314157
314155
3141545
3141542428
314154
31415351
3141531
3141529
3141518me
31415161
31415125
314150465
3141500060
314149
314147gina
3141459
314144
314143
3141415
3141400132782
31413937
3141373
314136969
31413445
314134
31413355
3141324sol
3141314
3141309
314129
3141267
31412526
3141233
314122b
31412169
3141200420911
3141200223920
3141200022461
31411pdro
3141190
3141165
314115517
3141153
31411522
314113A
314113391
314111618j
314110235
3141100239743
3141100138149
31411*31402
31410886
314106
31410528
3141034932
3141029950
3141024XP
31410211
3141012
314100ap
31410
3140rice
3140kmh
3140angy
3140988
3140957
31409459
3140933
314092
314091
3140900098922
31409
314089
314088581
314086
31408448858
3140820
3140807
31408
31407d
31407891
3140770
3140743
3140708
31406mh
31406j
31406913
314068
3140658
3140643762
3140641
3140631406
314062537
314062
31406150
3140600533780
31405ily
3140551
314053
314052549
3140525
3140517
31405033
31405
314047995
3140456
31404338
3140421805
3140400367258
3140388
31403647
314034
3140324
31403140
3140300047316
3140300
314029ss
314027253
3140257
314023
3140219
31402129
3140202
314016
3140153
3140145
3140100055293
31400cky
3140095
314009
314007donald
3140066
3140061366
3140051703
3140049
3140031
3140027
3140018
314001232353
31400000
3140%$#
314-daddy
313zone
313yasin
313xqx
313world
313wei.
313w6st
313v3nty
313uaher
313tinkerbell
313tiger4life
313third
313tb313
313sutton
313suckmefree
313solja
313skater
313sfinest
313sammyc
313rules
313robin
313prissyprincess2
313poopie
313pinkpiglet
313phant1922
313padale
313opotiki
313nw727nsh
313ninja
313niggaz
313nani700
313n4..!!
313modmod
313mint
313mia
313medo
313master
313mar
313lyn
313linkinpark
313krumping
313keepmovin
313jsf
313jb26
313iloveu
313hotchick
313hot
313hollywood
313hater
313gurl_07
313greensmoke
313gomes
313get
313foodang
313emoashton
313ekc
313dx
313dtown
313doorsdown
313dobes
313dice
313death
313daquan313
313d734
313d12
313cptower
313chlobo313
313chk
313cbef
313cas
313carlos220
313bulletproof
313buen
313bubba
313boyzs
313boomer
313bloody
313bigstr
313batd2u
313ash
313ann
313amr
313aeb
313abaybay313
313V3n_11
313Schlumpfine
313SCB
313NOA
313MINI
313KziM
313KCJ!p
313ICEWOOD
313GURL_07
313Diva
313DET
313BRYCE
313BABY
313@yahoo.com
3139rm
3139jnb
3139crei
31399952
313997400
313993cookie
3139900101603
3139886
313985123
313983
3139820
31398185
313980
31397bre
31397644
313974
3139720
3139719
313970
31396hi
31396amn
3139698
3139689084
3139612
313961
313960
31395TY
31395874
31395509983568775
31395267
31394rfmf
313948a
313947
3139452m
3139425
313942
3139412593
31393fiorela
3139378
3139360
3139356
3139345410
31393313
313932k
31392z
31392slh
31392fri
313929
313927591m
3139275
3139263418
31392244303678
3139221mmm
313920696
31392*eag
31391ritll138
313915bryan
31391496191
3139141890
3139139
3139126161
31391194
313911
3139105
31391011
31390violin
31390boo
3139089671
31390313
313902
313900031602
3138ch
31389emrj
31389alg
3138999625
3138997988
313899
3138983865
3138977468
3138974k
3138964167paula
31389611
3138952952
3138947404
313893984
31389366
3138936
3138930216
313892107
313891562
3138912133
3138903383
313890
31388ap
3138872288
31388614
313885
3138849409
313884477
313884
3138828180MILEok
3138827594
31388221
313881340316
313881340314
313881
313880
31387kgb46
31387C
3138798118
3138794584
3138781934
313877
3138758056
3138743942
3138742627
3138735
3138731387
31387231
3138714519
3138697540
3138687470
3138672285
3138663293
313866
3138654
31386498
3138641476
3138639372karol
3138631389
313861c
3138615494
3138612056
3138607186
3138605851
313860
313859s
3138588553
3138568505
3138556
3138544687
3138540521
3138512
3138509372
3138505539
3138502
3138497
3138487314
3138461167
3138458855
3138457606
3138441062lin
3138434707
3138431896
313843
3138415
3138412980
3138409163
3138403806
31384
3138391178oyl
3138387258
3138383113
3138381118
313837844
3138365036
3138362
313835222
313834
3138336775
313833
3138316865
3138312
313831
313830
31382NT
313829
3138281576
3138274611
313826
3138247179
31382323
313822900@dilber
3138221652neneko
3138220470
3138219657
3138199395
3138185847lore?
3138177
3138170
31381638
3138161564
313816
3138156
3138147753
3138143312
3138141398
3138131
3138126906
3138117785
3138110735
3138103717syj
3138100939luisa
3138095
313808hb
3138086591
3138083654
313807
313806
313805
3138048523
3138033
3138020584
3138019
3138007611
3138001
3138
3137mile
3137ilovelarry
3137feng
3137999600
3137998500
3137993099
3137989358
3137981
3137965296
3137959511
31379500
3137949406
3137947362
3137937753
3137935779
3137931379
31379303
3137920583
313792
3137913
3137902921eldogor
3137900518
3137894400
3137891373
313788784
3137877
3137873405
3137870805
3137864555
3137861988
313786#
3137856299
3137848
3137844023jujitsu
3137842344
313784
3137835118
3137834858
3137829138
3137823
3137817559
3137813125
3137800982
3137796415
3137784066
3137781
313778
3137776791
313777
3137766277
3137763545
3137760887
3137760447
31377559
3137748083
3137745823
3137745436
3137743545
3137740395
3137734476
3137734159
313773
3137724
313772
3137711340
3137709876
3137705329edilberto
3137703759
313770
3137699927
3137695182
3137691148
3137687
3137667220
3137665774
3137660748
3137645562
3137628174
3137618964
31376113
3137606641
3137599134
3137596341a
3137596
3137589593
3137578160
3137574161
3137573070
3137560259
313756
3137549451
3137541540
3137537280
3137534714
3137531001
3137528459
3137526013
3137525006
313752
3137511489
3137500993
3137496639
3137477919
3137466139
313745
3137445039
3137443145
313744
3137439039
3137428305
3137425111
3137420651
3137418884
3137415602
3137411460
3137406139j
3137400188
31373love
3137397635
3137397
31373860
3137379449
3137369749
3137367
3137349873
3137349070
3137346653
3137337
3137310
3137306748
31372a
31372928
3137290850
3137285969
3137280311
3137275728
313727
3137265902
3137264sai
3137261697pablo
31372600
3137257312
3137255884
3137253077
3137252958697769
3137251009606
3137246994
313724
3137236705
3137235214
313723331
3137229
3137227165
313722456984
31372201622
3137213436
3137209925
3137203367
3137199
3137192380
3137187086
3137185775
3137184227
31371827088
313718
3137173790
3137170032
3137162480
313715s
3137156403
3137150
3137146212
3137142132
313714
313713
3137129315
3137125780
3137123440
3137121226
3137115025
31371123
31371113698
3137110031
3137099277
3137095967
3137094480
3137074356
3137061415
3137056933
3137040743
3137038884
3137035634
3137032329
3137027
3137025093
3137021519
3137019696
3137014154
3137012173
3137006
3137003556
3137**dog
3136stephy
3136rg
3136pc
3136mayfair
3136LLLL
31369jr
3136996332
313699
3136985016
3136983703
313698
3136979082
3136976563
3136973600
3136970894vero
3136969801
3136966820
3136964412
3136963612
313696
313695826
3136954801
313695
3136949949
3136948829
3136945019
3136941080
313694
313693431
3136933
3136929
3136926664
3136920375
3136919169
3136916208
3136912171
3136909751
3136908180
3136900678
3136893235
3136890101
31368852542533161
3136884232
3136873843
3136871476
3136868119
3136855436
3136855
3136847057
3136840799
3136831109
3136822384
3136810a
3136809425
3136807324
31367jraq
3136798837
3136796185
3136793109
3136789085
3136784484
3136784288
3136782744ey.
3136781606
3136780
3136777152
3136774285
3136770295
3136766
3136761857fresa
3136754305
3136752261KONSUl
313674gd
3136748556
3136739190
313673
3136721549
3136720551
3136719578
3136710260
3136708070
3136706
3136700
31367
3136698708
3136692712
3136689472
3136688675
3136688
3136687400
3136683450
313668279
3136667
3136664761
31366641535215341
3136656
3136651740
3136650658
3136649864
3136649
3136645006
3136636
3136626391
3136614387
3136604846
3136600916
31366
31365914
313658449
3136577
3136558140
3136554183
3136550557
3136546983
3136540799
3136538180
3136536078
313653543731467107
3136531053
3136510262
31365100
3136503771
3136501456
313650
3136486633
3136483737
3136482322
3136469477
3136465811
3136450004
3136444
313644
3136435802
3136433250
3136427
31364256
3136424203
31364233713124874245
3136421001
3136420849
3136417399
3136412489
313641
3136406121
313639x237
3136397176
3136393
3136391558
313639
3136386468
3136383885
3136380
31363745
3136370512
313636815
3136363809
3136360707
3136357447
3136345002
313634
3136332743
3136330224
3136325369
313632
3136315166
31363055
3136304
3136301034
31363
3136293492
313629026
3136288328
3136285843
3136280029
3136274
3136270671
3136268910
3136264615
3136255819
3136250675
3136245951
313623mayra
3136237030
3136231718
3136228061
3136226552
3136220
31362188411989
3136214651
3136213475
3136210727
31362105
3136209080
3136205748
31361979iluveric
3136194162
3136190971
3136188538
3136183800
3136180716
3136179441da
3136173385
3136170460
3136162421
3136160921
3136155578
3136152485csc
3136147600
313614
3136137801
3136135895
31361309
3136128094
3136126323
3136123625
3136122911
3136116722
3136113153
313611
313610JK
313610923
3136108528
313610181800
3136100212
3136098
3136091886
3136089317
3136087
3136076947
3136076449
313607512
3136072164
3136067788
3136063520
3136063
3136059749carlos
3136049
3136043893
3136042852
313604
31360363
3136033344
3136031744
3136026382
313602
3136017738
3136014468
3136010509
3136008036
3136003916
31360011
31360
3135sw
3135flamoydi
3135belmontave
3135999
313598149
313597893
3135966772
3135951234
3135931212
3135923885
3135914
3135898
313589
313587592
3135863
313585
3135829
3135825976
3135813544
3135808
313580
3135796
31357856
3135778412LEO
3135771715
3135769006
3135761290
313576
3135742269
313573
313567k
3135671022
31356667
3135663
3135658
313565
3135625040
313561
31355t
3135588
3135579008kike
3135567920
3135567
31355600
313554
3135524991daniel
3135519
313551
3135498292
313547s
3135469511
3135463
3135452
3135424556
313542
3135410
3135404804
3135399975
3135386703
31353834
3135379
3135373asdf
313536rsb
313535p
3135340
3135327223
3135317792
31353162
31353116
313531
313529
3135276
3135272489
3135270
3135262
313524alan
3135244
3135238
3135220459
3135212607073135
313521
31352005
31351908
31351778651993
313515446
3135145387
3135134tefy
31351348
31351343
3135134162za
31351341621
3135134162.
3135132508
3135131
313513
313511405
3135112026
31350z
31350A
313507
3135069
3135062
3135046
3135045
313502027
313501od
31350038
313500369
3135
3134opcc
3134leafar
3134f190
3134_impala
31349911
3134983550
313497aleja...
3134978242
3134966655
31349646
3134961
3134949696
3134935210
3134932813
3134928701ALEJA
3134921734
313492
3134911881
3134909163
31349
3134892
3134875802
3134863304
3134848133
3134842400
3134836636
3134826468r
31348240d
3134817240
3134812393
313480
3134797822
3134789279
3134782417
3134775342
313476971560090
3134757400
3134755405
3134754385
3134751595
3134746029
3134743
3134727733
3134717892
3134715119
3134706189
3134702221
3134698009
3134691031
3134690109
3134687393
3134685600felip
3134683737
3134681496
3134676
3134655041
3134635956
3134629282
31346168
3134610
3134606832
3134601842
31345tyu
3134594563
3134588199
3134583454
3134582446
3134577783
3134573766
3134568921
3134542249
3134538851
31345311907
313452
313451
3134504680
3134501797
3134499
3134491490
3134489456
3134485225
31344809938075
3134471848
3134465836
3134460319
3134457
313445
31344469
31344403
313443
3134410075
3134408513.
3134403834
3134387213
3134385602
3134373839@
3134370157
3134361
3134355058Na
31343536
3134351
31343395avf
3134314a
31343115930+.
3134307
3134294508
31342905
3134279132
3134275204
313427
3134263090
31342621
3134259726
3134256933
3134254455
3134252235
3134242654
31342333531993
3134228987
3134227672
3134203064
31342
3134193061
31341717
313417
3134167545
313416
313415661422bj
3134151523r
313415
313413k
3134135364
3134135
3134124645
313412363
3134123091
3134120565
3134113174
313411
31340zhane
31340992
3134095200
3134090
3134073
3134070887
3134068
3134061
3134056518
3134054904
31340513501973
3134046748
3134043132
3134041863
3134036285
3134030392
31340120
313400777
3134004717
3133yo
3133st
3133meowmeow
3133jr
3133alex
31339lexy
3133994713
313399
313397al
3133960569
3133945674
3133942777
3133932912
313392685022
3133921930
313391
3133907166
3133896588
3133882895
3133878
3133863
313385a
3133854854
3133851166
313385
3133836340
3133834385
313382980
3133811724
3133807053
3133805
31337t
31337love31303
3133797898
3133783062
31337811717
31337794
3133773958
3133761
3133752122
313375
3133745
3133743744
31337330
3133731337
31337253731073
3133722
313371s
3133716209
3133710542
3133709935
313370
313369
31336854
3133682190
31336637
3133663
3133656865
3133652
313364kb
3133624
3133612842
3133608146
3133605
3133597861
3133585480
313358141
3133577
313357
31335653150714
3133563488
3133555
3133553
313355
31335414
3133539764
3133537646
3133534407
3133530hcl
3133525986
3133523049
313351a
3133516417
3133515811
3133514657
3133511320
313351
313350
313349690
313349
3133486925
3133484645
3133479086alexand
3133476
3133465347
313345r
3133448231
3133446878
3133436915
313342517
31334
3133392721
313338j
3133384
3133376302
3133373
31333678783300
313335
3133343125013
3133343
313333L
3133323462+
3133321464
313332
3133317186
313331
3133303m
3133288425
3133285083
313327b
313326ok
3133267
3133264406
313326339rab
313326338
3133262233412
3133259832
3133259107
31332577
3133250139
3133247577
3133243009
313324
3133233kim
313323
3133227407
3133226212
3133223760
3133223595
313321Mum
3133218311
3133213114
3133210184
3133207
3133205318
3133203519
3133202
31331z
31331j
31331994
3133197132
3133190b
3133184728
313318
313317
3133161214
313315t
3133159412
3133155841jhon
3133146648
3133142946
3133141612
313313t
3133139780
3133137
3133135353
313313313131
31331328
3133127201
3133125759
31331213
31331175
3133107027644
313310
3133095
3133088297
3133084800
31330835954814
3133076017
313307*9663
3133067834
3133065
313305z
31330462
313304
3133036
31330247
313302
3133012123
313300d
3133007721
3133007
3133003ds
3132william
3132thomas
3132ru
3132pac
3132nty
3132love
3132jack
3132ebu3132
3132cds
3132benyi
3132993
3132978990
3132966665
313296
3132953032
313295
31329459
3132939725
3132931125
313293
3132920206
3132909720laura
3132894802
313289
3132877711
3132868209
3132867870
3132867072
313286
3132855313
3132852
3132850380
3132849
3132846
3132833
3132830400
313282
3132814889
3132805710
31327olp
3132794-08663@
313279
3132784330
3132775
313277
3132766930
3132763141
313276
3132756764159753
3132744
313273abby
3132735191
3132727412
313272327905
3132720
3132717304
31327163
3132707821
313270
3132691332natalia
313268bb
3132686620
3132677
3132675
3132666x8210
3132656830
3132653373
3132645335
313264
3132631
313263
3132626444M
3132623146
31326168
3132611266128
313261
3132605614
3132601460
31325944538
3132582
31325752
3132570380
3132562368
3132556885
31325503
3132544756
3132542
3132539
31325377
3132537
3132531344
3132530934
3132530
3132529
313252717
3132526
3132524
3132522512
3132518918
3132514
313251
3132508012
31325+31325*
31324aa1
31324902
3132485840
3132482854
3132479882
3132478494micel
3132476677ma
31324713jia
31324692355
31324590
31324568624113n
3132455957
3132447427
3132445
313243alex
3132436630
3132425526
313242
313241Long
3132415
3132411
31324065
3132401893
31323sr
31323overtime
3132399
3132386
31323831
313238
3132377497
3132370084
3132369550
31323673
3132362510
3132356850
31323552563118292083
313235363839
313234e
3132347
31323435
313233pa
3132338
3132337381
31323336
31323334353
31323231
3132321
313231701992likin
3132316
31323144
31323133
313230706
31323000
3132290275
3132284619
3132274718
3132267
3132260460
3132257
3132243una
3132233578l
313223127
313223
31322289
31322210
3132217487
3132215982
31322130
3132207900
3132205625
31322
31321992
3132198
31321978
31321972b
31321933
3132181607
3132176429
313216wp
3132164394058500
3132160545
31321591
31321522
313215
313213p
3132138095
3132134
3132130287
3132127
3132124700
3132122631
3132121
3132119435
3132116pipe
3132114710o
31321128
3132104715
31321
3132098029
3132096
313209
3132082027
31320797
3132065156
3132064
313206
3132049870
3132046325
31320455
3132041514
3132035
31320258
313202020
3132017126
3132011
3132008
3132004800202
313200.313200
3132
3131z
3131yk
3131ww
3131sz
3131s3
3131pitanga
3131motion
3131mgc*
3131lo
3131l
3131jz
3131in
3131fern
3131f7
3131cb
3131bvd
3131acc
3131aa
3131QW
3131IE
313199j
3131995j
3131993eaw
3131992loser
3131991k
313198f
31319880165113949
3131987m
313197923
31319711
3131950alberto
31319313164
31319191
3131908
31318956
313187d
313185
31318443173
313183
313182
31318124058
31317kiki
313178
313175
313174
313173
3131718
31317
31316854
313165
31316262c
31315942
313159
31315797
31315566
3131540
3131535
3131522
313152
3131519
31314me
3131463
31314533
313145
31314325
31314169
313141
313139279
3131385
31313800
3131377
313137
3131364
313134052
313134
313133919
31313232ok
31313210
313131z
313131v
313131r
313131lb
313131e
313131c
31313178
31313131jp
31313131315
313131245
3131311
313130064
313129f
313128teamohayde
3131288
31312828
3131282
313125899
31312525
313124b
3131241
3131235
3131227
313122312
3131218
31312114
31312053
31311aud
31311972
313119
3131178
313117
31311679
3131158
313115226
313115086
3131146
31311427
31311396
3131135
3131130
3131123
3131120801
3131115
31311102
31311021eli
31310kn
3131091a
313108
3131069
3131066
31310510
3131041
313102598
31310246
3131022
3131020
313101825
3131015
313101383
313100tb
3131009
3131*maee
3130nc
3130mj
3130jh
3130ihate
3130PINE
31309937
3130973
313095
31309336cali
313092lad
3130915
313090w
31309
31308ellie
31308AM
313089a
313089047zh
3130867
313085m
31308557
313085
3130844109
3130835
31308203
3130812
31308030
3130800
313079p
313079
313077
3130753
31307308
313072
31307-cynthya
31306abj
3130688
3130680
31306713
3130647
31306389
31306329
3130626
31306193
3130611cy
313060635
3130600380924
3130600159
3130595
313058ap
31305892
313058
31305623
313055315
31305383
3130532
31305282
313051313051
313051
3130500219439
313050
31304tbrb
3130482
313046
313044
3130427
313041652
313041
313040130296
313039ee
313036b
3130339
313032
313031h
3130314
31303031
3130300623732
3130300562881
3130300213372
3130300
31303
31302928
313027
313025ck
31302522
3130236163a
31302265593542
3130218456
3130215
3130200170604
3130200118700
31301988
3130198
3130174
31301616
3130151606
313014
3130126
3130121
3130104
3130100471076
3130100385757
3130100060432
3130100008325
313008
31300617sb
313005
31300367
3130031.
313001852k
313001
313/2chompoo
313.5902122
313-374741
312zabrina
312yol
312y385
312xscyh
312was
312vuo)(o)u
312twins
312teybm
312snowyowl
312sgv
312sac
312rose
312rcp1985
312popit
312pleasant
312pig
312ogl
312notts2007
312nikkon312
312nene
312nGee
312mys
312mom
312mary
312lyall
312lang
312lamberton
312kyaun&shay
312kk0237
312keith
312k1987
312julian
312jolly
312jayson
312jamal
312indiana
312houses
312gizmo
312froggy
312eqw
312east
312dianitamay
312death=
312daniela
312daa0a
312cuz
312cruz
312college
312clear
312cherry
312cashews
312brent
312boyd
312b2600
312anh412
312alexiel
312adri264ana9254
312_pwh
312Wchurch!
312Sprinkles'
312ParLn:@)
312K!rras
312InDaHoOd
312Frog
312BkS312
312@SWjr
3129ubiel
3129nelson
3129mai
3129ko
3129LOVE
3129991
3129951
312994
3129922
312991
3129907
3129904
31299020071
3129900250901
3129900146097
312990
31298vlo
3129889
312988
312986832
312985774
312984
3129825623
312981887
312980
31297DA
3129786450
31297837javi
3129779213
312977
312975
31297216
312970
31296826
3129674
312965633
3129651
3129648
3129633
3129623z
312961
312960782
31295a
31295922
3129578
31295620
312954951459
312954
31295374
3129526060
3129511
31295013
31294hd
312949
31294676
312945
3129434
312942
3129404
31293nd
31293S!
312937
312934942
3129331
312932924
3129326
3129303
312930
31292bmd
31292931
3129279
312927
3129266
3129262
31292552
31292529
31292524
31292507
3129221034
312921611
312921269
31291sa
31291deja
3129199528
312918monica
31291814
312916s
312914357
3129131291
31291137
3129111
3129102819
312910
31290sk
31290kc
3129090
31290836326
312908
31290709
312906
312904
3129033
312903
3129015
3129010391
31290000
3128tch
3128re
3128mnbv
3128jl
3128etereum
3128amor
3128TYuu
31289b
31289980
3128994734
312899
3128981558
3128978116
312897554
3128968295
3128963
3128949657
3128942
312894026627
3128933891
3128932951
3128931479
3128927390*
3128924138
3128922589
3128920380
3128917803
3128911907
3128909030
3128904605
31288jmc
31288997732
3128897746
3128887159
3128883824
3128882805
3128879728
3128878166
3128876933
3128873
3128868726
3128860470
3128858916
3128856165
3128853743
3128846989
3128843232
312884190
3128841
312884
3128836068
312883395
3128831646
3128831475jarol
3128830
3128827115
312882368/2
3128821779
3128821
3128815356
312881367
3128811613
31288108
3128809949
3128806822
3128803249
31287y
31287883
3128785707
3128778205
3128777517
3128771826
3128760729
3128754542
312875
3128741071
3128739001
3128735438
3128733797
3128728652
3128725195susi
3128723
3128714689
312871
3128705026
3128704084
312870
3128697219
3128694720
3128686964
3128681829
3128679625
3128674727
3128672648*
3128660663
3128659481
3128650739
3128643
3128638903
3128638
312863
3128622110
3128606396
3128596301diana
3128591391
3128589
3128583497
3128582449
3128578557
3128577631
3128572768
3128570761
3128568346
31285660454
3128565042
3128559529
3128551441
3128546259
3128541599
3128536418
3128532003
31285289
3128523501
3128520
3128519
3128515573
3128504847
3128501778
3128499226
3128498333
3128492834
3128487
3128482
3128478484
3128475333
312847
3128468897
312846
3128453320
31284506
3128444419
312844
31284366
3128429757
3128429012
3128428108
3128425667
3128424598
3128422tk
3128420247
312842
3128418180
3128410372
3128407636
3128402
31283m
31283987
3128394150
3128392211
3128389123
3128386007
3128378723
3128370371
3128368039
3128364822
3128358031
3128356196
312835
3128336249
312833310
31283266
3128323
312832
3128311955
3128306664
3128303
312830
31282robert
312829love
3128298602
3128296136
3128293332
3128292792a
3128289972
3128283638
3128277
3128276770
3128272898
3128271584
3128270880
3128266313
3128262375
3128261333
3128260000
3128257210
312825
3128244747
3128241460
3128237748
3128232853
3128231805
3128231272WILFE
3128230793
312823
3128229119
31282210702524287
3128215328
3128211529
3128201474
3128201
31281b
3128192830
3128185635
3128181
3128179852
3128175281
3128172058
3128166384
3128165412
3128163109
3128155847
31281527
3128149260
3128147914
3128147616
3128145129
3128142490
3128135861
31281302
3128127931
3128127395
3128126652
3128123536
3128123
31281222
3128120332
3128119222
3128109048
3128108233
3128103789
3128102535
3128100754
31281
3128094126veronik
3128091577
3128087897
3128082711
3128076066
3128075973
3128071126
31280685
3128063437
3128062805
31280605
3128058457
3128055310
31280503
312804a
312804313210
3128041800
312804
312803570
3128035187
31280313i
3128028156
3128025924
3128025866MILENA
3128023550
3128020292
3128017
3128016103
3128014421
3128010600
312801
3128.
3127soup
3127sisepuede3
3127may
3127airs
3127IA
31279afi
3127996
3127995160
3127985782
3127985278
3127984114tati
31279818
3127979071
3127974961
3127972268
3127963037
3127958885
3127955671
3127954149
3127951322
3127951232
3127950662
3127949
3127946606
3127937094
3127934635
3127927443
3127923774mono
3127920512
3127915120
3127912160
312791
3127909134
3127904532
3127902
31278m
3127894917
312789312789
3127892509
3127888255
3127882042
3127880433linamar
3127877017
31278726
312787
3127864024
3127860429
3127857031
3127854259
3127851846
3127847138
312784026
3127839514
3127830086
3127827108
3127823402
3127820255
3127814648
3127810756ivan
31278
3127796561
3127791194
3127781274
312778
3127778290s
312777
3127767000jwt
3127766474nicky
3127762
312775448907
312775
3127745672
312774
3127736011
3127733477
3127728825
312772852
31277266
3127722732121315
3127719975
3127717720
3127714154
3127712149
3127704808
3127704
3127701504
31276Kari
3127697474
3127694158
3127692
3127683234
3127682435
312768
3127675
3127668859
3127660860
3127660
3127652651
3127652260
3127646429
3127641501
3127639105
3127637309
3127632579
31276312
3127624
3127616626
3127612064
3127603690
31275linkyou
31275DSAW
3127598667
3127596733
3127595
3127593849
3127593321
31275867398
3127583957
3127583443
3127582321
3127580852
3127579124
3127577496
3127571051
3127568
3127565466
3127562668
3127560930
3127557269
3127555754
3127552761
312755
3127548666ALEXYDIANA
3127548487
3127546705
3127545
312754312351
3127541737
3127538145
3127530861
312753
3127526997
3127521502
3127511524
312750853441871
3127505896
3127502823
3127499002
3127497710
3127494480
3127493484D
31274922471107
3127489194
3127485854
3127481311
3127480070
3127479086
3127476754
3127474684
3127458624
3127457455
3127456798
3127454228
3127453552
3127452429
312744g
31274474620695
3127445098
3127444492
3127443030
3127441617
3127439348
3127437931
3127436031
3127435689
3127433415
3127431893
3127428874
3127428
3127422377
312742
3127417907
3127415485
3127414642
3127413690
3127410069
3127409068
3127406365
3127403777
3127402486
312740
31273jo
3127397633
3127394488
312739
312738843
3127379422
3127376096
31273740284
3127371754
3127369470
3127368477
3127362588
3127361428yeca*
3127358339
3127353960
3127352394
3127349642
3127345177
3127339767
3127333800
3127331807
31273229
3127322265
3127321750
312732
3127316488
3127316
3127314491
3127312743
3127310352
3127308715
3127307916
3127307
3127305285
3127302504
3127301106
3127294921
3127287844
3127286
3127281700
312728
3127278366
3127277459
31272731
3127270232
3127263109
3127262216kellylamejor
3127258715
31272524
3127248760
3127248
3127244016
312724178
3127241280
312724
3127236800
3127233280
31272316985
312723
3127228684
3127225827
31272203
3127219338
3127215842
3127212639
3127212490
3127211750
3127210350
3127209148
3127206078
3127204402
312720
3127199
3127190
3127189754
3127187239
312717f
3127179550
3127177
3127174477
3127172463
3127171471
3127168971
3127167336
3127160
3127157142
3127154265
3127150
3127148464
3127144870
3127143816
3127142332
3127140545
312714
3127134336
31271323
3127131
3127129176gg
3127125607
3127124609
31271234
3127122068
31271214
312712
31271189c
3127112273
31271104
3127109188
3127107742
3127103361
3127100311
3127093414
3127090810
3127088206
3127080373
3127076739
31270759
3127075748
31270727
3127069183
3127067136
3127065994
3127057272
3127055401
3127049980
3127049040
3127041281
3127037920
3127036810
3127033370
3127030850
312702lynn
3127028755
31270233
31270208915
3127020496
3127019681
3127017784
3127011940
3127011269
312701
3126vplane
3126tf4eva
3126salomon*
3126njackson
3126mich
3126kmb
3126ed
3126decembrie
3126cp
3126Renee
31269b
31269852
3126980
312697
312696514782
3126953749
3126945205
31269390.
3126925
3126908107
312690
3126899702
3126889757
31268630
312686
3126855273
312684
3126838125
3126821363
312682
3126808635
312680
3126791806
31267701
3126768
3126757
3126744
312673588413aycc
312672
3126716602
312671
3126696173LAYULI
3126675210379
312666A
3126666579
31266617
3126642049
3126631a
3126630casa
3126626+
312662
3126609
3126600379
3126597
3126589085
3126576
3126575390
312655Jags
312654jhon.
31265478
3126545
312654123
3126532033
312652666
3126521
3126515
3126504963
3126494206
3126479
3126466
312645j
31264597
31264585j
312644S1
312644427abc
3126436
3126433898
3126424823
3126418664
3126414356
3126411717
3126408cj
312640
3126396013
3126379689
3126378154
3126373dandre
3126364989
3126353453
3126351126
3126336241
3126324
31263111
3126305795
3126303254
3126299245and
3126286950
31262832
3126277670
31262665
3126259947
3126243
3126239459
3126231829
31262300
3126223846
3126209480
312620305
312620
31261983
31261879013004810205
31261815
3126172940
312617
3126160490
312616
3126155466
312615
3126131
3126129
31261211
3126117
3126104
31261012
3126090_imh
312609
312608brad
3126084588
3126079393ma
312604
3126036603
3126029252yessi
3126023
3126020302
3126019877
31260121259
3126009072
3126001
3125yc17
3125valeRiia
3125mimi
3125lovej
3125irv
3125dead
3125cabE
3125acebk
31259Q
312598823
3125978887
3125978205
31259656
3125954084
3125949188
3125929381
3125923258
3125912
3125908248
31259
3125899214
3125896682
3125894512
3125891
3125884
312588
3125875638
3125872503
3125868986
3125866yasar
3125860258
3125856
312583god
3125838
3125833653
3125829699
3125826607
3125815365
312581
3125808
3125803489
31257p
3125793740
3125783383viviana
3125780895
3125773
3125765341
312576
3125750364
3125749702
3125734...cano
312573
312572
3125711
3125704
31257
31256999736
3125695741
3125692497
3125689053
3125687294
31256830
312568
3125672
3125670601
3125662892
3125657
3125653906
3125652
31256458
312562h
3125620
3125612
3125609886
3125608312
3125604213
3125601551
3125596309
3125593346manolo
312557602
3125573183
3125568108
31255624
31255555
3125549527
3125546
3125542987
3125535844
3125534
3125524606
3125521412
3125513552
3125509961lala
3125505141
3125500
3125497086
312549
31254879
3125487
3125485576
3125480556
3125479020
3125476001
3125472808
3125467191
3125466163
3125465726
31254620
3125456
3125455
312544john
3125443811
3125438980
3125432919
3125427
3125419933
3125415476
3125411
3125410dad
3125405838
31254029
3125400996hector
3125389979
3125385012
3125381236
3125377
3125374799
3125373310
31253700
3125365322
3125360619
3125352805
3125348
3125346
3125343583
31253417
3125325
3125321449
3125317518
3125313097
3125312
31253018
31253005818
3125294
3125287447
31252828
3125281212panda
3125276951
3125272286
3125270640
3125268611
31252618
3125259188
31252540033107931735
31252531
3125249477775262
3125241
31252380
3125234259
3125233099
3125230047
3125221
3125216
3125210
312520k
3125208045
3125206285
312520052
3125197521
3125196
3125183224
3125179723
3125171138
3125168379
3125163574
312515yli
3125155380
3125154433
3125153019
3125152
31251494
3125146690
312514083125
3125132938
3125128725
3125125682
3125123715
3125122111
312512
3125119
3125117r
3125114190
3125112934
3125110961
312510p
3125101610
31250sano31280
31250abc
3125093305
312509
3125086714
3125084338
3125084
3125078978
3125078147
31250738
3125069653
3125061403
3125060925
312505mj
3125058511
3125053341
312505
31250450
3125043723
3125040894
3125039258
3125031774
312502c
3125026262
3125024538
3125022237
3125015699
3125009720
3125-LALA
3124wpst
3124sb
3124nea
3124lu
3124ja
3124hc
3124bx19
3124bankk
3124Y2008
3124998263
3124996365
3124989250
3124986922
3124978411
3124967341
3124958
3124952299
3124950564
3124948129
312494
3124937
3124931316m
3124924275
3124919630
3124917305
3124908334
312490
3124894gajung
3124894.
3124891
3124888394
3124885351
3124882977
3124872104
3124869409
3124861289
3124859635
3124850228
3124845466
3124841395
312484
3124834216
3124830590
3124825893
3124824869
3124817386
3124812639
3124805653
3124804253
3124800136luis
312479938s
3124790558p
3124787
3124774743
3124774249
3124771559
3124769203
312476653139403
3124746460
31247356
31247309409
312472
3124715356911021
3124708734
3124703177
3124699686
3124691806
3124686194
3124685478
3124680312468
3124674282
3124673
31246680mm
3124663240
3124659788
3124657
3124644home
3124643375fa
3124641223
3124634096alejo
3124630603
3124628
3124624436
312461999
31246167
3124614826
312461
3124608701
3124600894
31245a
3124596
3124592312251225
312459
3124576
3124568
3124567127
3124562
3124557280
3124553386
3124553037
3124550234
3124541199
312454
3124538313
3124531967
312453
3124515077
312451
3124508941
3124507730
3124498
3124495660
3124487
3124485060
3124478951
3124468523
3124467
31244575
3124456559
3124453800
312445
3124440
3124438c
3124435403
3124428244
312441420
3124401126
3124399
3124396247
3124392951
312438
3124373701joma15
312436p
3124368758
312436
312434313
312433deck312433
3124335kp
3124332b
3124332
3124316
31243129
3124309
3124308052
3124304
31242951
31242910
3124287354
3124281
3124275072
312427
3124265233
3124258051
3124254493
31242534
3124252
3124250950
3124246633
3124244333teamo
3124242866
3124238169
3124237348
3124232264gloria
312423
3124225420
31242185
3124217088
31242124
31242109
312420312420
312420
31241986
3124193097
3124180951
3124178402
3124172508dani
3124167104
3124166557182
3124166
3124163
31241506
3124149582
31241416
3124140
3124137
3124133927
3124125954
3124121690
312412020
3124110801
3124110439
3124107
3124102690
3124098
3124094
31240877
3124086897
3124077345
3124072
3124067
3124062803
312406070
3124055
3124051
3124046
3124042978
3124040896
3124037
3124033922
3124031897
312403
3124024073
31240112
3124008518
3124004494
312400
3123xx
3123tlc2
3123sa
3123purnellcrt
3123nurse
3123nf
3123marcus
3123kimkungkob99
3123ju
3123hnn
3123ebel
3123clcg
3123baby
3123987
3123977
31239664
3123957870
3123953100
3123951512
31239478
3123942596
31239419
3123936
3123928293
31239210
3123909
3123903
3123898111
3123892151
3123890
3123887483
3123880308
3123873381
3123870
3123867
3123858580
312385253
312385
3123842
3123839270
31238384jfjf
3123831238
312382liz
3123829046
312382402
312382
3123817584luis
3123812324
3123808859a
3123805
31238005669424
3123790ok
312379
3123789218
3123773
3123760855
312375
3123748198
3123745210
3123740688
312373
3123720873
3123713539
312371
3123707705
3123702014
3123696899
3123693592
312368chino
3123683413
312368
3123675881
3123672673
312365sa
312365
3123646644
3123640190lyred
3123635743
312362p
3123620872
3123620580
3123618155
312361314
312361
3123608362
3123601697
3123595
3123593090
31235888
3123580248
312358
3123575812
3123561836
3123561446
3123560667
3123557694
3123556076
312354645
3123533469
3123528
3123513037
3123508192
3123506881
312350
312349
3123479852CELU
3123477709
312347
312345678910
3123456
3123449218
3123441075
3123439463
3123435484
3123431234
31234288
3123424926
3123422514keka
3123420927
3123419876
3123413236
3123410980
312341
31234082
312339a
312339
3123382143
3123378
31233734999
312337
3123358598
312335
31233446
3123339988.
3123331233
31233232
312332
3123317
312331245me
3123309707
3123304921
3123300105
31233
3123297
31232874
3123286470
3123285935
3123278112
3123272897
3123267341
312326
3123255807
3123255265
3123251
312325
3123246158
3123236408
3123234728leidy
3123232
3123224219
3123218809
31232183
3123217
3123213504
3123212790
3123211
3123210
31232073129
3123202428
31232008
31232000
3123198406
3123195764
3123194599
31231875
3123180957
31231784
3123173361
3123168f
3123165h
3123164239
3123162
3123161629
3123159
3123156
3123153360
312314z
3123143160
31231418
3123139463
31231340
3123131232
31231312
312312j
31231245
312312312**
3123123
3123122474
3123121
3123117314
3123112
312310k
3123109270
3123107092
31231055
3123099827
3123097943
31230915
312308tia
3123084407lady
3123080547
3123070774
3123067
3123064624
312306
31230558
3123052370
312304567alex
3123042904
312304
3123039302
3123038100
3123037141
3123036414
3123035694
3123032847
312302924
3123024306
3123024020
3123013330
3123010673
31230
3122sims
3122rome
3122mike
3122londo
3122lake
3122jarjar
3122helm
3122cw
3122bp
3122askew
3122MjLa
3122993488
3122989717
312298314
312298
3122977514
3122968465
31229610
3122957636
31229435455
3122937140
3122934301
3122933500
312292jz
3122928727
3122927004
3122925980
3122922633
3122916994
3122915351
3122912586
3122911242
3122904402
3122901635
3122891947
3122891
3122881596312
312287
3122866269
3122860814
312285j
3122851768
3122850195
3122844394
31228419057
3122839345
3122835566
3122828706rodriguezcye
3122826
31228232
312281937
3122813824
312281
3122809670
3122806219
3122804880
3122802435
3122801917
3122795
3122790651
3122784027
3122780065
3122776491
3122767205
312276
31227545
3122753509
3122750047
3122747226
3122746060
3122742308
3122741879
3122737825
3122733129
312273208311
3122730453
312272580
3122723966
3122718217
31227160850
3122714672
31227114
3122708040
3122704934
31226Aom
3122699730
3122697000
3122692342
3122689
3122676922
3122674486
3122671048
3122670051
31226654
3122659112
3122656335
3122652712
31226496
31226445calzon
3122640
3122628889vela
3122627884
31226246yeti
3122622515
3122620079
312261581
3122612858
312261
31226039
3122599
312259499
312259
3122579
3122575020
3122573401
3122569891
3122559648
3122556960
3122552218
3122549915lina
3122542
3122540752
3122537a
312253714
31225351992
3122532531
3122531395
3122529862
31225270
3122526044
3122525268luisfernando
3122522331
3122521133
3122518915
3122511
312251
3122509186
3122508775*
3122504754
3122501360
31224np
3122497117
3122495
3122491474
3122487412
3122482630
3122477715
3122470
31224682367810
3122457204
3122453067
3122448436
3122444547
312244
3122434429
3122432499
3122430558
3122424487
3122422
3122420578
312241583392
312241391
3122413
3122410
3122407064
31224053
31224032960198
3122402771mabis
3122401054
3122396427
3122392010
312239
3122385132
3122382550
3122380179
3122379940
3122370358
3122365687
3122359650
3122355928
312235535
3122348339
3122346818950215
3122344155
3122341402
3122340170mao
3122334605
3122332492
3122329336
312232662
3122323655
3122322
3122321776
3122319519
3122313414
312231312131
3122312kl
31223123
3122312248
3122310942
3122308840
3122305485
31223
3122299028
3122296352
3122293509
31222888
3122281323
3122275
3122271157
312226d
312226642
3122265516
3122264209
3122261659
3122256936
3122255944
3122253288
31222525
3122249893
3122247158
31222466280
3122242881
312223andres
312223879
3122238162
3122235
3122232971
3122230460
312222mm
3122228901
3122226247
3122224289
3122223825
31222231
3122221335
3122218733
3122216599
3122212118
3122208234
3122204817
3122201
3122195468
3122193493
3122191420
3122189317
3122184118
3122182390
31221807
312217lz
31221784
3122175581
3122171993
312217/l
3122169307
3122168101
3122167215
3122163479
3122163317
31221629
3122158553
3122156230
3122154312
3122154038
3122153942
3122152326
3122149940
3122148253
3122146413
3122143
3122140046
3122136
3122131939
3122131
3122130306
3122130110
3122125712
3122124287
31221207
3122117997
3122116164y
3122114
3122111740luz
3122108865
3122106493
3122104784
3122102895
31221006
31221001
3122099839
3122098672
3122095404e
3122093381
3122092578
3122090567868709
312208tmp
3122088
3122085823
3122083136
3122080893
3122077554
3122074523
3122072972
31220700
3122067706
3122062235
3122058148
3122058032
3122057246
3122056
3122054501
3122052221
3122051901
312205
3122049206
3122046429
3122044325
3122042316
3122040758
3122040386
3122039066
3122038698
3122036
3122034854
3122032056
3122030619
3122029
3122027528
3122024181
31220231
31220216
312202
3122017861
31220157a
3122013012
3122011
31220088
3122007
3122003473
3122002181
3121we4nokia
3121pnjc
3121nsnc
3121nae
3121loc
3121jg
3121f355
3121cj
3121bp
3121_inol
3121MDE
3121JJ
3121998
3121996m
3121994t
312199412
3121992love
3121992l
3121991v
312199123
312199017
3121989312253213
312198800
312198555
3121982abc
31219817
3121976
3121974
3121972
3121969
3121964
3121950
3121938
31219
31218jms
31218926
312188
3121877
312186rung
3121856
312185
312184248
3121832
312182
3121802
31217hrd
312178602
312177p
31217713
3121766
312175emperorz
31217569
3121725
312172
31217142502316
312170780
31216e
312169jd
312169238
3121691ju4
3121688
31216700
312166889
3121653
312164490
3121629
3121613z
3121612
31215k
312159
312158
312157692
3121549
3121544102
3121540
3121531215
31215133
312150a
3121500
31214abhi
312147lg
3121464
3121457
312144r
3121442
3121437knh
31214344
3121428
31214212
31214177s
31214121sc
3121408
31213939
3121377
3121369
31213600
312135900
312134
3121334
3121331213
3121326
312132002
312131jj
3121318
3121314
31213123
3121312131
31213111ucea
3121309
3121304
312130
312129893
3121297
3121296396
3121279
3121273
31212580
31212529
3121247284
3121237
3121231moretona.
312123112131
312122rb
3121224
312122222
3121221
3121218
3121217143
31212137
312119da
312118554
312118
31211705
312116633S
312115c
3121156
312115437d
3121147
3121132NIRVANA
3121130
31211235
31211223
3121118063
3121112
3121108
3121101
31211
312109j@
3121093
31210894
3121074023
3121071
31210676
31210542
3121032
3121027
312102008
3121016236
312100love
3121008
31210021890
3121+2009
3120tj
3120spellscat
3120old
3120nd3120
3120justine
3120huillo
3120go21929
3120dy
3120cat
3120ZNV81
3120WEST
312099AMOR
3120940
31209222
3120911
31208972
312089
31208867856
3120879704302
31208584
31208514
3120847403557
3120831208
3120810
312080
31207bdser
312077
312076
3120738
312073
3120712
31206dbc
3120692
312067563
312066973j
312065653
3120648
3120637
31206344
31206256
312062
3120611
3120600863445.
3120600516745
3120600370732
3120600066821
312060
3120588
31205824
3120579
312056
312054353
31205210129989871
3120500236325
3120500017321
312049118
31204838
3120456
312043516
31204271
312042389
31204161
3120401
31203cc
3120376
312036J
31203695
312036
312035
312034
312033
31203220
3120315
3120300011214
31202982
312029
312028406tudieude
31202728
312026289
3120260
312025589
312025119
3120246
312024
3120223
312020v
312020649
31202
31201991
31201971
31201902
3120182
312016702
312016146
31201542
312014mm
312014015
3120125d
31201231
3120121
312011a
31201053120105
31201024
3120101255164
3120101094993
312010089518/6
3120100777230
3120100672683
3120100460031
3120100310935
3120100023880
3120091
31200901
312007r
3120079k
3120072036
3120071
3120060
3120051885
312004D
31200401
312003279596
3120032071
31200202
31200124
312000q
3120000
312-211
312-0225p
312$098#
311zyah
311y5y9
311woods
311white
311vera9692X
311twinx
311tinkie
311tbs
311sucks
311styles
311stud
311star
311spot
311soccer
311smart
311skyzerx
311sarah65
311s10
311ryda
311roots
311rocks!
311reddy
311raven
311pnut
311piruluv
311pimp
311peach
311orpaint
311ohio
311nunez
311nptt
311nmonroest
311nig
311nick
311ndave
311munky
311mijam
311miT
311mcgrath
311masn
311mapes311
311maine
311m315e
311lovesong
311love
311law
311lailai
311kmg
311kim
311kem97
311jj77
311jess567
311jcmc
311jacob
311istheshit
311issoul
311irv
311incub
311hive
311herb
311harry
311hannah
311good
311geo113
311gadsden
311fulsom
311firefly819
311erock
311enw
311dreams
311dlk8
311db
311davis
311crunk
311creekln
311cody
311cjo311
311choy
311caa
311burn420
311bsb
311britt
311boy
311bob
311block
311bea
311bboy
311b01ng??
311austin
311ann
311ahk6wfr2ty
311afi
311abz
311ab69
311_leeann
311Rocks
311NORTHCHERRY
311Mskak
311KKKjjj
311Ibhaw
311FurgE
311DoBy
311CountrY
311CRAB
311CCPmkms
311BOI
311ALIRIO
311@2871910alt
3119tu
3119ncnr
3119girl
3119f
3119babers
3119ay
3119aA1
3119ZOE
31199j
311997ankim
31199719portuga
311996366
31199610
3119951
311994K
31199303
311992LP
311992108SUESCUN
31199205
311990a
3119900759153
3119900254
31199
311989ae
311988eyj
31198889
311988540
3119848
31198477
311984429s
311983(cuyas)
311981311981
31197k
3119775
311976vinu
3119728
311971jjff
31196sammy
311969471
31196432
311964
3119610
31196-sabeenafzal
31195d
31195arod
31195900
3119582
3119558
311951
31194koko
31194K
311947712
3119459rock
3119452d
311944
31194298
311941712
31194000
31193olovka
31193krosepups
31193as
3119370
31193438
3119310r
311929
31192820
311927699
31192722
31192509
311924
31192115
31192005
31191rkr
31191j
31191d
311919872
311919
31191801
311915682
31191447
31191409
31191222ray
3119119
3119111s
3119107
31191000
31190OMAR
311904566
31190315
31190246
31190162
3118th#11
3118qbe
3118off
3118lmh
3118h2x
3118fey
3118:16am
31189chabaco1989
3118991428
3118983
3118969272
3118953414
3118950645
31189475
3118941108
3118929550
3118919199
3118915267
3118913442
3118904221
3118892380
311889
3118880725
3118870
3118868777
3118841089
3118838414cata
311883642
3118824
311882
311881311
31187marius
3118786559
31187777
3118771
3118767524anita
311876
3118756060
3118754355
3118750207
311873814
3118732449
311873
31187103
3118706890
3118702291
311870110
3118691297
3118688239CATALINA
3118686718
3118672706
311867
3118668058
3118666
31186633
3118658465
311865546
3118648487vanessa
3118631047
311862850
3118616945
3118610385
3118608007
31185lori
3118598
3118596164
3118590361
3118581977
3118577780
3118576367
3118568196
311855M
3118556215
3118552185
3118532645mami
31185201
3118514086
3118513795
311851
3118500015
31184s231184s
31184mmk
3118494531
3118485593
3118480
3118479644
3118454505
31184490
311843c
3118435820
3118424340
3118421014
3118418995
3118412517
3118412258
3118410
31183s
31183amd
311837
3118357933
3118352613
3118347197
3118339840
3118326866
3118322634
31183219
3118318087
3118314200
31183113
3118310587
3118300225
31182lara
31182a
3118292012
3118287639
3118283509
3118273671
3118268
31182610
3118256458
3118252670
31182510
31182506
3118244794
311824
311823
3118224730
3118221941
3118218464
311821623802676
31182142s461
311820644
311819860507
31181919
3118186452
3118182314
311818
3118156
311814niiotkm
3118143
3118141585
3118137483
311813514
3118129
31181252
31181221
3118121448
31181183
3118108056
311810
311809QWE
3118096
3118085102
3118077103
3118069873@
3118068406
311805b
3118059031
3118049
311802620
31180185000517
3117um
3117shop
3117noony
3117m3
3117leest
3117kayla
3117diana
3117cami
3117SL
3117PAPA3117
31179ajb
3117997225
3117995384
3117994845
3117992115
311799
31179859
3117983506
3117982317
3117979101
3117974636
311797190095
3117965697
3117960016
3117955904
3117952870
3117951177
3117949493
31179456
311794224578
3117940095
311793bb
3117939250
3117937456
3117932142
3117931179
3117928862
3117926188
3117925390
3117916524
3117915
3117905863
3117900702
3117900461
31178meb
3117894920
3117893917
3117886494
3117880628
3117877595
3117875743
3117875261
3117872618
3117870097
3117869310
3117868687
3117866556
3117863429
3117856849
3117855501
311785285021
3117851999
3117851
3117848024
3117844371
3117841922
3117839868
3117827045
3117820070
3117815566
3117814302
3117805743
3117802034
31177bx
3117791514
31177867
3117782070
311778
3117779016
3117775
3117773812
3117772337
3117770794
3117769987
3117768074
3117766093
3117764515
3117760877
3117759138
3117755452
3117755
3117750689
311774728micelular
3117742041
3117741
311773645
3117735571
3117733864
3117731102
3117730
3117729365
3117728
3117722593
3117720373
3117717780
3117714338
3117711344francy
31177082
31177
31176k
3117697765
311768s
3117689
3117687254
3117678151teamo
311767107sjs
3117669
3117664
3117655996
3117655
3117653743
3117648013
3117644449
3117637756
3117637079
3117634363
3117632843
3117630756
311763
3117624341
3117623310
311761a
3117608693
3117606235
3117603783
31176
3117597442
3117590667
3117582969
311758
3117578294
3117575478
3117574287
3117573
3117571574
3117569440
31175666
3117563772
3117559158
3117557591
3117552177
3117548126
3117540314
3117535881
3117533
3117528960
31175253
311752100
3117517789
3117513779
3117512382yica
3117511162
3117509020
3117505711
3117503423
3117502296
31174ever
3117498210
3117490769jossi
311748454
3117482587
3117479139
31174739291017
3117466557teamo
3117459588
3117457889
3117456635
3117452323
3117451579
3117449
3117445333
3117442858
3117441318
3117439333
3117436244
3117425627
3117421320
3117417608mama
3117415247
3117413194kt
311741
3117405137savas
31173tom
3117393473
3117387384
3117385635
3117382315
3117381255
311738
31173781luisa
3117376803
3117375262
3117370648
311737
31173676420
3117365300
3117362572
3117358641
3117347656
3117345539
3117341442
3117328536
3117322510
311732
3117318701
3117317580
3117315066
3117312581
3117310724
311731000
3117308159
31173047m
3117301534
31173
3117295825
311729123
3117284606
3117282362
3117280660
3117279593
31172789Q13
3117277476
3117273916
311727
3117265590
3117262
3117261466
3117254824
31172530
3117251495
3117250
3117248
3117241646
3117240058
3117239833
3117236798
3117231781
3117230728
3117230426
3117228027
3117226372
3117225964
3117222613
3117221320
311722023
3117216942
3117212561
311720y
3117201353
3117199167
31171988
3117197455
3117197
3117190393
3117189453
3117186366
3117180625
3117179331
3117177530
3117173477
3117171478
3117165150
311716254
3117161998
3117160804
311715980
3117157067
3117155106
3117152923
3117150710
3117146013
3117141638
3117140190
3117136472
3117132084
311712Nat
3117127168
3117125117
31171221
3117121841
3117118340
3117110559
3117109129
3117107980
3117103423
311709716
3117096384
3117094754
31170904851996
3117086262
3117085091
3117082060
3117081414
311708
3117073511*
3117072717
31170701493113820027
3117059420
3117057531
3117053832
3117052422
311705
3117045898
3117044854
3117041587
3117040583
3117036405051966
3117034765
3117033967
3117030597
3117030309
3117027310
3117027145
3117026510
3117024857
3117022
3117014347
3117009558
3117007024LUISA
3117002294
3117/10621/37
3116sam
3116my1st
3116mexico
3116mayfair
3116jessie
3116ene
3116dcm
3116cat
3116_PINK
3116992611
311698
3116969e
31169688
31169544519696
31169420
3116940419
3116932331
3116921a
311692
31169123
3116907089
311688
3116869618
311686314512
311686
3116845
311684
3116832327
31168287
31168216
311681cf
311681037509
31168000
3116795055
3116775
3116764400
3116761898
3116759187
311674918
311673
3116703luise
31166jn
3116683194lm
311668
311666kp
3116650183
31166366
31166267
3116616362
311661
31165smorsi
31165_carpio
311659
3116566013
3116560
3116559955
3116559
3116557074mt
3116537
3116532932
311652r
3116526
3116525308941012
3116520277
3116518
311651
31164kb
3116498828german
3116490640aleja
3116488813
3116485
3116476049
3116474323
311647313010
3116471373
3116465766
3116464269
3116459604-ma
31164556
3116453957
3116452287
311645
3116448949
3116447219
3116443924
3116441264
3116439415
3116436601
3116436090
3116433
3116430397
3116429354
3116426305
3116424019braca
3116419011
3116417026
3116415
3116412017
3116408326
3116406978
3116403959D
31164029
3116397
3116390809
3116388533
3116384431
3116382220
3116378668
3116373260
311637
3116368573
3116364407
3116362
311635
311634
3116338
31163320513144801528
3116328540
3116324729micelular
3116316948
3116314993
3116313147
3116310587
3116307088
3116300521
3116299116
3116294882
3116291539
3116290141
3116287871
3116284237
3116284102
3116283554
3116281946
3116279543
3116275815
311626b
3116267284
3116265158
3116261076
3116255565
3116250888
311624787
3116242593
3116238177
3116235641
311623214323
3116230011yula
3116227431
3116225802
31162171
3116214308
31162128
31162113
3116210180
3116208482
3116206604
3116200740
3116198744
3116188541
3116185067
3116183764
3116181359
3116178488
3116170659
3116168169
3116164085
3116161856
3116159315
3116156743
31161531
3116149571.
3116145
3116139
3116137527
3116135988
3116131943
3116127910
3116126896
31161218082434
3116120840
3116120297
3116119848
3116118377
3116114624
3116110962
3116108759
3116108120
3116107792
3116106435
31161049
3116100860
3116093762
3116092031
3116090585
31160891
3116086827
3116082231
3116078
3116073835
311607
3116067895
3116063288
3116062466
3116060519
311605118979
311605
31160463
31160404
3116034694
3116032466
311602h
3116025831
3116022
3116018546
3116011990
31160083
3116004697
3116002228
3115zco
3115omi
3115n26
3115frank
3115dao
3115bsm
3115JB
3115977727
3115972561nicola
3115968
311595aur
3115958711
3115950075
3115947119
3115929
3115922
3115914261
311590l
3115906
3115900921
311590
3115896
3115894653
3115884861
3115875
3115870552
3115866
3115862816jc
3115861
3115847426
3115840725
3115839292
3115828526
31158230
3115818641
3115815147
3115807758654
311580655
31158
3115797498
311579
311578222
3115773@#
3115769227
31157666680
3115757344
3115750286
31157410
3115736mhmad
3115734
3115722195
3115713927
311571
311570190
3115697475ser
3115691181
3115673367
311566k
3115668472
3115662971
3115660410
311565727217
31156454
3115637761
3115631033
311563
3115623793
3115620
3115606
3115602312kt
3115594432karen
3115583314
3115580609CESAR
3115576122
3115568910
3115566404
3115565730
3115562672
3115561221
3115557467
3115554834
31155531
3115550089
3115549660
3115549
3115545095
3115535435
311553
3115527
3115518927
3115514
3115512759
3115509roy
3115502532
3115500309
3115498876
3115492334
3115483094
3115476591
3115472938
3115470564
3115465
3115461394
3115461041
311546
31154545meg
3115453109
3115451026
3115449327
3115442532
3115428
3115423160
3115421571kek
3115414553
3115407667
31153974
3115394
31153923
311538de41
3115373438
3115370918
3115360441
3115358
3115357180
3115335872
311533072
3115326821910917
31153251290
3115314188paloma
31153134b
31153054977750813
311530
3115298728
3115290
3115281
3115274014
3115273753
3115266
3115261
3115257542
3115255802
311525419
3115253571silvis
31152525
3115246261
3115243
3115239430
3115235100
3115232365
3115230240
3115226
3115222180
311522
3115212087
3115211792
3115209007ok8987
31152031
3115202668
3115198578
31151920
3115189
3115186828
3115184721
3115179881
3115173433
3115166
3115161441
3115153828
3115150568
3115141825
31151407
311514
3115136100
3115131577
311513062
31151223
311512
3115119699
31151168
3115115589
3115114721
3115113
3115105143
31151039
3115102647
3115100751
3115094446
3115090
3115086214
3115071706
3115062239
3115059476911105
3115056793
31150566
3115050
3115040739
3115037514
3115030
3115029984
3115025713
3115021107
3115015058
3115013071katik
3115009880
3115002314
3114sykathi
3114sp
3114nasa
3114lee
3114jack
3114ever
3114dl
3114cute
3114chogul
3114993282
3114988
3114974098
3114959800
3114950347
3114936139
311492722
311492
311491
3114903607850412
31149005809
3114895791
3114882
3114875416
3114871
31148626
3114860529
31148586
3114856645
3114853
31148517
3114849546
3114842679
3114835597andrea
311483
3114825010017
311482
31148080
3114801629
3114799636
311479
3114789
311478
3114776459956238
3114773233
3114764011
3114763
3114757567
3114753643
311475
3114744798
3114735230
3114732699
3114721
3114715
3114713701
3114699843
311469824
3114694589
3114690116
3114666
311466
3114654576
311465
3114643353
3114642678
3114640252
31146398
3114635281
3114632
3114625030
3114611844
3114609017
3114606932
3114605
3114603
31145zolz
3114596116
3114594235
3114590547
3114586573
31145819
3114574976
3114570561
3114568_8711546
3114558227
311455
3114545659
31145420597751247
3114539446
3114536300
3114531712
31145265718543
3114519270891211
3114516805/*-lin
3114506308
3114503255
31144@sh
3114491
311448rusnet
3114478289
3114474
3114467604
3114463603
3114459785
3114454
311444
3114427
3114423892
311442
3114407420
311440
3114384
3114375329
3114370623
3114366775
311436
311434ab
3114346
3114342506
3114330249
311432214*dgsa4
3114305229
31143039
3114302
3114290
31142782240
3114276100
3114265914mile
31142566
31142522
31142468
3114245
3114237514
3114230352
3114227
31142263152977
3114215
311420man
311420c
3114209719
3114208
311420187
31142009
31141975190000
311418
3114174
3114172223
3114162524
311415930
3114151848
311415.311415
3114148696
31141431
3114126945cris7
31141203
311411jr
3114117662
3114116
3114111607
3114106
3114104
3114100f
31141
3114095185
3114092823
31140811
3114070436
3114067
3114059
3114044751
31140362
3114022
311400561md
3113titi
3113speed
3113rp
3113ra
3113phant
3113ncg
3113jrf
3113inad
3113hf
3113dolphin
3113desert
3113cge
3113bob
3113anne
3113aa
3113NCCU
3113985973
3113983157
3113976
311397
31139666
3113961936
3113957
3113956
3113944260
311393a
3113934275
311393202
311393
3113925482
3113923874
3113923198
3113917
311391320102
3113912113118209
311390a
31139019920826
3113898647
3113884646
3113881286
3113878253
3113877191
3113872182
3113865a
3113857393
3113852990
311385
3113842897
3113838906
3113831138
3113824559
3113817299
3113809803
3113809295
3113806718lopez
3113804864
3113804281
3113802899
3113801805
3113798756
3113792644
3113791297
311379
3113788
3113783373
31137791
3113778813
3113777410
3113776905
3113770
311376
3113755440
3113752
3113745379
3113741773
311373wissam
3113736117
3113733078
3113732747
3113729650
3113728958yessi
3113719022
3113717338
3113713903
31137113470
311371
3113706340
3113704
3113702756
31137/*bnb2
31136maprang
3113698305
3113694390
3113692829
3113689331
3113682620
3113671897
3113670488
3113666
3113664054
3113662201
3113661693
3113658
3113654881
3113653
3113648
3113646015
31136449
31136434
3113640974
311364
3113637084
3113634058
3113633025
3113632365
3113629757
3113628425
3113624965
3113622339
3113618031
3113617373
3113615354
3113610983
3113607330
3113604590
3113603240
3113602203
31136
3113596574
3113595104
3113594155
3113591943sol
311358dayti
3113589011
3113584734
311358
3113573677
3113573256sara
3113565413
3113561384
3113558678
3113552261
3113550233
3113546203
3113544270
3113537116
3113534595
3113532456
311353
3113529698
3113528755
3113527445
3113526
3113523226
3113518466
3113517746
3113516025
3113513624
3113511772
3113510075
311350845799284
31135066
3113504256
311350
3113493611
311348aura
3113489005
3113487699
3113484675
3113484108
3113478845
3113477280
3113473998
3113471498
3113466024
3113462674
3113456
3113454317ilove
3113451716
31134495
3113444856
3113436328
3113435485
311343464152
31134325
3113430785
3113426084
3113426
3113425225
3113423
3113419835
3113418209
3113414901
3113411590
3113408189
3113405865
31133va
3113399983
3113395570
3113392149
3113389872
3113388068
3113386608
31133810
3113378601
3113375987
3113374557
311337
3113368494
3113366548
3113363894
3113358595
3113355950
31133553
3113353307
311335140a
3113351075
3113350237
3113348868parra
3113347605
3113333930
3113331133
3113328593
3113326498
311332401
3113321
3113315862
31133113a
3113308073
3113304944
3113301212
3113300721
31132j2966
31132_31132
3113296953
3113294600
3113290355
3113289640
3113288854
3113287060
3113283
3113281683
3113278783
3113278439
31132739l
3113273252
3113271971
3113270799
311327
3113267918
