066013998
066013568
066013204
0660129
066012669
066012285
0660119
066011606
066011506
0660112161
0660106601
066010278
06600a00j
066008923
066008103
066007215
06600608
066005897
066005592
066005199
066004808
066004541
066003740
066003561
066002799
066002620
066001606
066001501
06600102
06600066
06600026
066000190
0660
065tv7g
065jaxjsla
065gygkw
065brooke
065aziz@
0659kac
065999362
065998997
065998494
065998195
065997201
065996891
065996598
065996070
065995754
065995420
065994596
065993808
065993238
0659931821
065992926
065992557
065992108
065991663
065991
065990909
065990509
065990148
065990012
065989502
065989468
065989343
065987692
065987054
06598671
065986396
065985703
065985217
065984122
065983948
065983865
065983089
065982327...
065981477
065980t
065980597
06597jzmdk
065979434
065978634
065978
065977623
065977310
065975658
065975300
065974
065973758
065973661
065973
06597297
065972714
065972132
065972
065970967
065969711po
065968909
065968682
065968416
065967456
065966970
065966161
065965787
065964988
065964608
06596407
065963861
065963534
065963
065962750
065962436
06596216
065961933
065961457
065960393
065960347
065960183
065959451
065959155
065959
065958545
065957845
065957367
065957037
065956811183
065956369
065956
065955914
065953734
065953303
065952932
065952541
065952023
065951808
065950668
065950058
06595
065948904
065947951
065947186
065947
065946750
065946229
065945721
065945561
065945185
065944873
065944351
065944128
065943994
065943352
065942215
065940897
065940514
065940235
06594
065939982
065939608
065938721
065938248
065938
065937022
065936636
065936603
065935575
065935501
065935111
065934978
065934086
065933671
065932969
065932787
065932202
065932
065931358
0659312
065931
065930837
065930653
065930304
065930073
065930020
065929564
065929151
065929042
065927770
065927717
065927094
065926569
065926325
065925455
065924581
065923643
065923214wave
065922909
065921772
065921624
0659213437
065921264
065921
065920890
065919201d,]=od
065919078
065917791
065917
065916895
065916043
065915634cdh;
065914532
065914436
065912494
065911952
065910993
065909889
065908938
065908377
065907316
06590659wen
065906291
065905871
065905699
065905554
06590548
065905350
065905166
065904509
065904071
065903046Brood
065902a
065902596
065901410
065901298
065901
065900860
065900756
065900429
065900198
0658rwc
0658belovved
065899060
065898566
065898266
065897905
065897338
065897115
065897015
065896099
065896011
065895793
065895394
0658953006
065895175
065894641
065894350
065893920
065893577
065893396
065892833
065892051
065891352
065891277
065891175
065891
065890885
065890714
06589
065889107
065888645
065888334
065888139
065887466
065887138
065886865
065886497
065886357
065885785
065885176
065884987
065884385
065883937
065882957
065882643
065882294
065881982
065881201
065880993
065880866
065880
065879948
065879218
065878756
065878532
06587798
065877832
065877589
065877050
065876773
065876523
065876202
065876012
065875630
065875495
065874671
065874323
065873887
065873526
065872642
065872478106
065872365
065872269
065872100
065871916
065871020
065870961
065870699
065870419
065870025
0658696
065869463
065869272
06586867
065868613
065868460
065868234
065868106
065867820
065867522
065867162
065867150
0658669*99
065866734
065866047
065865794
065865455
065865022
06586496
065864342
065864302
065864152
065864
065863507
065863348
065863242
065862946
065862685
065862224
065862066
065861988
065861665
065861322
065860276
065860220
065859767
065859545
065858886
065858788
065858290
065858130
065857879
065856923
065856371401985
065855128js
065853455
065852372
065852230
065851469
065850
065849516
065848952
065848000
065846317
065845746
065845286
065843535
065842w
065841953
06584106
065840873
065839900
065839387
065838489
065838361
065838044
065837883
065837343
065837137
065837
065836647
065836061
065835633
065835310
065834330
065833918
065833238
065833109
065832629
065832053
065831844
065831136
065830895
065830622
065830246
065830043
065829866
065829568
065828880f
065828533
065828373
065828055
065827038
065826355
065825phg
065825878
065825676
065824256
06582287
065822642
065822178
065821907
065820922
065820492
065820164
06582-a
065819934
065819691//
065819086
06581848
065818311
065818011
065817586
065817352
065816420
065816214
065815818
0658156633
065814991
065814697
065813531
065812990
065812669
065812591
0658122
065812
065810783
065810291
065809946
065809004
065808362
065808087
06580761
065807312
065806696
06580658
065806047
065805647
065805212m
065805156
065805105
065804770
065804
065803505
065803364
065803200
065802939
065802310
065802203
065801556
06580
065799894
065799482
065798641
065798172
065797902
065797543
065797260
065796676
065796505
065796227
065795677
065795146
065794657
065794523
065794212
065793
06579256549130
065792357
065792
065790261
06578xphsd
0657888
065788
06578474
065784
06578171234
065780
065779748
065778211
065777361
065777118
065776869
065776377
065776258
065775795
065775205
065775096
065774880
065774656
065773973
065773800
065773
065772820
065772697
065772506
065772181
065772001
065771084
065770021
06577
065769669
065769128
065768915
065767ad
065767322
065766706
065766565
06576589
06576489
065764450
065764393
0657635001
065762685
065762489
06576203
065762
065761937
065761535
065760617
065760332
06576000
065759914asdA
065759824
065759222
065758769
065758682
065758264
0657575
065757286
065757
065756288
065756
0657557
065755249
06575500
0657544
065754133
065753524
065753066
065752886
065751200
065750487
065749702
065749527
065748548
065748011
065747754
065747667
065746964
065746378
065745993
065745288
065744649
065744312
065743756
065742577
065741997
065741340
065740662
065740347
065740
065739647
065739169
065738940
065738346
065738254
065738060
065738
065737900
065736907
065736757
065736361
0657359488
065735203
0657348
06573451
065734301
065734076
065733280
065732737
065732643
065732188
065732
065731370
065730197
065730045
065729448
065729
065728695
065728
065727830
065727749
065727027
065726893
06572609
065725095
065724774
065723887
065723777
065723594
065723081
065722333
065722164
065721888
065721520
065721194
065721098
065719961
065719481
065719192
065719001
065717876
065717485
065716760
065716522
065716273
065716059
065715254
065714893loveyou
065714707
065714312
065714117
065713783
065713178
065711960
065711028
065710541
06571012
065710
06570xmjxy
065709847
065709787
06570907814
065707869
065706310
06570548
065705119
065704554
065703361
065702337
065701973
065701482
065700938
065700000
0656mine
0656kids
065698499
065695783
065695640
065695443
065695354
065694971
065694357
065692923
065692543
065692161
065690978
065690305
065689547
065688926
065688060
065687797
065687019
065686139
065685865
065685
065684481
065684270
065683736
065683252
065682974
065682876
065682
065681818
065681426
0656804
065680051
0656798592
065679828
065679604
065679252
065679074
065678673
065678503
065678
065676935
065676368
065676
065675933
065675658
065675530
065675313
065674642
065674428
065673814
065673782
065673647
065673314
065672
065671310
065671
065670684
065670260
065670233
065670071
065669708
065669200058926642
065668083
065668017
065667423
065666313
065666114
065665914
065664831
065664478
065663349
065663019
065662957
065662363
065661554
065661204
065660605
06566
065659790
065659300
0656584182
065657998
065657517
065657346
065656861
06565650
065656368
065656054
06565580
065655269
065654600
065654316
065654195
065653381
065652937
065652497
065652
065651558
065651219
065651100
065650989
065650413
065650296
065649335
065649
0656486
0656474
065647084
065646456
065646
065645291
065645011
065644129
06564323160
065642783
065642643
065641918A
065641836
065641449
065641397
065640231
065640
065639752
065639311
065638580
065637858
065637349
065636803
065636020q
065635266
065634649
065634407
065634264
065633713
0656331
065632383
065631674
065631265
065630972
065630110
065629
065627902
065627704
065626387
065626345
065626228
065625965
06562555
065625029
065623959
065623731
065623
065622434
065622037
065621536
065621154
065620776
065620420
06562
065619533
065618818
065618384
065617977
0656174731234
065616648
065616342
06561625
065616053
065615613
065615250
065614780
0656143
065613808
065613104
065612808
065612340
06561201
065611491
065610225
06561
065609343
065608874
065608787
065608407
065608269
065607948
065607533
065607088
0656070
065606802
065606430
065606033
065605185
065605
065604491
065604200
065603875
065603326
06560305
06560254
065602398
065601859
06560131
065601224ktk
065601160
0656010622
065601
065600615
065600413
065600
0655dad
06559yiton
065599525
065599312159
065599
065598689
065598476
065597901
065597118
065597
065596234
065596071
065595952
06559587g
065595124
065594368
065593442
065593429
065593019
06559271
065592142
065591716
065591530
065591096
065590758
065590553
0655901805
0655895sm
0655895-sm
065589447
065589227
065589060
065588694
065587671
065587412
065586620
0655865
065586330
065586096
065584879
065584738b
065584442
065584048
065583976
065583513
065581348
065581096
065580839
065580178
06557m
065579446
06557873
065578285
065577839
065577665
065577380
065576793
065576177
065575728
065575406
065575010
065574863
065574210
065573508
065573186
06557278
065572185
065571648
065571316
065571063
065570608
065570336
065570005
065569626
065569271
065569
065568926
065568631
065568419
065568205
06556788
065567276
065566988
065566727e
065566072
065565756
065565233
065564382
065564100
065564009
065563743
065563146
065562891
065562262
065561912
065561806
065561484
065561280
065560524
065560177
065560119
065559655
065559057
065558489
065558088
065557546
0655566
065555707
065555
065553537
065553006
065552140
065551276
065550836
065550421
065550
06554titfm
06554962
065549
065548838
065548485
065548
065547368
065547
065546034
0655457
065545180
065544385
0655436339
06554321
065542561
065541745
065541255
065541
0655406554
065540436
065540
065539102
065538709
065538461
065537924
065537408
065537030
065536627
065536240
065536084
065535799
065535526
065535419
065535181
065535
065534907
065534601
065534153
065534107
065533907
065533562
065533241
065532579
065532106085
065531943
065531632
065531061
065530925
065530423
065530387
065530108
06552992
065529037
065528628
065528558
065528
065527502
065526667
065526531
065525852
065525582
065525335
065525275
065524554
065523626
065523483
065523288
065522951
065522118
0655213
065521146
065521
065520922
065520473
065520104
065519952
06551976
065519089
065517897
065517117
065516711
065515937
065515774
065515226
065514858
065514383
065514197
065513969
065513563
065513229
065512753
065512527
065512175
065512147
065512062
065511615
065511057
065510292
065510122
06551
065509644
0655094511
065509395
065508844
065508804
065508341
065508
065507868
065507531
0655073
065506677
06550648
0655063
065505706
065505538
065505238
065505072
065504846
065504740
065504075
0655040398
065504
065503875
065502500
065502214
0655015
065501
065500674
065500403
065500172
0654por
0654atomic
065499
065498834
065497892
065496817
065496306
065495790
0654957547
065495334
065495314
065495148
065494755
065493919
065493281
065492788
065492271
065491681
0654912878
065490571
065489301
065489
065488154
065487889
065487704
065487621
065486923
065485944
0654852
06548440
065483dl
065483146
065482757
065482081
0654820
065481930
065481424
065480580
065480
065479608
065479
065478198
065477997
065477893
065477195
065476150
065475519
065475245
065474843
065474824
065474531
065474178
065474073
065473801
065473
065471983
065471309
065471
065470320
065469835
065469624
065468067snezana
065467966
065467644
065467280
065467172
065466658
065465957
065465539
06546461
065462979
065462
065461388
06546091
065460668
065460240
065460052
06545PRAE
065459863
065459779
065459393
065458718
06545865
065458630
065458463
065458251
065458
065457107
065456587
065456151
065455652
065454434
0654543
065454283
065453919
065453531
065453223
065453050
065453
065452822
065452309
065452079
065452
065451908
065451366
065450796
065450283
065450018
065449787
065449468
065449251
065449185
065448869
065448103
06544802
065447030
065446424
065446167
065445880
065445707
065445507
065445003
065444295
065444171
065443230
065442213
065441489
065441090
065440541
065440174
065439973
065439607
065438767
065438625
065438258
065437880
065437715
065437471
065436831
065436472
065436252
065435706
065435604
065435355
065434576
065434
065433851
0654335
065433237
065433167
065432861
065432617
065432312
065432083
065430628
065430
065429426
065429097
065428939
0654285789
065428432
065428007
065427634
065426980
065426739
065426083
065425567
06542533
06542354
065422r
065422648
065422484
065422431
065422370
065422141
065421674
065421116
065420623
065420371
065420171
065420077
065419902
065418979
065418272
065417928
06541776
06541735515220126
065416884
065416757
065415a
065415727
065415631
065415436
065415071
065414503
065414176
065413995
065413775
065413214
065412592
065412266
065412
065411849
065411508
06541119712
065410571
065410224
065410124
065409908
065409766
065409487
065408871
065408337
065408
06540740
065406540014
065406232
065406
065405906
065405024
065404804
065403629
065403440
065402532
065402312
06540227
065402166
065401462
065401102
065400920
065400631
065400398a
065400059
0654
0653max
0653ZA
065399446
065399139
065398646
065398431
065398005
06539790
065397240
065396988
065396649
06539604
065395467
065395290
065393963
065393446
065393279
065393
065392324
065391631
065391268
0653905531.
065390
065389466
065389337
065389
065388919
065388284
065387
065386243
065386066
065385998
065385832
0653853
065384
0653837545
065383531
065383241
06538305
065382097
065381770
065380669
065380088
065379803
065379460
065379157
0653784
065378287
0653780728083
065376892
065376844
065376055
065375422
065375161
065373865
065372619
065372183
065371528
065371293
065370744
065370419
065370126
065370
065369465
065369177
065368851
065368365
065368219
065367918
065367551
065367352
065366@nfh
065366553
065366425
065366309
065365595
065365146
065364892
065364191
065364
065363696
065363347
065362606
065362338
065362065
065361912
065361120
0653606671hazelzet
065360003
065359940
065359534065152250
065357304
065357044
065356615
065356549
065356233
065355874
0653556130
065354581
065354113
065353915
065353865
06535361
065353234
065353
065352769
065352474
065351952
065351185
065350740
065350464
065350134
065349896
0653493044
065348219
065347840
065347702
065347036
0653467442
065346331
065345668
065345279
065344177
065344068
065343368
065342977
06534262
065342491
065342292
065341509
065340964
065340538
065340182
065339506
065339080
065338680
065338320
065337939
0653377178
065337232
065337
065336759
065336659
065336255
065335778
0653356391
065335007
065334205
065333194
065333033
065332420
065331856
065331357
065330094
065329771
065328506
065326219
065325419
065325230
065324918
065324510
065324
065323240
065322114
065321965
065320646
065320056
065319779
0653197446
0653194
065318912
0653175133
065316836
065316273
065316091
065315978
065315663
065315094
065314368
065314046
065313916
06531373
065313596
065313034
065312751
065312257
065312
065311
065310611
065310233
065309729
065309324
065309040
065308492
065307251
065306776
065306372
065306
065305419
065305331
065305037tan
065304895
065304771
065304066
065303706
065303056
065302527
065302471
065301827
065301707
06530112
0653009aom
065300373
0653
065298959
065298608
065298418
065298307
065298
0652975
065296695
065295687
065295395
065295144
065294388
065294211
065294
065292789
065292390
065292180
065291796
065291
065290757
065289651
065289546
065289218
065288547
065287420
065286877
065286413
065285887
065285
06528454
065284157
06528398
065283036
0652827998
065282247
065281720
065281284
065280649
065280
065279592
065279121
065278902
065278309
065277930
065277882
06527777
065277152
065276318
065276
065275518
065274981
065274413b
065273783
065273440
065273
065272753
065271968
065271474
065270842
065270136
065269864
065269228
065268757
065268487
065268451
065268133
065267503
065267252
065266282
065266
065265574
065265355
0652648901
065264588
065263668
065262757
065262176
065261966
065261798
065261102
065259557
0652592161P
065259054
065258535
065257772
065257423
065257
065256900
065256554
065255429
0652553351
065255020
065254833
065254635
065254139
065253720
065253566
065253055
065252264
065251973
065251621
065251464
065251166
065250409
065249985
065249856
065248821
065248158
065247358
065246924
065246869
065246566
06524611
065245673
065245288
0652447024ZERA
0652443422
065243597
065243524
065243318
065242565
065241288
065241253
065240488
065240394
065240281
065239610
065239564
065239198
065238868
065238695
065238199
065237
065236618
065236496
065236290
065235938mchichou
065235661
065234833
065234481
0652340749
065234031
065233978
065233537
065233229.
065233
065232845
065232155
065231996
065231731994
065231498
065231316
065230695
065229853
0652293
065229007
065228164
065227731206
065226845
065226651
065226310
065225828
06522514
065224529
065224132
065224000
065223258
065222782
065222078
065221696
06522142
0652210921
065220830
0652204260
065220197
065220
065219952
065219
065218499
065217869
065217531
0652173372534
0652171-univalle
065216590kamal
065216389
065215905
06521542
065215212
065215016
065214230
065213856
065213442
065213426
065213230
0652120087
065211996
065210737
065210525
065210087
06521
065209951
065209778
0652096302
065208abc
065208827
065208
065207646
065206712
06520652
065205665
065205200742594
065204707
065204269
065203910
0652036857
065203510
065203129
065202920
065202637
06520252
065202280
065201883
065200708
0652003
065200
0651msu
0651999
0651994
065199
0651987
0651979
065197631
065197
065195z
065195009
065194302
065193117
065192245
065192031
06519178
065191136
0651900144
06518w
065187
065186304
065186028
065185594
065185204
065185088
065184933
065184
065183653
065183367
06518286
0651822312
0651821
065181785
065181262
065180561
065180349joy
065179779
065179385
065179186
065178975
0651787
065178275
065177935
065177501
065177473
065177144
065177
065176770
065175955
065175157
065174252
065174027
065173310
065173032
065172451
065172300
065171695
0651716
065170872
065170421
065170334
065169772
065169
065168816
065168066
065168
065166531
065166036
065165678
065165360
065165118
065164448
06516378
065163695
065163354
065163
065162806
065162653
065162566
065161938
065161724
065161513
065161408
065160440
06516
065159545
065159256
065158808
065158239
0651581236
06515719
065157
065156828
065156304
06515613
065155745
065155416
065155079
0651549711
065154841
065154762
065154659
065154478
065154112
065153605
065152845
065152573
065152015
065151744
065151388
065151018
065150974
0651506306
065150106
065150014
0651497666
065149430
065149
065148
065147
065146777
065146698
065146345
065146022
065145917
065145777
065145709
065145199
065145068
065144897
065144640
065143635
065143525
065143004
065142877
065142653
065142600
065141712
065141403
065141016
065140064
065140010
06514
065139442
065138883
065138
065137846
065137268
065136913
065136668
065136318
065135788
065135224
0651351436
065135
065134805
065134570
065133531
065133044
065132447
065132085
065131e
065131931
065131810
065131413
065131151
065130977
0651305
065130
06512940
0651291
065128823
0651281112
065127908
065127781
065127711
065127410
065127233
065126214
065126
06512559
065125305
065125184
065125029
065123859
065123456
06512340
065123
065122401
065122148
0651219030
065121615
065121406
065121349
0651209
065120431
065120014
06511QUALIN
065119325
065119
065117945
065117438
065116356
065115484
065115030
065115020
065114349
065114
065113
065112481
065112130
065111642
065111410
065110597
065110290
0651101x
06511
065109910
065109476
065108160
065108130
065107701
065107377
065106948
065106408
065105313
065105148
065105116
065104881
065104259
065103807
065103664
065103278
065103043
0651029657
065102618
065102387
065101812
065101547
065101098
065100Bo
065100826
065100648
065100310
0651
0650sl
0650hooch164
065099131
065098868
065097712
065096704
065096301
065096
065095991
065095847
0650958002
065095528
065095099
065095
065094785
065094602
065094379
065094
065093199
065092869
065091703
0650916536
065091283nps
06509095d
065090609
065090176
06508_as
065089656
065089376
0650891372
065089
065088516
065088151
065087994
0650877568
065087330
0650869473072
06508612
065085416
065085080
065084630
065084292
065083i
065083568
065083308
065082941
065082589
065082085
065081888
065081
065080893
065080745
065080458
06508039721
065080249
065079915
065079431
0650791706
065078597
065078307
065078
0650777313
0650774071
065077
065076587
065075607
06507507136
065074752
065074707
065074487
065074
065073625
065073347
065073188
065072924
065072739
065072370
065072280
065072110
065072
065071892
065071350
065071210
065071101
065070871
065070551
065069775
065069561
065069070
065068647
065068324
065067829
065067308
0650662228
065066053
065066
065065206
065065155753lawy
065064606
065064340
065063961
0650637113
065063480
06506310144
06506306
065063
0650627
0650619819
065061897
065061268
065061154
065060536
065059879
065059558
0650591
065058914
065058673
065058
065057856
065057712
065057121803xl
065056743
06505648
065056263
065055866
065055456
065055296
065054760
065054591
065054484
065053854
065053411
065053235
065053
065052
06505147077
0650512874
065051083
06505050
065050366
0650503186
0650503
065050225
06505002453
065049861
065048938
065048804
065047190
065047
065046642
065046147
065045516
065045427
065045
065044984
065044719
065044100
065043858
065042427
06504230
065041993
06504140
065041241
065041209
065040756
065040225
065040070
065040
065039471
065039
065038305
06503800864
065037655
065037
065036717
065036463
065036390
065036084
065036
065035606
065035380
065034294
065034135
065033407
065033058
065032593
06503241977
065032
065031149
0650305
065030012
065028
065026253
0650256066
065022523
065022
06502089300glori
065020
065019
065018
0650168
06501544
06501210
065009232
06500901
065008909
065008790
06500846
065008
065006669
065005486
065005
065004467
065004455
0650044011
065004
065003965
06500360
06500336004
065003262
065002823
065002327
065002
06500179
06500128027
065001012
06500097
065000573
06500022
06500017
065+065+
064tmw
064nicc5
064gvgh
064ant11
0649molly
06499fly
0649993115
0649967511
0649952780
064993
0649861899
0649851648
064979953
064978209lizzy
064976459
064972
064969
0649644070
064964248785
064961923
0649612154
06495162
0649471551andre
0649434622_nadia
06494264
064941
0649380001
0649351745
0649346209
0649325
064930352
064929
064927
0649264056
0649235485
06492221960
064920659
06491927RT
064917
064916
06491361
0649135242161
06491
06490649
064905
06490154
06490079
0648ok
0648ces
0648923
06489010
06488932
064888539
064886962
06488608
064880852a
06487371
06487
064869
0648683882
064866232
0648648
06486365
06486129
064855dd064855
064854
064850
0648491315
06484519
064843101s
06483cle
064837
064835177
064834280
0648328766
06483156
0648287
06482588
064825627
0648250
06482406
0648232010
064822867
0648222914
064821a
064821
06482
064817a
064815a
0648148
0648130
06480921
0648078306
06480301
0648026158
0648023
064800186+z
0647dean
06479clau
06479634
0647870325MAJ
06478548
064780802
064769
064767
064760401014-8
0647600311
06476*
064748
0647469119N
064744j
0647401
064739460
0647351982
06472919
064726588
0647262
064725774a
064724076
0647220
0647209
06471998rima
064712142
064711222
064710
06470939sa
064709082
0647073606
064706
064703288
064700329
06469dpgbq
064697
064694063
064691
0646884
064684905
064683121cm
064681929
0646787
064678
0646757
064673823
06466tgbqa
064669862
064664
064663
06466
064656422
06465058
06465
06464858l
064646
064645
0646412
0646391989
06463608
064631
064627812
06462263
0646200203
06461984
0646177
0646165
0646162748
064615
064612
06461053
0646103675
0646076
0646064
064604564
0646024
064599
064594
0645932414
064592
0645899411
0645895853971993
064586
064584691s
0645831440
0645819798
06458
064579730
0645771287
064576336
0645753706
0645722
06456742rg
064563125
0645578333
064556125
064555
06455040
064549387
064549
06454623
0645460037
064545995
064545317
0645429776
0645428106
0645425536
06454247
0645422831
064540630
0645391
0645301831
0645299576
06452600
0645254
064525
064524832
0645220777
0645200
064519132
0645136188
0645128385
06451163
06450r
06450645
0645041
06450307
064502349
064502
064500
0644cj
064499
06449537
06449375
0644931
0644897521
064487
0644859263
06448239
0644810
0644771772
0644748869
064471
0644668621
0644650213
064462
0644615920
06445856
0644572944
0644548033
06445080
06444678
0644460
064444
0644420100
0644391652
064436
0644331877
06443218
0644310946
06443054207
064428
0644250782
064424
0644229265
0644217377dona
06442
0644188
0644183
064415644
06441264
0644123234
0644110102
06441080231
064410022
0644064218698083
064403
0644023
064401290
0643yr
0643co
0643974708
0643962933
0643929
0643922163
064391818
0643910205
0643893173
0643884494
06438682
0643860490
0643851811
0643839
06438332
064380
0643753595san
0643701187
0643694673434
06436683
0643666108
064366
0643647443m
064362542
064361351
0643600200
0643597349
06435738510107014915
0643556304
0643537
064352537
0643520
06435
064348
0643457
0643444033
0643439
064340c3
0643400553
0643378757
064337
06433616
0643355413
0643353032
0643349968
0643345999
064334428
064332
0643313372
064331138
0643270947
0643257781
0643252920
064323691789
0643232385
0643222660
064322
0643217482
0643213667
0643210159
0643170613
0643150955
064313
064312347
064311
0643101903
0643099293
064308B
064308
0643066802
064306
0643031349
0643006656
0643003796
0642wilam07do
0642no
0642isla
0642994076
0642982561
0642966218
064295
0642946
0642924995
064290191
0642885400
0642866504
06428502
0642836505
0642817965
0642800
06427gbkwx
064276023
0642749674
0642735325
0642726314
064270
0642686043
064263767
0642624739
0642602521
0642587140
064257
0642548
0642541138
0642536133
0642523116
0642511188henk
06424mfrwf
0642478724
0642463258
06424598
0642451841489512
064243614
0642428402
06424233677
0642419960
0642412
0642406700
0642393259
06423618
06423554
0642345093
0642344436
064232815
0642317449
0642298106
0642276469
064223870hoangvy
0642205351
06421993
064218
0642143013
064212037
06420dale
06420642
064205
0642029390
064202
0642006
06420045
0642000862
0641sotong
0641DAD
0641996
0641992
0641979965
0641968
064196237
064195336
0641944096
0641924558
064192080
0641915
0641911139
06419070
064190318
064190093
0641899279
064189315
0641889751
0641884801
064187514
064187064187
0641850105
064184295
0641834788
064182122
0641819595
064180856
0641805622
06418
0641789122
0641773989
0641771528350
064176
064173
064172
0641711048
0641694
0641642870
0641612480
06415mj
0641596447
0641586
06415822800312
06415820100033
0641576
064157020
064156139
0641560667
064155716
064154511
064153270
064152544
0641518274
064151102
0641510231
064150422
0641501048
0641465560
064143k
06414278
064142310
064141c
064141440
064141
064140625
064140052
06413707
064135152
06413421700
06413313964
064132949
0641319732
064131752
0641316055
064130411
064129623
064128964
064128748
064128
0641267275
064125882
0641248909
064123630
0641234686
064123434
06412249
064120300
064118203
0641133443
0641115
0641106
064109022
064108
064107794
0641068092
064106538
064106389
064104
0641032ercava
064102481
0641016
06410104
064101
064100819
064100510
06410
0640pinky
0640jzxki
064099239
064098292
064096612
064096454
064095383
06409302
064092704
0640909459
064090671
064089986
064088959
064088
0640872556
064086518
064084282
064083
064082665
064081802
064080572
064080
06407hhh
064079013
064077713
064077049
064075408
064074K
064074687
064074
064072
064071438
064070615
0640702992@12
064070036
0640685
064066894
064064
064062625
064062096
06406079
06406
064058722
064057
0640560054
064055662
064053
0640515539
064051005b
06405042
064049725
064048360
064048
064046864
064046259
064045838
0640455
0640447-3146
064043276
064042808
064041451
06404025
0640380314
064036690
06403588
064035538
064034966
064034770
064034147
064033390
06403259733
064032287
06403182
064031491
0640283733
06402747
064026421
064026302
064024311
064022884
064022804
064022466
0640222001
064021681
064020566
064020292
06401995
064018367
06401783
0640167
064016550
064016
064015261
064015117
064013754
064013604
0640123
0640115237
0640096910
0640093536
064008667
064008
064007405
0640070903
064006857
06400652
0640060
064005870
064005418
0640051640
064004675
064003
0640006475
064000541
064000396
06400024
064000057
0640+99412
063xbox
063nqkla
063flava
063ejs
063candy
063Titanic
063DE9
0639am
063998883
063993214
063992638
0639925022
063991
063990004
0639890360
063988067
063987
063986301
063985502
063985259
063983241
063982985
063982559
063982243
06398119
063980366
063980
063978287
063976510
063975
063974281
063973644
063972455
063971792
063970447
06396mshny
063967516
063965668
063964929
063964537
063961772
0639616103
063961303
063960693
0639604047300034
063959295
063957535
06395455102
063953413
063953106
063952751
063952
063949210
063948394
063947767
06394700
063946010
063945639
06394400
063942781
063941971
063941004
063940550
063940354
06394
063939445
063937990
063936898
063936668
0639356997
0639349
063934243512
063933711
063933543
063930982
063930135
063929691
063929463
063927
063925068
063924972
063924646
063922983
063922096
063922014
063920393
0639191
0639185115465
0639172
063915manakamana
063915150
063914513
06391200
06391150
063911105
063910575
063910210
063908182
06390765
063906978
06390587
063905619
063904340
063903655
063902499
06390196
063901150
063900
0638mnm
0638eveo
063899769
063897568ice
0638956415
063893613
063892464
063892114
063891451*
063891034
06388sharon
063889388
0638850649
0638831515
06388045
0638801222
0638796796
063878760
0638780233
063876481
063875997
063875236
063874973
0638719
063868637
063867975
063866130
06386545
0638650
0638643400
063863385
063861244
0638600660
063858656
06385685
063854985
0638538370
0638528467
063852167noufa
06385165
0638506456
063850
063848
06384681
063844806
0638436915
0638423265
063841623
063840579
06383qbhtf
063837863
0638374
063837214
063836045
063834848
063834440
0638330649
063831
063829752
0638282
063826971
063824825
0638236608
0638229
06382253
063821798
063821
0638198918
0638185927
063818051
063817225
06381686
0638161091
06381506
063814594
063813450
0638130
063811661
063810935
063810
063808903
063808423
063807976
0638064636
063806135
063805653
0638049540
063804555
0638003770
063800
0638-ankara
0637rbuyg
063798865
063797231
063796963
06379631
063795862
0637954
063794818
063794244
063793181
063792736
063792506
063792127
063791
0637887m
063787575
063785H
063784649
0637838236
0637828
063782044
0637811
06378061
06378000546
063778552*
063777052
063775731
063773754
0637727
063772482
063771197
063770177
0637692524
0637685250
063767714
063767088
0637659017
063765440
063765141
063763056
063762703
063761404
06376028
0637596749
063758756
063757377
06375714846
063755235
063755
0637545301
063753891
063752205
06375124
063751
06374cotdd
063748505
063747638
063745857
063745236
0637449515
063741853
0637406374
063739266
06373801
06373713
063736496605141983teuta
063736235
0637359217
06373500
0637334847
0637319
063731266
063728910
0637277
0637273321
0637267928
0637261525
063722337
0637221050
063721866
063721579
063720985
0637203
063718743
063717624
063716607
063715934
063715574
063714696
063714217
063713843
063712812
06371236
063712201
063710471
0637098966
0637092049
06370738
063707028
063706379
063706048
0637058633
063705
0637044710
063702
063701238
063700-9
0636thug
063699218
063695713
063694808
063694616
063692989
063692206
063690736
063690171
063689972N
063689110
063688085
0636869
06368569
063684299
063684074
063683488
063683371.
063683063
063682681
063680385035
063680301
063678795
063678017
063677703
0636770999656-*-
0636769
063675774
063674606
063673621
063672067
0636714
063670932
063669433
063668838
063667583
063666467
063665560
06366363
063663
063662464
063662153
063661615
06366066
06365ct
063659121
063658368
063657809
063656701
063655693
063653318
0636520
063651275
063650092
063649459
063647
063645448
063644
063643519
063643010
063641120
063639479
063637530
063637072
063637
063636224
063635906
063635341
063634428
0636334a
063632898
063632342
063631167
063630361
06362834
063628210
063626022
063625011
063623947
063622017
063621185
063621
0636193j
063617797
063616182
063615313
063612212
063612
063610117
063608528
0636084029
0636068716
06360636
06360564126
063605328
0636051
063604088
06360400
063603247
063602341
063601773
063601
063600881
0636+6
0635om
0635jerry
063598
063596994
063595848
063595
063594020
063593740
063593205
063592399
0635919
063591398
063590310
06359
0635899838
063589747
063588205
063587996
063587767
063586276
063585774
063584672
063584198
063583220
063582023
06358128
063579825
063579152
063578916
0635787001505
063577914
0635766
063576172
063575998
063575370
0635749
063574
0635738
063573542
063573349
063573103
063572696
063571663
063571312
063571153
0635711
063569998
063569620
063569291
063569093
063568458
063567639
0635672891
063565551
063564742
063564108
063562678
06356165
063560569
063559729
063557
063556258
063555969arun
063555
063553488
063552860
063551505
063551407
063549807
063549286
0635477203
063547
063545703
063545010
063543836
063542910
063542632
063542504
063542426
063542029
063541869
063541391ple
063540724
063540126456
063539298
063539256
063537556
063537520
063537034
0635365258
063536019
063535839
063534643
063534424
063534188
063533995
063533721
06353294
06353281
063532371
063531538
06352nmid
063529590
063529
063528310
063527232
063526473
063526003147
0635251114
063524603
063524264
0635241789
063523466
063523158
063522179
063521410
063520
063519504
063518143
063516841
063516130
063515188
063514730
063514599
063514406
063513504
0635130541987
06351178
06351043
063510
06350vyuac
063509824
063509226
063508586
063508366
063508
063506936
063506702
063506083
0635052
063504453
063503828
063502h
063501554
063501505
063500494
06350
0634dg
0634MIKE
063499880
0634992592
063496437
063495496
063494470
063493296
063490
063488832
063487473
063487053
063486
063485413
063484383
063482158
063480189
063478f
0634788
063477304
063475562
063474332
063472817
063472707
063470925
063470386
063469266
063468769
063468286
063467296
063467113
063466736
063466173
063466113
063466
063465711
063464996
063464198
063463582
063463370
063462801
0634622806
063461598
063461324
063461014
063460623
063460229
063460
063459589
06345906
063457164
063456703
063456433
063455699
063453
063452389
0634516996370
063451211
063450477
063450150
0634498156
063449768
063448720
063447884
063446599
063445367
063444771
063443043
063441031
063440lb
06343962100
063439
063438286
0634368
063436652
063436336
063434930
063433884
063432909
063431
063429302
063428262
063426940
06342623
063425714
063425080
063424947
063423974eknzt
06342308
063423041
063422103
063421417
063421
063419933
063419040
063417517
063415892
06341457
063414
06341336a
063412wwe
06340dm
063409028
063408465
063407530
063405621
063404334
063403086
063402115
06340032
0634001
0633glyzs0633
063398113
063395818
063394006
0633930046/ik
063392132
063389082
063386af
063386513
063385853
063384864
063382401
06338168
063380107
063380
063378364
063377257
063374213
063372573
063371923
06336jmjw
0633689
063367751
063366831
063365960
063364273
063363
063361361
063360297
063359965
063359135
063358411
063358136
063357406
063355
063354019
0633536477
063352848
063352293
063350320
063349242
063347336
063347260
063345451
063344793
063344020
063342928
0633415374
06334054402
063339
063337
063336027
06332jap
063328249
063328038
063327610
063326
063325204
063324461
0633235
063322657
063321235
06332105
063320213
063319983
0633196
0633184
063316918
063314285
06331234567890
063311287
06331088
063310144
063309544
063309192
063308260
063307994
063307511
0633072
06330633
06330591
06330575
063305730
063305047
063304583
06330425
063304
0633036
063302282
063301
063300034
0632yvonne
0632aa06
063298506
063297239
063295474
063294247
063293565
063292917
063292147
063291256
063290875
063290484
063289cj
0632897
063289416
063288556
063288496
063286820
063285728
0632852
063284616
063283762
063281514
063281377
063280772
063280
063279545
063279232
063278314
063276266
063275042
063274454
063273086
063272644
063271857
063271022
063270529
063270409
06327
063269470
063269
06326831
063267808
063267434
063267005
063266
063265
063262648
063262642
06326229
06326123232126
063261129
063261
063260
063255186
063255119
0632541789
063254137
063253
063252435
063252001
063251161
063250926
063250664
0632504
063249112
063248122
063247561
063245a
06324533
063244742
063244204
063243782
063243420
06324308
063242985
063241647
063241246
0632411
063240377
063239743
063239
063238787
063238
063237058
063236714
063236449
063235618
0632353200
063235286
063234750
063233
063232306
063232086
063231735
06323152
063231
0632307
063230072
063229330
063228595
063227677
063226735
063226451
063226303
063224ati
063223942
0632233499
0632232599
063222427
063222
063221671
063221462
063221157
0632211223
063220942
063219313
063218670
063218057
063217858
063216941
06321603
063215430
063215110
063214747
0632139910936201
063213502
063213
0632121063304
0632114
0632113-darlybernal
063210323
0632102
063210026
063209394
063208398
063207232
063206467
06320632
063205299
063205034
063204341
063203701
06320327
0632031114
0632030201j
063201967
063201744
063201
06320080
06320040
063200191
06320
0631gypsy
063199517
063197729
063197051
063196414
063195362
063195057
063194247
0631936870
063190995
0631909182
063190671
06319
063189816
063189047
063188f
063188
063187711
063187176
063185852
0631855
063184001
063182730
063182
063180697
063178906
063178273
063177663
063177164
063177074
063175841
063175255
0631741181
0631733328
063172518
063172
063171250
063171183
063170983
063170655
0631702
063169586
0631691963
063168854
063168570
0631685
063168319
063167873
063167228
063166858
063166681
063166257
063165699
063165396
063165259
063164089
063164007
063162408
063162351
063161970
063161885
063161470
06316101630
063160223
063159664
063158728
063158387
063157953
063157363
063156683
063156471
063156144
063155726
063155414123
063155010
063154778
063154669
063153959
063153451
063153181
063152197
063151627
063151328
063150331
06315
063148923
063148191
063147661
063146419
063146034
063145896
063145726
063144679
063144304
063144150
063144115
063144
063143613
063143369
063142390
063142026
063141849
063141353
063140728
063140163
063140071
063139898
063139773
063137448
063136830
063136362
063135652
063135303
063135
063134287
063134129
063133651
063133113
0631329711
063132275
0631320
063131895
063131
063130612
063130321
063130124
06312974
0631291417
063128532
063128026
063127270
063126873
063126679
063126563
063126051
06312537
063125180
063124941
063124485
0631241
063123815
063123498
06312319
063121817
063121449
063121154
0631210191
063120980
063120949
06312087
063120579
06312004-d
06311996
06311957
063119154
0631189335
063118/
063117211
063116035
063115897
063114990
063114414
063113048
063112742
063112145
063111981
063111654
0631110078
063110632
06311050603424*
063110370
063110267
06311
063109928
063109167
0631087
06310798
063106959
063106330
0631062562
06310585
063105
063104075
0631036
0631030
063102n
0631028
063101801
063101188
06310056
06310012
063100
0630vogt
0630uarai
0630rip
0630mp
0630june
0630jhelin0630
0630iloveu
0630enriquez
0630ca
0630bev
0630akira
0630CONSUELO
063099698
063099304
063098klt
063098838
063098343
063097zm
063097751
063096949
063096089
06309600704756
063095j
063095A
063095455
063095121
063094hh
063094930
06309327114
063093114
06309287835137
0630921741
063091m
063091at
063091635
06309126b
063090sp
063090CEL
0630904
063090055
063089zm
0630899024
06308935
063089301
06308903
063088ah
063088713
063087c
063086407
063085851
063085462
06308407
063083111581
063082bugg
063082661
063081514
063080995
063080145
063079479
063078C
063078252
063078011701
063077301
0630770801
063076J
063076988
063075j
0630755556
063074b
063074915088988
0630747052
063073614
063073245
0630728787
063072424
063072290
063071803
063071423
063071040
063070469
063069732
063069477
063069415
063069196
063069131
06306793
063067597
063067440
063067099*
063066819
063066607
063065924
063065670
063064964
063064685
0630640
063063423
0630630630
063062534
063062105
06306161
06306123
063060508
06306047
063060441
06306027
0630599
063059146
063058793
06305833
06305713
063056709
0630552254J
063054780
063053022
063052l
063052490
0630524585
0630520045
06305190
06305106
06305000
06305
0630488152
063048
063047344
06304654
0630461775
0630456683pvdh
063043a
06304348
063043366
06304294679
063042509
0630424
063042
063040870
063040342
063040046
0630399
06303879
063037109
063036865
0630360018
063035764
063034917
063034
0630336567
063033448
063033
0630325
063032120
063031200
063030904
06303055474
063030321
063030054
063030026
063029881
063029662
063029397
063028612
063027872
063027165
063026639
063026256
063025840
06302511
063024886
063024676
063024568
06302427
063024001
063022761
063022499
06302220
063022088
0630217131
063021123
06302004
063019951030823
06301993k
06301988Tj
06301981
063019766
06301971
06301969
06301967
06301965
063019364
063018752
0630182769
06301761
0630174
063016895
063015456
063015
06301429
063013123
0630123
06301124
06301108
06301031
06300gay
063009dvl
063009327
063009105
063008332
063007466
063007404
06300726
063006va
063006cnr
063006365
06300603a
063005wne
063005K
063005692
063005563
063005341
06300530
063005030
063004n
063004965
06300421
063003499
06300328
063003232
063003074
06300291
063002072
063001dd
063001598
06300114
06300108
063000jr
0630008
063000566
063000141
063/sa/
062on02395
062jnajimbeam
062e33008
062dec22
062cute
062ae5c7
062a3980
0629tm
0629rk
0629nolan
0629mj
0629mel
0629ma
0629lyl
0629lfb
0629joseph
0629jenny
0629ja
0629enrico
0629anet
0629ae
0629Star
062999td
062999614
062999556
062999212
062998772
062997533
062996b
062996900
062996520
062995k
062995276
062994n
0629947_sb
062993jm
0629938
062993014
062992p
062992978
062992890
062991798
062991074
0629905787
06299016
06298j
062989a
062989223
062989042988
062988w
062988j
062988839
062988010
062987p
062987554
062987286
062986916
06298605
062985735
062985164
062983b
062983566
062983483
06298321
062983020783
062981la
0629810
062980j
062980cancer
062980982
06298
062979748
062979049
062978cm
062978637
0629784500
062977770
062977138
062975ban
062975440
0629747
062974044
062973207
062972807
0629722018
062971B
0629710227
062970781
062970723
062970472
062970191
062970030
06296922pine
06296804
062967056
0629665703
062965991
062965367a
062965086
062964523
062963044
062962580
06296238
062962311
062962
062961752
062961507
062960986k
062960174
06295943
062959335
062957
062956708
062955926
062955369
06295454dsm1
062954454
062954211
0629532
0629529476
06295183470
062950999
0629505997
062950355
062950125
062949220
06294760
062946781
062946598
0629460061
062945
062944807
062944295
062944073
062943807
062941586
062940502
062940
062939328
062938695
0629382
062937944
062937669
062937165
062936415
062935501
062935
0629343842
062934
06293260
062932279
062931716
062930810
062929656
062929458
062929381
062929133
06292903
062928102523
062927465
0629274
062927027
062926656
062926362
062925664
062924863
062923766
062923595
0629223
062922120
0629217564
062921494
062920189
0629201
06292007w
06292005
06292000c
06291991292503
06291988iluvdlm
06291987TED
06291981A
06291979
06291978
06291976
06291974
0629196454
062918582
062918292
062917186
062916596
062916532
062916
0629158029
062914651
062914
0629131511
062912801
06291215
062911644
06291124
062911164
062911002
062910546
062910135
062909551
06290930
062909203
062908818
062908229
06290812
062907emo
062907721
062907390
06290725
06290709
062906j
062906A
062906574
06290605
062905jb
062905babyq
0629057
0629051793
062904872
062904022293
062903alicia
062903741
06290330
062902906chloef
06290231
06290216t
062901ju
062901aw
062901675
062901378
062900kk
062900664
062900350
0629000
0628wil
0628sr
0628sd
0628qqpfk
0628nate
0628mjs
0628mimi
0628kids
0628jk
0628jayz
0628dj
0628dcr
0628cc
0628andi
0628ag
0628Quen
0628Kiersten
06289n
062899998
062898958
062897703
06289673300
062896228
062895bmd
062895DARIO
06289512
062895024
062894411
0628942012
062894076
062893m
062893jm
062893397
0628926891
062891ca
062891811
062891096
062890f
062889k
06288962
062889325
062888sam
062888B
062888519
062888241
062888050
062887794
062887372nenita
062887372
062887112
0628870
062886GP
062885kh
062885923
062885354
062883619
062883075
06288300
062882j
0628829274
062882605
062882264
0628812307
062880mr
062880l
06288053
0628802
062879961
062879328
06287830
062876SG
062876835
06287661
062876133
0628751060
062874c
062873751
062873595
062872892
0628725728
062872180
062871929
062871610
062871052
062870538
062869851
062868495
062867438
062867146
062866191
062865847
062864
062863550
062863
062862148
062862097
062861953
062861679
062861
062860179
062859703
062859322
062858994
062858482
062858
062857165
062856a
062856827
062855240
062855
062854807
062854560
062852841
062851797
062850254
06285
062849042
062848729
062848386
062847768
062847495
062845873
062845669
06284501
062844484
062843614
062843232
062842903
062842127
062841414
062841030
06284
062838689
062837ra
062836283
062836
06283569
06283451guatauba
062833781
062833383
062833199
062832804
062832699
062832523
06283231577
06283130
062830511
062830085
062830
0628292947
062829158
062828781
062828714
062828423
062828355
062827748
06282721
062826479
062825836
0628252429
062824425
062824
062823619
062823479
062823
06282189
062821655
062821337rak
062820790
06281999
06281995rp
06281994
06281991j
06281990a
06281982
06281979
06281970gap
062819223
062819076
062818
062817733
062817105
062816909
062816425
0628153710
062814558
0628142144
062814145
062813592
06281325
062812693
062812349
062812003
06281183
06281118
062811103
06281095
062810715
062810258za
06281011
062809978
062809821
062809278
06280919
062808557
06280827
062808071863
062807d
062806techie
062806l
062806j
062806600
062806460
062806061
062805y
062805js
062805221
062804jayr
062804713
06280410
062803cbj
062803AE
06280322
06280285
06280216
062801869
062801234
062800jla
062800cir
06280043
0628003
0627tdbbst
0627shotei
0627seb
0627peizi
0627ns
0627mmj
0627kt
0627js
0627em
0627cqdct
0627cm
0627at
062799k
062799511+1
062798811
062797m
062797917
062797111
062796859
062796345
062795hardyz
06279589592
062794g
062794c
062794311
062794095
062793944
062793163
062792j
062792775
062792232510
062791m
062791626
062790julie
062790cms
062789sb
062789b
062789FAT
062789429
0627890627
062787468
062786dc
062786605
062785796
062785070
062784m
062784if
062784783
06278407
062783866
062783080
0627826
062781842
062780569
062780060
062779330
062779047
0627779
062777252
062776145
062775761
062774503
062774177
062773230
062772802
062772520
062771980
062771385
062770943
062769331
062768930
062768685
062767407
062766516
062766
0627657389
062765075
062763691
062763605
062763
062762303
062760038
06275910
062758j
06275440
062752?GD
06275
062749791
062749391
062748013
0627478531
062747640
062745405
062744841
062743567
062743
062740886
062740271
062739938
062738989
062738341
062736207
0627359
062733635
062733035
062732822
062731674
06273141
062730253max
0627291991.robin
06272793
062727283
062726980
062726625
062726447
062725328
062725277
062724225
062723828
06272377
062723623
0627235466
06272309
062722679
062722
062720t
062720427
062720098
062720027
06272000
06271999c
06271995whatnow
06271990tt
062719851985fifi
06271961
06271957
062719009
062718385
062717k
0627173
062716992
062716581
062715701
062714950
06271431
062713873
062713657
062713336
062712652
06271201
062711918
0627116384
06271121
062710701
062710199
062709951
062709465
062708327
062708230
062707948
0627072305
06270714
06270707
062706426
06270627jm
062705a
06270530
062705293
0627051391
062705068
062704c
062704367
062704102
062703a
062703610
06270325
062702422
062702340
0627021704
062701a
062701666
062701363
062701118692
062700581
06270015
062700022
0626shana
0626rigo
0626ra
0626metro
0626manenis
0626kvs
0626jc
0626face
0626dj
0626buena
0626bhey
0626ai
0626aa
0626JA
0626Bobby
062699jt
062699857
062699491
062699261
062699117
062699017
0626987128
062698685
062698442
062698037
0626977105
062697545
062697346
062696ske
062696938
0626962
062695a
06269514
062694641
062694481
0626942600
062693ab
062693122
062692566
06269213
062692/15
062691s
062691ma
062691735
062690C
062690585
06269
062689britt
062689820
062688jr
062688j
06268859
062687ka
062687c
062687814
062686a
062686870_NABILAH
062686009
062685k
062685760,kiblk
062684m
062684j
06268451
062684022284
062683loli
062683a
0626832343
06268301
062682055
062681769
062681289
062680f
062680737
062680112
062679232
062678543
062677sb
062677bday
062677696
062677290
062676768
062676652
062675k
062675209
062674921
062674808
06267434
0626741
0626731484061575
062672588
062671571
062671528
062670582
062670428
062670103
062669939
062669915
062669143
062668mom
062668461
062667173
062666678
062666401
062666053
062665976
06266424%jack*
062663604
06266291
062662831
062662501
062661792K
062661682
0626608
0626606
06265dymzn
062659413
062658814
062658113
062657633
062656170
062656
062655042
062654960
062654218
062654106
062654021
062653238
062652712
06265216
0626519
0626517
0626511055
062650292
06265
06264938018
062648968
062648910
062648279
062647
062646179
062645
062644079
062643901
062643049
062642m
062642532
062642192
062641
0626404067
062640216
062640061
062639921
0626398851
062639
062638672
062638256
062636654
062636071
062635541
062634381
0626339
062633241
062632666
062632115
062631958
06263171
062630019
0626292
062628588
0626284
062627971
062626399
062625997
062625146
062623fz7536s
06262274
062622167
06262121lm
062620049
06262001
06261994
06261990a
062619884
0626198597
06261977
06261970k
06261964
06261955
062618je
062618794
062618561
062618467
062618290
062617928
0626174116
062617
062616769
062616006
06261584
062614987
062614717
06261425k
0626138
062613499
062613107
062612762
06261234
06261221
06261207
06261123
062611051
062610807dj
062610647
06261
062609935
062609423
0626091489021559
062608741
06260831
062608118
062607747
06260722
06260704
062606600
0626064220
062606186
06260603
062605k
062605866
062605722
062605328
062605183
062604cg
062604J
06260413
062603CAF
062603885
062603612
062603423
062603060
062602DJ
062602568
062602343
062601s
06260126123456+h
06260103
0626010058
0626001
0625xmas
0625tony
0625sky
0625ray
0625paola
0625misako
0625lorrac
0625jessy
0625imh
0625bm16
0625babyrj0725
062599g
062599901
062599544
062599087
062598151
062597972
062597334
062596e
062596487
062596088
062596062596
062595927
062595319
062594r
062594jay
062594638
062594338
062593S
062592t
062592a
06259214
062591v
062591s
062591m
062591b
0625915
06259110
062590614
06259015
06259
062589600Fi
06258916z
062588d
062588RR
062588647
062587rc
062587n
062587548
06258716
062586sm
062586j
062586cf
06258647919
062585814
062584l
062583noy
062583183
062582an
062582599
062582070481
062581m
062581918
062581423
062580271
062579k
06257985
062579137
062578540
062577146
062575606
062574696
0625743
062573378
062571ms
062571256
062570W
062570942
0625709
06257027
062569ga
06256847274
06256800
062566cj
062566531
062566
0625655
062565285
062565
062564497
062563f
0625634
062563221
062562952
062562838
0625626359
062562425
062562124
062561596
062560704
06256
062559850
062559167
062558
062557724
062556617
062556
062554839
062553831
0625533409
062552777
062552335
062551250
062550709
062550
062549455
062548464
062548
062547188
062546362
062545883.3
062545624
062544670
062544305
062544051
062543630
062543110ploy
062542397
0625418jan
062541076
0625408900
062540635
062540079
06253zjirh
062539698
062539203
062539
062538328
062538000
062537530
062537228
062537156
062536427
062536081
062535731
0625352470
062534746
0625344533
062534
06253305
06253267
062532455
06253211
062531nap
0625314
062530998
06253
06252930
06252912
06252877
062528107006
062527ap
062527902
062527664
062526522
062526056
062525898
062525525
0625245
062524085
062523965
062523585
062523214
062522464
062521626
062521153
062521063
06252011
06252008kairi31
062520077
06252006LF
06252005angel
06251999
06251995ds
062519907
06251981
062519760
06251974
062519737
06251968e
06251962
06251959
0625185493
0625174507
062517118
062517004
062515634
062515601
062515447
06251524
06251407
0625132419le
062513238
062513008
062512968
062512869
062512673186
06251216
06251205
062511806
062511226
062511016
062510sr
06251050
062510316
062510282514
06251026
06251020
06250xhonda
062509455
062508skl
0625084612
06250821
062507os
062507660
06250720
062506964
062506414
06250622
0625060709
062505wedd
062505kra
06250581
062505287
062504tr
062504bb
06250429
062504012
062504003
062503jg
062503933
06250317
062502t
062502jp
062501trinitie
062501670
06250114
062500614
062500130
06250000
0624yuikawahara
0624vm
0624ph
0624pa
0624na
0624mlm
0624m
0624love
0624leo
0624kj09d10k
0624gboy
0624dolf
0624crm
0624cff
0624bb
0624abc
0624MOM
0624Judya?
062499593
062499363
062498mrk
062498257
0624978400725
06249755n
062496m
062496am
062496399
062496030
062495l
062495495
062495062495
062494HK
062494670
062493910912
062493032
062492k
062492491
06249237
0624922007
062492029
06249125
062490m
062490975
0624905133
062490483
06249
062489b
06248989a
06248909
062488sly
062488alr
062488271
062487s
0624873078
062487121588
062487034
062486988
0624863106248631
062486239
062485s
062485658
0624851124
062484762
0624845177
062484214
062483536
062483022
062482z
062482758
062482474
0624822
062481647
062480me
062480266ferret
06248+9
062479795
062479227
062478mv
06247868792
0624779
062476312
062475r
062474297
062474149
06247362
062472601
06247183
0624717186
06247128th
062470624770
062470047
06246ros
062468951
062466988
0624666960
062465789
062464s
062464jc
062464740
0624642336
062463894
062462751
062461739
062461478
0624610210
0624606246246246
062460366
06246
062459720658463030
062459481
062458160290833
062457919
062457196
062456978
0624567025rednila
062456433
062455597
0624550337
06245400
062453646
062452875
0624521635
062451791
0624517
062450913
062450054
062449955
0624495372
062448978
062447684
0624472
062446899
062446400
062446224
062445220
062444556
062443764
062443295
062442795
062442005
06244056
06243s
06243maa
062439129
062438927
062438502
062437805
062437
062435709
062434537
062433866
062433638
06243271509
06243228
062431661
06243124
062430624700
062430
062429765
06242946
062429177
062428984753
062428560
062427291
062426878
062426544
062425813
062425669
062425285
062424986
06242429
062424213
06242404
062423435
062422761
0624224392
062422090
062421j
0624218
062421639
06242123
062421184
062421
0624201
06242
06241997c
06241990d
0624198590
06241982pebblesb
06241979mera
06241973
06241970
0624196541
06241960
062419568
062419397
062418684
062418499
06241812talanco
062418051
062417893
062417699
06241685a
06241613
06241552
062414k
062414764
062414416
0624141057
0624136755
062412632
062412437
06241223
06241204139
062411450
06241124
062411*88cady
062410789
062410360
06241018
06241006
06240914
062409025
062408sc
062408914
062408608
06240830
062408150
062407u
062407love
062407c
062407609
06240729
0624070414
062406tc
062406pj
062406b
062406979
06240626
062406043
062405s
062405l
062405h
06240567
062405356
062404rc
062404ihateme
062404598
0624041
0624040034698
062403709
0624031
06240291185
062402653
0624025
06240216
06240205
062401lyn
0624019
06240128
062401051
062400928
062400651
062400589
062400001824
06240
0623yj
0623tyj
0623sw
0623negro
0623mk
0623mhlm
0623me
0623kyle
0623june
0623jm
0623jesucristoo
0623grl
0623frickx
0623cm
0623caylin
0623bear
0623amir
0623a5
0623Tobee
0623BEY
062399j
062399361
062398n
062398515
0623981839
062397964
062396930
062396604
0623962032_
06239513
062394g
0623949
062394657
062394499
062394-052394
062393k
062393529
062393160
062392k
062392h
0623922010
062392076
062391A
062391894
062391480
062390rr
062390jr
062390899
062390456
06239
062389am
062389894koy
062389663
062389447pp
062389176
062388wp
0623882490
062387w
062387dp
062387323
062386lfk
062386433
062385sj
062385L
062385836
062384t65
06238410
0623836464
062382H
0623824350
062381838
06238120
062380117
062379b
062379259
062379223
0623780
062377j
062377814
062377385
062376689
062376502
062376010
062375922J
062375423
062374686
062374264
062373779
062372753
062372279
062371632
062370400
062369829
062368851
062368754
062368610
0623671690
062366903
062366543
062365181
062364951
062364765
062364425
0623634655
062362907
062362815
062362176
062361771
062360bd
062360532
062360235
062359973
06235961
062359176
062358686
062358498
062357267526
062357
0623566847
0623562057
062356057
062355690
0623556145456
062355531
062355174
062355
062354973
062354695
0623541
062354028
062353992+
062353665
062353499
0623532
062352990
062352858
062352035
0623519506
062351599
062351489
062351122
062350366
062349709
062349483
062349127
062348900
062348670
062348391
062348217
062347956
062347456
062347254
062346772
062346219
062345519
062345157
062344450
062343148
062342619
062342374
062342162432
0623415626
0623410484
0623406212mugje
062340
062339945
062339472
0623392408
062338233
062337994
06233728
062336995
062336717
062336657
062336395
0623355869
062335343
062334648
062334122
062334
062333256
0623328541
062332660
062332466
062331865
062331487
06233118
062331001
062330427
06233
062329sl
062328584
0623282323
062327
062326430
062326051409
062325639
06232538
06232528
06232522
06232514
062324564
062324251
06232400
062323745
0623234
0623231976
0623230884707
062322911
062322866
062322708
062322420
062322
0623213
062321121
06232040
062320229
06232008
06232006yt
06231999
062319961223
0623199611
0623199313
06231990a
06231986am
062319859
06231978
06231975
06231962
06231958
06231954
062319223
062318739
0623176535
062317379
062317145
062316s
0623163454
062316016
06231555
062315400
06231515
062314717
062314253
062313862
06231326
062313111
062313006
062312655
0623123456789
062312145
062312071
062312051
062312
062311388
06231118
062310899
0623102
06231018
0623100sanderm
06231007
062309855
062309360
062309059
062308k
062308865
062308355
062307kt
062307766
062307522
06230720
062307010
062306mk
062306JJJ
062306344
06230616
062305l
062305873654
0623056277
0623052535
0623051799
06230510
062304A
062304554
062304415
06230402
062303370
06230251d
062302133
062301a
062301506
062301378
06230112
06230101
062300a
062300498
06230000
0622tw
0622si
0622sep1
0622qb
0622nat
0622mc
0622lk
0622john
0622hoe
0622flemington
0622dick
0622cone
0622chivas
0622br
0622bitch69
0622aa
0622SL
06229975
062299454
062298963
062298586te_te
062298416
062298057
062297959
062297111
062296t
062296jmk
062296577
062296214
062296068
062295jt13831
062295a
062294l
06229489
062294588
06229422
062293r
062293991
062293737
062293359
062293*
062292l
062292W
06229244
062292203
062292184
062292042192
062291t
062291b
062291SLIM
062291682
06229108
062290nahum
062290MT
0622907030
062290435
06229006
062289tai
062289B
062289715
062288hh
062288958
062288/25A
062287md
062287781
062286698
06228620
062286012191
062285a
062285923
062285442
062285161
062284c
062284555
062283t
062283M
062283436
062282g
062282834
062282639pj
06228225
062281k
062281362
062281292
062280nr
06228
062279r
062279110
062278777
062278469
062278221
06227807
062277909
062277724
062277506
0622770
062276796
062276251
062275tks
062275413
0622747
062274101
062274041979
062273821
062273391
062273187
062272794
062272183
062271709
06227128209
062270rc
062270493
062270295
062269397
062268k
062268645
06226842
062267jhh
062267604
062267255
062267145
062266830
062265084
062264775
062264302
062264194
06226344
062263186
062262030
062262
06226185
062261454
062261048
062260405
062260071
062259543
062259399
062259084
062258438
062258
062257378
062256
062255079
062254788
062254209
062254
062253399
062253328
062253
062252606
062252308
06225104
062250849
062250370
062248776
062248207
062248
0622476
062247364
062247050
062246083
062245934
0622455
0622450169
0622449
062244835
062244677
062243898
062243722
06224323
062242737
062242452
062242012
062241574
062241058538
062240737
062240048
06223farah
062238835
062238498
062237793
0622375
0622365516
062236292
062235585
062235442
0622349383
0622341
062233553
062233359
062233
062232867
0622320717
062232010
06223200
062231741
0622308081
062230089
06222k8
062229189
062228998
06222869
06222811
062227887
0622277
062227235
062226673
062226148
062225854
062225590
062225513
06222531
062225026
062224744
062224567
062224416
062224225
062223710
062223201
06222286
062222749
062222026
062221869
06222153
062221342
062220z
062220476
062220251
06222009
06222005c
062219MP
06221996cd
06221995
0622199142
06221989cd
0622197902
06221967
06221962
06221948
06221936
06221896011
062218859
062218591
06221828
062217807
06221704
0622165991200
0622165130angie
062215919
062215519
06221526
06221497
062214511
06221430920
062214005
062213993
062213885
062213681
062212909
062212620
06221219
0622118409
062211685
062211433
06221121
062211132
062211013
062210309
06221004
062209b
062209278
06220916
062208cmd
0622087592zubie
062208503
062208361
062208291025
062208058
06220800
0622078986
062207433
062207020809
062206airarovero
0622067044
0622064425
0622063
062206262utcha
0622062350
062206208
062206115
062205979
062205572
062205102283
062204love
06220425
062204051
062203812
062203489
06220309
062202y
06220244
062202215
062202201
06220214
06220201
06220159
062201267
0622011860
062200968
06220082
062200716
062200433
062200218
062200067
0622,2001
0621wd
0621sg
0621pio
0621owens
0621mb
0621mari
0621kdbday
0621junw
0621jd
0621crab
0621brian
0621bball
0621alqyda
0621JJ
06219980018
062199530
062199395
0621991
062198sj
062198770
06219853
062198127
0621981
06219792
0621977
062196e
062196912
062196615
062196312
062195337
0621950622
062194521
062194065
0621929636
062192263
062192004
062191shane
062191h
062191771
062191529
062191320
06219116
062190m
062190amvhin
062190619
062190279
06219007
06219000
062189u
062189e
062189869
062189223
062188r
062188a
062188248
062187c
06218722
062186879
062186608kacita
06218603877
062185jam
062185574
062185034
062184she
062184056
062183diamante
062183664
06218351mama
0621821008
062181l
062181arr
062181850++
062181537
0621814994
062180e
06218
062179702
062179576
062178a
062178573
0621781
062177841
062177166
0621761f
062174godswill
062174822
062174548
062173193
062173123
062172972
062172842
0621720
06217171
06217143
06217083
062170458
06217
062169ce
062169*879
062168595
062168118
062167927
062166_2k7
0621667081
06216627
062166171
062166000
062165502
062165337
062164370
062163501
062162l
062162165
06216188306
0621615516
0621611540
062161032
062160542
062160150
062160
062159948
06215836
062157649
062157057
062156482
062156230
062155475
062155
062154
062152974
062152810123
062152511
062152400
0621520
062151613
062151231
06215121072
062151188
062150479
06214tifa
062149916
062149252
062148823055
062148413
062147972
062147691
062147
0621462882
062146035
062145728
0621455
062145336
0621451
062145
062144720za
062144264
062144
062143587
062143242
0621423
062141964
062141477
062141
062140650
062140308
062139391****
062138070
062137929
062137407
062137094
062136518
062136
062134942
062134324
0621339250
062133612
062133447
06213331
062133224
062133095
062132835
0621324720
062132212
06213207
0621314
062131093
0621308/51
0621304
062130060
06213
062129280
06212896
062128440
062127570
062127377
062126ab
062126548
06212614
062125812
062125420
06212529j
062124830
062124715
062124453
06212407
062123807
062123290lk
062122839
062122423
062121893
06212145
06212112
062120978
06212053
062120491soygay
06212006m
06212
06211a
062119980
062119977
06211989lw
06211988b
06211983jb
06211970NI
06211968
062119500
062119204
06211865431
062118078
062117487
062117172
062116960
06211618
062115944
06211563276
06211520
06211510
062115009
062114133
062114
062113229
062112948
0621122530
06211219
062111mhs
062111656
06211121
06211105
0621110065
06211054
0621104
06211005
062109726
062109339
062109196
062109003
062108916
062108655
062107l
062107307
06210709
062106x
062106j
062106903
062106810
062106720
062106500
06210614
062105850
06210548
06210515kiki
062105014
062104194
06210408
062103rip
062103david
062103a
062103424pom
062103181
062103069
06210300
062102030
062101riayomaet
062101252
062100lf
062100626
062100150
0621+0407
0620wm
0620tato
0620sam
0620rudy
0620ritpz
0620nam
0620me
0620lovejj
0620kung**
0620jo
0620jg
0620iynir
0620hg
0620gem
0620cj
0620ac1218h
0620E
062099lj
062099e
062099666
062099275
062099040
062098987
062096h
062096625
062095817
0620952
062094th
062094873
062094441
06209425378
062093rljj
062093jm
062093TO
062093678
062093418
062093209
062092j
062092ag
0620927045
0620925
062092085
062091at
062090vs
062090784
062089945
062089854
0620898
062089297
062089062089
062088m
062088grad
062088ab
062087june
06208788
062086787
062086599
062086516
062086389
06208623
062086029-1234
062085mc
062085K
062085623
062084h
062084685
062084475
0620843370
062084089
062083769
062083416
062083164
062083028
06208275
062081jbm
06208167
0620813
06208100
062080736
06207uboha
062079953
062079642
062079212
062078544
062077TH
062077052
062076693
062076180
062075ed
062074754
062074394
062073sn
0620737820
0620732854
0620726621
062072328
062071655
06207161
062070863
0620702
062070068
062069761
062069646
062068g
062068715
062067957
0620675
062067306
062066789
06206670
062066319
062065381
062064663
062063491
062063365
062063
062062269
062062124
062061706
062061683
062061519Nan
062061265
0620611008
062060563
062060329
0620600
062059390
062058835
062057313
062057126
062056189
062055727
06205532097
062054755
062054009
062053407
062052327
062052
0620514UNI
062050944
062050191
062050143
062049693
06204943996
062049241
06204907871
062048401
062048319
06204791
062047379
062046606
062045905
06204560320
062045062045
062044474
062044380wiw
062043469
062043383
062042999
062042648
062042536
062042023
0620419
062041684
062040853
0620404452
062040240
062040170
062039508
062038789
0620380
062037681
062037090
062036760
062036598521
062036112
062035684
0620353
062034881
062034
062033733
062032913
0620328
062032130
062031p
062031472
062030j
06203091
062030557
062030137
062030076
062029913
062029407
062029*
062028775
062028545
062027585
062027008
062026521
062026336
062026200sea
062025548
062025288
062025188
062024892
062024780
0620239480
062023002
062022448
062022125
062021866
06202123
06202105
0620207866P
062020657
062020522
062020269
0620200710021977***
06202003
062019994
06201992dvh
06201985ml
06201984aaa
06201980lc
06201967
06201951
062019481
06201906
062018332
06201823
06201804k
0620178393535
062017499
062017
062016930
062016350
062016156
06201594
0620147a
062014381
06201424
062014
062013146
062012628
06201244071
0620123
0620121
062011Z
06201185
062011751
062011640
0620111jia
06201106
06201069
062010669
06201025v
062010102u
0620092528
062008neyquh
062008906
06200824
062007love
0620077891993
06200659
06200621s
062006189
062006153
062006097
062005956
062005460
062005078
062004g
062004778
0620044
0620041
062003nj
062003jh
062003356
0620031
062002726
06200257
062002473
0620021_2007
06200162
062001402
0620000350
062!rwin536
061wc
061snake
061saqlsa
061pagas
061oct
061m090
061juice
061j5023
061five
061d08
061betsy3
061PIG01NEW
0619vjm
0619tmw
0619sd
0619ry
0619ny
0619mike
0619me85
0619lim
0619lee
0619kun
0619js
0619jer
0619irving
0619gnb
0619ejercito
0619coring
0619cc
0619by
0619_
0619ILOVEYOU
061999850
061999325
061999280
061998d
061998613
061998420
061998254
061997steven
061997728
061996969
061996788
061996505
06199616
061995960
061995605
061995291
061994rc
061994756
061994526
0619945078
06199424
061994121
061993ai
061993598
061992mes
0619923h
0619921
061991e
061991589
06199128
06199117
06199109
061990f
0619901016590949
061990*d
06198cp
061989htb
061989M
0619894
06198913
061989+
061988cd
061988760
061988336
06198815
06198804inverness
061987maicol
06198795
061987562
0619872356
061986284
06198605
061985m
061985991
061985752
0619853746
06198524
061985022
061984a
061984985
061984732
06198412
0619840
061983888
06198316
061982am
061982817
061982264
0619820193
061981dec
061981Dmy
061981949
061981677
061981011
061980rui
061980676
061979921
061979168
061978410
061977950
061977830
061977516
061977205
061977158
061977107
06197706
061976885
061976631
061976206
061975rom
061975bc
0619758650
061975223
061974JC
061974746nun
061974215
0619741
061974050
0619731
061972180
061971197
061970821
061970284
061970052
06197
061969908
061969402
061968541
061967746
061967103
061966476
061966041
061965946
061965734
061965601
061965586
061964705
0619639438
061963196
061962897
061962809
06196241
061961938
061961676
061961541
061961338
061961075
061960848
0619608
061960165
061959951
061959565
061958526
061958
061957742
06195763
061957184
06195713
06195682
061956767
061956090
061955879
061955709
06195484
061954303
061954136
061954
061953667
061953383
0619527
061952499
061952323
0619522
061952151
061951010
061950755
061950240
061950058
06195
061949873
061949684
0619496
061949369
0619489741
061948801
061948651
061948366
061947875
061947
061946624
061946405
061946247
0619456
061945175
061944914
061944779
061944511
06194429
061943884
061943628
061943
061942173
061942
061941706
0619413
061940817
061940343
061940114
061940036
0619398019031984
061939733
061939330
061939
061938535
061938313
0619381315
061937769
061937288
061936887
061936452
06193630
061935884
061935472
061935119
061934187
061933797
06193295
061932348
061932094
0619318
061931421
061931292
061931028
061930991
0619304049
061930211
061930153
06193012
061929667
061929495
06192914
0619290902
0619288
061928335
061927600
061926772
061926567
061926236
061925v
06192558915
061925425
06192527
061925104
061924740
061924458
061924024
061923881
061923750
061923589
061923215
061923176
0619227636
06192229759
061921550
061920262
06192009
06192004k
06191a0315
06191994A
061919935
0619199106191991
061919882
06191986t
06191978
06191974
06191970
06191962
06191957
061919515
06191906
061918998
06191889
061918696
061918463
061917724
061917410
061917259
061917
061916866
061916671
061916537
061916408651
061915936
06191579856
061915471
061915342
061915063
061914941
061914601
061914290
061914
061913988
0619130820
061912807
061912345678
061912185
061911o
061911678
061911511
061911107
0619110109515
0619107821
061910546
061910443
06191024
061910175
061910134
06191006
06191
061909459
061909281
0619091875078
06190909
061908823
061908635
061908270
061908055
061907djtughan06
061907897
061907821
061907706
061907574p
06190726
0619072532
061906q
061906m
06190685
061906565
06190621
06190607
061905jb
061905621
061905104
061905022
061904g
061904a
061904779
061904506
061904070
061903lm
061903cb
061903844
061903105
061902998
061902629moss7
0619025836
061902353
061902219
061902017
061901892
061901650
06190128
061901019
061900t
061900733bm
061900553
061900509
061900331
061900158
0619*love
0618toby
0618smd
0618mom
0618marie
0618mandy
0618lane
0618kung
0618jm
0618jeab
0618jae
0618hkh
0618dcsc
0618cp
0618baby
0618ae
0618JMC
06189g
061899j
061899802
061899336
0618991
061898934
061898048
061897661
061897646
061897061897
061896ac
061896690713
06189654
061896109
061896**
061895895
061895331
061895234007
061894AC
061894871
061894854
061894373
061894173
061893dc
061893310
061893072989
061892rey
061892jh
061892R
061892669
061892060
061891n
061891fg
061891L
061891869
061891635
0618913
061891173l
0618911
061890msa
061890553
0618904773portugal
06189037
061890143
06189+2
061889k
0618899640404582
061889808
061889752
061889190
06188907
061888a
061888878
061888408
061888203
06188811
061887rianne
0618879562
061887631
061887565
061887029
061886a
061886878
061886689
061886454
061886265
061885ds
061885a
061885401
061884zeusdemayo
061884336
061884231
061883866
06188369
061883200
061883079
061882ph
061882425
0618822136
061881mp
061881781
061881294
061881219mo
0618810
0618801933
061880049
0618796
061879177
061878804
061878503
061878215
061877np
061877454
06187700
061876121
061875j
061875949
061875601
061875529
061875359
061875282
061874349
0618738464
061873296
061873199
061872whb
061872712
061871w
061870638jeaw
061870282
0618700128
061869614
061868960
061868373
061867796
061867514
0618668979
061866679
061866279
061865942
061865377
061864752
061864246
061864231
061864096
061863855
061863665
061862467tt
061862254
061861913
061861
06186088
061860537
061860377061860377
061860329
061860
061859920
061859658
0618591982
061858386
061858143
061857r
0618577
061857628
061857099
061856938
061856126
0618556I!!
061855475
061855223
061854952
061854794
061854526
061854433
061853370
061853256
061853122
061852jl
061852879
061852650
061852006
061852
061851487
061851066
061850999
061850859
061850534
061850393
0618500598
061849002
061848882
061848070
061847579
061847520
061847444
061847118
061846901
061846660
0618463141
061845916
061845787
061845625
061845608
061845191
061844882
061844806
061844593
061843839
061843253
06184295s
061842373
061842113
061841980
061840922
061840410
061840190j
061839910
061839655
061839390
061838985
061838855
061838292
061838055
061837138
0618369
0618365
061836296
061836042
061835955zipzap
061835333
06183479
061834619
061834209
061834107
061833853
061833450
0618332
061832272
061831697
061831567
061831359
061831
061830717
061830151
061830
061829739
061829554
061829348
061829106
061828601
061828536
061828107
061828027
061827650
061827076
061826aaaa
0618262
061825578
061825419
061825305
061825171
061825096
061824681
061824257
061824183
061823797
061823245
061823050
061822714
061822318
061822203
061822110
061821878
061821330
06182119
061820991
061820859
061820640
061820435
061820101402
061820079
0618200079
06182
06181997godiva
06181996VT
06181994b
061819946
06181986123l
06181982755416
06181979cj
06181974
06181967
06181961
06181942
0618192d
061819100
061818447
061817552
061817123
061816648
061816018
061815998
061815746
06181557
061815229
061814555.d
061814470
061814159
061813430
061813233
061812866
06181234
061812212
061812040
061812
061811554
0618112742
06181106
061810731
06181035
06181019
06181008
06181
061809956
061809855
06180961
06180911
061808594
061808333
061808181
06180798
061807356
06180718
061807136
061806a
061806827
0618064
061806270
061806021
061805rc
061805jk
061805h
061805b
061805adam
061805881
061805689
061805524
061805188
061805100
061805051
061804ts
061804bb
061804692
061804576
0618041
061803834
0618036
061803398
061803157
061802772
061802470
061802239
061802032
061802003
061801632
061801467
061801123430
061800906pkj
06180065
061800542+07189
061800250
061800164
061800024
0618*QUEENV
0617urin
0617serr
0617oliver
0617m0617
0617killjoy1979
0617jaw
0617inaminute+
0617gilbert
0617fm
0617denise
0617cr
0617boys
0617anc
0617Vinnie
061799aa
0617999
061799647
061799189
061797mhine
061797519
061796ph
061795t
061795chin
0617956
061794l
061794A
061794942
061794725
061793lini
061793aaa
061793923
061792t
061792ac
0617923
061792093
0617917
061791426
061791069
061790e
06179005
061789s
061789et
061789741s
061789502
061788holy
061788974
061788313
061787992
061787531
061787076
061786mj
0617868524
061786144
061785978
061785305
0617850807
0617842494
061783636
061783129
061781n
061781684
061781209
061780brb
0617804808
061780203
061778701
061778330
0617778042
061776850
061776604
061776364
061774955
061774314
061774045
061773400
0617733223
061772mas
061772193
061771499
061771333
061770qh
0617700898
061769boy
061769371
061768915
0617685758H
061767gh
061765885
06176542386
061762761
061762416
061761202
061760557
061760
061759592
061759137
061758892
061758748
0617581721
061758
0617578963
061755924
061755519
0617545377
061754397
06175428
061753260
0617527619
061752707
061752093
061751180
061750987
061750662
061750
061748213
06174749735503
0617457
0617446
06174378
061742416
061741915
061740860
061740124
061739lovem&p
061739380
061738801
06173699852
061735826
061734866
061734063
06173387
061732617
0617316789
061730417
06173025
061730081
061728972
061727762zx
061727421
061726544
061726078
061725943
061725851
06172547
06172525
06172487
061724438
06172427
061724079
061723732
061723470
061723380623
061723046
0617223
061722177
061721942
0617218f
061721525
061721067
061720801
061720242529
06172010
06172008
061720000
061719997rr
06171990deads
06171978
06171973
06171970
06171966
06171958
061719141
06171899
061717778
061716363
061716
061715899
061715123
061715
061714474
061714277
061713352
061713264bb
06171217
06171177
06171147
061711359
06171128
06171116
0617106061
06171020
061710070
061709918
061709194
061708teamobby
061708537
06170816
061707062
061706rj
061706jh
06170665
0617062813
061705ken
061705095
061704859
061704661
061704318
061704223
061703av
061703054
061702348
0617021
061701fm
0617014j
06170114
06170088
0617-nino
0616zay
0616uuummm
0616trst
0616rr
0616nc
0616mg
0616jp0616
0616fernando
0616dus
0616clb
0616cel
0616ange
0616abbie
0616REDmo
0616995
061698lr
06169853
0616978926
0616972366
061696k
061696955
061696708
061696229
061695r
061695619
061694kayla
061694AMRE111008
061694170
061693gemini
061693632
0616933005
061692anne08
061692J
061692914
061692476
06169212300
061691bt
061691926
061691537139
061690vb
061690606
061690258
06169*
061689wd
06168919
061689158
061688surenios213
061688rd
061688hans
06168857
0616881435
061687s
0616878
06168725
061686857
0616863182527
0616860540
061685n
061684k
0616844
061684106
061683m
061683921
061683607ab
0616833937
061682yeah
061682921
061682152
061681979
06168159
061680z
061680212
061678622
061678278
061677ij
0616771516
061676147
061674800
0616741981
061673910
061673610
061673186
061672867
061672513
06167245
0616721
0616719eyr
061671980
061671785
0616714
0616708928
061670015
061669866
061669630
06166929
061668443
061668312
061668233
061668
0616676
061666995
061666905
061666618
0616661300
061665185
061664742
06166440
061663387
0616627
0616622910
0616622666
061662197
061661842
0616615801
061660065
061659970
061658400
061657213
061656695
061655526
061654788
061654107
061654
0616530
061652640985
061652
061651756
06165118
061650
06164kgs
061648376
061648180
061647
061646721
06164669270238
061645954
061645745
061645126
061644582
061644407
061644315
061644006
061643978
061643904
061643872
061642933
061642792
061641975
0616419
061641620
06164063
06164027
061639196
061638441
061637728121994
061637033
061636w
06163672
0616364
061635688
061635164
061635
061634011
061633361
061632846
06163271648
061632428
06163212
0616319
061631512
0616311878
061630910
061629cmj
061629767
061629195
06162808
0616280104
06162728
0616265209
06162636
06162631
06162607
061625479
06162541
06162525
06162518
061625
061624516
061624078
061623662g9o
061622620
061622111
0616212728
061620909
061620329
06162024
061620191
06162009
06162005
061620046
06162002m
06161997r
06161994r
061619935
06161992bd
06161989t
061619855
06161967
06161965
06161956
061619281
061618462
061618047
061617469
061617230
06161719
061616209
061616002
0616152
061614909
0616148
0616145110
06161425
061614196
061612B
061612823
061612784
061612269
061611732
06161147
061611061
0616110527
061610266
06160929
06160919
06160801
061607wkl
061607j
061607552
0616073516
06160724
06160712
06160709p
061607...
0616068221
06160616r
06160610
0616060121056
06160601
061605sb
061605669
061604a
06160430
06160421
061604008
061603ml
061603829
06160345
06160312
061602p
061602556
061602236
061601gc
061601a
06160183
061601146
061600e
06160031
0615xx
0615sm
0615rm
0615mich
0615mari
0615lr
0615laura
0615june
0615forever
0615dw
0615de
0615bday
0615anniv
0615aa
0615Jake
0615Hometown
0615BNL01
061599670
061599165
0615989
061598498
06159813
06159799
06159727
061596la
061596jr
061596990
061596575
061596270
061596103
061595jun
0615957
061595024
061594nb
061594b
061594JLC
061594721
061593tw
061593s
061593j
061593590
06159342386413
061593150
061593114
061592r
061592315
06159210
061591l
061591ASH
061591408
061590ju
061590c
061590371
061590003
061589s
061589S
061589721
0615891187
061588996
061588663
0615884154
06158818
061587j
061587deveonah
061587217
0615866
06158596
061584c
061584231
061583394
061582814
061581j
061580905
061580573
061579s
061579736
061579353
0615786537
06157861
061578002
061577727
061577136
061576544
0615761
061575084
0615744
0615741250132841
061573887
0615713
06157031
061570186
06157
061569904
061569578
061569306
06156878
061568152
061566p
0615664956
061566055
061565330
061564356
061562383
061562
061561310
061560704
0615601326
061559i
061559505
061559420
061559
0615581
061557079
061556980
0615567295
061556525
061556234
061556031
061555493
061554794
061554640
061553146
061552343
061551073
061550627
061550556
061550271
061550
06154a
0615497
0615483jmn
061547988
061546830
0615466
0615460j
061545582
061545
0615446312#1
061544451
061543753
061543
0615429120890
0615423100
06154226400
06154197
061541644
0615410
061540578
061540223
061540
061539
061538239
061536952
0615361223
061535365
061534766
061534111
061534
0615335219
061533200
061533
061532211
061531831
0615314746
061530389
061529660
061528dad
061528030
061527835
061527474
061527273
061527130
061526843
06152660363
061525505
061525446
061525
061524493
06152433
061524195
061523940
061523523
061522986
061522909
061521699
0615214
061521207
06152075
061520397
06152013
06152009
06152006
061519kk
061519930
06151989kb
06151988c
06151987l
0615198700329
06151986a
0615198600448
06151982
06151972
061519678
061519564
061519508
0615193a
0615178875
061517588
0615172629
0615171983
061516679ton
0615164750
061516246
061516181
061515813
061515410
061515
061514721
061514320
061514284
061514144nok
061514
0615136899
06151336V5r1llb506
061513241
06151288
0615123456
06151223
06151212
061512046
0615116991
061511455
061511
06151057
06151010
06150lun
061509609
06150915
061509020
061508hey!
061508JM
06150858
06150825
0615081987
061507p
061507770
061507719
0615074
06150704
061506mh
06150683
06150624
061505a
06150512
06150479
061504620
061504507
0615041177
06150404
061503cje1018
061503314
061503127
061502ss
06150288
061502555
0615025
061502209
061501ry
0615018926
06150131
061501165
06150103
0615007
06150047
061500432
0614wendyb
0614soccer
0614niaps
0614ms
0614love
0614jess
0614ev
0614dan
0614amor
0614JI
0614DDD
061499mi
061499806
0614985
061497idk
061497870
061496mc
061496908
06149610
061495j
061495a
061494A
061494708
061493jjg
06149303
061492mja
0614927720
06149222
061491tdj
061491a
061491951
061490w
061490j
061490e
06149018
06149000
061489jl
06148993b
0614892
061488l@tino
061488M
0614882109
0614880174
061487jl
061487EMILIO07
061487891
061487796
061487164
061487129
061486te
061486912
061486172
061485f
0614858
061484washinton
061484k
061484c
061484719
061484316
061483ek
061483598
061483471
061482D
061482067
0614813668
061481083
061480bebe
061480637
061479s
06147953
061479240
061478518
061478090
061477mb
061477259
061475ag
061474533
061472803
061470515
0614701017
061469490
061468320
06146773
0614666
061466311
061465813
061465318
061465135
061465
06146486647
061464741
061463568
061463
06146259
06146186
061461306
061461266
061460wag
0614607
061460260
061460
061459824
061459535
061459
061457d
061456439
061456116
061455569
0614555478
061455
061454252
0614538
061453
0614528889
0614521796
061451935
061451615
06145141
061450752
061450614506145
06145008282
0614496774
061448818
061448640
061448377
061448203
061447405
061447
061446130
061446025
061445852
06144563
061445111
061444634
061444231
061443355
061443280
061442657
06144241
061441682
061441090
0614407623
06144074
061440046
06143az
061439
06143866
061437966
061437502
061437164
061436251
061435486
061435037
061434432
061434345
061434036
061433836
061433525
061433375
0614333
061433100
061431783
06143058110
061430156
061429690
061429170
0614286
0614282698
061427675
06142690
06142648
061426170
061426
061425741
061425272
06142511
061425
061424543
061424035
061423698
061423595
061422947
0614226559
061422138
061422009
06142151
061421198
061420511
06142006P
061420029
06142001
061419971411
06141993t
0614198890
06141984ad
06141972
06141967
06141960
061419422
061419227
061419043
06141828
061418232
061417mom
0614178820
06141724
061416697
061416253
061415517
06141521
061415189
061414805
061414589
0614142485
061413c
06141389024233
061413
06141285920
0614112007
06141110
061411077
061410799
061410367
0614100
061409642
061408mm
061408847
061408686
06140830
061408143
061408070
061407629
06140722
06140707
061406nm
061406love
061406383
06140624
0614061986
0614060820
061406025
061405louis
061405LOUIS
0614059637
061405581
0614054022
0614050940.sago
061404j
061404713
06140418
06140403831164
061403h
061403as
06140320
061403124
061402c
0614025oc
061402097
061401417
06140113
061400lee
0614003021
061400243
061400068
06140
0613xmen1975
0613ty
0613s76
0613psc
0613palomadeamor
0613mkl
0613lynz
0613joeimyr
0613jn
0613hell
0613co31771992++
0613bp
0613avani
0613andrea
0613ab
0613ANTHONY
061399577
061399133
061398b
061398102
061398024
061396bb
061396232527
061396157
061395rock
061395chivas
061395704
061394mnm12
06139495
061394639
061394600
061394133
061393k
0613933665
061392k
0613929123
061392826
061391jk
06139192
061391101
061390h
061390ad
06139059
061390166
0613900
0613899
0613894
061389061
061388688
061388329
0613881875
061387f
06138750
0613870805
061386893
061386629bew
06138626
061385p
061385536
061384973
0613848
061384490
061384032
06138377
061383565
0613827red
061382056
061381799
0613814164
0613811908
061380a
0613806m
061379h
0613798
061379755
0613791
06137896
061378363
0613777961
061377596
061376ldg
061376645
061375697
061373998
061372jcm
061372406
0613720735
061371783
0613711719
061369853
061369459
061368650
061367d
061367805
061367473
061367071
061366m
06136693
061365663
061365245
061364607
061363449
061363183
0613627
0613620364
061361b
061361660
0613614041-m
0613611515
061360211
061359756
061358265
06135691
061356819
061356152
061355050
061355
061353808
061353428
061353193
061353003
061351629
0613512026123
061350mh
061350
0613493
0613488
061348481
061348
061347616
0613473989
061346975
061346788
061345609
0613453558
061345
061344677
061344408
061343755
06134340
0613421354
06134207
0613417
061341427
061340390
061340
061339466
061339
0613385553
061337833
061337544
061336441
0613355241
06133515aq
061335
0613344
061333653
061333497
061332649
06133235
061331880
06133121
061330632
061330141719
061330034
06133
061329423
061329239
061329043
061328941
061328384
061328107
061327080
061325461
06132528
06132523
061325178
061324929
061324562
061323552
06132310j
06132289
06132242892
06132229
061321832
061320669
0613201489
061320116
06132006
06132
06131993k
0613198920
06131985aa
06131973
06131966
06131957
061318668
061318081
061318038
061317747
061317282
0613168168
06131625
061316024
061315711
061315257
061314560
06131425
061314171
061313380
061312993
061312564
06131222
061311414
06131122
06131101
0613109
061310472
061310106J
061309400
061308ok
0613086
061307w
061307930
061307293
06130722
061307188
061307094
061306mym
061306EC
061306565
0613061s
06130613y
061306038
061305593
061305210
061305004
0613043263
06130417549/11/19
0613040
061303t
061303l
06130384
0613035380
061303029
061302jr
061302626
061302304.085
061302188
061302006
061301iobb
0613015
0613013299
061301183
0613007
0613006
06130025
0613-4
0612vicky
0612tony
0612skfe
0612sa
0612popo
0612oat
0612mracker
0612moi
0612mc
0612mariu
0612klb
0612kidd
0612kc
0612jt.
0612jeremiah
0612isabella
0612fdcopg
0612emellia0612
0612eelhsa
0612dicte
0612date
0612cookie0612
0612cata
0612bebo
0612ave
0612ar
0612aerialerica
0612a1025k
061299ss
061298j
061298aa
0612983445026
061297664
061296t
061296939
0612962830
061295v
061295k
061295P
061295829
061295368
061294975
061294409
061293zzz
061293mu
061293jhm
061293TI
061293!plk
061292a
061292757
0612924631015mvhkyt
0612924-1
06129215
061292**tom
061291BART
06129191
061291708
0612914
06129112669
061290wc
061290jade
061290adan
061290Sjclcm
0612907
0612906
06129029
061290171
061289yr
061289oma
061289jm
061289cs
061289anmag
061289506
06128915516
061289131
061288ss
061288juanalejandro
0612888
06128855
061288526
0612882799
0612880717
06128803
061287lb
061287j
061287969
061287270056
0612871092345678
061286d
061286984
061286465
061286070505
061286++
061285bhe
061285ap
0612858664
06128520
061284kim
061284amorchi
06128405
061283jn
061283cmokavac
061283866
061283465
06128336
061283061283
061282h
061282a
0612822209860303
061281ss
061281966
061281775240629
06128122
0612811509
0612810110
06128091700
061280804
06128050
061280009
061279mmd
0612797
0612793
061278j
061278685
06127809
06127774
06127743
0612766
061275d
061274marcora
061273cr2
061273859
061273397
061272dlimys
0612725285
061271r
061271278
061270600
0612692
061268658
061268529
061268011
061267467
061266215
0612656
0612654231
0612652
061264754
061264604
06126401
061263778
061263470
061263181
061262904
061262109
061262088
06126147JOAN1998
061260737
061260334
061259j
0612598
061259573
061259256
061259037
061259
06125769
061257129
061256716
061256610
0612563
061255265
06125487ma
0612547440
0612538
061253
061252408
0612521278
061252
0612518766
06125149
0612510006
061250724
061250296
06124mah
061249930
061249845
0612488
061248036
061247749
0612469992
061246702
0612466029
061246008
061245m
06124561
061244051
061242515
061242146
0612411
06124086
061240452
0612400806
06124
061239780
061239614
0612389842
061238036
0612374
06123635
061236297
061235966
061235416
061235258
061235201034
061234tc
061234640
061234481
061234+
061233770
061233670
061233357
061233117
061233020234
0612329
061231745
061231650
0612312305
06123109
0612309
061230512
061230369
061230309
061229729
06122965
06122934425367
0612291600
061228617
0612281606
06122786
061227600
0612269318Q
061226061226
06122575
06122537
061225310
06122527may
061225217
06122516
061225143
06122507
06122506
0612247
0612242708
0612233
0612231745
06122309
0612230235
0612230
0612229
06122256001035devil
06122211
06122209
061221985
061221691
0612214654
061220656
06122030
061220165
061220110
06122009
0612200219akp
0612199990
06121994k
06121992jgb
0612199204071984
06121991dani
061219911991
06121990g
0612199017
061219891607
06121989++
0612198855
06121986sk
0612198512052005
06121984111959
06121982a
061219785
0612197750120802285279
06121973
06121969
06121963
061219591
06121953
06121950
06121938e
0612193
06121911MJM
06121903
0612187922
0612183
06121798
06121787m
061217075
061216741
0612156
061215263
061215119
06121430
0612142063
061213641
06121319
06121310
0612129
061212811
061212260
061212203
06121212
0612117734
06121123
0612111
0612101979
061210017
06120987
0612097
0612094
0612092
0612091
061209061209
061208905
061208314
0612081135
06120808061980
061207w+vtlv
061207mn
061207LOVE
061207353
061207266
061207099
0612070216
061206schatz
061206dhs
0612062874
0612062532
06120606
061205mose
061205maysun
061205df
0612052985
061204zp
061204mnl
061204727
0612043493692
0612041991*
061203sp
061203937
061203898
061203084
0612030475
061202ty
0612029441
0612028
061202384
061201jeci
061201dani
061201901
061201366
0612011
061201011
0612008
06120060182
06120054
061200298
061200152
0612-0915-0211
0611willy
0611tm
0611sucks
0611spoil
0611sa
0611rahma
0611pim
0611nan
0611met
0611love0201
0611jr8886
0611jordan
0611jn
0611ismyfave#
0611herring
0611fm
0611f456arah
0611cd
0611be
0611atom
0611_scorpio
0611MeM23
0611ESME
0611A1003
061199jr
061199dv
061199692
061199310
061199260
0611992
061198w
0611989
0611987v
061198369
0611982
061197s
061197a
061197874
061197796
061197156
06119671
061196305
061195l
061195960
061194e
061194bj
061194440
06119413
0611940012
061193r
061193e
061193762
061193642
0611930
061192bak
0611924
061192253
061192135
061191steoc
061191s
061191nicteHA
0611919
06119177*
06119138
0611911
061190lozzy
061190e
0611907972013
061190229
06119015
061189tamopk
061189d
061189974
061189220
061189117
06118907
06118903
061188o
061188bv
061188797
061188540
061188277
061188150
061187dmc
061187973
061187765
0611875
06118739
061187162
061186e
061186682
061186403
061186195
061186010586
061185pk
061185mark
061185Y
06118585
061185593
0611852007
061184p
061184817
061184554
06118406Km
061183n
061182waldy
0611828758
061182704
061182501
06118213
061181v
061181carim
0611816J
061181229
061180P
061180629
061180076
061179DMK
06117985
061179576
061179188
0611788
061178471
061178249
0611782
061177339
061177141
061176S
0611767
061176651
061176425gotz
061176117
061175370
061175149
061174590
061174298
061173876
061173478
061173144
061172945
061172633
06117211
061171a
061171434
0611713
061170526
061170161jib
061169821
06116970
0611690037
061168KO
061168599
061168312
061167844
061167564
061167035
061166l
061166857
061166728
06116644
061166354
061166005
0611655
061165428
061165248
061164616
061164128
061163843
061163646
061163400
061163062
061162932
061162782
061162383
061161W
0611618J
061161536
061161402
061161
061160795
061160629
0611604598
0611602771
061160043
06115com
061159970
0611590915
061159025
061158d
061158644
061158384
061157985
061157501
061157286
0611571400618952
061156z
061156630
061156466
061156219
061155740
0611550813
061154696
061154492
061154470
061154136
061153871
061153315
061152707
061151621
0611513343
061151068
0611507cocorito
061150662
061150552
061150069
061149832
061149
061148709
061148544
061148309
061147869
061147411
061147297
061147110
061147
061146841
061146396
061146360
061145802
061145658
061145003
061144751
061144524
0611437
061143599
061143009
061142702
061142414
0611423
061142106
061142
061141638
061141518
061141379
061141136
061140dm
061140880
061140783
06114043
061140237
06114
061139585
0611391791
061139
06113811
06113775745
061137389
061136334
061135710
061134paign
06113457
061134179
061133447
061133375
061133303
061133058
061132888
06113200
0611314642
061131217
061131119
061130681
0611301055057
06112mn
061129iydot
0611298
061129310
0611293
061128d
06112829
061128054
0611277
061127517
061127226
0611270
061126292
061125732
06112550
06112537123
0611253020
06112529Nuyy
06112524777
0611252206
06112514
0611250925
061124su
0611247179
06112405
0611237091
061123680
061123358
061123091970
06112263pha
06112215
0611220206
061121990
061121561
0611212
0611211
061120424
061120041412abc
06111999*
06111994_
06111993tj
06111993pelaez5
061119920
06111988amk
06111986!ibo
06111984rambo
06111984i
061119830
0611198116177946g
06111974yv
06111962
06111956
06111954
06111950
06111923
061118848
06111823
06111708
0611170
06111687
06111658
0611162339
061116
0611152
061114673
06111417
061114105
061113858
06111353
061113400
06111319
06111312
061113
06111228
06111224
061112103
06111208
061111844
061111520
061111201
061111105
06111106
0611107
06111045
061110258
06111010
061110009
061109800
06110971
061109383
06110903
061108804
06110829
0611081726
06110808
061107tlv
061107m
061107g180
061107MOH
061107860
061107097
061106love
061106MYL
06110688
0611067
06110643242
06110611hl
061106-061107
061105lj
061105g
061105baytyleo
061105583
061105421
06110508sue
061104935
0611045242
061104411
06110411
061104058
061104030
0611039
06110333
061102915
06110210
061102001467351
061101ff
0611016
06110152+panda
061101467
061101075
0611010250
061100873
061100542
061100339
061100163
06110009274
061100--
0610yandel
0610ty
0610skate
0610ryj
0610rp
0610peace
0610nica
0610montse
0610mint
0610mari
0610lizleon
0610linder
0610jym
0610jr
0610jess
0610irfan
0610gua
0610fyjferteamo
0610ers
0610dj84
0610dahianna
0610ciara
0610callum
0610ben
0610bc
0610alex
0610abc0423
0610PA
0610Callum
0610;brodie
061099956
061099502
06109900
0610984
0610982500
061098056
0610977302806
061097084
061096AK
061096773
061095mel
061095614
061095333
061094paramore
061094jtm
061094_
061094776
0610940709921513
0610940
061093m
061093861
0610933
061092s
061092j
061092b
061091birgit
061091924
061091177
0610911292535
0610910
061090rs@"
061090jorge
061090abnersese
061090G!
061090703
0610905782
061090425
061090118
061090003
06108palace
061089laura
061089aj
061089FTTBA
061089848
06108917647
061088jeff
0610889s
061088618037
06108797145932
061087372
06108709
061086aa
061086696
061085j9
061085714
0610851100
0610850073
061084968
0610847
0610840940
061083mrk
061083320
061082s
0610829
0610825lm
061082302
061081a
0610819700
061081206
061081068
061080stor
061080a
061080702
061080550JjB
061080065
061079wc
061079d
0610797352
061079594
06107900
061078424
061077suigeneri
061076655
06107470
061073815
061072hb
061072531
061071073
0610708802nu
0610707411
061070659
061069619
061069122025736076
0610689
06106830
061067b
061067556
061067149
06106578803
061065470
0610651
061064774
061064363
061064103
061063178
0610630120654
061062562
061062412
061062
061061495
061061357
061061167
061060494
0610601184
06105ct
061059
061058375
0610580
061057276
0610559
061054149
061053489
061053318
061052A
061052
0610514
061051178
06105025
061050005
061049721
061048845
061048
061047395
061047291
0610470014
061046267
061046235
0610460144
061045986
0610454485
0610453001
061045170
0610450441
0610443651
061044
061043278
061042ah
0610425
061042
061041704
061041405
061041134
061041051
061040150
0610400
061039k
061038877
06103832
061038061038
061037710
0610374302
061036920
061036061036
061035330
06103525
061035018
06103442
061034246
061033667
06103343
0610327
06103255
061032307
0610320079
061031yok
061031682
06103125
061031152
061030881
061030474
061030409
061030188
0610300570
061029208
061028785
06102850
06102830
06102815
061028066
061027cp
061027574
061027288
061026LAURA
061026550
061026142
061025joke
061025895
06102550
06102541
061025387710
0610253450
06102532m
06102528+
0610252493
06102520
06102516
06102509
061025059
061024775
061024505
06102434
061024010
0610238606
061023485
061023410
0610231914
06102287
061022607
061022369
0610222
0610221992
06102211
06102207bl
0610220126
061021968
0610214264
0610213398
06102113
061020967
06102051
061020248
0610202
06102008i
061020061325
06102001YENNY
06101999tomas
06101995rf
0610199220
06101991e
06101989k
061019882531
06101985jaimesjhp
061019853649
06101983913
06101982acm
0610197
06101966
06101960
06101956
06101952
06101929
06101898
061018334
06101815gr
0610179
061017786
061017610
061017160
061017064
061016330123
06101612
06101602811
06101503
06101408
06101403
0610137
06101325
061012axstlvhtlm
0610123
06101213
06101208
0610117alexa
061011578
0610115261151
0610113201
06101110
061011061011
0610110118
06101030
061010204
061010018
061009379
061009033
061008@b
061008930
061008310
06100821
061007k
0610079potol
0610078
061007631
