644041
6440383
644037669
644034743
6440329
6440318
644030595
6440294
6440291
6440266
64402341
6440204
6440165
6440149
644013
6440125
6440116
644010203
6440065
644006012
644004
6440017314
6440004
644-6661
643yourout*
643weslley
643qdrk
643oooo
643ngf
643king
643harrison
643east
643deeva
643bucks
643arayat]
643a20c1429v
643JUNE
643BURLINGTONST
64399yeier
643997128793
64399162
643988asp
6439883
643987
6439863
643985
643984
643982
6439783
6439754
643973
64396xers
643968491
64396528
64396439
6439635
6439619
6439599
643957105
6439557
6439537
6439521me13
6439518
64394548
6439410022
64393955
643938
64393438
643931392
64392868
643924
6439235
6439220
64391J
6439182
643913
6439116
6439071c
6439047
64390348
643903
643900
6438sh
6438gpvof
6438983
643897
643892856
64389105
643890
643888
6438870
6438857349
6438808
64388
64387852323454
6438732
6438713
6438707
64386900
6438675599
6438643305
64386303
6438612
64385ab
6438575
6438547
6438535
643850
6438464848
643845506964
6438429
643842
64383gfez
64383591
6438304
643830
6438291
643828
643826
6438242
64382340
64382072515974
643818
6438177
6438150
64381317
6438104
6438093
6438076
6438052l
643801
6437kate
6437DENKA
643799321
643796
6437918250
64379103
6437901m
6437889d
6437881
6437856
6437824
6437805
6437788
6437752micasa
6437734
6437722
6437705
6437634
6437627147B
643759j
6437563
6437537
6437516
643750
6437484
64374803
643747
643741
64373qvkth
6437396
64373711
6437356
6437349
6437311
643727
64372203
6437217
6437195
643717
643715
64371350323
6437123
6437111
643710836
64371
643709
6437044
643700
6436pn
6436hh
6436955
64368952
6436879
643686
64368389
64368048
6436799
643677
6436761
6436716
643670
643667
643666
643664
6436621mitsi16
64366167
6436604
6436565
6436561
643655
6436547
6436546
64365
64364803
64364770
6436471
6436463
6436443
6436435
64363ehucn
643638643638
6436376
6436351
643635
643632
6436311
6436262
64362459
6436233
643623
6436212
64362
6436191
6436172951990
643615
643612
6436116
6436070
6436041
64360265
643602
6436
6435yr
6435n2
6435lanman
6435jp
6435hb
643599
643595
6435941
6435923
6435920c
643590
64358866
643586
6435854
6435831
6435807
64357949
6435781173
6435780
6435761
64357534
64357188
64357
6435690
643567
6435663
6435643
6435613
6435609
64355842527
6435581
6435577
643555s
6435540
643548
6435435.
64354237
6435404
6435402*03
6435379
64353553
6435282
643528
643527
6435264
6435251
64352378
643520800
6435203
64351987
6435193
6435181456
6435171
643514
643513
64351222sjs
643511
643510344
6435092
6435073
6435060
6435052
6435040
6435016
6435001
6435
6434948
643492
6434903y
643489024
6434886727
6434873
6434861
6434838
6434812
643480
64347985
643476m
6434737
643472
643469
643466
6434636
6434617
6434610
6434606
643459
643455
6434533
6434530
643451
6434503
6434490
6434489
6434465
6434434
6434429
6434414
643440c
64344
64343mary
6434370
643434611
643433535
6434309
6434285
64342812
643427
6434257
6434228
6434213
6434211
643419
6434181
6434161
64341586
643414
643411
6434078
6434066
643403901
6434019
643401457
6434010
6433diana
6433blue
64339986
643399591994915
6433987
6433943m
6433936
64339315
6433919
64339008
643386
6433845
6433828
6433823mm
6433807
6433768056
6433709
6433704
64336vee
643367
643365
643364
643362499
643360
6433583
6433580
6433578
64335600
6433546
6433537
6433513
6433502
6433468
643346
6433431
64334253
64334200
6433411
6433389
64333
6433292
64332806
643325850
6433251Q
6433247
643323416
64332289
6433219
6433214
6433200
64331969
6433181229
6433168sw
6433146
64331293
6433114
64331021
64330860
643306dj
6433028
6433001
6432oo
64329bclk
6432984
6432975
6432935
6432916
643289270
643284
6432832a
643281a
6432814
643280664
6432795
64327611
643271
643269
6432668
6432658
6432643213
6432624
64326176
643261
6432591
643258
643256
64325513
6432519
643248606
643245537
6432432
6432390d
643238799
6432381
64323414
6432321
6432304m
643228294
6432259
643224665a
6432235
643222187
6432208
64321c
6432182
643217786
643216842
643216163264
6432147
6432123
64321122
6432103
643210
643207573
6432045
643202817
643202
6432000
6431r
6431mjmm
6431dig
6431arno
64319831
6431977
643197030507SANTI
6431963
6431944
6431912315
6431898
643189484
6431886
6431876
643187
643185518
6431846
643182205
64318
64317929
6431743
643172
6431683
643167
6431645
643163326a
6431620
6431539
6431525
643151
643148
6431466
6431451
6431437
643142
64314163
6431405za
643136
6431324
64312974442563modelo
6431292
643126
64312588
64312513
64312496
643123
643121780j
643120
6431163012262
6431153
6431131
6431105
643108686
643108258
643107357a
643106158
643105
643103
6431022
64310177210091987
643100010
6430scmm
6430may
6430le
6430cj
643097
643093887
643093
6430922
643091
643090316
64309
643089
643085
6430780
643077076
643076277
643074908a
643074
643072650
6430712
643071
643068
643062
643060
6430595
643058c
6430581
6430570
643054596
6430527
643050775
643048
6430411
643039913
643036931j
64303480
643033976
6430321
6430307
64302a
643027
6430233
6430226
64301998
643018
6430171a
643012348
643011918
643011789
6430113
6430100
6430095
6430076
6430061
6430013
643-05-6071
642xhwdm
642viper
642syuz
642sha
642paturry4269
642nzfas23
642neko
642love
642jtjb
642ilovliz
642hii
642fero
642etncr49
642cpr1
642cas
642amboy
642aam
642a5ae0
642Acissej
6429oaykb
6429barron
6429MB
6429965
642994
6429904
642988406
642986
6429830
6429824
6429813
6429789
64297386429738
6429723
6429710
64296zdoke
64296710
642966
6429619
64295PG
6429564
642953187
6429517
64295
6429466
6429412
6429408
6429390
642937
6429366
6429339
6429319
6429273
642924
6429219
642920
6429167
6429143
642911
6429106
6429099h
6429066
6429039
642902
64290
6428perry
6428chidori
6428ae
64289JRE
642899
642898
642897
642895173
6428946
642891375
64288k
642887
6428864
6428833
642881
64288
642879
6428777
6428745
64287212
64286hwy41
642869
642865
642864286428642864286428
642864286428
642864285
642864
642862
6428601
642859137
64285797
6428556428
64285475968
6428545
64285386
642851982
642851235
6428463
6428442
64284...
6428365
6428351
6428332
642830
6428255
642824
64282144177
6428202
64281986
6428180
6428170395
642815
642814
6428129
642812
6428115
642810TL
64281
642809
64280804
642806
6428048
642802
6428008
6427mieun
6427_1436
6427985
642796
642795
6427920
6427903
642788771460
642786pa
6427844y
6427813481
64278
6427767486876
64277097
64277061975
6427690
642764273
64276312
642760a
642760
6427588
6427530
642752464
64274773
64274321
642742
64273552
642731Y106324
64273
6427240
6427216
6427180
6427143
642713560S
642713
6427109
642708
6427075123
6427045
642702
6427011
6427
6426miam
6426ira
6426faith
642699o
642698
6426968123
6426954
642693287
64269133
6426908
6426900
64269
6426850
642683
64267j
642678
642676
6426713
6426702
6426675
6426639
64266246
6426604
6426599mikee
6426582
6426573
6426553
642653nm
642653eddie
642653F
64265382
64265372326
642653266
642651
642650241
642648
6426441855262
6426434
642642642
6426415
64263qzrhc
6426384
6426361
642635
6426340
6426323
6426292
64262667826
6426244
6426211
642620
6426179
6426152
6426121
642611218503
64260whwssdfn
6426078
642603
6426003
6426*34262
6425pl
6425mick
6425jmo
6425h
6425cd
6425bong
642599
64259721
642596
6425959
6425954
64259520
6425938
6425923
642591983
64259036425903
6425900
64258620
642582
64258122
64258
6425776
642577
642576
6425756
6425734
64257293
64257152
64257
6425666
6425654
64256425m
6425632
6425626
642561
6425608
6425592
6425568
642556
6425552
6425544
6425539
6425526379
64255208
64255191
6425512
6425504
6425500
64254713
6425462
642546
64254584
642545493
6425443142
6425435
642543.008
642539red
6425397
64253905
64253850
642538176v
642538
642536457
64253614
6425336
6425324
64253003
64252smckb
6425286
64252635
64252445
6425223
64252
64251805
64251731
6425163
6425158
6425143
6425137
64251319
64251232
6425108
64251
64250996
642507
6425045
6425029
642502
64250
6424ngai!
6424iza
6424elle
6424clarks
6424cad
6424994halil
6424991
6424974
642496
6424948
642492
642488a
64248807
6424852
6424823navin
64247906
6424787
642476
6424748
6424734
642472
6424706a
64246865
6424663
6424657
6424644
6424614e
642461
64245lis
6424597
6424565
642455
6424534
6424527
6424516
6424491
642449
642448
6424433
642442
642438
6424362
64243586
64243553726352
64243553143
6424355
6424352
6424341
6424329b
6424327
642432594c
64243206
6424308
6424294
642427108
642424l
6424242
6424236
6424235j
642423566a
642423525
642423065
642422
6424207
64242
6424194
6424168
642415
6424143
642414+
64241204
64241106cd
6424103
642408
6424071
642403790
6424016
6424004
6424
6423srd
6423ed
6423990456
6423976
6423951
64239081
64238p
64238621
642384
6423828
6423816
642379
64237449
642374
6423708
642370
642369576
642367
6423666
64236519
642361
6423598
64235852
6423581a
6423578brigitte
6423571
6423561
642353
6423518
642351
64235
642349749
6423494543
6423488
6423459
64234475
6423415
642340s
64233902
642338
64233464
6423330
6423314
642331
642330
6423288
6423282
642327220v
642327
6423264
6423257
642323643jb
642323
6423214
6423204
64231a
642318724
64231605
6423158
642315*
6423109
6423095
642308567
6423068
642302FATIOS
6423024
64230144
642300
6423
6422cm
6422ah
6422993
642298
64229766
642292
6422910
64229
642288
6422863
6422830
6422819
64228122
6422787k
64227542
6422742
6422715i
6422690
642265n
6422633
6422624
6422617
642260
642258
6422540
6422531
6422514
642248278
6422466
642246
6422445
642243909
642239aimar---
6422378
642236
642235
6422334
6422323575
64222i0
642228984
642228
64222787
6422266
64222549
642224l
642223
642221678
642220
6422198224
6422194
642217
6422134
6422124
6422118
642210
6422075478
642206267
6422027
6422011704
6422-2049
6421us
6421patel
6421lake
6421e
64219950
642197884
6421969
6421953
6421932
6421923
64218chi
642188932
6421879
642185
6421844
642183388
64218
6421798
64217906
642173
6421717
642170
642168757
642168
64216525a
642163935
6421628
6421624
642161734
6421608k
6421595
64215846562321q
6421574
642154
6421530
6421520
642150a
64215
642148
6421472
64214540
642143433
642142312i
6421415
642141103
6421379
642136
642135chgp06siam37
6421353
642132car
64213065
642129527a
6421289e*
6421265
6421262
6421251
6421240
642122652
64212177
642121439
642120
6421187584
64211447753
6421130
6421125
6421103
64210bidart
642107812
642104618s
642104
642102252969
6421020
64210134
6421007
642100
6420s6420
6420nh
6420fun420
6420asil
6420Drake
642097benito
642096
642094547
642093569
642093488
6420925
64209150
642090756a
642090
6420885
642088
6420854
6420817
642078999
642078561
6420725
6420709me
64206996
6420687
6420653
6420640
64206260
6420611
642057
642055360
6420548
642053544
6420525_d
642052260
642049
642046
642040s
6420389
642036
642033
642031481
64203
6420280
6420263
642026
642021
64202008
6420187
642016742
642015553
642014
64201350
6420127O
64201234
642010turtle
642008alex
642007farmy
6420074
642007
6420061
642005gaf
642005 Archie
6420031973
64200193
6420/*s
642-8204
641xavmav
641sunryze
641slapsuall641
641mrnj
641kkc
641joy987654321
641hayriver
641chiho
641awp
641^$!a
6419riehl
6419jan
64199o
6419997
6419989k
6419984
641994xoxo
641994N
641993g
641992_love
641991l
641991E
64199146972309wrb
641990d
64198989
6419885h
64198726
6419856
64198422
641983km
641982gf
641981ceux
6419781
6419751
64197477
6419726
6419725
6419716
64197
6419675t
6419666
6419643
641962
641957
6419563
6419553
6419527
641951
641948l
64194793
641945
641943acuario
641939c
6419334
6419324
6419303
641924ep
6419213
641920
641918cyf
6419171
641914
6419131
641912abril
641911652881
64191072
64190e
641908eml$
641904
64190000
6419
6418ss
6418kgn
6418fain
6418bk
6418970
641895
6418935
6418921tqm
6418919392
6418912
64188812
6418876
64188583
64188258
6418807500
64187K
64187820
641876
6418749
6418713
641868
6418650
6418638
641861408
6418575
64185164
6418501123
6418497
64184800
64184752
6418465
641846
6418452
641840360615
641839
641838
6418345
6418306l
641829
64182774
6418260
641825
6418210
6418204
64181985
641818
6418174
6418153
6418125
641811
641806
641805046
6418046340
641803200
6418005
6418000
6417mk
6417d4135
6417ayg
64179901
6417975
6417945
6417923
64178917
6417874
6417859
641785
6417820
641777
6417701
6417681
641766116
6417627640
64175355
6417522
6417514
6417511
641749
6417448
641744
64174277
6417410
64173810021001
641736
641734825
641732
6417299599
641727
641726794h
6417246
641724
641723
6417202
64171833
6417170
64171317
6417122
641708
641706
6417054
6417035
6417017
6417010912488
6417000
6416jdm
6416967
641691C
6416885
6416835berm
6416799
6416764
6416729755
641671
6416691C
64166533
64166416
641661
6416601
64165975
6416591
641658
6416552
6416541
64165167156951
6416496
6416484
6416482836ecc
6416447
6416442
6416423
6416415588
6416406
6416400169
64164
641636
6416352
6416326
6416298
6416288557
6416277
64162548
64162403
6416236
64161941
641617
641614ap
641614
6416132
6416115
64160742
6416069
6416051123
6416043
641602
641600800
64160
6415fulton
6415995
6415961
6415912
64158646781383
64158321
641583
641582
64158
641579
6415773
641575
641574
6415722
6415701
6415685
6415658
6415630
6415620
64156110
6415606kucai
64156
641553ct
6415535
6415530m
6415513
6415493d
6415478
641546
641545
641540
6415390
641537
64153545448
6415332
6415311179gsl
6415292
641529
64152833
6415277
641526050412
641524
641522
641518
64151716461646
6415171
6415154
6415151349
6415123
6415121
641511
641510
6415089
6415077
6415062
6415052k
64150221
64150136
64150
6414rcheerlen
6414carmiie
64149582
641495
641494
641493
641489c
641487837
6414839
6414787
6414770
6414765
6414748
6414705
6414685
64146478
641464251D
6414639
641462
641461
6414594
6414566
6414534
6414502
64144966
6414487
64144711
641445488
641441JCZL2007
6414403
6414371
6414359
6414336
6414297
6414291
6414285
6414274
641425243
64142412
6414231472
641417641317
6414169s
6414156
641414n
6414143
64141246
6414119649
641411
64141
6414086
64140655
6414056
641403
6414
6413sic
6413mr
6413adb
6413BO
6413982
6413954
641392
6413913
641385909
6413850
641382
64138
6413772789
641375
641372J
641371
641369726
641366612
6413662667
641365695
641364
641361607
6413610
641360a
6413583
6413576711
6413566
6413541
64135241
6413518
64135123
641348
6413454
6413435lm
6413421
64134169164167
6413410
641340
6413335
64133000
641329702577
6413284
641327@@jayzlina
6413268
64132601
6413259
6413254
641324
6413234813
6413208
64131mo
64131820
64131693
64131607
64131506
6413149782
64131295
641312642224
6413122
6413120
641311o
6413109
64130@3423072
64130864
641308
6413062
6413045
6413025
6413
6412si99
6412mooregate
6412kana
6412favi
6412dvd
6412978
64129730
6412955699
6412951262
6412928
64129202
641292
6412912
641288a
641286829
641286283b
641283
64128256
641281328118
6412809
641279kmh
64127836496530
6412783
6412775
641277
64127151
6412701717
6412694
64126889
6412653
641263
641261jd
6412602
64125sxktm
641255
641253
6412514
641251
641249
6412482
6412464124
641244305mg
6412428jae
6412415
641238088
64123789
64123683
6412364123
641234e
641234
641232
6412317
64123086
64123051
6412301
6412274107.
6412263s
6412257
6412236
641221394
641221210
641221
641220853
641219mxd
6412174
641217
6412165
6412159
6412135324
6412125123
64121069sm
6412104a
641210
641208
641205495
64120482
641203412343
641202849c
6412021147
64120190
641200463
6412001
641200
6412
6411tv
6411sauktr
6411r0
6411mh
6411jake
6411glr
6411daro
6411c33
641196
6411934
64119195
641191
641187
64118529
641185047
6411813
6411788
641177
6411747
641174
6411731
6411729
6411713
6411682
641166556
64116415
6411633
64116
641158
641155m
6411519
64115139
641148
641146-+++
6411450
641144a
641143
6411405
64114
64113954
6411374
641135680
641135
64113368
6411309
64113025
64112951
641129
641127249n
641126304
641125180
6411247
641124
6411233
6411217
641121396
641120
641119
64111668
6411161
6411149
6411122
6411111
6411105
64110teamo
641109992
641106531
6411062
641106051
641104
6411028907
641102612c
6411021
641102
641101426
6410tt
6410plb
6410memaj
6410hot
6410adoro
641097311k
6410953
641093kai
6410927
641091539
6410900
6410891tabash
6410875
6410809dw
64107l
641077411
641076277
6410743
641072082
6410715
64107
641067
64106411
6410600
6410592
6410586
641056103
641054
6410539
641052h
6410525
6410511
64105064
641050
6410466109570300
641046
6410420
641040ml
641038
641034208
6410333
641032469
641031846
641030217
641027937
641026
6410251
64102435
6410212
641020789
641019
64101719
641016990
6410165
6410154
641014lxy
6410137
6410129
641010
6410082101
6410060
6410040jess
6410023
64100146
64100
641/2 mustang gt
641-8750
641-1929
640what
640tt2546.
640pph
640nex
640k640k
640j640j
640gs740
640daniel
640asl
640aca
6409ixypu
6409993
6409987
6409977
640995
6409934
6409930
6409894
6409820
640978
6409769
6409759
64097345
6409715
640968608
64096409
6409511
640950
6409491
64094747
6409455kubilay
6409438
64094184
64093m
6409380
6409349
6409333
6409275
64092517
640923
6409216
640919d
6409185
640917
64091229
640912
64091097
640908
64090502
640902
640900bt
64090
6408lingkkbh
6408fallriver
640899
6408979
640896411111
640895
640890000011
64088sloan
640888
640886
6408848
6408845
6408823
64087561
640873
64086zmywi
6408687
6408634
6408628
6408597
64085548
640854
6408513
6408504
64085
6408480
6408420
6408419213
640841
640839Hd1
6408326
6408317
6408305
64082337
6408200
640818
640815
6408146raf
6408139za
64081212
640810
6408088
64080688
6408042
64080215
6407vv
6407bwtck
6407995
640790
6407889
6407870s
640777
640774
6407710
6407698
640766
640761nrm
64076038
640758
640754
64075
640748
6407454300583734
64074397
64073jl
6407375
640737
640731dj
640731
640724
6407224
6407202
64072
6407168516
640716
640712
640710
640708
6407066
6407032
640701
640700
6406slb
6406hpyb
6406baby
640695
640693
640691
6406861
6406811
6406772
6406710
640670
6406678
640664
6406569
6406537
640651212
640650
64064977
6406472
6406455
640644
6406427
640640640
6406364
640632
640630
6406278
640626
640625
64062489
6406200
640616
6406147
6406123
6406081
640606
6406010147
6406+-*/01433369
6405pmrg
6405moriahrun
6405gg
6405brjr
6405DELFIS
640598
6405969
6405933
6405918
6405889
6405839
6405795
6405784
6405751
640574j
6405735
6405710
64056btiiv
6405668
6405626mm7
6405600
6405589
6405565rrb
6405560
640550
640548
640546a
6405453Mm
640545
640542847
6405406589
640535r
64053358
640532
6405310
640527
6405237
6405219
640521
640519
6405169ames
640514
6405116
64051096
6405095
640509
6405084
64050605
64050515
640505
6405036
640501225
6405
6404lu
6404is
6404=bybs
6404986
6404962a
64049312
6404863
64048419213
640482n
640480
64047867
6404774640
640475
6404730
6404672
64046404
640463
640460
6404578
640456
6404536
640451
64044822
6404477
6404467
64044381280
6404409
6404406
640437
6404332
6404313
640430
64042964
640427
6404220
640421
64041970
6404164
64041590
640414
6404122
64041
6404077
640404c
64040345
640403
6404014
640400013
6403sw
6403bob
64039bxgzz
6403948x
6403932
6403924
6403906
6403858
640383510
640379
640378640378
6403766
6403745
6403735
640369648
640364
640355i214997
640355214997
6403518
640347sn
6403452
640345
640344
640342123456789
6403415
6403402psdk-
640339l
640338
64033026401116
640328
640327
640323311
64032007e
640320
640319
640317
6403153
640314
64031080
64031
6403097
640308
640307
640306
6403057
6403031
640301
6402w800
6402ran
6402lucy
6402dad
64029520
6402917
640289
6402889
640285254
6402834
640282391
6402800
6402789
6402773
640275
64027127
64027088111
6402693
6402644
640264
64026282
640261385
6402613641
6402606speedy
6402564
6402507
6402499
6402482
640245627
640243
640241481
640237
6402359
64023452
64023
6402289
6402271
640222802
640222
640221
6402201
640218
64021640
6402138
6402133
6402129
640212
640210704
6402100
640208100
64020682cr
6402056
640203
6402023
6402018
6402007
640200
6401stephen
6401lssd
6401985
6401958
6401922
640191
6401870
640186
6401852p
6401846
640183494
64017993
6401786
640174
6401696
6401695
6401677
640166
640164045k
640164
6401624
640161245
640159
6401568
6401549
640153
6401517
64014rc
640148343m
6401461
640143!!
6401396
6401378
640137
6401351
640133
640132
6401295
6401286
6401262
640123648
6401232
64012216
640121546o
6401205
640118
640117
640115
6401146
64011261
6401105
640110
640109
640108
6401070
64010576
64010542marie
640104193
640103522
640103
64010203
6401013
640100
6400ws
6400watoj
6400ssr
6400iman
6400WS
6400BLOCC
640098564
6400980
640093
6400905
64008l
640088
640084
6400801
640078
6400759
6400756
6400744
640073079
640071928
640070837
6400679
64006510
64006373
64006150
640057997
6400574
6400547
6400540
64005380
6400514
6400501394
6400488
640048
640046
6400430
640042
6400400
640039016
640037067
6400364
640030p
64003
640027
640026
6400238779
640023250
6400225
6400213
640021
6400200
6400192
640019
6400158
6400142
640012c
640012
64001032
6400099
6400081
6400056
6400047
640000G.K.123456789OLYMPIAKOS
6400001
64000
64.231.042.ARMAN
64-cake
64-199
64*jessietica*64
64 Impala
63zajma63
63yankee
63xzuji
63xx36
63wildcat
63wegman
63warlock
63w84469
63vyner
63vs22
63ville
63varicade
63v93w6d
63tyeler
63triumph
63tr17vS
63tomy
63tjc69
63tempest
63sunshine52
63summer
63suTF7f
63sorrel
63snel63
63skull1610.!
63sierra
63shrimps
63shall
63sandm21
63sam0
63saltitao
63s45f
63rockpesado
63roberts
63reppep
63rdstreet
63rard053004
63r5408
63r41d
63qq307
63pyramid71
63puto
63proof46
63po12
63pintos
63pimp
63pendleton
63pancake32
63oroz@
63orion
63or63
63ondec
63offspring
63oana
63nt1ll3p3t1t3
63newforest23
63neni
63nathan
63n7h5hwz
63motor62
63moosh63
63monroe
63mommy
63mknbux
63me63
63mario
63maple
63mahpal
63m299
63loves67
63lovegirl
63love
63lo93lo
63lint98
63lincoln
63levalli35
63l1atgz
63kosmo
63kluay88
63keonroc
63kbr58
63kat90
63joey77
63jh04
63jefferson
63jay78
63j9xa
63itzme
63impdog
63ik46
63hotel
63hfmhrhr
63hayden67
63hamblin
63h2lpn
63goals
63gil
63george
63gemstones
63gargoyle
63fqszg5
63fn25
63fl81
63fish&chips
63fd37541
63eme63
63eighty9
63ds_cd
63dorney
63dete
63deebo
63dec01
63dbxm14
63dance
63cripdt
63cr8505hon
63confesio
63cnkbrs63@
63chic
63chevy2
63chance
63cdcxk
63cartrefle
63canada
63c75a
63bugg
63boys
63bobwhite
63bmechanic**
63blue63
63blood
63bh14
63beatka
63balpha
63b141dng
63b.NE.jake
63atnglsm1
63arte169
63arconagh
63aphol86
63anof89
63amyway
63amber
63alloway
63akanishijin
63a935d2
63a24
63_rocks
63YJqTtD_0921
63Vette
63Tapeten
63ROBJE
63R4RD0
63P26k1Sf
63NaTq
63MarshallWay
63LOCO
63KILLER
63JUNO
63IMPALA
63Falcon
63FCOC
63CalDay
63Bear
63BMechanic**
63A2fBe4
639tarnway
639rg
639marsh
639kerese
639happy
639gh87
639dukpp
639diaz
639cb736
639_0017
639DUKpp
6399rb
6399frlardsyh
63999Chordin
6399993663
6399910
63999
639987
639986
6399811
6399785
639976462@facebook.com
6399755n
6399720
639969554
6399671
6399635
6399613
6399599
639957
6399559
6399542
6399522y
6399510
639950
639948466698MEY
6399444
6399427112
6399412
6399363
6399348
639931458
63993
639928ms
639925
639921
639919732639
639919
639916682bkt
639916
639915
6399120
6399116
6399107
6399102006
63991009846520
639909955
6399054
639904
639902069LLYC
6399000
6398wd
6398next
6398mg
6398josh
6398Scbd
63989996
6398966
6398946
63989206
6398899
639888bey
639888
6398873b
6398852
6398821sb
639879
639878
639876
639875
63987311
639871Rae
63987
6398698
6398693
639867
639864
639863
6398613felo
63985b
6398573
639855
6398482
6398416
639840775
6398397
6398378
6398357
6398310
639829
6398284
6398254*sivri
6398247
639821182
6398206
63981695995
6398137
6398117
639803
6398005574
6397gl
6397REYES
639797
6397909
639788927824
6397874
6397837
639782
6397786
6397775
639777
6397762
639775
6397741
6397654
63976379
6397629
639762
63976011968
639758
63975570
63974p
639744
639740
63973420
639732965
6397309p
6397272
639725165may
63972
639715
6397133
63971214
63971138
639711
6397084
639705c
63970093
6397004
6396uddsq
6396hotbitch
639698
639693528582
6396932
639687
6396852
6396810
6396731
6396713
6396674
63966459
6396634
6396611
639659ss
6396543
639654
6396503
639648
63964491
6396447
639643522
6396421121793
6396413
6396399
6396395187
6396378
6396335
6396324
63963
639629
63962684dn
6396251c
6396238
6396223895
639620
6396195
6396167
6396150
63961086
639609a
639606639606
6396051ale
639603385ja
6396021
639600
6395mami
6395evvmw
6395aida
6395994
639597
6395933
6395925
639590
6395883
639587322
639582
6395818
639580382
6395757tr
6395740smh
63956728
6395656
6395647m@k
6395626n
63956
6395574
6395518
6395495b
639545
639542114
6395411
6395375
6395358
6395342
639531jkr
639528741
6395284170
639528
639527
63952410
639521087
63952
6395176
639516783
6395162
639515
6395133&@
639512
6395074
639503063
6394quebec
6394kim
6394emRd
6394aa
6394996
6394972
639494
639491
639489616
6394891
6394800
6394787
639475
6394738
6394729
6394720
6394708
639468817
639459385116
6394559AL
639453997
6394512
6394502
639449617
6394478
639444
6394432
6394399
63943891
6394355
639432
6394314
639430
6394297
6394282
6394279
639425
6394239
6394204639
639417148
6394142
639413238850
639410145
63940gzdrh
63940793
63940639
6394055
6394033268
639400D
6393nat
6393ll15
6393jc
6393fotos
6393ashey
6393992115
639397
6393958
6393930
639392184664
639389
6393869
639385
6393846
6393834
6393821
639380
6393787
639375
6393727
63937008
639369478
6393663madness
6393655
6393642[utv
63936371
6393572
6393561
639354
6393530
6393501
6393474
6393470
6393464
63934391446
6393426
6393423
6393391
6393362
639335911
6393346131
6393320
63932805
639325799j
639322
639321542
6393176b
6393135
6393126
6393123
63931
639307808
6393062
639305
6393007
639300
6392rfd
6392fb
63929aisum
639297569055
639295
639292
6392918
6392907846
63928t
6392899
6392891120
639287774962
639287
639286298137
639286025473
6392856
639284704138
639284073885
639283
639282658850
639282171568
6392792
6392784
639277
639275529690
6392740
6392700457
639269651799
6392687933
6392687563
639268377
639266744830
639265
63926415
639262
63926026
6392600
639257481-0*+
6392566
639256
6392555
63925242a
63925
639249631
639249
6392474
6392455
639244393noelia
6392443
63924090159
6392400
6392329
63923011
6392299
639229590
639228257
639228067654
639227090
639227
639223k
6392222
63922066486
639217446577
6392161
639215287226
639215233434
639214
6392135
639213112348
639212673994
6392114
63920m
6392092
639208916
639207997779
639206
639205842
6392053
639204783695
639202655927
63920232979
6392020878
639200
6392
6391ryan
6391lo
6391june
6391fishy
639198965016
639198485176
639198078880
6391959535
639193
639191
63918ae
639188654
639187564376
639186735
639185981432
639185361
639185
639183541o
639182686955
639182373502
639182052003
6391811
6391773
63917604
6391753
639174114748
6391707
63916894
639167846
6391659
639164865177
6391639
6391637
63916318
639162931941
6391627
639162481543
639162
639160db
639159006869
6391554406
6391551
63915399
63915056
6391483
639146j
639144
6391426
63914131
639139y
6391388
6391352
63913255
63913106
6391278
6391268
6391251704
6391244823
6391231457
6391218
639121191
63912
63911991
6391182
6391157
6391144
6391123
6391111
6391108897
639109015988
6391073
639107
639106471
6391053526.
639104811
639104553682
6391041604
6391031
639102749154
639102525
639101773moshe
639101
6390spanish
6390kg
6390emtt
6390998
639098204
639097m
639096877
639095shabby
639095154
6390942
639093725904
639093676
639091151
639088
6390858
63908401000
6390837
639079179
6390777c
639077
639075835
6390746
639074
6390719
639069
639065567160
639063106310
639062
639060
6390577
639056316
6390560
639055118
639054
6390528
6390475
6390452111
639041184vaga
63904
6390355
6390332247
63903281989
6390311
6390301
6390296
6390271
6390263902
6390246
639023
6390200t
63902
639019
639018424
639017273
6390164
63901506
639014894
6390144
6390131
6390125
639011746
6390106matt
6390100
63901
6390058
6390047
6390038
6390011447
639000
639-morty
639-05-0263
638yny
638pazu
638krps
638ivf!!
638e117111
638cddca
638a146932
638EK
6389san
6389gvvos
6389963
638991d
638989
6389858
6389833
638980
638975
6389743
638972389
6389698
6389667
638963
6389576
638955
6389450
63894304
6389420
6389408
6389374
6389323
638932
6389290
638926671
638926
6389256
6389228
6389211j
638918ge
6389152
63891313
638912
63891018
638905796
6389012rm
6389005
6388lee
6388jt
6388jc
6388hc
63889984
6388978
63889525
6388933
638890
6388889
638884
6388832
63887835
63887739
6388710r
638871
6388673
6388621
63886145
6388601
63885885
638856
6388505
63885
638844606374325
63884203
6388404
63883dekyi
63883615
638835
6388331
63883179
6388305
638829
63882840
63882747
63882519
6388248
63882433
63882218
638821
638820
63881751
638815
63881426
6388127
638811
638810
6388086
6388076
63880694
6388058
638802668
6387pjd
6387bk
63879718
638795zaidagc
6387949
6387931
63879280
63879067
63879
63878952
638787ab
63878634
638781745
6387729
6387715
638769207
63876492
6387643
6387641
63876387L
6387638
6387617
63876
6387565
63875570
638754
6387526
63875
6387486
63874637
6387402
6387390
6387379
6387374
63873210
6387292
63872493
6387244
638719a
6387184
638716
6387143
6387105ma
6387098
638709
6387068
63870451
63870156
6387011
638700
6386yrbuk
6386980
63869355
6386921
6386915
63869075
638690
638688
63868670
638686
6386854
63868442
6386825
638678
63867688
6386733a
638670
63866776
6386656j
638660
6386588
63865777
6386568
638655
6386528nai
63865025
63864851
63864586
638645
63864146
63864
63863840
6386381022
6386316
63863
638629
6386269
6386248
63862362
63862239
63861855
638617944
6386155
63861477
638613
638612
63860gjvqk
63860894k
638608
638604
63860123
6385m
6385jun
63859968
638599
638596
6385935i
638591
63858653
63858051
638580
63857867
63857818
638574
63856641
63856348
638562908
63856143
6385576
63855592
63855485
63855236
6385503td
6385473
638546
638544
63854262
638541879
6385411985
6385382
638531
63852741
638526
638524
638521
638520
63851971
638518
6385168
6385144
6385115
6385101st
638507303
63850692
63850457
6385044
638503055
6385023
638501
63850
6384wgg
6384mia
63849861
6384939
638485888
6384851
638483869
638481
63848
638475
6384741259
6384737
63847221
638468
638465a
6384645
638461
63846
63845678
6384520
6384507
63844783
638445717
63844295
63844167
6384364
638432638432
63843002
63842912
6384283
63842797h
638426
63842569
63842460
63842163
6384179
6384156
6384143
6384128
6384125
63841184
6384114
638411
6384068
6384053
6384034
638400sf
6383vhaib
6383ss
6383pat
6383jc
638398697
638392806
638386596
638385882
63837j
63837again
638378
638376673
638374
6383721
63837120
6383669
6383661
6383650
638361437
6383578naty
638353
638349jj
63834331
638340
638339
638336
638335
63833288
6383302
6383283223S
6383277
638321jm
6383151
63831301imelda
63830886
638305
6383031
638302
63830025
6383
6382rae
6382Z6e7
638298
63829413
6382913
638288537
638287
63828625
638285
638284599
638283121
63827qscpc
6382778000
6382707dee
63827002
6382681
638266
6382605
63825metal
6382583
6382552
63825447
638254
6382528
638250a
6382493
63824851
638247183
638246
6382436
638243
638241
6382392
638234
63823200F
6382263
638222837
638222
6382163
63821594
6382128
63821
63820921rell
6382080
6382067
638205684
638203501
6382030
63820203
6382016
638201
6381mmm
6381hinhomee
6381CN
6381978
6381962
6381913cj
638189128
6381863
6381851
6381848
6381839
638181
6381800
6381781
63817173
638169567
6381680
638166796
63816623
6381649
63816362
6381623a
638161180
638160854
6381560b
6381514pink
638150
6381490
6381465593
6381461
6381404
63813472411216
638131
638129e
638128013fran
6381266
638123m
638123777
638123
6381224l.l.e.g
638121
638117
6381133
6381123
6381109595
638109505
6381091369
6381072317
6381054
638104348
638102
63810078yuna
638100
6381
6380kiss
6380cigct
6380999
6380992
638099
638094711a5
63809410
638092223c
638091549
638091
6380856
638084037
6380808
638078548
638075480
638071
638070
638066
638058566
6380555
638054
6380463
638044262
638042981
6380399
638038310
638035236
638031690
638030258
638029
6380244
6380240
6380225
638022
638018901
638018537
6380176
6380160
638014146
638012024
638011
6380079
63800735
6380026
6380010
638/1978
638-2018
637umylove
637sssrl
637pnmn
637north323
637menu
637mclaren
637mari908lo
637love
637keoki
637jules
637jaleo
637issclt
637iloveu
637guanteenkab
637eyez
637cheng
637babe
637Windy
637KAZYLUV
637BABY
6379sh
6379ja
6379999
637997
637995
6379909
637988cm
637988
6379858
6379804
63797978
637977
63796646
63796379
637961
6379605
63795687
63795556
637953735
6379493
6379458
6379405
6379398
6379387
637937
6379352
6379335
6379305
637929639
637927
6379211
6379185
637917153
637916104
63791234
63790YvonneAve
6379084
6379073
6379052
6379
6378pdd43
6378loup
6378agd
6378986K
6378980r
637895
6378930
637891
63788986
6378861
63788359a
637881
6378745
637874
637868
6378619
637861
6378568
6378532
637849131
637844
6378413
6378405
6378381
6378357
6378333
6378302
63783
6378231
6378228294
6378222
63782111
63781991
6378134
63781154
637810
6378073
6378063
63780306
6378007
6377zoie
6377jc
6377g4207
63779hh
637799
6377963
6377955
6377941
63779202551686
6377907
6377831
63777rzmtb
63777777
637774
637770l
637769
637766809
637765
6377598cw
6377591936
637758skl
63775600
637755665
6377533
6377497647
637743
6377426
637740
6377367
6377345
637731
63772v
6377288
6377272kat
637725
6377218
6377201
63771950weib-=
63771652
6377157
6377114
6377081
6377052
6377007
6377003
6377
6376bg
6376991
6376919
63768402
637683
6376822
63768143jc
63767511
637673
637665570
6376650
637662570378
63766023
6376593
63765482524950
6376511
63764k
637649
6376474
6376419are
6376388
6376379a
63763441
63763
63762503
63762101
6376172
63761226
6376113
637611
6376091
6376017k
637600
6375rlb
6375a
6375974
637596
637593
6375901
637588
63758478lovelam
6375819
6375805
637576
637575
63756890
63756519
6375643
6375624
6375607
6375556
63755447
637551
637547
6375442585
6375423
6375407
63753730
637535
63753135
6375299
6375205
6375199
6375162i
637513822
637511mkh7
637509507
63750792
6375077
637504rbd
63750
6374w4y
6374ijnp
6374961
6374950
637493aah
637493
6374885
63748574
63748384
6374830p.
637482
637480
637477
637472
63746975273
637465238
6374636
637463
637462
637460
6374578
6374533j
63745236
6374502
637447metin
637446
6374437
6374426
637441a
63743wexdd
637439
637436
6374321
6374312
637431/c
6374277
6374253
637423584
6374201
63741a
637417895
63741244
637411
637408843
6374060home
6374055
637403
637401
63740
6373jd
6373fj
637399
6373960
6373941
6373911
6373883
637386
637383139
637383
6373813
6373788
6373776a
637375743563
6373712
63737
63736451023
63735456
6373491
6373442
6373436m
6373423
6373383
637335
6373342
637332g
6373319
637328529
637328100
637327618j
6373263732
6373257n
6373230
63731990
63731748
637312
63731
637308656
637306793
637304390
63730252
6372vfpnz
6372mm
6372atisak
637297
637293526
6372871
6372862
6372848
6372829
637281k
6372795
6372787km
63727797
63727508
6372708
637270079
6372691
6372669
6372656
637262120v
637260646
63725932131681
6372554
6372540738496786
6372539
63725200
637251019
63725
6372446
6372432
6372413
63724
637237
63723255
637230
6372291
637227
6372233oo
6372232
63722128
6372181
637213e
637211
6372078
6372062
63720453
637203
637200019j
6371huaci
637197746
637197
637194a
637193388
637191186
637189706
637188997
637185
637182779
6371773
637176446e
637174
6371728gl
637169s
637168
637167395
637166577
63716381
6371616b
6371604
637159054
637156
637154
6371520
6371504
637149f
6371486
6371464
6371445
637143a
637141180
6371385
637136
637135
637134
6371307
6371299
6371272
637126
6371253
6371245
637123304026
637123016
637121857l
6371213
6371161
6371135
63711115
63710carlton
6371090
637106
637105
637103596
637102723
637101205
63710110
6371
6370tum6663
6370mg
6370lin
6370bg
6370a
637098689
637093891
6370935
637092
6370899
63708873
6370858
637083240
6370804512
6370790
6370770
637076334cye
6370747
6370720
6370707
637070
637068
6370643
63706370vanita
6370636
6370600
637058
63705667
6370551
637054537
637052103
6370509
6370503
63704m
637045EKH
63704446
63704124
6370408
637039434
637038282
637035573
637032t
637032
637026640
6370244
6370221.
63702100001
6370190CLICKERS
637016puca
6370123
637010432
6370053
637003
6370008
637-1742
636zx
636xxgrt
636tgrhy
636skazieskimo
636samyguzman
636queen
636nathan
636mfp
636m6240
636lala
636home
636fran
636edi699daniela
636bren1987
636apple
636E88
6369peach82
6369ffemt
6369av16
63699hryn
6369993
6369969701
636996
6369944
6369905sexy
63698t
63698F3324
63698601
636985
6369800
636979075
6369778
6369711
636968
636963z
636963PELON
6369617
6369612
63696
6369571
6369552951
63695387
63695246
636951483
63695
63694875
63694688
6369466
6369457
636944
6369425
63693cv
63693889a
636938
6369362libra
6369352
636933
6369316
63692751
6369267
636924
636923
6369229141
636921
636919
6369181
6369159301096340279836
6369143
636912oo
636912345
636910
636909
636905
6369039
636903122
6369012
63690098
6369-180
6368j
63689956
636899
636896a
6368951e
63689449
63689227
63689001
6368891
6368873
6368855
636883
63687897
6368777
636876653
6368764
63687366
636871
63686996
6368690
63686817*
636868
636867
63686520
6368630123456
63686263
63685967
636858
6368525
63684856
6368472q
6368455
636845
63684376
636842krh
63683hvoxi
6368386
6368377
6368367
6368346
636833500
63682ogfa
6368290
636827478722
636826
636823
63682035
6368180a
636814gisha
6368143a
6368112
6368094deo
6368081
63680556
6368036123
63680144
6367ml
6367jl
6367af
6367990
6367987
636795
63679397
6367926
63679193
636787706
6367868k
6367846
636784152s
636783414
636783
6367822
63677837
63677413
636773
6367712
63677065
63676esmoj
636768klj
6367689
636766825
6367641
636761058
63676
6367576
6367551
6367547
6367505_anita
6367503
6367497
63674905
636746
636744611
6367429
636741
636736
636735
6367327
6367326
636732
6367286
636727
63672567
6367244ec
636723
6367215
6367193
6367179
63671706
6367155
6367139
63671108
63670835
6367061
636703
6367023g
636701714
6367001
6366capi
6366998
6366987pr
636697
63669496
63669442
6366940
63669351
63669134
63669111
6366892
6366888
63668750
63668642
6366852
636684
636682130
6366808
636680
636679memory
636679
636678910
6366752
63667425bibi123
6366718
636671196076
6366702
6366699
6366668lucia
636665
6366636628
63666218
6366615222
636660
6366591
6366580dad
63665698
6366564
636655
636653
63665
636649
6366472
636647
636646
6366454148
6366442
63664361
6366432
6366427243553
6366411
636638891
636636k
6366368
63663377
636632
6366312
6366303
63662926640456
6366290
6366289
636626
6366241
636623b
636623519
636621
63661a
6366173
63661606
6366151
6366133
63661228
636611
63661048
63661025
63660985
6366091
6366087
63660775
636607
636606521
63660564
636603615
6366032
6366012
636600221MARIA
6365yoli
6365newyork
6365mira
6365fm
6365carcis
6365992g
6365987
6365965
636596
6365945
6365934
63659/101200
636589666
63658791
63658758
63658691
636584d
636584
63658357
63658274
6365822
63658096
63657928
636576
636575433
6365743
6365737
636572683
63657173
63656k
6365699
636569105
63656838787d
6365663656
63656463_1994
6365635
6365630273
636561776
636559
63655636
63655464
63655369122382
63655086901647
6365506
636549d
6365440
63654154
63653946
636538
6365376
63653537
636534692
6365327
636531
636529314
6365245
6365226a
636522166
6365212
6365177km
63651228
6365113p
6365108
6365095
636505806
63650450
636502
636501
6365
6364ronny
6364meng
6364ase
6364972
63649600
636494
63649185
636491
636489
6364879123
6364846
6364837
636482168
63647edison
63647925
63647744
636477
63647544p
6364742
63647166
6364697
63646697
6364666
63646649
636464
6364613
63646106218023
636461
6364601
6364600
6364594
63645814
63645580
63645548
6364534
636452523
636452020
6364505
6364489321
636448
63644596
636444432
636444
63644136
6364412
6364408t
6364402
63643pdpsw
636438113
636436f
6364349399342
6364341
636434
6364333
63643212
63643174
636431
6364278m
63642677
636424
636421547c
63642
636418dc1
636417412278
636413776
63641274
63641202
63641088
6364094
636407923mairuly
63640480
6364030
636401
6364*lglc
6363xxx
6363sandra
6363pycrf
6363nba
6363mc
6363kel
6363jake
6363fg
6363cms
6363bree
6363ass
6363_kity
6363992m
63639816
6363978099
636397
6363957
6363941
63639325
6363919
636389818
6363891
63638896
63638598
63638573
636384491022
6363823
6363812
63637956
63637884
63637822
636375002
6363734
6363724
63637172
6363712
63637027
63637
63636866
6363680
63636763
63636692
6363666
6363663
636365
636363j
636363anni
6363637
63636363k
6363636363
63636362
6363632s
6363632
6363626262
636360763
63635a
63635956
636358
636357833
6363558
636355
6363545
636353788
63635279
6363525
636351682
63635124
63634960
6363494967
636349028
63634869
636348491
636345163
636343872
63634339
6363426
636340896
63633bety
6363391
636336555
6363360ms
6363347
636334
63633333
63633232
63633074
63633021
63632964
63632910
636328262
6363276
63632613
636326
636323
63632247
6363214
63631985
6363190
6363181
636317
6363157
6363150
6363139
63631356
63631268
6363119
636311
63631
63630917
6363086
636308086
636307245
63630665113851
6363063
63630607
636305
6363020
63630097
6362yo
6362rOnn
6362nena
6362jen
6362bono
6362adoronadar
6362aa
6362995
63629878
6362974808739474
636295sb
6362948351996
6362914
6362900
6362882514
636287
63628559
6362833
6362816
636279
63627576
636275
6362741674
63627267
6362711
63627
63626936795678577
63626835
636267
63626654
6362662
63626580
6362648
636263761
636263314142
63626203
636261t
636260098
636258731
63625685
63625529
636255
636253
6362512
6362497360
636248129
63624750
636247168
636246
6362457
63624490
636241909clg
63624035
6362393
6362362
636235s
636235849
63623557
6362346
636232801
6362323
6362315
6362297
6362285
636227550
636227321
636226792
6362249
6362243
636223
636222
636220703
636220574
6362198
636219
6362170
636216
636214
636211772
636208973a
6362080
63620737
636207
636206062
63620509
636204210
636204
636202515
63620169
6362000
6361biteme
6361998sara
6361964
63619315
636190
636188
636187867s
63618660
636186394
636184j
636184641.
6361820p
636178
6361755
636168647
6361675
636166373
6361658
6361633
636162
6361604
636157
636156
6361520
6361516
636150123
6361500
636148
636146524
636144467
636144
636142as
636141
63614
636138764
636137
636136
6361342
636132me
636131
63613
636127694
636127628
63612608
636124456
636124
636123
6361207?!
6361192
6361185
636118
6361174
6361146
63611339
63611121
6361106yillo
6361097284
6361090pati89
636108815
636108
636106905
636105472
63610340
6361022
6361011
6360ypdqe
6360skyline
6360kc
6360candelaria15
6360Aly06
636098076
6360970
636094938
636093648
6360919
6360904
6360879
6360847
6360821
6360794
6360750
6360742
6360688
636062
6360601
636059689
6360594
6360575
6360563
636055840
63605547
63605323
63605178
636050
6360490
6360482
636044589508
636043084
636041606
6360382
636036164
63603502
636034294
636033762
6360301
636029
63602863
6360280
6360271
6360268
636024cml
636023
6360223
6360212
636019B
636018
636016450
6360157
6360144
636014109
636012421
6360120
636011590
6360106momo
6360075
6360055
6360024
6360021580
6360
636-2681cely
635xga
635u58e
635sheena
635piri
635pgd
635morg
635mad
635kmj
635jassup
635gisler
635first
635crj3479
635claude
635bp9004
635biolynx
635and26
635allways
635aa*01
6359mr
6359mjmgu
6359c
6359angel
6359948
63599231
6359892m
6359865
635986
635980064
63597ehdy
635978
635976
6359697
6359665
6359641
63596359c
6359599
6359543210
635953635953
635945293
6359447
635940
6359386
63593493
6359338
6359320
6359286
6359277
6359246
635922
63592100
63592095p
6359098
6359062
6359056
6359027
635901
635900
6359
6358rulo
6358meg
6358997
6358982
6358946
635894
635892
6358890
63588580
635885
6358835
6358808
635875545
635874h
63587
635868
635866
63586358
6358621
635860
6358585
635857
635856
6358540
6358504
6358479
63584726
635846263629
6358445
635842933131290
6358416
635839
6358368688611992
6358359
635831
63582999
63582768
6358267
63582432
6358241988
635822518523
635822
63582022
635817
6358157s
635813110
635811
6358091
63580316
635800
6357tsynu
6357cd
63579dj
6357963
63579449
6357934a
6357900
63578977
6357868
63578385
635781c
6357757
6357754E
63577223
6357709
6357700
635768
63576678
6357662263737Nb
6357635763
635761
635758
635752
63575
6357484
635745
635741
6357331
6357285k
635726j
63572460
6357232
635721mm
635717
63571280080
6357111
6357101maliye
63570323
6357021
6357004
6356fm
635694
63569211
63569189
635690
635685509
635683
635681
6356787
63567822
6356763567
635674
635670
6356686
6356673
6356662
6356597
6356565
6356560
63565351
6356497
6356463
6356431
6356412
63564
6356395
635634k
6356338
635632
63563
635629238
635624717
6356234
63562055
63561983
6356191
635617
6356167
6356146
63561388
63561379
635611725
635609632
6356090
635607
635604
6356020
63560111
6355uoeee
6355nov
6355kf
6355JAY
635598
63559351
635590
6355899
63558842
6355870
635586
635585491
635582142
6355819
63557867
6355777
635577
6355757
6355753
6355739
63557271
635570
6355682
6355650
6355625
63555hwsv
6355578
63555659
6355555a
6355542
63555323jnjm
6355514
635550
6355489
6355461W
6355445
635543
6355421
6355408
6355379
6355364
6355359ska
6355299
63552889
635528
63552502
635521740
63552123
63551975J
63551889
63551733
6355151120
635513
635512
6355095k
63550942
63550838
635507n
6355055
635503558
6355022
6355008
635500
6355
6354net
6354_HOT
635497
635493
635492
63548843
635487
63548503
635484
6354810
635479
635477920
63547726272266
6354769588
6354745
635472ladrbaby19
6354722
6354683
6354667
635465361
6354633
635462MG
6354622
6354608
63545a
635458
635456740
635455
6354542
6354533jt
6354520
63545096358231
63544866
635446
635445342
635442
635440
635438
63543474
635433663
635432
63542a
63542729
635421yuan
63542191
6354210
6354209
635420025863jo
63541990
63541881
635416
635415
635409
635406
63540488
6354014
635400fair
6353yo598princi3
6353mf
6353jjs
6353AV7905
63539850
6353938
6353887
6353877
63538547
63538424
6353819
63538
6353749
6353733
63537152jiahui-girl
63536xuohp
6353667
6353659
63536365
6353632
6353563535
635356
63535347
635353
635349179
635348
63534768
635342352214
6353418
635341
6353360
6353355
635334r
6353328
635329
6353286Y
6353265
635326123
6353232
6353214224
63532038
6353185
63531477
6353123
6353098
635308
635306nightmare
6353064
635305892
6353024
6353016
63530120
6353010
6353006lyc
6353!@#$
6352sbjc
6352mt
6352knj
6352ile
6352DAN
63529955s
63529874bucaramanga
6352974
635295
635294
63529356351116S,FVLHKVFDU
6352920
63529041
635289
63528521
635284
63528329
6352828
635281
635280
63527892
63527815
635275
63527195
63526976
6352684
635267
6352663k
6352632
635262914
6352628
635262
6352601
6352582
6352553
635251
635248
635246949
635246084
63524404
635242612+
635241t
635241jacob
635241798
63524178
635241654
63524141
6352410kot
635241043
635240246
63524
6352388
6352377
635231067
6352307
635229968
6352277rr
63522514109
635224
6352230
6352206
63522
63521960
6352192m
6352165
635214V
6352135
63521230
63521
635208
6352067a
6352050
635204
63520221
635200045
6351lauren
6351AL
6351995467
635196
6351951
635192
635189564
6351880552
635187129
6351863518
6351855
6351843587037r
6351828
63518137
63518111
635180
63517996
635177365
635176
635171ND4H
635167846
635166
635164
635161209
635160523
6351592
6351550
635152
63514sju
6351491
6351465
635144470
6351428
6351412
6351400
635138380
6351373
63513319
6351303
635128769
635128
635127548
63512545
635124aA
63512417
635123032
635122150
635121645
635121534
63512027
6351166
6351158br
6351138
635113
635112
635111845
63510j
635109597
635106257
6351051
635105
635102836
6351016
63510137
635100765c
6351007
6350melo
6350ijc
6350cleve
6350982
635096855
6350937
63509208
635091
63508895
6350876
635085
635083
63508123
635078
635075247
635073649
635073
6350691
635068212
6350677
63506350
635060
6350589
6350574
6350563
6350559c
6350547
63505346
6350511
6350486
63504645
635045
635039400
635038596
6350377
635036
635035
635033
6350321
6350310
635030533
635030
63502891
6350253
6350241
6350224
6350208309
635018971
635018831
6350138
63501330
635012830
635011750
635011003
6350081
6350075
635005
6350035
635003
63500102
63500
635-ssn
635-2062
635-1021
635"159
634tilghman
634rukt
634panther
634mari
634j3a
634ever
634e12888
634daffy
634bird
634an634
634TTHS55912@
6349soleh
6349ling
6349cfwuz
6349989
63499554
63499276
6349842awiroot
634981363
634980119
634975d
634974
634971
634969336
6349650
634963
6349586
634956
634954242
63495205
634947
634946
6349433
634937
6349350214
63493117
634924
6349231tlc
6349206
6349162
634916
6349137
6349110
6349023
6349001
6348neal
6348BPWST
63489591
63489
63488646
6348859
634882
63488
6348797
634874482
6348732
6348701
63486656
6348654
6348642
6348631
634861
63485912
6348580jerick
6348511
63484ever
6348467
634846011
634843
6348392
634827254
634824822
6348223
6348174
634812492143
634811
6348072
6348019
6348007
6347tkm
6347994a
63479676
634794w
634791914
6347887kj
634787739
6347854
634784
634782
6347795
6347782
634772
6347697
6347664
63476347
6347622
634762
63475850
6347568
6347528
63475*.XS
6347487
6347482
634747
6347441
6347425
634742
6347382
6347378
6347350cc1
63473388
6347309
634727
6347250o-
634725
634722mm
63472224064
63472092
634718
634712190
63471181
6347102
634704
6347014
6347*circle
6346og
6346985
6346963
6346941
6346922
6346868
63468568
6346812
634679
6346775
63467147
6346693
634667
634666
6346649941g
63466319
63466028chhl
634656376
6346551
6346549
6346528
6346526
634652
6346500
63464939
6346423
63463J
63463889
6346382543
634636665
6346357
634634.naz
634632
63463
634627
6346268
63462570
63462406311626
6346235
6346218
634620cb
63462
63461680
63461515
634609
634606
634603
6345straw
6345neil
6345crifm
63459976
634597
634595620
63459001
63458969
63458940
6345890
634587c
63458425
6345837
63458278
634581
634579
6345789m
63457786
6345725
6345702
63456870
63456648
63456606
6345656565
6345640
6345605
6345598
6345581
63455709
6345563
634555
634553
6345510
63454841
634547422
6345461
6345456
634544gata
63454272
63454084
634539
6345335
6345324_yoy
63453147
6345278
6345261
634524
6345225
634520
63451987
6345172
6345162
6345149
63451386
634512
634510
6345038
63450240
634501
6344pla
634495199
63449399
634490
634481724
6344797
6344773233
6344665
63446502
6344606
634460
63444me
6344494
6344471
6344451
63444463
63444305
6344363
634432
63442megha
6344226rp
634422206
634421
634419
6344170
634414910
6344138
6344104
63440juswe
63440616
6344044
6344000
6343moi
6343dhea
6343976
6343955
6343936
6343918
634390
6343868
6343852
63438044
63437763
63437758
63437404
6343726
63436643
63436424
6343633696
63436265
634361
6343568
6343558k
63435379
634346496s
634346
634345907m
6343430
6343425
634337
634335
6343342
6343295
63432427
6343235
63432221
634321381
63432!
6343199
634318
63431601
634315
6343135
634312
6343094
6343091
6343083
63430640
634303711
6343025
634300
6342vange
6342reubens
6342als
6342992
6342991
634298
634296
6342913
6342873
634287
634284mj
634284051
6342828NL
6342806
634279271
6342782
634274
6342719
6342703
63426roller
63426ktsyh
634269
634268800
6342681
63426639
63426510
634263657
6342627696
634260574
634259
634258
634257
6342563
6342531
634251
634250
63424818
634246737
6342462
63424295
63424114
6342390
63423803
634236
634231
634230
6342294
6342279
634226693
634226
6342249
634223
63421mex
634215
63421409
63421380
63421
634207865
6342073
634206290
634205123
63420077
6342001
6341iesh
6341aRul
6341985
6341978
63419282
634189993
634189659
634188514
6341880
63418767
634186245
634185376
634185346l
63418317
634181
63418
634178
6341732
634169040
634167
634165323
634163
6341625
6341608
634160
634157
6341558
6341534
634152634152
6341502
63415
634149129
634147d;k'
634146
63414464
6341442
6341425ari
63414070
6341375z
6341349cm
6341326
6341311
634128976
634128
634126624
634126079
6341249
634124
634122180a
634119
634117
6341152
634114732
63411002l
634109728
6341089
6341083
634107
6341062
63410430
634102670
634101
6341004G
6340mphve
6340alan
634099684n
6340979
634094
634091320
63409
6340873
6340795
634076
6340739
6340731
6340719
63406j
6340663
6340651g
634062
6340595
634059030
634058
6340577
634056445
6340460
63404512
6340449s
6340420
634035384
63403259
6340321
6340307
6340278
63402733
6340253e
63401991
634019
634017384
634015b
63401532
6340132945
6340110457
6340091799
6340091
6340046
634003025
634001
634!allday
633uevrr
633r;Tyme
633nlxyn59
633l8734
633epb
633djs
633br00sekids11
633adedan
633Gooreen1993
6339nk33
63399805
6339966
633992i
6339890
6339867
6339754
633975
633973
63397
6339629
63396150
63395robsu
6339567
63395001
6339493
6339447
6339409
6339389
633934
633931
6339272
633926
633922587
6339200
63391910
63391595
633913j
63391319
6339110
63390886
6339065
6339055
633905
6339
6338si
6338palaciodelsol
6338mod
6338969
63389287
63389137
6338883
6338870
6338847
6338837
6338806
6338738
6338723
6338712
6338708
633869
63386610
633865
6338592
6338546
633853
6338501
6338485876M
63384113687
633840
63383623
6338357
6338351
633833
633827
6338254
6338251
63382161
63382061
633818
6338150
63381293
633811
6338103
6338064
6338061
633800238
633800
63379k
6337972
6337968amu
6337932
6337924
63379
633789
633786
6337854
633782913
6337804402
63378
63377254
633770j
6337694
6337676
63376431950603
63376337a
633760
63375196
6337495
6337442
6337414dragonba
63373911
6337385
6337355m
6337322
63372937
6337279
633725
633724
6337193
6337183
6337143
633712637
6337109
6337104
63370B
633705
633703
633702
6337011
6336newland
6336dead
6336_m7md
6336Jack
6336Hik
6336999
6336984
63369669
63369176
63369026
633688
6336873
6336866
633683158007
6336821
6336797
6336755
6336736272735226
6336720
63366940
6336650
63366376
63366336
6336609
6336536123
633653
6336511
6336505
6336503
633648
6336475
6336453
633644o
6336444
6336421
6336399
6336377
633636a
633635
633633633
6336335
6336332
6336329
6336325
633631
63362824
6336274
63362433
633621
63362006
6336195a
63361793
6336140a
633613poqw
633612e
6336114
633610
6336051
63360255
633601
6336005
6335jeyt55
6335bright
63359tgykm
6335989
633593
63359
633589
6335872
63358679
633585
633584
6335814
633581
6335794
6335789
6335751
6335744
633572
63357002
63356719
633564
63356312
633559
6335575
6335557
6335525
6335511
6335495
6335477
6335450
6335439
633542255367
6335405
63353921
633534
63353214
633530552
633527
6335245
633523
6335221
6335174
633515kk
633513lazo
6335120
63351111
6335109
6335083
6335049
6335033
6335003
63350
6334u480
6334a
6334930t
63349219
6334910
6334891
633488314
6334847
6334843
6334830
6334817
63348
633479
6334767
6334757
63347151
6334700
633467
6334660
633465
633463
63346241
6334592421791
6334582
633456
6334551
63345254
6334509
6334499/k
6334488555
6334478
633446338
633446
633444460
6334432
63344
633438
63343606
63343529
6334332
633430
63342untca
633426
6334235
633421
63342
6334181
633417014
633411
633410
633407
6334033
633402269
6333may
6333apivy
6333983
63339736
6333966
633389423
633387030
6333868
6333862
6333843
63338140
633377
6333746
633374
6333672
6333665
6333643
6333618
6333582
6333540
63335313
633348839
6333474
633345
633343970
6333432
6333398
6333359
6333350ljv;
633332
6333287
6333276
633327106
63332526
633325
63332277
6333212l
633320
6333190
6333183
63331761
63331571
6333146
633312
6333089
6333080
633307m
6333052
6333049
633302025
6333011
6332bitch
6332998
6332988
6332953
6332932
633292664833
633291033
633289
6332866
6332844w
633281
6332795
633277d
6332732289596541
633273
63327
6332691l
633266
63326484
6332633
633262a
6332621
633262
633260
633258456
63325701
633256dt
6332546
633254
633253
633252
63325081
633249112v
6332467
63324555
6332437a
633240582o
63323920518
6332361
6332352
633235
633230
6332276
633227315r
633224566
633224
6332214
633221
63322
6332193
63321847
6332166
633212MM
63321226
6332111
63321068
633208329
633206514
63320549
63320259
6332013
63320064
63320
6331sunnys
63319902
6331989
633196641
6331960
63319466
633193
633190
6331887
6331881986
633187377
6331863
6331840
6331831
633181289
6331798
6331785
6331778
63317682
63317623
63317491
6331722
633172
633169925
633169
6331670
6331649
633162903
6331615
6331604
6331580
6331533599
6331521a
633150
633147212
6331443
633143
633142
63313789
6331370
63313578
63313399
6331317
6331305
633129661a
633128522
633127987
633126
6331247
6331210
63311916
633118
63311540
6331139925
633110nut
633109793
633108491
6331075
63310695
633106
6331051
633104
6331010
633100554
6330urfa
6330jj
6330budd
6330@290231
633098373
633096384
633095
633092973
633088
633085
633083
633081203
633079
633077846
63307656
633075525E
633074
6330727
6330721
633071
633070129
633067
6330659
633064cr
6330618
6330604
6330588
633054837k
633054085
633052837
633052
6330509
633050345
63304bjxgy
633048
6330455
633043
6330422
633040
633039
6330382
633037
6330346
633034310
63303322123
6330272
63302541
6330234
633022
633020
63301713
633016
6330134
6330121
633011671
633011
6330091
6330082898
6330051r
633005
6330022
6330010
633-squadren
633-4762
632wobjw
632uujj
632tAb732
632sam02
632qf4512
632penguins
632p0215t
632ofa
632mobilephone
632mhmf
632luissan3217
632lindell
632jjj
632dksy
632briarwood
632bml
632LGEXC56
632ERUCA38
632ASFUT99
6329llj
6329997
63298934
6329866
6329861
6329850
632984
6329820
6329786
632977
63297393
632970
6329656
6329650c
632964
6329627
63295jggn
6329581
6329545
6329529291299
6329526
6329517840217
632948
6329467
6329450
6329434
632940
6329382
632934s
632933
63292721
6329259
6329244
63292003
632919230
6329185g
6329169lkh
6329143
632914
632910
6329080
6329053
632905
6329041
632902*
632900
6328mack
6328daffu
63289@abc
6328952
6328934
6328924
632891
6328904.
6328877
6328855
6328830
6328802
632878
6328744
6328726
63286990
632867
6328666
6328649
6328634
6328625
6328620
6328594
6328540ega
632851
6328464
632845j
63284169
6328403
63283844w
632837wewe5
632836
632833
6328321
632830
6328283113
6328270
632824
6328228
6328212
6328193p
6328171v
63281625
632815
63281210
632808drewle
632806
6328038
6328
6327rosy
6327jtwc
6327catt
6327982
6327975
6327898
632789
6327876is
6327859
6327807
6327779
632777221
6327740
632769468
63276782
632766
6327636mici
6327605
63275652
6327543
632752
63274910
63274518
6327442
6327418
6327378
6327370ae@@
632736
632732
632727
63272500
632723
6327183
6327156
6327145
632714
63271322
6327116
6327095
6327066k
632705wr
632703
6327016
6326rr
6326cj
6326CJB
6326984
632698
632696
6326959
6326910nancy
63268ajgg
632689
6326885
632688
632686
6326826
6326798
632678
632671
63266mheann
6326670
6326658
632663143
6326608hp
6326576
632656
6326544
6326531
632651n
63264729
6326442
632643
63263968
6326372
63263495
632634
6326332
6326297
6326235
6326217
6326194*j
6326169
6326151
6326132
6326102
6326096
6326091
632604
632603
632601mg
632600
6325neal
6325je
6325hilo
6325bandit
6325MARIA
6325974
63259600
6325921
632590
6325899852369
632588
6325875
632586t
63258594
632585
632584
632581
63257peta2@
632579
63257506
6325707
6325692719911106
6325685
6325657
632561
63256
6325589
6325565
6325554
632554
6325532
6325528
6325503
632547
632546
632543
6325421
6325415
63253874
6325371
63253415
632533
632532
63252662
63252627
6325260898433935
6325245
63252245
63252190
6325216tay
632521
632520
6325192
63251899
6325158
6325144
6325135
63251114
6325105
6325097
6325081
632507
6325054
6325000
6325
6324n58
6324gentry
6324AnzaLane
6324955b
632492
632490
6324896
632487@@
63248715
632487
6324862
6324849
632482
632481
632479
632477
63247679
6324751
632472852963
6324712
63247085
632469m
632468
6324643
6324600
6324556
6324550
63245325
63245254
632451
63244locker
632447
6324441
63244386324438
6324416
6324391
6324373
63243264
6324321
63243120
6324305791
632430
63242cjtxt
6324295
6324263
6324252
6324236
632422
6324211
63241984
632419
632417
632415bre
6324153
6324131
63240691
63240538
6324040
6324037
632403
6324003
6323katherine
6323cd
6323994
6323952
6323939cj
632391
63239
6323889
632385t
632383075
6323820
6323806
632380
63237871
6323781
6323770
63237500
6323717
6323712
6323692
6323672
632366moonlght
632364
6323631jomi
6323627798818
63235916323591
6323568ap
6323562clp
632354l
6323511
6323456
632342q
6323423
63234
6323376
6323334
6323321
6323298
632327345
632326
632324090
63232293268_
632321
632320
63231_21
63231633
6323123
6323112
63231023
632309244
632308
632307
632306833
6323046
632300
6322gj
632298
632295
6322927
6322917
63228978566053
632289289255
632288788
63228843
6322860
6322848
6322833
6322817
632281022
632280741
6322771
632274712345
632273mi
6322727
6322715
632267
6322653
6322644
6322633
632263
632261192
6322609
632259
632256
6322531
632251889717
6322498
6322456
632243616
6322434
63224258A
632242
632241
632240207
6322400
6322374
6322359
6322341
6322332
632232067
632231
6322278
6322262538
63222112
6322208
6322190
6322178
6322140
6322121984
6322110
63221045
63221
6322078
6322066
632205663
632204903
632204294
6322020
632201309
632201
632200202
63220
6322
6321jj
6321cf3c
6321987
6321963MH
6321953
632192
63218frankfcbr
63218945
632188880
632187234
632186r
6321854
63218301234
632182
6321817
63218014
6321795
6321782
6321766
632175
632174
6321705
63217
63216969
632166
632164
63216325
632163107
63216230
632161843
632160
6321594
6321585z
632158
6321551
632151
63214n
6321490
63214785
6321463
6321458
632145663
6321449
6321435
632143
632141
6321391
6321364
6321343
632133883
6321334
6321327
63213
6321297
6321283
6321274
6321271
632126776
632122693i
63212162586059
632121275
632120451
63211WW
63211995
6321193
6321155
632114
632112
63210a
632109
63210751225
632107068
632106738
632106
632105178
632104255
632103566
6321011
632100a
6321002
6321,kap
6320pc
6320CARO
632097242
632092012
632087
63208403
6320823
632081
63208/03
632079760
6320786
6320759
632074003
632071964
632068
632066
632063
6320621
6320573t
6320568
632054556
632052693
6320505
63205011
63204984
63204676+256+256
6320452
63204264
63204
6320367
6320357
632033
63203225
632031910
632030041
6320293
6320271
632025
6320243
632023
632022037
63202137
63202081
63202004
63201@SPARTAN
6320195s
632019
632017866
6320148
6320139
6320124
63201121di
632009009
632009
632008
632006916
6320002b
632-5865
632-2499
631sunset
631racer
631priscy
631mog
631latinos
631kikis
631j2088
631gabby
631dk173
631ccc
631NC0855
6319hong
6319991
631995mayar
631995fjb
631994qq
6319947
631993r
631993631993
6319931
631992jrm
63199202
63198mp
6319895
631988s
63198858
631984isme
6319846
63198416
6319799
6319768
6319735
631970H
6319692
6319685113
6319666
631964379
6319631
631961
631958
6319561
6319549
6319514tw
6319505
631949
631947
6319462
631940128
6319361
631933
6319315a
631931
63192k
631929
63192415
631922
63191994
6319176
631914
6319130
6319112
63191
6319079
631905
6319030328
631901
6318joy
6318b853300
6318993
631899
6318957
631891
6318893
6318857386
631884
6318817
63188111
63187942
631878
6318750
6318743
6318721
6318717
631871
6318626g
6318597468
6318564j
63185204
6318507
6318502d
63185
631848
63184616
631844
63184281
631838
631832
6318306
6318297
6318292
631825d
6318247
631824
6318207
6318184
631818
6318117
631809
6318061
6318058144
6318050
63180459
631802516
631801
6317g48
63179a
631798
631796
631794
6317930396
63179082
6317902445
63178Ft)
631788
631783@muti
631780039
6317766
6317727k
6317705r
6317665
631766
631765
63176317.
63176104
6317574
6317547
6317516
6317505
631750
63174Squad
631745
6317434
63173m
6317392
631737
63173515
631733126e
6317306
631728
6317274
6317232n
6317162
631715Dj
631713
63171
6317084217244255968
6317046765
631702
6317000
6316maya
6316_Quail
63169kkk
63169300
6316918266
631691
6316883
631686
63168366316836
6316821
631678
6316773
6316685
6316652
6316643
6316636
631663
631658
6316552
6316549
631653
6316491f
631647621986
6316466
631645m
631644
631642
6316403
63163354
63163233p
6316317
6316308
63162953
6316280
6316266
6316246
6316213
631618
6316168
63161580537
6316145
631613696853535452
631613
63161108
631611
63160916
6316084
6316064
631606
6316016
631600
6315violin
6315girly
6315997
63159609
6315935
63159292488951
6315900
631589
63158792
6315868
631585000
631582
631581
631573
63157057
6315683
631564
631560
63155727
63155546
631555
63155369
631552
6315516
631551
6315483
631548
6315467
631541f
6315408
6315385
6315371
631533
6315318v
63152967
6315283
6315229
63152136
63151986
63151929
63151596
6315142
6315132
631512
631510deparana
63150605
631505
631503e
631503
6315010
63150062
631500
6314s32nd
63149989
6314964
63149234
63149071
631488qwe
6314854
6314845
63148386
6314815995
631480
6314776513
6314740a
6314719
6314708
631470
631469-2183527
63146873
63146739
6314667
6314642
6314630934500488
631461
63145895
63145812
63145736
6314558654
6314550554
63145473
63145404
6314526
63145167
63145083
6314495603tn,.
6314484
631446
631440958
6314401
6314366
6314332
6314315
63143062
631430
631428
631425836
6314248
6314240
63142292
6314217
63142012
63141991
63141841
6314151
6314148
631414
6314110
6314100
63140r
6314073
631406633167
6314057
63140331
631400
6314
6313msm
6313jd
6313ah
6313ALDINE
6313996719
6313993
631396
631394
631389238
631389
63138646
631382
6313810
6313764
6313745lala
631373
6313717
63137
6313699j
631368631368
631364839
6313639
6313628688573
6313616
631359
6313528
631352
631350
631349393
6313465
6313456
631343984
631342
631341
631339
631338
631336
631334906
63133283
6313303
6313299
631328
631326576
631326426km
631326
631324
6313226y
6313224
6313209
631320
631319
6313133
63131300
631312
631311
631310
631308
6313051c
631303337
631302544
6313
6312rob
6312hayes
6312988g
6312955
6312932
631292
6312915
631290054
6312881
6312863
6312846
6312839f
63128298
631281paolita
63127907
6312785
63127683
6312763416
6312750
631272
6312704
6312691
631268618
6312680
63126791
6312672
6312660
631265757
6312644
631263121
6312621896
631260
631259
6312569
631256
631255lj
6312552
6312551
6312545
6312535
631253
631251135
63125
6312483
63124602a
6312454
63124329
631242830a
6312422
631241
631240495
6312389
631238
6312368
63123524
63123507
6312337
63123178
631230juancho
63123
6312289
6312271c
6312265
63122547
631225
6312235162
6312231
631221
63122029
63121ct
6312184
6312179o
6312172
631212mg
6312124
631210ill
6312102000
6312087jmm
6312083
6312065
631206003
631206
631205arte
631205154
6312031
631202
6312019mawi
6312012
631200428
6311rr
6311nd4
6311dtd
6311aa
6311998
6311988
631196
6311926
6311920
631190
6311884
631187
631184665
631183989
631182638l
631181204
6311803
6311787
6311763
6311749
6311739
6311730
6311726
6311696
6311678
631166
631164321281
631163zf
631163
6311617
631161
631160
631157241231221
6311563
631155
63115187456
63114l
6311485
631146883
6311434
6311422
631141
6311395
6311389649
6311361ks
63113265v
631131
6311308
631129486a
6311290
6311284
631128
63112708
631126345
631124n64
6311244
631123
631122
6311213
631121
6311182
631117
6311163
6311127
631110f
6311103947pagc
631109381c
631108419
6311067
631105153
6311047
63110456
6311036
631100486
6311
6310wb
6310qanilee
6310mike
6310erik
6310bape
631098787
631096061
6310948
631094219
63109314
631093
631092
6310910
631089
63108811zwh
63108722
6310850
6310838
631081045
6310801
63107894
631077769
6310762
631075502
6310747
6310738956
631072u
631072
63107
631069t
63106915
63106711
6310667
6310652
6310635
6310617
63106
6310585
6310574
63105661
631055512
6310546
6310533
631052
6310507529
6310495
63104875
63104617
63104503
6310445
6310432
631038838
63103722
631036476
631033
631032375
63103141
63103072
6310294
63102791
631026
6310241
6310230
6310229911
63102259
63102020
63101985tb
63101963053
63101940036
63101912
6310179
6310165
6310158
631014
63101307
6310123berber
631012106z
631011132
63100bon
631008
631006
631005
63100458
63100307
6310023
6310018
631001
63100008
631.number
630west
630vestadr
630stateroad
630splash
630ric
630rc25a
630perez
630midnigh
630mb630
630love
630lhm
630i/m/a
630hutch
630grodo
630emnny
630demario
630cd25
630annabelle
6309sky
6309ice
6309ding
630999
6309933
63099
6309888
6309866
6309829
6309804
63098
6309715
63096uoivc
63096D
630968
6309644530
630963a
63095smr
630959.2006
6309587
6309568
630951
63094l
630949
6309486am
630943221
63093zrap
63093cm
630933
63092nick
6309263
6309232
630922
63092169
63091mg
630916
630914
63091314
63091234
630909810
6309033
630902
6309
6308tj
6308joseph
6308guekcheng
63089bush
63089801
6308959
630892
630888
6308822
630880
6308795
63087899
630877184
630876
6308722
6308714
630868
630865990
630864
63086308
630860
6308548
630852
63084vd
63084ad
6308461
630842976
63084
6308384
6308363c
630833
630831172164311RONIC
630829
6308262
630825s
6308250
6308237
630819
63081855
6308181
6308152bb
630814
630811
6308098
6308066
630804
630803
6308015173
6308000
6307ad
6307970
630793
630790
630787
630785065
6307805
6307788
630777td
6307759
630774275
63077343
6307716
630770
630765255km
63076408
63076184296
63076
6307597
630758
6307560
6307512199
6307507
6307495
630748h
6307454
630744
6307424
6307404
6307390249
6307383
6307362
63073352
630731
630728
630724154
6307229
630722
63072
6307192
6307181
6307179650
630714056
630713
630711
6307089
630707
630703
6307011
63070
6306ppiiggyy
6306ht
6306bj
63069926
6306972
630695ll
6306944
6306911
630690
6306891
6306846
6306829
630680659
6306791008
630679
6306767
6306706
6306683
630664359
6306637
63065934
630656948
6306551
630654398
6306521
630651
63064696434565
63064202
6306399651
6306360
630633600
63063041
630628
630624a
630623
63062028
6306198
63061721
6306152
630614
630612885
6306122375
6306102
630608141
630606
630604
6306035
630603
6305sara-lou
6305kiss
6305dammit
630597
630595191
6305922
63059
6305880
6305868
6305846979
6305814
6305810
6305801203
6305797
6305762
630575739-lolo
63057450anl
6305700
63056796
630565836
63056435a
6305620121
6305553
63055463
630552leet
630551
6305498
630548909471521
6305476DAD
6305459930
6305447100
630541526
6305404r
63053887
630536
6305350
630534
630531d
630531
630529
630527186
630527
630523
630520LQ
6305191875
6305163051
6305133
630509630918
630508
63050322
630501043
630500
6304pooh
6304jr
6304bb
63049884
6304976
6304935
63049
63048652
630484211
630482mb
6304819
63048
63047896
6304714
6304690223
6304673
630466697
63046304
6304617n
63045s
630457988
6304561987
630456
6304491@@E
63044901
630444
6304420
630439
6304348312
6304338162
63042mtotv
630428
63042750
630426574
6304241
63042140
630413
63041103
630410
6304079
6304070
630404
6304014
630400
6303snare
6303grash
6303999010
6303936
630390698
63038s
63038j
6303880
63038625
6303843
630383m
6303811
6303772427
630374
630373
630370
630366
6303648
630362
6303599
630358
6303520
630350
630348sa
6303476
630345
630343742
63033885
63033524437028
6303345
6303312300
63033
630329
630327762
6303265852307
630326090
63032590
630325048
630322506
630319Ad
63031937
630317familia
630315123002
630313623
630313
6303122
630311
630309736
6303089
6303080
630306
6303042
630303
6303020
6303014
63030035
6303-rop
6302mac
6302985
6302955
6302935479
630291d
63029
6302894
6302886
6302874
6302850
6302830
6302812
630280362
63027483
6302693
630268*jo
6302658d
630265688
630261887
6302614
630261013395
6302598741
6302583
6302577
6302550
630254
630253054
63025055
63024v
6302480
630246
630244633
630243739
630240700
630240
6302390
6302329
6302315
6302308
630229894s
630229
6302274
630225916c
6302222
630221147
630217595
630216m
6302140
630212
630211
6302096
630209*
630208983
630208302
630207389
630206397b
630205585
630204611
630203895a
630202930
630202604
6302007j
6302004a
6302003
6301wood
6301derrick
6301chrisrd
6301987e
6301982
630198
6301975
63019701988
6301958
6301954
6301941bs
630192
63019
630183277
6301816
6301791
630177
63017386la
63017205
63017138
6301701
630169695
6301688
6301667
630164784
630164
630160391
63015875
6301585
6301561
630156
63015555
6301533
630149771
63014656
63014601
63014410
6301428
6301417
6301405i
630136
6301347
6301343
630132003
630129735
630129128
630128764
6301275440
630127309
63012573
6301240
6301231
630122766
63012182
6301211
630121
63012020anne
6301198
63011760
630114043
6301127
6301118
630111
630109
6301075
630107135
630105397
630105231
630104180
630103471
630102jingle
630102
630100
6301
6300wbellf
6300tom
6300sbbhc
6300njm
6300ck
6300addams
6300BLK
630099471A
630099
630098588j
6300982988298
63009526
63009018s
63009
630086
6300855
6300845
630082
6300813
630080
630079769
630079
630074119
6300719
630070706
630070
630069
630068
63006701
630063
630062189
6300619
63005ee
6300594
6300584
630058390
630057512
630056
63005326
630051
63005037
6300484
630044
63004331
63004212
6300414
63004056
6300360r
630035
6300334
6300331
630032B
630030
63002842
6300273
6300260
63002481
63002155
63002038
63001k
630019573
6300184
6300161
63001475
63001421
6300138
6300131123
6300120
630011616
63001112
630010
6300070
6300060073
63000333
630001
63000025
63/301
63/249
63.nomercy
63.62.61.
63.2kreu
63-2850
62zxcvbnm
62yoly
62yesdog
62xs54
62x48m57
62wsya
62woeisme
62waukesha
62wage59
62volks
62vc77
62tour36
62tijgers19
62the9
62tbbshl
62tayzee
62strong63
62st8k50
62st1591c348
62spongebob
62soilder
62sixtwo
62scout
62saray
62sadia78
62rose
62redmen
62race
62purple80
62prlrtzxb
62preci
62poppy87
62polish69
62plumage
62playgirl.
62pk50
62pepsi
62peasweet
62patrick
62p10r28e
62o6p8
62nxt268
62nilnide97
62ngag80
62ndogw4
62nasa
62nUw05
62n3nn
62mulberry
62monty26*chaz*
62milo03
62midget67
62medium97
62max63
62makeeave
62magic
62lynster
62lusmor
62lpo741
62love
62lifesucks62
62lehoux
62lecj
62larkmoor
62lablab
62krew
62kissis
62kings
62kekas
62kboc
62katerina
62k8bgtxq1
62jst888
62jq2p7gfvreicciane
62joshdrew
62jermynst
62jenn62
62jags
62jackboy
62jNj33
62iloveryan
62hwrp
62hunney
62hotmail
62hill27
62hello
62h77d1k
62granite
62golfer
62ggq2mt
62gang
62g7724D
62g498pass
62fred62
62ford
62fnylorac
62flcn
62ffunps41fe
62fd5a5c
62fartown
62eumesma62
62ef64b3
62eciv
62e1d373
62dup6d
62dora84
62dice79
62demayoyjulio
62ddude
62crabass
62corvette
62combat62
62cjm4800
62choco5
62cent
62cc6fe4
62cartoon
62cadillac
62c554e1
62byxj
62burnessrd
62broken
62brasa62
62boxnova
62bond
62blz
62bloods
62bishb
62beto
62belvedere
62beech
62bandit
62babies
62azul75
62awat
62anton
62angel
62ana4511
62alki999
62ahmad
62acc49
62aaaxyz
62a783
62_nokia
62T17646684nwilto
62S3rv1c10
62POLE
62PICO
62Madison
62MAKEEAVE
62JET
62HELENA
62D8TABH
62CPCP
62BOOBOO
62ASHBY
62@home
629zye
629ylm
629w173
629tjrah72
629tahoe
629shy
629rosa
629rah
629payton
629ndeuj39
629man
629lgc
629grace
629gammon
629fluffy
629dzien
629den
629crosstitcher
629corby
629bjo
629a441
629MOM
629GUN
6299tnt
6299mel
6299999
629996
629994
6299914c
6299911
6299905a
6299898
6299864
629982851274
629982
62998062
629979183
6299744
6299714
629968
629966
629964
6299629
62995a
6299579
6299543
629951850
62994948
62994616
629944830
62994358
629942
62994123
629940
629937
62993579
6299334
62993241
629926806
629926
6299250
6299215J
62991r
62991985
629917
629914755
6299123
62991164
629910!
6299096
6299076
629904
6299004
6298rtumm
6298lau
62989a
629898
6298962725
629896
6298932388
6298922
629891311w
6298910tr
6298900
62988mb
62988ao
629889
62988800
629884
629883
629880706
629880
629879_toDd
6298797
6298762987
629872
629871
6298700
6298682
6298663
629862
6298609
62985cks
629858C
6298574
629857
6298511
6298466
629844
6298432
62983bs
6298392
629835dkl
6298338785
629830650
629830
62982769_home
6298248
62982308
629820
629817
62981451
62981406
629812
629810
6298069
6298040MARIA
629801666m
629801
62980
6297niche
6297ctyi
6297GS
629799
62979705
629794
629792981
6297903
6297895
62978432
629780730
629776
6297730
62976ren
62976504
629763
62976297
62976
62975645
6297498z
62974639
6297458a
62974323
629740581
6297403
62973hot
62973350
62973
629728a
629726b
62972663
62972575
62972117
62972012
62972
6297194x
6297163
629715
629713636
629713
6297128
62971212a
62971029
62970785
629705
6297024
629700tr
6296pacita
6296gatachan
6296baby
62969oegqr
6296950renad
629688
62968521
62967677
62967568
6296737
629672
629666
6296642
6296629
629662
62965cw
6296596
629659
6296572
6296540
6296496
629647alajdinru
6296463501
6296445
629643aa
629639
62963597
6296339
629633
6296299
629629629em0
6296291990
629627
62962398
6296227
62961ery
6296163
6296107
62960lee
6296025
6295td
6295ne
6295mb
6295fam
6295ag
62959l
6295981
6295979
629595
629589
629584j
6295819
62958
6295761
6295723
629571
62956874
629565
62956
6295542
62955340
6295504
6295462954
62954226
62954
6295394
629539
6295384
6295371
629536
629533
62953113
6295289sms
6295248
6295211
629520
62951916
629518497
62951775
6295172
6295170
62951521
6295119
6295112
629509b
6295071
62950627
62950531
62950435
6295026
6295011
6294s
6294n
6294jesus
6294eva
6294cafon
6294allday
629499
6294977ismy#
629495
6294911
6294885gv
629487
6294849985T
629483
629482
6294793
629478
6294767
629470
62946rukk
629466
629464
6294602
62945837
629458
62945695
6294528
629452
629446
62944240
629440
6294355
6294337
629430
629425
629423
629421
6294183
629415
6294141
629413
6294105
62940914j
6294056
629403
62940106
6294
6293ns
629399
6293949
62939296
629388
629384???
62938030
6293792810
6293769
6293759
6293722
6293716
629369485
6293650
629363rodrigues
62936293ab
629359
629358
6293557
629355
629351
6293495
6293481
629346
6293458
629343085
629342
629339808
629339261234
6293377
6293362
6293334
62932947
629327252
6293253
629323176
62932291
629321
629317
6293134
629309510
629308471l
629307607
62930688
6293034
6292x2
6292nene
6292jh
6292fkqsn
6292dogs
6292acuario
6292JR
629299
6292971
6292943
6292878j
62928554home
62928460
6292823
629280
629278
629277
62927589
6292734deyi
629272
62927116
6292680
629267914
62926484
629264
62926292lch
629262
6292600.
629260
62925960
629257
62925421
6292504
629248422
629245
62924436
6292437
62924161
62923556292355
6292287
6292276404
6292252
629224356
629223112
629222
6292209
629217
62921634monki
629214rh
62921424
6292137
6292124
6292107
62920738
62920610
6292019
6292013
6292008
6292004
6292002
62920
6291rc
6291gomandrd
6291babe
6291996
6291988bgj
6291984
6291975
62919644
6291960
629194
62918z
6291882
629187526
62918493pamvong
629183023
62918237
6291803
629176
629172
6291674
629165487
62916486
629163829
62916134
629160
6291559218
62915402r
629149503
629149
629147959m
629145662
6291445
629144
62914292
629141616
62914004
6291392
629135
629134
629131
62912958
62912745
6291268
629125768
6291240
629122a
62912239
6291210
6291209
6291206
6291201
62911839
6291171
62911446
6291124
62911213
62911186
6291110
629110706
6291100
629109
629107768
629106149
629103037
629101063
6291009c
629100773
6290ty
6290pijpsletjuh
6290na
6290amc
62909980
629097445
62909723
6290967
629095358
629095
6290936
6290908
62908aaf
629088b
629087
6290848
6290820
62908162
6290802
62907a
629079503.
62907878
629077
629075
629073770mp
6290732
6290716
6290705
62907008
62906j
629067958
62906484
629062way
6290600
629058
6290561
6290553
629051
62904tmgcs
629049
6290472
629046
6290447
6290407
629038
62903712
6290352
629033
62903056
62902yan
629026p3
6290234
6290230
629019
62901627
6290155
629014720
629009581
6290077
629002
629001
6290*s
629/90--
629,amor
628yfd628
628wsnxe25
628umkna
628skin
628red
628parkave
628nene
628mark
628kmhcv
628keo
628jades
628freddy
628cu_28
628ccrg
628awfbd
628QVhy
628ERNESTO4
6289truth
6289naty
6289kls
6289dj
628995393
628994
628992
62899047
6289896
62898693
6289864
62898477
6289846
628981712
6289807
6289800
6289789
62897476
62897261745
628971
62897012
628968
6289669
62896619
62896314
62896
62895r
62895e
62895J
628956
6289541
628951
628949
62894649
62894148
6289409
6289397
6289393
62893880226
628938
628936281
62893305
6289308
62892b
628928
628923
628921423
6289201
62891996
6289181
6289174
628914
6289136
6289128456
62891234
6289118
628910435
6289088
628907027
6289042
62890332
62890000
6288tm
6288sk
6288rock
6288mw
6288mcb
6288matty
6288man
6288m2384e
6288kf
6288hayate
6288djb
6288buss
6288McKenzie
62889ncf
62889b
6288992
62889865
62889774
628896ai
62889569
6288947z
628893
62889234
62889096
62889004
62889
628889
62888729
62888159
6288797
628878200
628876
6288757
6288751
6288745
62887313
6288710654
62887013
628868888
628868
6288672
6288652
6288642
628863134
6288622
62885973
6288585
62885618
628856
6288544
62885323
6288522
62885025
62884you
62884LOC
62884866
62884642653
628845426
628843sh
6288439m
628843770
628843372
628842922paola
628842
6288388
6288332
62883031
62883
62882988081131
628828889
628827sme
6288268r
628826181
62882510
62882381991
62882229
6288217
628820
62881lo
628819
628817
628815
628813
628811z
62880P
62880808
628807609
628806288
6288007
6287runner
6287nr
6287jf
628798
6287978
628797
628794
628792628798298
628791
62878980
628788
6287870
628786205
62878593
6287830
6287815
628777
6287750
628773
62877099
62876michel
628768786
62876718
62876287c
62876287
628761j
6287609
62876
628757091
628755
6287532
628750cds
62874684
6287452
6287405
62874
6287381
62873690
628736578
628736
6287354
6287336
628732443
6287299b
6287286
628728
628725867
628723
62871907
62871830
6287170
62871684
628715
62871375
6287131
6287129
628711
62870fai
62870823
62870682
628706
628701a
6287
6286dani
6286applevalley
6286970
62869680
62869573
6286939
628692
628689c
628685617
628683
62867kctgt
6286792
6286774
62867699
6286767
6286755
62867413
628672
628671470
62867026
6286696
6286690
6286678
6286660
62866446
628663116
62866286
62866256
62866
6286561
6286523
62865137
62864945
628649
6286478
6286449
628644590
628642166
6286409
6286379
6286364
6286329
6286323862888013
6286319
62863
628629903
62862862
6286255
628624
6286236
62862252
628622
628621
62861e
628618998
6286156
62861441
6286130
62861170750
628608
62860515
6286029
628601651
628600
6285tdb
6285h
6285cyegh
6285barrios
6285Gigz
62859801
62859665
628593378
62859200
628591956
628589
6285864
628585771
62858459374miko
6285830738
628582
6285813
6285810
6285775
628576420
6285746166700^^
6285739
6285735628874
6285720208945
6285708
6285706
628565
6285614
6285601
6285597r
628556
62855449
6285529
628551606
62855
6285472
6285455
6285445
62854397
628542
62853nald
6285398
628537
628534
628532kc
628532
62853188
6285311
628529662852
62852752
62852372
6285223
62852036
628520
628519374
6285180
628516
628514
62851335
628512
628511
62850j
62850907
628507
62850403
628503
628501
6284oxford
6284kaka
62849work
628499
6284975
628496517
628495173
62849463
62849370
62849215
62849.8
62848660
6284806
62848
6284790
6284777
6284753
62847278
62847
62846633
6284649
62846284j
6284614
62845833
628457619
628457044
628456456
628455
6284524
62845128729672
62844787
62844289
62844
628437vayu
62843666
6284353
6284332
62843151
6284300gaby
6284283402
628428
62842741
6284269
628425783
62842536
6284234
6284226
6284203e
62841979
628418131
6284154
6284140
628412
62841196
6284104d
6284084
628405
628401054
6284001
6283sb
6283pis
6283o624
6283abc
62839bad
628399074
62839897
628395
62838995
62838422
62838392
628383
6283816
6283808
6283799424
6283781
6283729
6283723
62837103
628370
6283663
6283649
62836
628357650javier
628354
6283529
62835004
628348104
6283472
628336v
6283346
6283337
62833262
628331360
62832d
6283239
6283225
6283218
62832
6283165
628315
62831342
62831226fh
62831022
628309462
6283088
6283078
6283076
628307
628304
6283037207
6283022
62830117
6282tx
6282mom
6282dkc
6282Ammar
62829ejryt
62829882
628295024933231
628293y
6282918
62828886
6282876
628287
628286558
6282851
6282842lilio
6282841
628283935
628283
62828026410831at
6282788
628278
6282770
62827427
628274201
6282708
6282692
6282675
6282661
62826499
628264747
6282638lb
628263
628262273
628260554
62825forever
628258
6282557
6282543nN
6282542g
628254
628253
62825249
628252
6282516
6282506jlm
62825
628249328k
62824817593
62824729
628245074
6282446
6282444
6282430
628242569j
6282412
6282403
6282383
6282359
6282335yoyo
628230653
628229948
6282288181429905
628227
6282248
6282242
628223
6282226
628221k
62822130
6282188
6282180
62821607
62821588
62821372
628212988
6282121
628212
628211476tk
628209886tratra
628209
628207874
6282051
6282038
628203
628202
6282005
6282003
6281trojan
6281cj
6281apples
62819b
628199565
6281993
628199
6281986
6281981
6281977
6281975
62819681
6281960521
628192
628189026
628188005
62818588
6281852
6281827978
6281818
62818091308MALGCVml
6281794
628178
6281769
6281751
628174
62817295
628171
6281694
6281682
62816809
628166293
6281657
6281653
628164
628163
628162235
628160830
6281599
62815674
6281552
6281535
6281522646120
62815129
628151
6281501m
628149779
6281469
628145
628141902
6281399
6281358
6281357
628134642950
6281333
62813244
628131
62813
62812935
6281277
6281270
62812644
628126
6281247/1988
628123907
628122
628121
62812041
6281172
628114475
6281123654
628112
628111452
6281103
62811
62810941
628108
6281073
6281054
628102526
6281020101111
6281012858
628100kfl
628100516
62810
6280rsh
6280deec
6280989
628096
628094189
628091333
628090
628089
6280885
62808742
628083067nenita
62808003
62807uzwxv
6280793
62807832
62807736
6280771
6280761
628073284
628071864
6280704
628068
6280666346411
6280654r
628061
628060
628058980
628057
628056283
628055756
628054
628053
62805244
6280523m
62805213
62805190
62804kb
6280488
628045803
62804454
628043
62804170F
6280396
62803829
628037166
62803166x
62802er
62802822996
6280255
62802116
6280181
62801712
6280164
6280150
628014339
62801380
6280117
6280110
6280107
62800810900
62800635
62800478
628003
62800265713399
62800023
627ycjgm33
627wellman
627ver
627tabs
627ste
627rios
627panama
627meme
627love411
627laylay
627kln
627istheend
627ilu
627huskers
627hotboy
627hca
627ggod
627d413
627chiomadk
627boys
627babe
627b627b
627ajf
627Mcr627
6279jul
6279ian
6279f
6279alejo
6279Mary
6279987
62799726a
6279905
627990
6279883
6279850
6279849
627980
6279792
627977
627976
6279726
62796970
6279652
62796352
62796279masv
62795721
627955
6279521
627951mon
627950932
62794mk
62794byeol
62794716412386
627944
627942d
6279425
62793k
6279398s
6279379
627936
62793
62792b
6279266
627925683
6279248
6279223
627920
62791t
62791620
62790w
6279097
627909
627906
627903914
62790345
6279016
6278smlayme
6278naru
6278ca
62789marty
62789789
6278963
6278938
627893613
627892667
627892623
6278915
6278907
62788eef62788
62788ad
627888778
627888
62788605
6278840
62787bacherhoil
627878
627874
627872302
627870
627869
627868
627867
6278649
6278639
627862ff
62786234
6278618
62785m
627859881
627858
6278570918
6278513
6278505
62784d
62784827
627846m
627846@
62784687
6278462belen
6278456853
62784360
627843
62784243
62784120
627838746
627837425
6278369
62783506271890
62783198
6278300
62783
6278280
62782656
627825000
627824
62782352
627822
62781j
6278183
6278166
627814
627812162781213031
627811
62780j
6278089
62780852
62780624867331
6278036
627803
6278023
62780161
6278007
62780
6277uhoyx
6277dsa
62779heart
62779703
6277965
6277958
627794512
6277933
6277923
6277913
627791
62779
6277891dodo
627788
627786235
6277855
6277837
6277821
62777jcam
6277798
62777627772mar
6277755666
62777222666
62776hdh
627766535
62776609
62776325
6277622
627758266
6277560
6277547
627752283
62775
6277485
6277480
62774688
627744711
62774250
62773arq6305
62773780
627733
627730stm
62772543
6277247
6277239
627723
6277220
62772
6277198
627717454
627714076
627712
627711
6277083
6277070
627706
6277024
6277012
6276wrevf
6276netti
6276atvxr
6276995
627697158
6276956
6276939
6276928
627691448
6276902
62769
627687
62768626
62768592
62768493
6276822
62767oiyur
6276782
62767650
62767329
627671
6276702
6276699
62766729
62766534
6276642
627663m
62766276rc
627662460
6276585
6276564
627655918
62765414
627653
627652
627651116
627649
627643
6276409
627637521
62763554
62763378
627631
62762877
627628330
6276280
627627as
627627627
62762752
62762719
62762705
6276249
6276239
6276215
6276210
62761pv
62761595
6276123
627610
627609370
62760900dayana
627608599
6276062
627605
6276036
627600
6275rb
6275password
6275ncrl
6275mj
6275mf
6275mah
6275i
6275de
6275al
6275991
627598
62759604
627593klm
6275930
62759241
627591k
