7521527
7521511
752151
75214JJ
752148963
75214789
752146
7521434
75214
7521373
75213679
7521351
752134698
752132
7521308
752130
75212r
7521278
752126
7521240
752123
75212146
752120
75211990
7521184
752117
7521162
75211432
752112213
7521115
752111
752107
7521058
7521037
7521015
7521008
7521005
7520miguel
7520gothika
75209930
7520971a
752092
7520909
752088
7520800
7520772
75207623hra
7520737
75206yhdcy
752069
7520664
752066
752064
7520620
75206
752059
7520578
75205555
752054
7520515123
7520482tip
7520468
7520452
7520432
752043
752040
7520390
7520350
7520325
7520314
75202953
752029
75202728
7520262
752025773
752023
752022
7520206
752019
7520181
7520156
752012t
7520120
7520108
752005t
752004kt
7520045kj
7520012
751wm2
751ten
751pm
751k2630
751gio
751dick
751cherokee
751_90481485
7519us
7519gh
75199jdc
75199818
7519966
7519937
751993362006
751992951991
7519911
75198966
751988love
7519887
75198721
751982mimi
751981
75198
7519770
751970
7519663
751965248_c
75196357
751963
7519611
751958426
7519571
75195508
7519541
751953tetesin
751953k
7519538642
7519538624
7519538462
7519538225
7519535
751953456
751953123789
7519512
7519483
751947
75194429
7519422
751940
751937
75193538
751934
7519332
7519314
7519290
7519259
7519238
751923
75191965
751917
7519142
7519132
7519123a
75191195
751909
7519080
7519069
7519044
7519027
75190
7519 rose
7518justin
7518PC
7518992
7518988
751897j
751896
7518946nui
751889
7518872
7518843
7518822
751881
7518781
75187518
7518718
75187098
7518690v
751869
7518665
7518637
751862951ismysai
7518611
7518582First
7518578
751857
7518551
751852461300
7518482
7518475
75184054
75183810
751833
751830
7518299
7518285
751823787
75182
751819
7518151491315
7518147g
75181361
751811
751810
7518076
7518042
7517mozart
7517983
7517965
7517929
751792
7517904
75178820
75178693
7517851
751782
75178
7517720
751770
7517688
7517638
7517598
7517592
7517535
751753
75175123
75174rc
7517487
7517474
7517456
75174483
75174404
75174221
75173Aa1
7517341
751733
75172c
751728
75172683
7517258
751725
7517235
751720556
75171642
75171172
7517108
7517101
7517043
7517006
7516sdv
751696
75169256
7516924830
751690
751688
7516857
7516845
7516827
75168
7516752
751673
75167216
7516694
751663
7516613
75165gaby
751656
751651
75164914
7516474
7516454
7516414
7516408
751639
751638
7516364
7516349
75163208
7516305c
7516294
75162510
7516226
7516164
7516150
751610
7516098
75160449
751603
7516007
7515wiggins
7515lal
7515jc
7515awe
7515WNBAfortalezaymiedo
7515939
7515907
7515894727757747
7515890
7515882
7515880g
75158690
75158141
751576
7515721
751568
75156728
75156548
7515632
7515609
751559
75155690.0
751554
7515526
7515516387
7515463
751544M
7515416
7515405
7515369056
7515344
751533
751532
751531
751525
75152359
75152321
7515223
751520
75151989i
751518
7515172
7515148x
751513539
7515125
75150lmo
75150921
7515080
75150472
7515024elliot
75150072
75150
7514keira
7514an25
751498
75149
7514891
75148695362
751485
7514835
75148246
751479
75147514
7514746
7514725
7514713
751468
7514675
7514651913224
7514630
7514606n
7514586
7514566
751452414024781
751451elleni
75145133
75144ja
75144771
751443
751442
75143tx
7514376
7514368
7514323
751432
751430
7514269
7514260
75142520
75142369
75142202
75142160
7514179
75141708
7514147517
7514123
75141212
751411
75141
751408
7514020
75140
7513twih
7513pp
7513ds
7513AL
751398
751394139
75139175
7513911
7513884
7513830
751381
751378
7513768
751374dj
7513739
751373
751371
751369
7513630
751360
75135lar
7513598426
75135982
7513594625
7513573
751356
7513542
751353
7513514
751350
7513455
7513425825
7513409
75133916t
751336362
7513339156423
75133117230283
751326kal-el-javaa
751324A
751323
7513191137
75131876
75131541
751314
751313108
7513123
7513116
751308
751304
751302
7513004762019
7512vret
7512ra
7512kf
7512jd
7512c
7512abcd
7512941
751293
7512925
75129181
7512890
7512864
7512858
751282
751281
75128055
7512790
751278
751276
7512741
7512720
75126acdc
7512676
7512641
7512622717
7512600
75125cl
751259
751257
7512556
751255
75125268
7512523ceza
7512487946
751248753
751248156
75124798
7512471
751246
7512440
7512394
7512375@om
751234hh
7512345
751234
7512325984
751228
7512268
751226
7512246
7512240
751223018249309
75122157
75122086
751220
75121902702
75121600
751214467597
7512131a
751212j
7512120
75121118802
7512101
7512079
751207
751205
751203mer
7512013
7512002157
7511yn
7511nh
7511996
751197
751193
7511908
75119000
7511881
751187
7511844
7511811
75117828
751175J
7511754
751175
7511724
75117148
75116lm
751169
7511684
751167
75116477
75116385
75116064
751160
751159770
7511558
7511532
7511520
7511516
7511507
751150
7511488
7511407
7511350
751133
7511318
751130k
75113
7511268
75112600
7511254
7511251104
751124150
7511239
7511229
751122
7511218
751120015803
75111648
7511151
7511145
75111313
75111185
751109kris
7511089
751108
7511063
75110520
7511049
751104
7511021
7511014
7511001518
7511000
7510yp
7510lynn
7510hck
7510enhoni
7510991
7510975
751095
7510933
7510916
751090565
7510874
75108521
75108335
751082
75108173
7510807
7510786
75107778
75107691
75107644
751076
751075075144277512389
7510748
75107428
75107139
75107
7510678
7510666
751066
7510650
7510640urie
7510615
751060551187564
75106
75105857
75105799
75105653
7510561
75105357
75105250
75105121
75104988030895
75104933
75104866
75104777
7510475
7510468
7510451
75104307536047
751041
7510382
75103750
7510359
75103282
7510319
7510310
751030156
75102828
75102742
75102677
751025712
751025
7510244
75102248
751022
7510216
75102113
75102
75101972
751019007
7510189
751016900912
7510165
751015782
75101341
7510118
7510105829
7510096
751009
7510079
751007145024
7510063
7510044
75100271091ana
75100215j
751002
7510001
7510
751-8020
751-0723
750xv3
750wet
750vulcan
750spirit
750rec
750piru
750oscarmanuel
750ml40%
750gsxr750
750frx
750fho
750ducks
750cowss
750camie
750bmw
750aqzvn
7509cmill
7509986
750997
7509953
7509950
7509934
7509914
75098b
750988
7509876
750985
7509840
75098173
7509800
7509791
7509751
7509745
750972
75096vvoqn
7509654
7509648
750962
7509598
7509566
7509550
7509530
7509501
750949761980
750949
7509478
750941938
750941
75093tx
7509389
75093573
7509351
75093265
750930BA
7509299
750927221
7509261jel
750926016667
7509249
750922
75092033
75091937
750916
7509149
75091429
7509117045
75091001
750908.060330ymary
75090573
7509055
75090411
7509027
75090175
7508usa
750899bj
750899
750894
75089146
75088o
7508885
7508881
750886
7508843
75088307
750882
75087913
7508767
750875
75087360
75087083
750867
750866
7508629
7508614619
750859
7508578
75085556
7508552
750854
7508522475man
7508501
75084823
7508440
7508397489
7508388
750834
7508326
750831055006
750829
7508281
75082802
75082700749iser
750821
75082032
7508189g
7508166
750815016437
7508118
75081007306
7508097
7508092
7508082
7508065
750805
750804
750801
7507tphye
7507nn
7507amr
750799
750796
75079314
750793
7507914
7507906
7507866
7507862
75077krd
750779
7507755
7507718
750770
7507688
75075963
75075822
75075314
7507494
7507464
750746
7507351
75072924
750726
75072427
750722-ok.
7507207
750718v
7507182
750717@su
75071600
750715c
750715
7507132
7507128
750711
7507086
750704
7507033
7507025
7507001
7506ry76
7506cox
7506bray
7506amor
75069a
7506976
750696531
7506928
7506895
750685
75068188
7506807
7506774
750674
75067
7506662
7506619
75065960
7506574
7506549
75065346106
750651
7506475
7506342t
7506319
750630
7506295
750629086482
750627095182
750626
7506249
7506238
750622
75062
7506165
750616
75061234
750611
7506087
7506079
750606
7506027
7506023j
75060067
750600
7505led
7505joeandmissy
75059952
7505980
7505924a
75059081
75058617
7505840
7505785
75057505
7505730
7505710
75057
7505693
7505668
7505610
7505538
75055
7505438
750538076
7505368
75053310166987
7505306098
750529
750526sophia
7505258
750524sane
75052317n
7505200
7505191
7505177
7505150182
750513125283
750512
75051110
75051004
75050950920
7505080
750506
750504
75050303023-1pui
7505007
7505
7504noffke
7504ibjx
7504db
75049tqugq
7504987
7504940
7504916
750487
750481
7504696
7504686
75046773
7504663732
75046576
750460669
750457
7504544
7504538
7504514z
7504507
7504481
750448
7504413
75043333
75043007
750428
750427016689
750426
7504247g
7504236778
750422
7504211
75042012
75042
750418J
75041750
7504126
75041202
7504102
750409
750406
75040444530960
750403
75040
7503zum
7503sol
750397878
75039697jimmy
7503866
750385
7503842
7503783
750376nini
7503705
750368b
750366
7503638
7503552
750352
75034rma
750348d
7503477
7503449J
75034268
75034
750335011680
7503325
7503300
75032538
750324
750321
75032043z
75031956
750318
750316
750314ct
7503134
7503101
7503099
750309
750306
75030560
7503034
7503019
7503003647096
7503
7502jon
7502992
7502911
7502904
75028905ab
7502828
75028129
7502789
7502753
75027502
7502693
7502675
7502654
750265
7502611
7502605c
7502595
750258
7502555
750253
750251
75024918123
7502471
750246
7502456
7502443380
750241mint
750238r
7502352
7502335a
750231490861
750230
7502281
75022724648
750226301
750225871933869
7502239
7502218
75021974
750219
750218
750216
750214
750212750212
7502112
750211
750210
750209
7502074003
750205
75020235434165
750202
750201105275
7502003485059
7501south
7501m
7501bj
7501986
750193
7501918
7501903gt
7501882
7501846
75018264
7501810
75018-dawatik
75017901
75017501l
7501739
7501701
7501693160
7501673
750166d*f1979
7501635
75016247020875
75016214
75016060
7501598
7501585590106
750155
7501525
7501499
7501459
750145
75014268
75014201
7501401
7501380700014
7501369812226
7501362620088
7501356c
750134
75013100
75013
7501288
750128
75012689600
7501262
7501255
7501243425
7501226
750121a
75012
750119
750118115704
750113az
75011331133
750113
7501121
7501120
7501112
7501110
75011015
75010tresor
75010paris
750109
7501086801077
7501082
750107737914140
75010700
7501064112546
75010623421
750105lu
7501057
750105590003
7501055305247
7501055
7501048782031
750104
7501036
75010329848
750103154
7501030ilseleal
750103
7501022457845
7501022
7501020512212
7501020006609
750101m
7501017342976
75010171210
750101415876426
7501013151039
750101091
7501010
7501001603045
7501000660568
7501
7500x6
7500rr
7500rb
7500jl
7500iy
7500grul
7500eagle
7500blocc.
7500atamis
7500973
7500945
7500926
7500909
7500905bmw
7500904
7500899
750086
750082
7500802
7500791
75007773
750077
75007600
7500734
750073
7500708
75006679
750063
7500613
75005qfxr
7500585
7500555
750051fob-
75004H
75004621389
7500406
75004
75003gsxr
7500352
75003344anm
750031
75003079
75002donald
7500288
7500262
75002488
7500233
7500209
75001990
750017379
7500160
7500158
7500150
750014
750012724b
750011
750010438
750008533
7500075
750007190
750006
7500054
750005
75000308
75000000000
75/JUICE
75/162
75.yilanisina75buyukusta
75.DUBLIN
75-J7vJ7
75-404503q42
75*oigres
75%cheeky
74zws296crf0
74z1kaw
74yi3kr2
74yankees
74x=f4.k
74wrestling80
74winforde
74wildcat
74west
74walter
74wa4x7e1234
74vnjy
74vintage
74vega1089
74va4w7d2
74v03w6d2
74usuxit
74ur3n
74uh1d412
74txmade
74twong
74turtle
74toyota
74tops
74tommy
74tillitblow
74thom
74thegreen
74teddy
74tbone
74tank
74sussi
74suicide
74struggle
74steph
74stead
74star
74ssdec
74squirt
74spidez191
74spanky
74southsid
74sooners
74smok
74smack
74sika923
74shiro21
74shantae
74shadow
74sftbal
74sera74
74satelite
74samdog
74sa746062
74rutter
74romero
74rockets
74ritual
74ricky
74rg3517
74rennieg
74rd98
74racity
74r460
74qa85ws
74pussy
74ptt5973
74pprx6xp
74poplar
74ponh
74playgirl
74play
74pino293
74perry
74penn
74peace
74pasquali
74p6ppin
74ot04
74openme7
74ontop
74omagh74
74ohio
74oc93
74o15247
74novdogg
74norton
74no72
74nikki
74ngo*
74ndu5
74natachaa74
74nJe31
74n1k4
74music23
74muggy
74moto
74mosses
74monty00
74monnounours12
74monkey
74molina
74mitty
74mint
74million
74mike52
74michelle
74megeve
74mcprugby
74marvin
74marie
74maling
74madonna
74m83h
74m1123y
74lueic1
74ls74
74lozoya
74loves55
74loverlover
74litbeave
74life!
74l80j
74kt0ns47
74kings
74kevin74
74kealoha
74kanb
74ka$0
74k531
74k18n
74jw78m
74jrr74
74jones
74jlk9
74jezzy19
74jeep
74jakedog
74jackson0
74ismyclick
74international
74impala
74illinois
74hz1s
74ht67
74hotrodmamma2
74horseshoe
74hoodrich
74holzer76
74hlfdar
74high
74heer21
74hc138
74hawk66
74hari
74guchol
74groovegang
74granny
74grandma
74gokhan
74goatballs
74gforce
74ge74hkj8h4b
74gdnation
74gdjg
74gdgp
74gdboom
74gd74gd
74gd6
74gangstatilidie
74gamer
74g1lk7
74fulton
74foster
74folkin
74floors
74fatboy
74evowrx
74elin
74ele074
74eisernunion
74ed10
74dziuui
74drycreek
74dreams
74dragons
74dpyx
74douglas
74dora
74dimebag
74denton
74daveed
74dancer
74daisies
74cutlass
74crt74
74crew
74cr8910va
74corleone
74coffee
74christine
74choo
74chevrole
74cheech
74challenger
74celtim
74ccag69
74canncer
74cambuco
74c801976
74c083114321
74burris
74bugui
74bruins
74brick
74boston
74boast
74bluel
74blessings
74bigwill
74bhs1
74beer
74bbojos
74backwood
74baby
74b7py
74b178
74azerty
74auua74
74atcher
74as11
74antcox96
74and72
74amxamx
74amame
74alphasierra.as
74alfonzo74
74alegria72
74agmoney
74aeris
74ab653d
74aaaa
74a95o
74a2i19z
74_cac
74YOMEGA
74WE2v17
74TALLER
74Shelby
74Sammie
74SHAWTY
74RinG@??
74Rezela
74POONS
74NIGGA
74N14
74MyLiFe08
74MONEYY
74LOWENDZ
74KILLA
74Jens47
74JAPAN
74GjFw22
74GaFFz
74GFGGD
74GD712
74GANGSTAQUEEN
74G746H
74FairZ
74Duster
74Dawn
74CRAZY
74CHEVY
74Bluechop
74Besme??
74BITCH_
74AND75
74:glsa
749un9
749tell
749rdj06K
749p3089
749eb26d856
749ctfeg46
749cahcis
749bur
749amr@
7499xb
7499uli
7499noah
7499lj
7499_lima
74999991
7499955
7499945
749994
7499927
7499917
749991
74998987
749989
749980
7499777
749974
749973
7499679
7499629
74996
7499536
7499504
7499492
749947
7499449
74993jackson
7499377
74993619
749935dk
7499310p
749927841poo
7499266
74992596
74992458
749923
74992143
74991207
7499104
74990421
7499007
7498tooter
7498knjtin
74989900
7498979
7498965
7498941
7498922juli
7498901h
74988htyus
749887
7498810
7498795
749878
74987612
749875
749873
749870
74986utah
74986932
7498665
749864
7498597458
749859109208301199
749856
749855
7498543
749853
7498500phg
7498467
7498413
74983tzusp
74983720
7498330
74983295
749828
7498258
74982383
74981j
7498181
7498166
7498146
7498142
7498136
749810
749808
7498062
7498026
7498012J
7498(g)agp
7497rg
7497jenny
74979gia
7497989
7497973
7497939
749790
7497878
74978500
74977972403
7497788
7497769
749773
74977153
749768
74976029
74976
7497590
7497564
7497522
74974hnhxy
7497495
7497460
7497452
7497430873
7497426
7497349
7497336
7497317
7497286
749728
7497267
7497264
7497211
7497144c
7497136
74971278fe
7497090
7497077
749706
7497014abc
7496997
7496966
74969580631
7496941
7496925
749691
749685321
749685
749683
749678
7496742
749671rn
74966969
74966819
7496639
7496620
74966
74965811
749655
749654
749652b
74965
7496497
749649
749648
7496462
7496409
7496369
7496352n1
7496331
7496266
749626
749618
7496138
74961242topkungm
749610611
74961019
7496078
7496064
749604300
749603
7495rjfxy
7495july
7495dan8
7495ah
749598
749597
749595th
749591
74959
7495894
7495884
749588
749586
749585
7495792
749576
74957474
7495725
7495696
7495677
749567167
74955932d
74955382
7495492
7495470
74954351
7495411
7495401
7495361
749535
749530
749524
74952247
7495220
7495190M
7495117
7495107
7495083
749505dt
7495033
7495012
7495006
7494lexin195
7494jd
7494BDJ
749498
749495r
749487546
7494835
7494822
7494801**j
749479
7494773
7494769
7494755
749473m
7494733jj
74946nbks
7494660
7494606
7494590
7494550
7494531
74943brea
749437
7494357167
7494308
7494288
7494261
7494241
749422
749419
7494174
74941498
749414
74941124
749409
7494057
74940359b
7494015
7494009
7493us
7493sietz
7493991
7493982
749397
7493959
74939462
749394
7493889
74938467913
749382
74937rhmqg
7493789129
74937603
749368789
7493672
7493640
7493560
7493515
74934520
749342
7493405
7493389
7493380
7493362
749334
7493290
749325
74932265232565
74932111
7493206
749317
749315844245
7493152
749311
7493093
74930610
74930401
749301
7493
7492tara123
7492rona
7492982
74929799_b
74929604
749295
7492929
7492926
749288
7492855
74928266
7492822
7492811
7492791
74927878
749278
74927462
749274
7492731
74926iygay
74926632477
749265jh
7492628
74925kris
749258
7492547
7492515l
749250
7492497
7492445
74924250
7492417
74923a
7492350
749231
749228
7492253
7492238
749222518
7492206
7492200012
7492168
749216
7492133
749212
749211
74921
74920ffhcd
7492060
749203
7492008
7491zm
7491pussy$
7491n
7491mau
7491gv3
7491ge
7491994TT
7491968
7491941
749193
7491920
749187
74918
7491758
74917301
7491638
749160
7491577
7491557
74915451989
7491536
7491506
7491439
7491413
7491369
749135hamm
7491270
74912579
7491224
74911zako
7491193
749119
74911550
749115
7491131
749111
749107
749104mjmmdm
749103
7491015256
7490tf
7490mjms
7490ibe
7490LmA
7490BITCH
74909568
74909290
749090
74908624
7490851020
749084
7490828b
74908200s
74907395
74906roe
7490655
7490607
74906
7490561
7490543
7490522
7490466
74904559183175902
7490430
7490388
749035r
7490334
749031
7490301
7490274e
749025
74902
7490163
749013
749012
74901
7490081
749007
749003
7490014
7490000
749-6129katou
749
748ur4
748slim
748rpygc59
748love
748julium
748gulubabyvinoth
748f0a
748NOZ13a
748C9080
7489neia
7489dbb
7489cag
7489beth
748998
748996b
7489952
74899478
748991k
7489912
748986
74897854w
7489761
748975
7489731
7489725
7489697
7489687489
748967487
7489652
7489641032
748962
748959
74895412sexy13
748953
748948743708
7489466
748942
74893cdmgc
74893650
74893252432
7489314
748919
7489150
748910
7489078
7489058
7489048
7489027tjb
7488yleonel
7488wy
7488pitt
7488joc
7488947
748893
748888raj
7488888
748887j
7488873
748886
7488809
7488798
7488748
7488712
7488681
7488636
7488608
74885730
7488548
7488519
7488488
7488467
7488421
74883983
748834
748833
748832585n
748831
74882812
7488258753
748822
748818
7488137159157415
748813
748807
7488025
7487stacy
7487TC
748799
7487979
748794103JpS
7487920
7487911
748790
7487879
7487856
7487845J
7487844986
7487833
74878171whsw
748780
74877847
748774
7487724880211253
7487700
748769ltyb
748769
7487675
7487669
7487631
7487579
74875641
748756
7487548
748751773
7487497
748749
7487487
748747
7487444
7487416
7487411
7487358
7487348
7487307
748725
7487224
74872005
7487192
7487182
748712
7487076
7487046
748700
7486vanni
7486eb
7486998
7486969
748695
74869385
74868auuek
7486886
7486880rr
74868445560
74868424
74868103
7486792
748678
7486754
7486744
748671
7486653
7486633
7486627
748661ni
7486615
7486583h
7486576
748653840
7486519
74865103
748646
7486423
74864
748636X
7486352
74863256
74863004
748627
7486245
7486231
7486207
748618
7486152
7486096qwu
7486088
74860500
7486032
7485tt
7485ok
7485jcjc
7485hb
7485MaCKdr
7485CAMILA
7485988
748596pp
748596k
748596g
748596d
748596apfs
7485967548
748596456
7485963
748596215
74859613
74859612300
7485961230
748596120
74859610
7485960
74859521
748594
7485885
748583
7485821225
748581
7485798
748579
7485783
7485758489
74857458755
748574
74857374
748572
7485692
7485689
748567
7485646
7485633
748557
7485524
748548474744444444
7485475878
748547
7485464
7485424
748540
748536
7485346
7485313
7485282
7485269
748526
748522
7485216
748520
7485199325
748518
748515
74851411l
74851239
74851230
7485109
748507
74850226
7484rcbau
7484ma
7484dwtys
7484acuye
748495kita
748494as
74849423
7484927
748489marinefz
748489
74848757
7484866
7484861jms
7484857
7484848
748484060
748482
7484811
7484792
748474
748472
748467
7484648a
748458
7484542414
748446
74844322kenn
7484426
748438Web
748434090
7484322
748429j
748429
7484275
7484247
74842201
7484200
74842
748417
748414
748413
748412
7484102
7484100cb
7484089
7484065t
74840429
7484040
7484031
748401
7484
7483madelief
7483arss$
74839hwcgk
7483939
748392
748391
7483876
748383es
7483825
7483810tom
74838
7483789
7483740
74837
7483693
7483676
7483649
7483621
74835523
748354
74834life
7483484
748347
7483415
748341
748338
7483324
7483309
7483291
7483242
74832094
748320
7483172S
7483169
7483143
7483130711
7483117
74830911
74830781
748305
748303
74830
7482qpso
7482nwom
7482lorenbe11
7482bzcof
7482979
7482943
7482915
748291184
74828895
7482872
7482862/
7482851
748281
748278
74827672
7482759
748271
7482693015
7482667
7482654357159
748258889
7482555
748254
748251
748250
7482497
748244909086
7482439
748243
7482367
7482334
7482307as
74823
7482282
748223mmc
748223
7482217
74822001
74822
74821982
748214400
7482124
748212
748211
7482073j
748205
7482031
7482023
7482015
7482
7481that1
7481ne
748199pulo
748198
748194x3
7481928712345
74818820
748186
748178
7481754
7481747
7481721
7481719
7481687174H
748166
748163
7481592663
748159263s
748159263n
748159263l
748159263jayme
748159263\\
74815926357
7481592633
7481592630.t
748157
748154777
7481538
74815296
7481514
748150
74814788jt
7481446
748143878
748142
7481390i
7481378
7481329
7481309
7481235
748122
7481172
748116
7481148
748111lb
748111
7481101
7481088
74810850
748107
7481041m
748103
7481008855
7481002895
7480wt
7480lj
7480JLD
74809812cdw
74809803dg
7480951
7480921
74808pp
7480853
748082
7480810
748079
7480755
7480748
748072
7480687
748067
74806537647
748063
74806
7480564
7480552
748054
7480504
7480347
7480320
7480306
7480283
7480229
7480199+
7480183
748017
74801439fycxl
7480140
7480123
7480115
74801
74800527
748002a
74800104
748000
748-6739
748-3662
747wrk
747w7873
747tracy
747tevjr
747t747t
747smkms82
747scb
747queen
747plane
747pbg
747odh
747mqwew
747misha
747love2fly
747kmk59
747kerry
747jumbo
747jett
747hmmju
747guy
747gm100
747frsun44
747fishfly
747crew
747cat1
747c24f
747boy
747ash747
747andre170990
747alpha
747adelaide
747PGR
7479jmcd
7479hsod
7479brenda
747999
747998
74799320
7479914
7479900
7479893
7479888
7479868
7479849
747982
7479799
747979
74797198
74796mx
7479676
7479645
7479616
747959
7479585844
7479559
7479489
7479446n
747944
7479413
74793123
7479302
74793
7479253007
7479248him
7479235
7479221
7479176
747913
74791233
747911
74790932
747907
7479060
74790500
74790412327479
747903
747902
747901
7479
7478dc
7478996
7478972
747896
747894lj
7478939
7478900
7478880
7478855
7478848
747883
7478805
74787pekzy
747878v
747878
747877
7478755
74787409
74787247480468747745
74787059
747870
7478670
7478665
7478652
747865
747864
747861901
7478608
7478596
747859
747858
7478525*
7478515
747851
74784othhj
7478481
747846j
7478440
7478401
747838754
74783627327
74783517
74783397d
7478326
747831212
7478308a
7478296ku
747829
747828
7478257
74782285
74782190412
74781d
74781884
7478173
74781605
7478139
7478126
747812345
74781144
74781
747809
74780620
7478045
7478039
7478031
747802
747801
7478005
74780002
7477rf
7477nat1966
7477mw
7477leona
74779906
7477976
7477969800
7477952
747794
7477931
74779222
74778jean
7477885
7477878
747786
7477851
7477777
7477766
7477730
7477719
747770
7477668
74776568994840
7477640
7477604
74775681
7477539412
7477513
747748
747747747
7477467
7477457
7477413
7477378
7477353
74773087
7477291
747729
7477286
7477241
74772176
7477199
7477181
7477176
747716m
7477151
747712
7477103
74770705
747704
7477009
7476sc
7476JA
74769699
7476950812
7476905
7476892
7476878
7476872
7476848
7476828
747678
7476741
747672912
7476727
7476695
747666747
7476633
7476628d
7476600
7476580
7476571
747655
747651701
74765003
747647198378
7476451
747643
7476409
747636
7476359
7476332
7476307
747629
74762559
74762216
747621
7476198
7476165
7476157
7476115
74760800
7476043
747604
747601e
7476006
74760
7475tkbdb
7475lexie
7475jfjf
7475biskut?!
7475aerosmith
74759k
747598
7475929gis
747591
7475897.
7475892
74758873988155
747588
7475860
7475843
74758237476725
7475815
7475787905
747578
747576899
747575
74757390
7475719
7475707
7475689
74756686
7475646
7475619
7475600
74756
7475584
7475551
747553
7475522
74754933
7475486
74754701
7475457687
7475456
747543
747541
74753chff
7475377
7475350VILL@
74753
747529
7475275
747526
74752519
7475236
74752171
74752
7475182
7475171
7475159
7475136
7475128
74751.53
7475092
747506
747504
74750103
74750
7474sid
7474mlbq
7474life
7474lady
7474gdgd
7474cc
7474a
7474986
74749199
7474890
747488
747487s
7474874
7474859143
747485852323
7474854
7474848
74748333
7474825
747482
7474787
74747834
7474770
7474761
74747575
747474sb
747474m
747474e
747474c
74747474ch
7474747474
74747447
74747412
747472aa
7474714
74747105
747470
74746989
7474684
747467
74746565
747465
747463e
7474627
7474608
747459
7474582
747457121
7474547
747454
7474522
7474517
74744zmgna
7474476
7474458
74744545
7474405
74744
74743782
747437
747432
7474311b
747431
747426
7474244
747423v
7474227
74742152370323
7474200
74741996ih
7474177
7474174
747417
747413747484
7474110
74741027
74741
74740789v
7474050
7474018
74740100
74740000
74740
7473pimp
7473mommy
7473999
7473978
7473916
74739
7473841
747380
7473797
7473778
7473761
74737588
7473723
7473693
747365656
747363
74736033
747359
7473580
7473535
747352018
747350
7473462
7473437
747341
74734
7473371jh
7473327
74733
747327
7473239
74732170
74732
747318
74731504
747314
747312tee
74731120
747309
7473052A
7473022
7472xmirq
7472tb
7472a300
747299
747297
7472950
74729374
7472927
7472883
7472876
7472830
747280
7472798
7472779
7472746
7472742
7472716
74726622vs
747260
747259127
7472585
7472558
7472538
747252
7472514
7472509
747250
74724717
74724661_F
7472436
747241
747239mj
747239
7472339
747231
747227
7472227
7472215amh
7472211
7472189
74721815c
747215
7472132
7472124
7472118
7472106
747210
74720gd
747208
74720653
7472057
74720199
7472009
7471vg
7471l
7471cual
7471arf
7471ab
747199
747197
747195
747189
7471826
7471803
74717u71
747178747
747178
747175
747174
74717273
7471714
7471679
7471675
74716523
747163110
7471583
7471568
7471544
74715362
747153
7471514p
74714n4ycristian
7471499
7471492
747147
74714560
7471439
747143
74714011
74713aa1
7471395
7471381
7471372
747136
7471328789
747132
7471317
747131
7471297
7471269
7471268
747124o164
7471235
7471229
7471222347
7471219509
7471213634
7471190120
74711747
747116
7471156615
7471147
7471132
74711245
7471119
747111
7471102345
747110
7471065
7471056
747105
747103j
74710110
7471
7470jcr
7470gk
7470999
7470956717
747094
74709010
7470899
7470871
7470843
74708250
7470815
7470775
747076
7470750
7470740snv
74707369
7470720
7470716
7470692
747067
7470649
7470636
747062
74706
7470576
7470561083
7470540
7470535
7470496
74704670
7470442Al
7470418
7470407
7470373
7470360
747032
7470310
7470305
747030
7470293
7470261
7470239
7470230492losira
74702270
747022
7470216E
74702159
74702092717
7470200
74701m
74701979
7470187
74701789
74701650
74701448
7470125
74701145626994
74700970
7470081098
7470070826
7470069528
74700448
747001999
747001
7470000
747-9902
747-400p
746ypt
746spank967
746rekm
746qtdnv93
746khj
746itch
746gefcm63
746chacuy
746ap301
7469sl
7469rock
7469mll
7469dr
7469dmptrl
746999
746997643321
7469976430
74699593
74698awick
746987
7469859
7469819
7469774
7469730
7469703
7469666
746965
7469627
7469608
7469599
7469541
7469535
7469513
74694963
7469480
74694152
7469365
7469330
7469320
7469310a
7469287
7469237
7469216
746921
746918501
7469119
7469116
74691
7469007
7468zveuw
7468cb
74689wjyer
746897
7468950
7468936
746892
7468886
746887
7468821
7468802
7468746
74686photo
7468691
746868
7468667
746861l
7468608
7468587
74685731
7468533ryan
74685200
746852
7468481
7468477
7468451
7468436
7468407
7468382
7468330
7468281
7468263589
7468242
746821
7468184
7468175
746815
7468138
746810
746807
74680506
746803
7468000
7468
7467mng
7467fr
7467esauM
7467dmh
7467ar
7467MIE
7467KID
74679hxzu
7467961
7467929
746789d
7467843113
7467801
74677812
7467771
74677571
74677467p
7467733
7467705
74677
7467673
7467666258
7467662
7467647
74676036
7467588
7467556
746752
746748
746747
7467457
74674268427051996
746742
7467407a
746738710
7467341
7467330
7467304
7467300
74672905
7467277j
7467247
746723
746722
74672
7467197
746719
7467176
7467166
746715
7467136573D
74671240
7467119
74670913!
74670602
74670000
7466tia
7466rubi217
7466gv
7466MM
7466974
74669319644713
7466917
74669076
7466888
7466854
746683
7466807
7466795
7466778
7466768
746674
74666jr
7466665336
7466653
7466643AA
7466639
7466628
746662
746659
7466565
74664uvqam
7466485
7466478
7466454
74664467
746641
74663883j
74663816419996
7466374
74663551
746633**33313*3063
7466310
746629
74662831674
7466269
7466242
746623
746621
7466191258
7466181
7466148
7466107
746610
7466051
7466041
746601
7465zam
7465mlg
7465leo
7465j
7465girl08
7465KIDS
746599jo
746599
7465956
7465903
74658jwmje
746589123
746589
74658768
746585
746583
746581
746576
74657540
7465746
7465737
7465722
746570
74656ncc
7465687
746566
7465642
7465635
746561864
746559aw!
7465582
7465553
7465530
7465525
7465496
7465486
746547555
7465443
746543912
746543356830409
746542238
7465416
746540
7465397
74653860ej
746537
74653200
7465298
7465293
746526
7465255
746524824
7465233sponge
7465217
74651995
7465191
74651534
746513
746511396
74651107465
7465107
746510
7465091
746506
746502
746501
7465000
74650
7464jjsa
7464969
7464916
74648cewvp
746489
746486
74648025
7464776
7464769
7464746e
7464740
7464720
7464703574647035
7464695
7464686
746462327
746459
7464571
746455gabriela
7464551
746453forever
7464536
7464516
746449
7464464005
7464439
746443
74644130
746440
74643njrgs
74643903
746434
746433
746430
74642763
746426
7464231
7464224
746419love
7464187
7464179
7464145
746414
746411
74640999
7464079
7464038
746401
7464
7463pOSSO
7463cs
7463baby
74639ribena
74639987
746398
74639644
7463953
74639364
7463921
7463917
7463886
74638830
7463873
746385
7463811
7463800
7463782
74637755
7463759
74637463
7463742
74636twkf
74636999
7463698
7463668
7463653
746363
7463614
74635674
7463553
7463527
7463519
746351
74635
746343
746341
7463359
7463345
7463320
74633
7463292
7463220429
7463169E
7463159
7463145
7463127
746312
74631
74630830
74630780
7463070
7463063
7463041
7463008
7463
7462nb
7462boo
7462984
746297
74629602009
7462945
7462931
7462897
746280
7462795
74627575KsK
7462750way
7462738891
74627266
74627234
746269
746267
7462635
7462627837
7462613
746258
746256
7462533
7462525
746251413
74625128
7462493025159
746246
7462439
7462410
7462373
746236
7462345ee
746233
7462282
7462269
746224
7462233
746222
746219b
7462167manus
7462150951753
7462132
7462121
7462116h
7462096121
7462078
746204
74620288701973
74620250120456022
7462003
7461cecc
7461968
74619366
746191
7461901
7461878
74618628
7461825
7461812
74617dwd
7461793
7461748
7461724
7461703
74616yg
7461698
7461693
7461646
746164
7461619
7461609
7461533
746147
7461458
746145
746143
7461417
7461400
746135
74613285
74613129
746128
7461231
7461212
7461205
7461177
746116
7461149saleh##
7461145
7461130705
7461098
7461074
74610596403323
7461023
746101
74610
7460phnfr
7460hawt
7460THOM
74609321
746090
7460867
74608301
746080
7460794
74607810266
7460736
746070
7460631
74605rshit
7460550CB
74604m
746044
746042
74603dj13
746033006
74602930
746028
746025625aj
74602562512
74602271
7460139
7460130
7460102
746009
7460041
746-5204
745za123
745woods
745sux
745rnaav38
745p3r50n4577364n
745momy
745mar
745li
745latasja745purple
745kev
745gladiola
745disney
745bear
745GAT
7459rlr
745999
7459940
745988910
745988
7459851
7459834
7459822
7459819
7459785
745970b
74596ejkf
7459696
7459673
74596657459665
745965852456+
745965123
7459626
74596207je
7459610
74596
7459585
74595257
74595123
7459499
7459485
7459477
7459467
7459455
745943rm
745939
745937906
7459319
74592k
745925
7459232
7459223
74592147393
7459193
7459151
745912ome
745912
7459110
745908
7459+3+5-bf
7458thpl
7458lq51
7458dragon54
7458aa
74589j
7458979
7458976
745896abbcdd0
745896456
7458963
7458961
74589321
745891fyy
74588658
7458815111033
745879
7458775narutoras
745874587
745874
7458735
74586sowku
7458694
74586744
7458658j
745865235
745864
745863a
7458599
745859
74585588
74585411
745853870036
745853012
7458525
7458516
7458507
745849
7458486
74584713
7458468459
745845
74584329
745842aivlis8u6n4g8u
74584292
745841256
7458344
7458322
7458312
745830
7458284
7458275
7458273
7458266
74582623
74582286
745822
7458206
745820254
74581a
74581785
7458159
7458143
7458121
745809LK
7458060
7458016004
7458009
7458
7457august
74579739658745
745792
7457899615412336
7457870
7457851
745782
7457804
74578001
7457788
7457784
7457770
7457741
7457689joserodriguez
7457680
7457675
745766
7457645
74575thyze
7457575
74575701
7457555
7457549
7457513
74575041
74574rc
7457478
745745745
74573devrt
745737
7457356
7457321
7457260
745722
7457204
745719d
7457187
7457153852
7457135159
7457110
7457103
74571
7457086
74570419
7456viwi
7456ra
74569m
745698a
7456987
7456985
7456981
7456963chita
745692
7456897
74568932
74568910
74568520
7456832
7456828
745678910
745678
745674
7456731
7456718
745670
7456683
7456662
7456654
745663
7456551
7456547
745652379
745650l
7456475
745647
745645645
745644bor
74564358
7456412
7456396541adam
7456393
7456374
745635
7456336547
7456327437846
7456321423
7456316
7456300
7456268
7456256
7456240
745620
74561988
7456172261
7456161
7456149
7456141
745612389
745611
74561
7456056
7456026
745602031a
7456
7455th
7455haha
7455ab
745592g
745591
74558M
745588
74558713
745585
74558455
745580
74557498tavi
7455735
74556ofvjc
745567
7455633
74556
7455578
745555
74555
7455473
745546719
7455451
7455435
745541
7455392
74553593
745532835
7455320893
745532
7455304
74552700
7455253
74552485
745523I
74552084
7455185
7455147
745513757
7455124
7455111721
7455108
74551
745509
745505
7455039
745500
7454pookie
7454fam
7454aj
7454996
7454962
7454930
74548913
745485
745484446
7454810
745479552004
745478
7454749
74547454thc
7454680
745466f.
745465217
7454647
74546391
74546053
74545964
745458
74545681992
7454550160
7454531
7454515
745446a
74544643
745444
74544
7454397
745438
7454376
745435
745434213
745434
745432777
74542903
7454264
74542355
74542316
745420
7454176
7454161
7454135
7454122v
745412
7454088
745407
7454
7453rofjk
7453dwhsf
74539861
745395
7453942512
7453941531
7453934
7453926
7453921520
7453893
745388
745387
7453857
7453851
7453824
745380900
74537b
745377961
7453767
74537453
745368
7453662
7453650
7453639
7453626
7453604
7453596456
745356
74535586
7453532532
745352
74535
7453478
74534614mor
745344
7453433
745341
7453378
745336
74533230
7453303
74533
7453281
74532552
7453244
7453226
7453217billy
745321
74532
7453168
7453130
7453122
745308
7453060
7453050589
745302
7452wandering
7452mc
7452luis
7452ad
7452968
74529612
7452949
745293
745291tmw
745289012
74528802
745287
74528589
74528286689681
745280
745277050
745274563
7452745
745272
74526987
745269/+*-5
745268
7452658
7452623
745260
7452573
7452569
745254
7452521
7452494
7452477
7452464"
7452420
745238aa
7452383
7452373887
745236vam
74523690
745236589
745235
7452340
7452331"
74523209
745230212
7452292
745228
74522756559
745226
7452251
7452241
745224
7452210
7452189
745217187
745214
7452120
74521
745209
7452077
7452037
745202
745201
7452002b
7451iloveu...
7451995
7451967
745194
7451920
745189
7451845
7451785
7451760
745173
7451695
7451671
745165
745163
745159
7451561
745154
745150
745148t
74514474
7451430
7451420
74514148
745140
745139
7451377
74513597
7451339
745133
7451322
7451307orel
7451300
745128
745126903
74512687451268
7451263987370769
7451236
74512304
74512216
745122
74511940
7451189j
7451164
7451152diamond
745113
7451121s
7451052
74510311
7451022
7451015
7451012
7451
745096
7450949
7450906
74508gansta
745086
7450815
7450777
7450735
745072
7450702
7450672
7450656
745060bbh
7450574
7450527pa
7450510
74504948
7450464
7450435
7450420
7450407
7450398
7450376
7450349c
745032
7450257
745024
7450176
7450157
7450138
745013
745009
745007
7450058
7450041
7450014
7450004
744zoey
744rk35e
744or1SH
744ngh
744m614
744kty
744ho9761
744doug1121
744csh
744asshole
744acamex
7449jo
74499489087549
7449904
744988
744982700
7449810p
74497902
7449769
7449744909
7449692
7449673
744966
7449584
7449580
744955
7449524
744951hakankara
7449496
7449418
744940
7449391
7449372
744936
7449317
74492h
744929
744927331
7449243
744920628
7449187
7449105
7449092
74490565
74490
7448ty
7448head
7448abc
74489608
744893
744890
744889
7448869
7448835
744882
7448799
7448780
7448768mk
7448744
7448740
744873
7448715
74486155
744858031991
7448571
7448550
7448537s
7448536F
744853
74485
7448484
7448459
7448419
74484
7448371
74483159
744822j
744822
74481990
7448185
7448148
744812
7448089
7448056
744801
7448000
7448!
7447qqrqr
7447oxy
7447icecream
7447daz
7447bp
744797
7447935
74478981102
7447875
7447852
7447844
74477hnyaa
7447789
74477777
7447760
7447749
7447732
7447704
744767
744766
744765
744759e
744758
744755wan
7447551
744753365
74475220
74475
7447494
7447467
744745
7447427
74474
7447322
74472g
744729
7447282
7447262
7447223
7447211
744718
7447142
7447132
744712
744709
74470595
744704
744703
7447002376
7447
7446pooh
7446nern
74469JLD
7446971
744693886
744692210123
74468443
74468276
7446786
7446776
74467446
7446718
744669
7446677
7446654
744662a
74465spdxc
7446584
744657
7446565
74465252
7446501
744646devil
744643
7446423
744639
7446310
7446253
7446223
74462022006
74462
744619
7446171
7446125
74461121
744609dm
7446077
7446044
7446027
7446000
7445itis
7445hint
7445993
7445979
7445968
7445912
7445895
7445879
7445867AAA
7445852489
7445786
74457780
744577
744569
744567
7445652123
74456355
744559phil
7445583
7445566
744555
7445521
7445510C
74454Gmc
7445493
744547@@
7445457
744545
744544
7445428
74454130
7445407
7445391
7445378
7445342
74453265
7445305
7445292
74452707591
7445252
7445236.
7445225
74452
74451951
7445158
74451325
744512531
744510
74450a
7445048
74450358
7445025
7445008
7444klm
7444947
7444900
7444866
74448328
74448124
74448
74447444
7444705
744470
7444699
74446876
7444683t
7444676
7444662777
7444654
7444640
7444637389aline
74446
7444582
7444521
7444508
7444482
7444478
744445
7444426
7444414
744439
7444367817
744433
74443219397201
7444312
7444283rjp
7444254
7444232
7444201
7444190e
7444175
7444117
744407abc
744404
7444026
7443ron
74439864523
7443974
7443943
7443912
7443878
7443836
74438224
74438
7443733
744371
74436@
74436786
7443669t
744366
7443651
7443637
7443630
74436022
7443589123
7443580
7443550d
7443536
7443528
7443523
744350301
7443486
7443463
74434446
7443437
744337
7443311
74432838
7443239
74431980
744319
7443183
7443142
744313
7443121
74431129
74430rcvwv
744307
7443015
7443!3!
7442sk
7442ms
7442fatboy
7442ba
744299
7442939
74429
7442883
7442828
7442821
7442817
7442778
744273
7442693
7442668666
7442654
7442647
7442625
7442606
7442581
7442578
7442560
7442551
74425405
744252
74424adq
7442486jd
74424666
7442447
7442411810
7442382
7442351
744232758857
7442314
744230
744229081
7442232ba
7442218
74422
7442178
744214j
74421332
74421206
7442102347
7442081282
744207
7442059
7442047
7442012
7442008
7442
7441home
74419c
74419635
744193
7441895
74418794
7441876
7441841
74418354
7441793
74417441
7441715255
7441705470
74417
744169
744166
7441632
7441617
7441587
7441571043
7441545
744152725
74415231
74415
7441471341
7441459
7441413
7441388725
7441377
7441347
7441339
7441324
7441313
7441308
744130
74412881
74412541
7441223
744122-112026
7441213
74412
7441185
744117
74411447
7441131
74411013
74411
74410852963
7441075
7441043717
7441029g
744102
7441004
7440pda
7440bb
7440993jeffrey
7440987
74409730m7
7440915
7440889
7440857
7440827
7440776
744076
74407440ide
7440740
7440701
7440644
7440620745
7440613
7440597
744057
744055
744054
7440477
744047
7440433
7440401
7440391
7440332
7440319
7440302
7440270
744026
7440223
7440188
74401748
7440122
74401
7440068
7440024
744001
744-3954
743wbor
743queensdrive
743noocar
743i024
743fuhg
743fdvcake
743cena123
743TRE
743FDVCAKE
74399812345
7439926
7439868
7439841
7439820
7439775
7439766018
7439750nw
74397439
7439726a
74396959s
7439663
743965
7439593
743954
7439535
74395
7439476
743943
7439400628
7439373gift
7439355
743933
7439298
743926
74391992
7439160
7439141a
7439133
743911
7439090
7439055ap
7439001
7439
7438au
74389rqtft
743895
7438866
74387890
7438707
743867
7438611
743855
743852
74385
74384338FK
743840
743838
743834
7438289
7438265a
74382244
7438206
74382
74381692
743816
74381234
743809
743807041995
7438051
74380407
74380297
743801
7437spar
7437mott
743795!
74379163
7437855
743783Ruth
743779
743777
7437743
7437725.02.1992
7437664
7437646
7437616
7437602
743756
74375346
743753
7437485
74374718
743746
743745
743740b
7437378
743733743733
743731
743726639jaguar
743726
7437248
743720
74371922528
7437184n
7437160
7437141
743712
74371092-vw
743705
7437036
74370105
7436sb
7436lions
7436hhp0
74369s
7436993
7436989
7436969ae
7436950236
743694
743692
7436852
7436799
7436789
7436780
7436773
74367436j
743669
7436668
7436664
74366226
74366012548682258
74365690327
7436524
743652
74364ehrjj
7436490
7436418
7436394ana
7436373
743635
743633
7436295
7436271
7436226staceyras
74362109
7436189
743618
7436157
74361462
74361217
74361144mp
7436103
74360908
7436033
743601
7435tj
7435DAVIDSON
7435974
7435944
7435905
7435896
743586
7435853
7435799
743579
7435776
7435763
743571
743569
7435677
7435645a
7435601
74355518
7435529
7435493
743547
7435435ositolindo
7435416
743540
7435361
7435332
7435314
743529
7435231
743522
743521
74352
7435157
7435147
7435141
74351053
7435101
743508
743506
7435047
7435
7434kitty
74349753
7434955
7434944
7434927
7434917
74349074
7434864
7434843
743483
74348
7434796
743475
7434740
7434736
7434722
743472
7434681b
743466
743463
7434622
743460
743459
7434574
7434552
743451a
74344byvyv
7434479
7434470
7434447
7434412
74344007
7434393
743437
7434314
74343
7434281
743425
743424
7434187
7434169
743416
743413
7434056
7434027
743402
7433geo
7433CLAUDIA
7433934
7433916
7433909
7433884
7433840
7433830
74337p
74337921
7433748
7433725za
743369
74336742
7433658
7433636
743362jasmine
743358
7433569
7433555
743352
7433484
743348
7433465
7433417
74334
7433386_ust
7433374
7433361
7433355
7433339
74333112
7433302123
743328897
743328
743327
7433252
7433248
743322
74332024386
7433189
7433155ac
7433125
7433101
7433070a
74330574
7432md
7432d2886170926
7432asw
74329gscqo
7432953
743292
743289
743286
743282
7432799
743274
7432708
74326768
7432662
7432622945
74325912
743257
74325610
7432526
74325201
7432500
74324ontjc
7432484
743245
7432432
7432423
743237
743231945
7432306
7432298j
743229
743228
7432232
743222
7432216
7432198170
7432192c
7432174321
74321699
7432158
7432140
7432134
7432125m
743211m
74321
743208
74320610032687
743204
7432012528290928
7431lfmt
7431hs
74319p
7431988
7431961
7431845ae_
7431814
743180
74317n
7431782
7431771
743177
7431737
743167723d
7431663
74316409
743162
7431615
74315877
743154
743150
743146nz
743145
7431432
7431424
7431364
7431338
743131
743129479900
7431258
7431230627
7431228
74311862152
74311761
7431158
74311501
74311234
7431100
7431081
7431060
7431050
743102tc
7430qwawz
7430mia
7430amy
743098915
7430967
7430927
7430887
74308555
7430812s
74307528
743071
7430682
74306638
74306144n
7430556
743053
743051940
743051
74305
7430453
7430430.
743037
743036
743033
743031
7430302
743029
7430284
7430250
74302350
7430209
7430188
7430172
7430168
7430155
7430129j94
7430105
743008
7430059
7430036
7430025
743000alu
7430002.
7430-tx
743.9865
742ylloh
742sabrina
742revolllabb
742lim
742heamc
742evergreenr0ad
742deip
742d1407
742autqmfk
742STERLING
742MFT
7429tl
7429shay
7429nw112
7429kah1592
7429fc
7429cn
7429akm
7429Marwood
7429981
7429975
7429931
74299162439
7429868
7429826
7429816sj7
742978
7429769
742970
74296kah
7429692
742967
742964ry
74296254
7429620
7429603
7429563
7429557
7429533
7429529
742951
7429497941
7429476
7429456
7429430c
74294282
74293970
7429381
7429371
7429360c
7429328
74293003
742929
7429277
7429263
742924
7429232
7429225
742921
742918m
742916
742913
7429113gilary
74291
7429097
7429069
74290505
7429
742899
742896
742894
7428927
742891
7428896
74288444
7428789
7428726
7428724
74286k
742866
7428632
7428621
74286024c
74286
742856959953a
7428553
742852
74285151
742845178
7428420
7428406
7428393
7428325
742828635382
7428269S
74282502
7428228
7428208
74281b
742818
7428143
7428123
7428110
7428108
74281022
742802049
7428010f
742800a
7428005
74280
7427lonely
7427abcd
7427978
7427941
7427932
7427919
7427908
742789753superman
742789
742787497988
742787
7427825
7427793s
742777
74277541992
742775
74277427
7427731
742772.nic
742770c
7427704
7427690
74276662
7427639c
7427628rafa
742762
7427601
7427596
7427580
7427568j
7427557
74275367
742753
742752463
7427450
742741
74274
7427391
7427376
7427326
7427311
7427291
7427273z
74272583
742724
7427231
7427205
742717
7427120
7427105
74270700b
7427036
742702
7427012b
7427
7426spazzo
7426sha
7426nzqv
7426isme
7426btf
74269v
74269948
742698529874123
74269850
742697415369
742697
742696
74269520
7426930
7426922
742690a
7426906
742689
742687
7426858
7426845
74268414kevin
742682
7426788bomama
742674267426
74267268
7426722
7426710
742670-2
7426693
7426659
7426644
742662l
7426609
7426597
74265820542
742657
74265275
7426500500soccer
74264933
74264881
742646025137127
742645
7426434662
742642
74263sry
74263hm
742637
74263623
7426343
74263236
7426320
7426301
7426262
74262332
742622
7426218
742617oooo27
7426172829
742617066627
7426170027
742617000027crow
7426170000
742616
7426147
7426125
742611
74261069252230
74261
742609
742604
74260
7425tina
7425rf
7425killa
7425ferns
74259sqddh
74259999
7425992
742598
742596
742592
742590
74258900
7425874
7425857
7425849
7425845
7425821r
74258087428269
7425777
742572b18c1
742569
7425680
7425638
742560
742559
7425567
742553r
742553
742552
742549713
7425490
742548r
742547425
7425472*
742545
742543
7425418j
74253s
7425397
7425377
7425371994
7425347
7425335
74253
742527
742524
7425225C
7425172
74251615amy???
7425145
742513
742511
74251
742508912
7425060
742502
742501
7424pom
7424mw
7424love
7424jafa
7424LL
74249851sed74249851
74249753
742497
7424966
742494
7424911
742487
742486
7424842
7424826
742475b
74247424j
74247285
742470
74246hdpm
742469
7424671
7424605
7424590985mko
7424558
7424551
74245344
7424532b
7424524
7424508
7424470
7424441
7424437
7424431
74244269
742440
742437
7424363
74243464
74243090
74242966
742428
742427
7424237
742421
7424193
7424191
7424186
7424123
74241011
742408
7424066
742405
742403
7423sabe
7423park
7423kely
7423amc
7423993
7423987
7423983
74239742
7423959
7423925
7423915
7423906000
74238328
7423811
74238036
7423793
74237575
742374955811
74237426
7423739
74237185
7423696
7423691
74236825
742367bns
7423651
7423631
7423624
742361
7423585
74235763
7423571
7423553
7423548
7423545
742351p
742350355
74234r
74234926
7423428
7423401
74234
7423391
7423351
74233
7423277m
7423252
7423248
7423242
7423230
742322
7423216
7423190
7423172
7423155
74231234
74231
7423099
7423075
7423050
7423044
7423026
742302
742301
7423003
74230000
7423/nlk
7423*&jom
7422rk
7422efopelcorsa
7422aa
74229954
7422987
7422973
7422962
7422931
7422925
74229021
742290
7422896kte
7422895
742288
742285
74228432
742282
74227984
7422784
742277
7422759
7422742
7422736@trafican
7422736326435
7422721
7422711
742268
7422667
742265928316
7422649
74226443
7422635
742260
7422594
7422575
7422563ton
7422556
7422526
7422514
7422487
7422455
742245
7422421
7422369
7422347
7422255
7422246
7422233
7422229
742221742221
7422204
7422186
7422167
742216
742214983582
7422136
74221
742208
7422058a
742205450096
742200
7421sn
7421jw
7421bryan
7421@hasman
742198
7421934
74219063880703
7421873
742187
742185
74218247
742181
7421795
7421788
7421756d
7421744
74217275
742172
7421702
742168954521
742168
742164
7421627
74215r
742156022
7421556243
7421554
7421542774870944
742152
742148721
742147
742144
7421427
742141198
7421410
7421396
74213798
742137
7421339
7421318
742128
742127
742124
74212323
7421230
742122
742121189
7421205
74211720
7421165
742116
74211445pv
742112395
742112
742110
74210jak
7421087
74210605
7421051
742103
74210
7420zwjvu
7420rusty
7420jmed
7420hola
7420as
7420RODRIGO
7420@hasmman
7420994
7420947
74209426
7420908
742089
7420882
742086
7420823
7420811
74207640
742074515
742069ak
7420691
7420682
7420676
742066
742065
7420632
7420609
742059
74205714
742056
7420554
7420520
742051
74205046
7420455
7420444
7420433
7420412
7420385
7420369
742036
7420349
7420340
7420304
74202862
7420252
7420214
7420201
7420178
742017
742016
74201450
7420099
742007KK
742006lwk
7420047r
7420028
742000o
7420005
741zaki
741wild
741war_pig963
741tun951
741thomas15lopez
741thai
741sweet
741suck
741sos
741s23
741r8
741quaya
741qazw
741qaz852wsx963edc
741punlight4
741playboy
741oliric
741ny
741naif
741muro
741mike147
741maho
741ll**
741leo
741kilo
741kal
741jon
741jen
741ivann
741ian963
741hihi
741gndp242
741gahannawest
741e35
741dcv
741dar
741cole
741bryan963
741bourne
741bakhita
741bab
741assms
741aill
741adi
741ab
741a741
741_qwe
741ViceroY963
741RESPEACE
741Lopezdavid963
741Beth741
741@toi
7419sy
7419rockerydr
7419PATY
741998t
741994n
74199465
741993lbk
7419939187
7419930
7419929
74199110121991
741990as
74199012m
74198926cualac
7419875
741986duque
7419860121822721
74198586325236
741983/1
74198216
7419805
741979841990
7419775
7419757
741973
7419718a
7419705
7419676
7419654
741963z
741963q
741963k
741963aa
741963ZAM
741963951
741963852h
7419638522
74196385200
741963753
7419637+
7419635helena1994
74196358
74196350jp
741963456dh
741963258!*
7419632
7419630
7419619
7419608
741958362
7419571
741953gdf
7419539624
7419538527415963
74195369
7419536
7419530
7419523
741951823
741951321
7419491
7419484
741948
7419468
741945
741943
7419419
74193690
7419362
741933
7419282
7419277878
741925
74192401
741922
7419216
74192
741917
74191639
741912
7419116
74191123
7419065
741905257
741902980
7419027
7419017
7419000
7419
7418sd
7418me
7418ll
7418kay
7418came
7418ME
7418990
7418974
741896532
74189632ndnloveyou
74189600
7418956
7418952325
7418942
741894
741891
7418893
741889
741887
7418853
7418808
741879m
7418790
741876
74187418jen
74187378
7418676k
7418668
741864
7418630
7418626
741861
74185swm
74185m
74185junir
74185a
74185963
7418596
741858513
741857
7418563569
74185500121135717
741853962
741852ya
741852tr
741852qazwsx
741852paraboni
741852ok
741852nj
741852n
741852lb
741852l
741852ip
741852g
741852TSJS
741852C
741852@kubra
741852987
741852963za
741852963vc
741852963tr
741852963sommart
741852963romel
741852963qwerty
741852963pla
741852963o
741852963metinic
741852963k
741852963jatg
741852963i
741852963gabyx
741852963erva
741852963cari
741852963atari
741852963ari
741852963aleito
741852963D
7418529639876543221
7418529639
741852963852741
741852963753951
7418529637466931
7418529637418529
7418529636192489
74185296339201995
741852963254520336
7418529632/1
741852963123456789
7418529631234
7418529630hola10
74185296304006505108
74185296300z
7418529630+
741852963.com
741852963-
741852963**
7418529600
741852936
7418528594
741852654
74185256
741852456
741852415245
7418523698
741852360
7418521963
74185212
7418521
7418520a
74185200963na
74185200*555z
7418495mg
7418477
7418455
741843018
741842943
741842
7418414
741839
7418352
7418337
7418318
741828mow
7418280T
741825a
7418255
741824
7418212227
741820
7418162
741814
7418130
7418123456
741810
7418082
74180714
741805
741800
7418/52963
7418
7417mj
7417dm
7417984
7417956
7417949
7417901
741789AV
741789963
741789753
741789632
74178963
741789123
741788424481121
74178621x
74178534551105
741784lis
7417836
7417803
7417748_
7417710
7417638
7417616
7417601
741759
7417560
7417516
7417466
74174490
7417433
741741t
741741f
741741Q
741741963
741741852852
741741741121
7417414
74174122
74174100
7417391
7417370
741735JoJo
741732665
7417283
7417278
74172522
7417204
741717
741714056
741712
7417110
741710
741706
7417046
7417029
7417019
741701
74170052
741700
7416km
741699
7416927
74169226
7416859
741684
7416833
7416822
741680
741679
7416789
741678420396768
7416750
7416740
7416707
74166666
7416654
7416628
741659
741657
7416555
7416546
7416541
7416520
7416476
7416470
7416445
741641
7416395
7416351
741631
7416299
7416282
741624
7416211
7416184123
741616
741614
741610
7416088
7416079
7416067a
7416047
741601022532
741600
7415xxzqw
7415mojo
7415cali
7415andrea
7415992n
741598r
741598523
741597
7415963metal_juan
7415963h-m
7415963_
741596378952123
741596357
74159632587
74159631979hhsh
7415963.
7415960
7415953kate_kira
74159537415953
741595313
7415946
741593kp
7415939
7415909
741589589
7415866
7415863
741582rst
7415824
7415813
741580
7415789
7415759k
74157416G
7415740
74157310
7415706
74156989
7415689
741568
741567
7415655
74156400
741563a
7415632
7415627
7415614
7415602
74155963
7415562
7415556398
7415525
741551578451
7415498
7415496
7415470371
7415462
7415457
7415451
7415434
7415428
7415424
7415408
74153982
7415391
741537-e2008
7415369951753
741536982lv
741536919887984
741536
7415310
7415300
74152k
7415296
7415272
7415267
741526389
741525298
74152370
741522
7415205
7415200
74151996
7415189
741516kk
741513
7415102
741507292269
741503
74150201
74150
7414tlb612
7414td
7414shawn
7414lilij
7414kay
7414gs
7414g
7414cs
7414chitown
7414busted
7414ar15
7414alex
7414LH
7414GD
7414CRAZY
7414971
74149637
7414951
7414934
7414915
741489r
741489
741486
74148350
74148258
7414783
74147414g
741474149
74146gd
7414680
7414644
7414639
741462
7414606
74146
74145953
741458523
7414582
7414574
741456966
741456963HPP
741456963/*-+
7414567
7414563
74145623
7414556
7414538
741452
7414495388
7414473
7414456
741444113
7414436
741443
7414411
74143wgd
7414366
7414312
74143000
74142800
7414272
7414266
741425
741423
741421519k
7414212
7414209
74142006j
7414198706
74141910
7414184
7414168
74141541
741415
7414149
741413
741412
741410jn
74140a
7414081
74140416
7414026
7414021
741401
7414-40
7413mom
7413jc
7413diane
741397
741395
7413915
741389
741388
7413853
741385
7413833110
7413820124
7413794
741375
74137376
741372
741371
74136a
741369852gzaqwp
74136965
741365982
741364394
7413613
74135pin2007
7413596
7413588
7413564
7413546l
741352831335
741352
7413503
74135
74134686205224231
741346
741345
741339
7413362
7413341
7413339
74133231kb
7413310
741329mon
741328
7413269
7413261
7413245
741321654
741320723198923
741316k
7413134
7413127
7413121
7413100
7413084
7413043
74130297
7413008
74130001
74130
7412stsg
7412mica
7412l5
7412jj
7412fr
7412ap
7412ahmad
7412Shek
741298563
741297
74129632
741295101
7412936
7412929
74128963
74128819
741285ho
74128523
7412852
7412850
741283947
7412829
7412796
7412786
7412768
74127533
7412741b
7412728
741270lan2
7412693481za
7412687
7412661
741265893
7412641
74125p
741259
741258josemurdo
741258j
741258f
741258al
741258L
741258@!
7412589654
741258963a
741258963654
7412589633
7412589631
741258963/*-+da..
741258951
741258639
74125842158
7412583
74125807
7412574
741256bc
7412561
7412548963
7412535
7412526
7412523
7412508
741248986
7412484
7412441
741243
741241
7412402
74124
74123yo@yo
74123s
74123oz
74123nurnur
74123ma
74123j
74123ian
74123dream
74123b
74123a
74123FMG
74123987412365
7412396
7412386
741238426874269
7412378952183
74123753951
741237412369874269987456123
74123741236974123
74123729
7412369wmw
7412369i
7412369d
7412369G
74123698t
741236987ax@s
7412369878952
741236987.
741236985serdar
741236985b
7412369855
7412369852@ploki
741236985075
741236985012
7412369588
7412369444666
74123691
7412365oo
74123658
7412364793
741236123
74123568
74123535
7412347
741234567890123
7412345
7412329
7412322
74123183
7412314759635
741231475369
741230a
741230629
74123003
74123000
74123.0
741229085654
7412283
7412272044
74122627
7412256
741225
7412233
741221ira
741221
7412202
7412193
7412183d
7412172
7412167
7412153744
7412150
7412147
741214
74121251292
741211tarn
74121114
7412105
7412101j
741208
7412057
7412037
7412032
7412031
74120288
7412024006
7412021
741201tbo
741201314
7412004
7412/CS
7411wimp
7411le
7411ivl
7411gt
7411bblb
7411aom
7411989
7411958
7411937
741192t
741192
7411901
74118975455
74118920
7411887
741188
7411851196
7411846
74118356
7411828
7411817
7411815
7411811931
741180
7411782
7411747
7411741
7411731
74117
7411696
7411656
7411644
7411639@5691932
7411629
741161
741159g
74115987
741159534
7411583
7411572
741157
741155
7411532
7411520000
7411518
74115115
74114le
7411486
741148*
741147mnmelmi
741147a
741147147
7411470
741145645
7411446
7411426
74114147
741140
7411393
74113607837131
741136
7411336
7411328
7411307
74113017
7411294
741127liliana
7411246
741123z
741123sjx
741123go
741123as
741123789123
7411236c
741123378963
7411227
74112230
741120
741118a
7411186
7411177
7411159
74111496
7411146
7411138
741112145107
74111151
74111046
74111
7411087
741108
7411054
74110410
7411031
74110236
741101471404
7411002
7411
7410x2x
7410tatanga
7410sa
7410qaz
7410olo
7410nn
7410ng
7410me
7410lol1
7410kj
7410jd
7410gian
7410cr
7410ck
7410buffy7410
7410belasco
7410b12
7410ako
7410a
7410981
7410976
741097
7410963..5211314
741094
7410934
7410905200
741090
741089
74108774
74108700
741086noonoo
741086
7410852m
7410852963gata
7410852963,**
74108520s
74108520kl
74108520j
741085209630tr
7410852096307410
741085209630120993
74108520963..
7410842
7410831
741082
741080
74107894524506
74107475632940lo
7410743.piripi.
74107410mkjl
74107410love
74107410b
74107410A
7410741074
7410741
7410735
7410728477
741071963032
741070
74106820
7410662
74106524
7410630+
7410610
7410593
74105632
7410544
7410520630
7410517
74104823
7410472
7410458
741044
7410406
7410389
741036np
7410369852
7410363
74103323
7410327
7410324
741030791
74103
7410296po
7410292
741026rbd
7410265389
7410258r
741025896
74102548
74102515
7410244
741024
7410234
741022S
741021152
7410206
7410198
7410196
741018
7410175
741016075153
7410155106515120424
741014739177
74101347
741012mb
7410123OPned
7410101ti]sglhk
74100pig
74100a
741008nea
7410074100
7410063
741005on
7410042
741002583
7410016
74100147852963
741001032
741000m
7410000000000
7410/8520
7410.3
741/isbn
741...0a
741-fila
741-4014
741+supuni
741*963
741***@@@
740wrr
740w047
740tbj66
740rgk
740park
740mv
740love
740justina08
740hood
740gangsta
740e6th
740daport
740bmw
7409zz
7409pink
7409946
7409922
74098867409886
74098401
740980
7409798
7409763
740973ml
7409729288
7409697
7409636
7409533391
74095
740949
7409482
7409465
740941j
74094122
7409389140
7409346
7409320
74092797
740926castillo
740924t
740923veras
7409213696
7409209
740920135527
74091824
74091772
7409145
7409136
740913
7409123
740911j
74091
740906mhs
7409050910
7409025
7409010pim
7408merhabbo
7408lala
7408dp
7408932615
74088999
7408885674
7408856tunja.
7408827
740880
7408781
740876
74087409
740874
7408705
740866
7408623083276
74085926123
7408514
74084ffjzv
74084803
7408463
740844
7408421
74083695
740834625
740832s
740831
74083026
74082740
740824
7408235E
740823
740822
7408207
740820085016
740819
7408168740
7408165
7408155602
740814
740812
7408101503
740807
7408043
740801
7407trish
7407988
7407963
740791gochis
740785
7407826
7407799240greg
7407759
7407735
7407692
740766
7407608
74075668
7407538
7407520
740748
740747
7407441
740743
740740s
7407402
74074
740736
740735
740733
74072818
740728
740722
740721
74071993
740719
740717
7407144
740712jt
740710
74070MT
740709
740707345
7407054e
740703
7407020z
740700
7406sa
7406adgajd
7406994768
7406967w
74069185
7406880
74068733
7406865
7406853
7406830
74067ujjcd
740677
7406725
74067039
740669
740667
7406618
740659
7406573
7406565
740655p
74064edz
7406431
740639361
740637
7406360
740630
74062833
740625
740624130
7406218
740616145691
740613
740612
740609105392
7406083
740606
740605
74060391
7406037
740603
74060103
7406007
740600
7405ls
7405herly
7405e
7405a9786
7405969
7405963
7405946
7405915
740586
7405855
7405849
740582D
7405763
74057541
740574
74056hfhrz
74056789
7405641
740562
74056.
7405597
74055922
74055900
7405574
7405555
740555
7405497
7405481aa
7405471
7405452
7405428
740542245600
7405403
7405381
740537
7405333699
740531
7405293
7405253
7405234
7405202121404
7405200s
74051929
74051703
740516
740514
740513115617
74051195
7405100
74050685
740506
7405047
7405040
7405033
7405022448
740500
7404pin
7404chief
740496699
74049
7404870
740483
740481
740477
740476
74047404s
740471
740469
7404657
7404613
7404604
7404535
7404453
7404419
74044
74043981
74043950rats
7404375
7404345
74043413
7404313
7404300
74042s
7404276
740426
7404242
7404236m
740421
740420
740419
7404178n
7404154
7404150
740414
7404124
740411c
740409
74040874
7404081
7404060
740405650420
740404r
7404040050
7404027
7404012
7404001
7403tilt
7403john
7403ar
74039idkgq
7403984
7403970
74039399
740393
7403894850
7403820
7403802855
7403780
7403772
740375
7403704
7403699
740368074630255
7403629
7403616
7403611
740359
7403577
7403554
740351405
74034x
7403478
740346003
7403447786
74034327
7403422
740342
74033399
7403317
74032swaziland
7403299
74032626
74032530
7403226
740322
7403201124195
740320
74031982
740318a
7403174k
740313hy
740310
7403078
740306
74030420088890
7403015
7403011
7403003
740300
7402tk
7402catwomen
7402976
7402964
7402951
7402914
740289am
7402889
7402828d
740281
7402793
740276
7402740
7402724
74027166
740271
7402698007
7402681
740267
7402651
7402628
7402601
740256
7402547
7402534
7402514
7402494
7402465
7402441210
74024260
740236
7402334
7402302
740228
740226
7402232
74021974
740218016333
74021653
740216
740215
7402148
740213740213
7402129
740211
74020zrfj
740208145668
740207aj
740206
74020508
7402043
740204
7402024
74020140
74020090
7402001
7402
7401alg
740199cc
7401955
7401947
7401912569
7401904
740188prma
74018897401889
74018858
7401874018
740183
740177
7401743
740174
74017009
7401678t
7401663
7401657
7401599
740157
740155
7401536
74015050
7401433
7401427
7401423
740136
7401265
74012525
7401232eslam
7401230
74012103
74012042
7401196
740119
740118
7401166
7401152m
740113
7401119
74011000
740109
7401080
7401066
74010574
7401037
74010330700
7401029
7401006
7400st
7400ckf
7400adri
7400986
7400965
7400928
74009052
7400873
740086
7400839
7400819
7400797
7400776
740076
740074
7400706
7400698
7400675
7400654
740063g
7400626
740062
740060
7400573
7400546joel
7400526
740050
7400453
7400414
7400381
7400362
7400322
740029
7400266
740024820
7400218n
7400211
740018
7400171
740016
740014
740012r
7400086
7400068
740004
740003
740002635
7400000
74/13
74.m.g.u.
74-gonz
74-blazer
74-23-637
74%alex4eva
74 molly
74
73zz92C
73zeikcnk8
73z6d8z
73yi9e
73yellow
73yb71
73y9pm
73xtzn
73x4g9
73wilson
73we9r1
73walter
73vz8TIU
73vin74
73ventura
73vanmax
73v3nt13spwn
73v1praisejc
73ux1zgg7to8
73uptown
73ujvw
73tyfcf6
73tullymore
73tsbs12
73torino
73tigers
73swing
73sweet2
73steven
73star
73squids
73solo
73societyrd
73shovel
73sexyred
73selatan
73se733
73scorpio
73sapos
73s88t
73ruffo25
73rubber93
73rrats
73roses
73rolls
73rockyou
73rmak
73rj57
73redskins
73r1minot
73qq309
73q23-8e
73punk
73program35
73pont
73platinum
73pinto
73pgatoursoon
73pencil82
73pebbles73
73pe73pe.
73payson
73paxCMU
73padthai
73p8Gf11D
73oliviaanne68
73olds
73nw56
73novass
73nova350
73nn73nn
73natty340
73n7302
73n4b3ya
73my88er2
73moon37
73moo2
73monkey
73mo4v90
73mircea
73mine37
73michael
73metra
73may_02
73mavrick
73mason04
73marie
73man10
73mach1
73mach
73lualgudi37
73longford
73lmao72
73lineman
73lawersway
73l5q13r9
73knights7
73kikyn
73kenji83
73kayla00
73kat78
73k13r045_
73junie
73jprgb71
73joshua_tree
73johnabraham
73jngp
73james65
73impala
73hottie73
73hokie
73hd1000
73haslo
73gunplay
73grace
73goesinto
73globi
73gkklk80
73gerr
73garmagalay8
73g71c
73fv@828h
73frances
73falcon
73f100
73epps99da
73eooerheart
73emondrop
73ellis
73elephants
73e84l
73e49l2s
73e2m7n9
73dunia
73dreadful
73dodgeviper
73dobro81asia
73dk742p
73diole50
73denbighst
73deluxe94
73dde134134
73davidadolfo
73d91aab
73cury73
73cuda340
73cross
73coronado
73coco
73co91
73cloya
73cimba73
73chiquito
73chelsiria
73chantel93
73cf4ntx
73camero
73caddy
73by2
73brisbane
73boys
73blue
73bitch
73bigsis
73bfowtt
73bennett
73bapt
73baby
73b4yiw
73awomuxo
73attaac
73asli*
73anya84
73amoorlando
73allwood
73alexis
73adit94
73ac086
73aLIYAH73
73\\'9u13r0
73Sycamore
73R034n1k
73NnRB8J
73Maverick
73LOWRIDER
73Kimi
73Jazzmansax
73JAMILA
73Genny
73Eagle
73DILLYJ
73ClimalitE
73CHIMERAS
73C7Fa
73@hope
739warin
739uythn42
739rwjde32
739oint
739lkfm
739etq
739creene
739brande
739QWNFE47
7399zss
7399wo
7399ts
7399tbs6
7399stef
7399sarah
7399ns
7399mp
7399minx
7399me
7399lili
7399lady
7399kj
7399ken
7399jp
7399dkb
7399denise
7399coco
7399cheyanne
7399boyz
7399beast
7399baby
7399anne
7399ah
7399`
7399NOV
7399GRLI
7399999
739998
7399939
7399920
739989
7399868
739986
7399813
7399800
739975
7399742
7399729
73997099
739969l
7399666
73996456
73996345
739962bb
7399626
739962
73995820
739957
7399561
73995239
73995177
7399502
73994life
739948
7399450
7399403
7399398
7399385
7399378
7399330
73993179
73993100
7399298
7399280
73992662
73992529
7399240
73992225
7399218
739920
73991g
739918966M
7399165
739915
7399135
7399124
7399111
7399081
7399053
739904
7399015
7398mom
7398japepe
7398AVB
7398994
739898
7398965
7398943
739893
739889
73988788
7398866
7398854
7398813
7398791
73987660
739873330c
7398727
73987
739868
739866731
7398621
7398583
7398515
739847
7398411
739839
7398366
73983445110
7398243
7398204
7398175
73981421c
73981
7398054
739802m
739800
7398/7//
7397mrc
7397971181
7397945
7397840
73978299
739779
739774
7397738
7397688
7397591
73975498
7397533p
739751964m
7397476
739745060
7397399
7397367
7397321
7397293
739728895
7397245
739722
7397172
739715D
739715
739712G
739704jc
7396liquid
73969739
7396969
739696
7396901
7396857
7396837
739681
739676
7396742a
7396683
739667
73966631
7396652
7396631
739661
7396573p
7396513
7396496
7396457
73964300
73963ldm
7396330211990
73962a
7396295
7396275_08
73962683272466
739620
739619
73961226
73960473
7395love
7395eq
7395becca
73959yfedo
739597peneja
73959699
7395914
73959
7395809js
7395802
739578
739576
73957395
7395711
739570
7395699
739562
739560286
7395564
7395534
7395484
7395477
739542
7395409c
739538
7395361989
73953210
739532
7395281
73952552
739521
739517L
7395123gg
739510125051989
739509n
73950909dona
739508
7395023528051994
73950
7394sexi
7394mama
7394kk
7394fdlf
7394elan
739498
7394939itim
739490020
739485643490
7394824
73948
739479b
739475
7394739
7394735
739472
739471
7394668246
739465
7394611
7394584c
7394582tutuever
7394563016
739456
7394547
73945234
739445
739443230
73943957
7394375
73942342003
7394216
7394186
739416
7394140
739411
739409
739401
7393zphank
7393julie
7393anne
739398
739391army
7393911
7393875
7393812az
739375
7393723
7393709
7393659
73936100
73935920
739354
7393524kre
73934883
7393468
7393444
7393424
73933700
739332
739329@
739325
739322100
739321123
73932
739317ybc
73931002
739308189haka
739304982
739301kd
7393007
7392va
7392money
7392js
7392chixen
7392alexia
7392998
739298
7392936
7392911
7392850
739282
739280851
7392779
7392730
7392717
73927071
739266
739262
739260293
739258164
73925688f
739255
7392518
739249
739247
739245
7392418
739240
739239
73923607
7392350
73922prxde
7392286
7392266
7392255
7392242
7392233
739222
739215
739212
7392114101
739210564
73921
7392027
739201
7391sexi
7391love
7391gnr
7391993
7391899
7391891
739188
739185246
73918520
73918271829350
7391826405
739182465p
739182465.
73918200
73917985642
739179797171777
739179179135
7391774
73917391q
739170
7391652
739164285andy
73915yogua
73915jj
73915djzero
739158
739157
7391560
73915456
7391538A
7391514
73915047391504
7391490415853112
7391476
739147
73914682ya3cob-
739146824568520
7391456852
7391447
73914175
73913719
73913570gc
739129h
7391286413
7391277
73912546s
7391248650
739123lamaravilla
739122
73911973
7391188
7391160
73911400
7391104
739108pp
73910546
7391023g
739102
7391014
73910
7390riotno
7390mivida
7390j
7390bn
7390KYLEA
7390984
739097
739095
73909395
73909292
7390907
73908825
73908388
7390806
7390779
7390765
73907390
7390707
739068
7390632
73905sbaq
7390580
7390560210
7390528
739049635
7390478
7390464c
73904272
739034
7390286
7390262
739021
739019
7390120w
739010
7390045
7390016
7390.2190
739-5091s
738wpg
738red
738pdhen84
738mddc
738locker
738king3
738hmv
738civic
7389xinha
7389ss
7389lnh
7389jess
7389986
738998
7389937
738991
738989
7389848
73898151
738969
73896867
7389656010488
7389580rose
738956
73895381
7389449
73894188slgh
73893125176821
7389289
73892374
738921087
738920
738915
7389126n
73891007
738905kama
7389027
7388wyss
7388single
7388RY
73889452
7388934
738890
738889
738882
73887aa1
73887767
73887441
7388716
738869
7388658
738863
7388612
738856
73885416
738853
7388510
73884968
738848
7388428
73883h
73883871
738837738
7388335
7388334
73883139
7388273
7388232
7388199
738817
7388134791
7388110
73881064
738810
7388094
73880678
738803
73880112
7388
7387tj
73878vmke
738788
7387856b
73878220
73877cc
73877387
7387723AR
7387700
7387688
7387593
7387571
738752
738751
738748
73874631
7387457
7387454
738744
7387407
7387393
7387305
7387233
7387228
7387179
7387161
7387132
73871008
73870516
73870
7386patric
7386adp
738692
738690
738682
738678456
73867538
7386748
738673
73866837
738658
73865257
7386483
7386436
73864027
738633cp
7386313
73862611
738622
738618agigea
7386161
738613933f
73860zpobt
7386067
7386004
7385tgjqi
7385odg
7385bi
7385956
738584
738574
73857
7385691
7385659
7385606
73855554
7385506l
73854923
738545weissy
738544
738538
738529
738525
7385218
738520
738518
73851337385133
738512
7385097
7385030hassanK
738502
7385
7384lover8
7384jnl
7384aw
73849999
738499
7384929
7384869228
73848586
7384830
7384817
7384778
738476
7384737
738468
738465
7384645
738462svnc
73845884
738455
7384525
7384480
738444
7384434
738441
7384384
738427
738426
738422
738421
7384188gc
7384142a
738411
738409
7384056
73840385
7384029
738401
7384#ben
7383ph
7383ktak
7383creek
7383990
738395
738393738393
73839231732
738391
73839
73838388
7383822
7383807
73837766
738376352
73837585
738374
7383731
738372
7383701
738368
738364s
7383642
7383618935
7383577
738355
7383500
7383462
73834313
73834204
7383404
738339
738337
738334
7383311
738325
73832131
738320
738319q
7383178
7383173
738316
73831361
738312
7383089
738303j
738301l
7383001234
7382luisa
738299
7382979
7382972
7382933
7382916455
7382915510
7382894
73828835
7382848x
738281
738275729
738272
7382702n
7382699
738266
7382641
73826
7382570064ever
73825393
7382482
738243
738241
7382397
73823102
7382288852
73822807
738224
7382225
7382201
7382180
738216vjs
738215
73821377
738210
7382088
7382061
7382014
7382002
7381loveamal
7381jenn
7381dv/gs
7381ME
73819983
738198
7381914687I
73819059
738189
7381841
738179
73817468
738173
73816507468880
7381606
7381579
7381546289512332
738152
73814485
7381419
7381402
7381339
73813231
738130131113
7381271
7381206
7381193
7381186
7381170
738114
738112
7381076
7381050
73810
7380rona
7380jen
7380901c
7380881
738085
7380819
738080
7380779
73807330
7380715
738063
7380558
7380553
738050
7380404
73803062
738021
738014
7380119alemon
738011
73800639
7380053
738001m
738000
737wahmodm
737trans
737ssls
737rue
737moczv
737magnolia
737loekes
737jazbffl
737gcg
737deion
737de5eopi
737britt
737bethes
737af038
737Castles
7379vic
7379rs
7379990
737995
7379949
7379945
7379921
73798900
73797890
737977
737974
7379722
7379714
73796740
737966
73795zmzim
7379568
7379486
7379467
737942876
737940
737937
7379310
7379286
7379258
7379246
7379222
737921
7379193
737915035
7379126
7379103m
73791007
737908293
7379047
737901685
7378mcg
7378ja
7378aine
737899
7378965432
737896
7378938331
73788824
737884
73788
7378773
737875
737873smg
73787357
737873
7378697
7378634
737862gsu
7378620
737856rm
73785427
737853
737845737
7378425
737841
73783ana
73783857
7378373
7378362
7378339
737830
737829
737828
737826
73782189
737818
7378140
73780557
7378029f
737800
7377yb
7377kung
7377edhk
7377adam
73779bg
7377996
73779801
7377969
73779597
7377915
737786
7377847
7377786
73777377r
7377707
73776htyev
737769
737767
737765
737764
7377629
73776
7377558
7377547
737753642783
7377521
7377505
73774995
737746
737743
737739
73773744
7377267
7377232
737721
7377191
737718098303
737717
73771114
737708
7377065
737705
737704
737701
7376zela
7376_baruch
7376996
737697r
7376918
7376871
7376867
7376846
7376803
737678
7376705
7376675
7376669d
7376650
737662
73765983518046
737653
737650
7376454
7376445
737641
737637
737634
737630
7376263
73762115
73761978
7376172297F
7376124a
737611
73760rbipi
7376052
73760206
737600
7375thanuja
737599
73759703
7375967
7375950
73759187375918
737588
7375852
737584556
73758184
737579
7375737
737570
737569
73756
7375599
7375553c
7375545
737553
7375526
73755
7375482
7375451
73754265
7375389
737534
7375272
737526736
7375261717
73752
7375154
737511
737507
7375041800
7375028
737502
7374pbm
7374exz
73749803
7374969
73749420
7374931
737492jiro
7374920bsh
7374911
73748rrzgb
7374843
73747hpavp
73747987
737479
7374778
737475a
737470
7374690
73746746
7374651
7374642
737462
737459628
73745884
737456
7374547
737453
737452,me
7374511
73744959
73744862536
7374476
737446_love
737446227636
7374422
737436
7374356
73743369
7374334
73743281
73743
73742718
7374250083
737423
7374213
737417
7374164
7374154974
73741314521
73741110
73740p
737407
7374042h
737403
7374024
737402
737401
7374-58865
7373taz2
7373rosa
7373rgjfv
7373oleh
7373inlove
7373elephant
7373ce
7373aa7373
7373A1071
737398
7373970
7373966
7373960
7373940MrD
73739
73738862
7373850c
73738383
73738294
737381672
7373808s
737378
7373762
737373s
7373736
7373727
7373719
737369
7373650
73736349
73736234
7373606
7373555
737355
73735264
7373502
737347ptj
737346
737345
737344
737343
73733737alav
7373352
7373336
7373328
7373317
737331
737328
7373262
73732525
7373250
7373239
737321
7373199j
7373188
737316
7373135
73731030
7373060242
7373031
7373010
73730046
737300
7373
7372perc
7372dakota1994
737293k
7372911
737280
73727781
737274
7372718
73726op
7372684
7372642
7372634
737262
7372546
7372520
73724vkg
7372445
73723pereadev
7372369143
7372359
7372348
73723372
7372333
73723114
7372307
73722669
737225
737222
73721a
737217707
7372139
737212121994
7372104
73720hottie
737207
7372015
737200a
7372007
737200
7371vrain
7371jm
737199
7371977
7371933
7371918
7371889
73718766
7371835
737182
73717976
73717708
737172
737171
7371672
737162
737160
7371579
73715
7371488dora
7371474810
737142
7371391
737133
73713055
7371257
7371233
737121444
737120
737119h
737117
737116
7371138
7371130
73711224liru
7371111
7371103
737109
7371086
737107
737104e
7371016
7371008
73710
7370kurt
7370DZ
7370983
737095
737093363
737088
737085sr
7370844
7370803
737079
7370770
737072
737071adg
737070
7370675
7370640
7370636
737062
7370598
737055
7370532
737050
737048626
73704351
7370386
737037
737035
7370285
737024
7370214
7370207
7370163
7370152
7370131
737011STELLA
737010jC
7370090
73700661375
7370037
7370032
7370017corpete
737-800
736tps
736tecamana
736perpus339
736m36333
736kcwys63
736g877
736eight
736boon1366
736acy
7369rio
7369lvs
7369dna
7369995
736996963579
7369960
7369930
7369901
7369884
7369879
73698402
736983
73698145
7369747
736972456
736972
7369669
7369565
736951
7369481
7369470
7369433
736942
736941
7369375
736932
7369290
7369269
736924
73692181m3
736921
7369207141s!
736920
7369144
736912
736910
736909
7369074
736905
7369037
736901
7368lry
7368bkatv
736895
7368936
7368916
736888
7368838
736882
7368793
73687368
7368706
736868
736866
73685iihhb
7368551
7368528
7368500
736845
73684186alper@@@
7368360
7368283
7368246
73682317
7368216
73681991
7368188
7368177
73681350
736812
73681015
7368055
7368000
7367bad
7367974
736793
7367922
736790
7367898
7367887
73678481
736784
7367825
73677vujtc
7367783ahmed
7367762
7367748
73677367
7367710
73676LS
7367687
7367655
7367609
7367602
7367580
736757
7367533
736753
736750
736746
736744
736741
736737
736735167
7367341
7367300
73672_426
736726
7367248
7367223
73672004
7367158
736714
736711736711
736710
7367063
736703
7366veri
7366chewy
73669penny
7366999ru
736699
73669668658436
7366930
73669
736688
736680
73667366
736672
73666669
7366658m
73665hp
7366519
73664548
736643penn
73664320
736640
736637
7366355
736635
7366323
7366313
736630
7366278
736624
736613
7366090
7366084
7366075
736603784
7366007
7365doze
736598
73658ucbta
7365899
7365859
7365787
7365768d
7365722
736568a
736566
7365630
7365620
7365584
7365568
7365535
7365420
7365405r
73653997
736538
7365359
736531as
73652vjzpz
736521
7365199
736516
7365144
73651212
7365103
736509
73650189
7365002596144
7364rjk
7364loamo
7364cy7
7364ces
736499
7364984cjy
7364948
7364940
7364933
736491m
7364889
736487
73648472551648
7364816
7364771s
73647629
73647373
736471
73646mxjtp
7364695
7364661
73646207
7364616
736459
7364563
7364544
73644semih
73644819
7364458
736444
736440
736437
7364341
736433
7364262
736424z
736422454
7364182
736417057317
73641446
736411
73640xoeo
736407
7364047
7364021
736401
73640056
7364
7363jb
7363QM7R5
736399
73639297
7363906
736388
736386
736382
736375900
7363699
736367863
736364
736362
73635hkvtb
73635673
7363550
7363514
736350
73634468149
7363431d
7363411
73633drd
736331
736327
7363243
7363227
73631fuck
736315
7363118
7363100
7363097
7363088
736308
7363010984
736300
7362mo
736297685
73629210
73628687
736282sergio
7362812
7362798
73627857
73627362123258
736270932
736267
736265
7362636
73626+40
73625fytjv
736257273
7362557
7362536
7362515151
7362513
736250f
73624567890dios
7362440
7362435
736240
736237
736235
736232902
73623205829
7362319a
7362293
7362286
736225
7362188
7362151
7362120
73621126
73621
736208405
736203
7362019
736201294
7361vega
7361996
736197dj
7361942
7361913
73619
7361872a
7361841
7361821
7361775ar
736165640
7361625
7361565
736155
7361500
7361485
7361479
7361468m
736143z
7361433
7361421
736140
7361342
736133
7361326
7361310
7361292
7361286
73612640
736125
7361223
7361213
73612056932
7361198
7361188j
73611111
736111
73611
7361080
736106
7361038
7361031
7361
7360pd
7360959
7360923
736086
7360838
736080d
7360745
736071
7360678
736062852v
7360561p
7360514
7360425
73603adhdo
7360367
7360291
7360260
7360190
736016
736014
7360133
736011len
7360093
7360078
7360065
7360052
7360031metin
736-9459
736!!934
735us
735touch
735silba
735point
735miriam
735leppo
735karatedo
735ilovejon
735grace
735givens
735erick
735duque
735bid
735agr
735JAja
7359luv
7359ar
7359ak
735995
73599078
7359875
7359860
735975duke
735971811
735970
7359648
7359579
7359547
73595157359515
7359508
7359504
73594939
735946
7359456
735945
7359446
73593z
7359371
7359344
735932
73593087
735928ilove?
735927
735925
735924
7359227
73591905
7359186
7359172
735915
73591263
7359103
7359087
73590700
73590590
7359043
7359019
735900
7359
7358977
7358962
73589508
735891
73588ur
735887
7358847
73588179-rmajo
73587awb
7358758
735874
735869413
7358682
7358639l
7358605
735857
7358516al
735850123
7358475
735846
735841
73583773
7358370
7358299w
7358288
735824421
73582209
7358166
73581417
7358095
735809
7358039
7358025
7358000
7357rkjfw
7357ang
7357998
7357967
735796
7357917
735789
735784
73578356
73577857
73577533bj10
735774
7357733
7357688
7357643
7357575
735755
7357479
735742
735737
7357354
7357316
7357260
7357194n
7357157ice
735713735713
7357136
735712
73570yosse
73570770
735701
7357000
7357
7356976
7356945999
7356922
7356918h
7356871
735682
7356800
7356785
735673
735671
73566gubi
735669
735667cd
7356659874av
7356645658
7356625
735661000
73565n
73565934
7356588
735657
7356523t
735652
7356446
7356417
735637f4
7356375n
735636869
735634sg
735633
7356324
73562mzqd
7356276
7356269
7356250
7356214nia
73562001
735618
7356123
73561
73560052
73560
7355ifxfa
7355bank
7355TALON
7355937
7355930
7355920
735589
7355830
7355816
73558
7355794
7355757
735575
7355678
7355664
7355656
735564
7355608dream
7355582
735555
73554jlo
7355492
735546
73554490
7355426
7355421556
7355420146
73554120
735538
7355375
7355362
735533
73552mojq
7355290173
7355272t
73552401scb
7355230
735522
735521
73551catas
735519
7355162
7355159
735511
7355104jessica
73551
7355073
7355001
7354ESG
7354999
7354965
735494a
73549378
7354913
7354884
73548611
7354827
7354804
735479
7354766
73547442
7354735
7354690
735467
735462738409$
7354614
735461
73545x
73545nie
73545luv
73545kj
73545_c
735459
7354587
735454
73544967
73544799
735446
7354439
7354414
73544
73543782
7354330
7354311
7354262
73542530
735422
7354209
735420
7354197a
73541730
7354150
73541489815628
735412408
7354123
7354111
7354099
7354075
7354
7353pip
735399
735394
7353925tj
7353915
73538899
7353829
735381
73537921
7353758062A
73537168
7353713
7353698541
7353679
735367
7353645
7353607
735360
73535954952184
7353521918io
7353507
735349947
735348
7353457
7353442
7353411
735338488
7353311
7353256
73532001
73531996
7353144
7353133
735312
73530ogydy
7353062
7353038rola
7353027
7353017
7353
7352sew
7352946
735288
735286469
735285
735283216
73528131
7352806
7352769
73527298
73527079
735268
7352631
7352626
735262
7352618
7352595
7352559
7352541o6
7352536
735253
73524ndejg
735245
7352415
7352405
7352382
7352365
735234
7352321920
7352318
73522837
73522761
7352256
7352251
7352219143
7352208
7352193
7352146
73521131
7352091
735203ndc
7352033
735202
7352000
7351wood
7351go
73519s
7351992
735195
7351935
7351914
7351902
73518602
7351797
7351783
735178
7351764
7351739
735172194
7351701
735163838
7351600020
7351568
7351558
7351538
735150
735148397511111
7351466683jesus
735145198
7351447846
7351439548
7351429974
7351423583
7351417974
7351407295
7351399969
7351394326
7351374
7351363
7351340
7351323
7351268409
7351264346
7351260941
7351248
7351240
735123
7351223
7351221
7351212026
735120
735119a
7351192p
735118
7351169860
7351161474
7351153
7351127676
7351106
7351104233
7351067
7351064
735104
7351018342
7351-j
7350mlr
7350feb
7350997
7350985
7350953
735091284
735090
7350877
7350841
73508006
7350794
7350754558
735073
735071
7350661
73506585
7350653
735060
73505rylee
7350530
735051
7350496
7350489
735048
7350471
7350426355
7350404
735037
7350351
73503247350
7350257
735025
7350234477
7350210
73501907
73501845
735017
73501407
73501084bf
735010
7350043
7350016
7350006
7350
734ypsilanti
734w0v1c70r
734vvcwnvl
734snooty
734nqpuv
734ninglew
734momymor
734m0p3dr0
734m0j053
734m0301
734gold734
734gee
734e1134
734curry
734cornishdrive
734M0z474
734AABB
7349ruru!
7349rlw
7349idmqr
7349966
734995
7349941
7349898
7349862
73498407
7349819
7349731g
734970
734963753812
734958j
734957
7349518teamo
7349494
7349440
73493xpebi
734939168
7349378
7349348
7349294
734926910
7349253
734920
734918207349
7349166
734910
7349041
734902296
7349014
7349013
734900505
7348954
73489314
734892
7348879
7348834
7348813c
7348802
7348787
7348766
7348733
7348716
734866
7348636
734863
7348566
7348544
734852
734851
73485
7348468
7348430
734837
7348350
734833
7348321
7348296
7348274
73482590
7348226
734820
734813
734811
7348089
7348062
7348026
734802
7348001
7347wot
7347elliot
734799
7347964
7347942mm
7347931
734790k
7347892
7347882
734784
7347788
73477747
734776
73477437
7347730
7347728
7347707
7347680
7347616
7347585
7347529
7347494
7347466
734741
73473553
7347337
73473199
7347294
73472702
7347268
7347218574
73472
7347137
73471193
7347085
7347074
7347029
73470
7346spike
7346maryP
734699
7346978
734696
7346955-2038082
734690
7346897
734687
7346864282
7346849
7346827
73468123
7346779
7346733
73467225
7346671
7346657
734663724226
734662443
734658
734653
734650
734646
734642
734641
7346386
734635l
734635
7346339
7346318
7346283
7346264
7346232640
7346211
734619
7346166
73461569
7346145s
73460bsokg
7346050
73460315
734600
7345snakepit
7345DYC1
7345975
7345970
7345935
7345904
73458animal
7345893
734588
7345858744
73458451
7345835
7345810
734577
734574578
73457345
73457
73456me
7345679
7345639
7345628456
73456117
73455bnkkb
7345596
73455838
7345561
73455461
734553
7345501
7345497
734547
7345453
7345432
73453849
7345381
7345362
73453409
73453147
7345300
73452627
7345242
7345237
7345212
73451981
73451906
734514
7345132
734511
73450sl
7345055
7345036
7344tc
7344djor69
7344aki
73449peggy
73449381
734491
73449
7344891
734482
73448033
734473033
73446zwshj
73446638
734462nelo
73446014
7344570
73445571
7344547
7344501
734446812
73444327
7344423
7344408
73443768
73443703
734436
7344333
73443
7344277
73442654
7344253151
7344231
7344226178
73441Oberdorf
734419
7344166
734413
734411
734410
73440kopfv
7344082
7344052
734403
734402
73439bspa
734396
7343936
73438p
7343844
73438159
7343810
7343772
7343745h
734373a
73436r
734367
73436614
734364j
73436363733
734362810512
7343604
7343556
73434ash
7343494
7343472
734346
7343438
734343014
73433aalen
7343392
7343361
7343343
734332
7343300
73432911h
734327
73432321
7343226
734322
73432007
7343176
734313
73431204
73430vane
7343073
734306
73430312
7343011
7342st
7342ii
7342999
7342930
7342909
73428832
73428677
73428431
7342807
7342792
7342751oka
7342737a
7342714
73427030
7342695
734262
7342602jg
734256
7342533
73425004795842
734248
7342465
734245512
7342438
73424165
7342391
734232
7342288
73422770
73422612
7342239
734222x
734221
7342190
73421234
7342111658
734208210
7342077
7342057
7342048
7342008
7342000S
7341rd
7341aa
734197
7341956d
734194
7341891
734188
734184
7341812033
7341779
7341727
734170036m
734163
73415919
734156irfan
734153
7341523
7341434
73413iamLost
7341381
734135
7341322
7341306
7341270813
73412527
73412368
7341227
7341213g
7341201
734119
7341147673
7341129401
7341115728
7341103364
73411017
7341090
73410858
7341076
7341033
734101
7341003017
7340ss
7340ko
7340ez
7340MELANY
7340959
734095
734091
734090
7340819
734077
7340727h
73406m
734067
734066
73406582
7340610
7340588
734054d
7340542
7340533
7340518
73404_secret_love
73404817
734045005
73404128
7340402
7340378
73403715
734036
7340341
7340326
7340308
7340287
734027
734018107
734017s
7340153
73401243
7340118
7340087
73400734
7340050
7340037
7340011
734000
734-6537
733zaped
733uptt
733ruby
733qwer
733northdrake
733megan
733martin
733liner
733jrh
733jei377
733hicmv
733dirty$
733cjh
733aston
733RDmaintds**
733EXIT
7339sew
73399krcfy
7339961
7339942
7339892
7339865
7339844
733983
7339760
7339710
733969
7339621
73396082
7339591
73395864
733957575
7339551
733953
73395231
73395
733946d
733944
733941nbc
7339415
73393pop
733932
73392kvfmh
733925
7339225
7339197
7339158
733908554
733908
7338howton
7338cc
7338933
7338924
7338859
7338837
7338796
733878
733875447
7338732
733870
733866
733862
733854749
7338524
7338510
7338504
7338425
73383dahqe
733836m
733835759
7338355x
7338340
7338332
7338304
733828
7338263089
7338243
7338226
733821924
7338203
7338172
73381613
7338144
733813648
733810
7338082
7338072
7338033
733802
7338.332
7337yoyqf
7337sg
7337reds
7337js2
7337abc
733798
7337968
7337910
73378iaxu
7337887
7337860
73378364
7337827
733780112428543
733777150
7337733
7337714
7337683166
733767
733765847
733764
733760310ali
73376
7337592jose
733755
7337527
73374p
7337485
7337474
733745
73374468
7337444
7337425
733742
73374
7337386
73373797
7337373
733735404
73373461
7337327
7337323
733730
7337259
7337235
7337221
73371992
733719
7337162
7337125
7337117
733711
73370988
7337079
73370522
7336xmwp
7336so5hind
7336988s
73369420
733692310
7336905
733683720
7336812
7336775
7336733
7336672cc
733661
733660
733658542k
7336551
7336528
733651
733648
7336468
7336429725642
7336407
73363673s
7336331
73362B
73362873
7336216
733619
7336155
7336134
73361232
733612
733611
7336082
7336027
733600129
7336
7335shon
73359fkgyn
7335995.L
733596
733594651
73359222
733589
733584340
73358
733578
7335709
733568499
7335660
733564118
7335623
7335619
7335573
733554
7335529
733551030217
7335491
733548456
7335470
7335456
7335453
7335450
