1744ch
17449953
17449685
174493
1744906
1744875258
174486b
174485
1744836m
17447883
17447726
174476
17447502
174473145
1744717447
17447128
17446998
1744698
174468312
1744676616491811
17446666
17446632
17446500
17446135
17446016
17445sjm
174459
1744522
174451661917537
17445061
17444948B
17444773
17444607
1744454
17444469
17444370
17443973
17443824
17443604
1744346
174432n
17443236
17443196
17442998
1744266
17442654
17442433
17442310
174422ndave
17442164
174420
17441983jo-
174419331
1744180
17441759
17441685
17441574
17441499
17441213
1744111gnr
1744106kanyapat
17440c
17440996
174408
17440753
17440518
1744048
17440382
17440292
17440000390395
1743w75th
1743main
1743bunny
17439607
17439541
174395
1743938
17439138
17439087
17439
17438946
17438690
17438534
174385
174384
174383
17438155
17438053
174380
1743770044
174375
17437
17436984
17436904
174368
174361933
17435949
17435900
17435696
1743558
1743533
174352
17435051
17434courtneypinecir
1743491
17434835
174345
17434475
174342
174339834
174336taz
174334wk
1743341123
174331
17433
17432732
17432485-9
174324
1743229
174321320
174321
1743199
174317431743
174317
174316
17431567-1
17431314
1743123
17431085
17430889
174308
17430683
17430499
1743042
1743022
1743 bobcat
1742yhastamas
1742old
1742kargo
1742genesee
1742cq
1742ave
17429enter
17429953
17429853
17429669
17429607
17429554
17429402
1742900
17428992
17428939
174288
17428677
17428533
17428429
17428342
17428309
17428112521
17428013ccs120
174280
17427911
174279
17427827
1742779456
17427574
17427545
174275
17427
174269
17426699
17426546
17426449
1742623
174262
174260
17425891
1742583692846
1742579
174257
17425639
17425544
17425431
1742541
1742532
1742528
1742518213
17425164
17425109
17425
17424926
17424887
17424849
174247
174245
174244
17424284
1742411
174240lilj
17423997
17423869
17423847
17423788nefertiti
1742371
174236
174235654
17423505
1742337
17423293
17423221
174231289
17423087
17422919926788
17422798
174226
17422412
17422276
17422184
17422063
17421blaze$
17421915
1742180991
17421771ira
17421721
17421550
174211859
1742111
1742100
17420859
174208
174207
1742054
17420308
174200t
1742006
1741lwck
1741jimbum
1741jer
1741fionn
17419985
1741997
1741994a
1741991jr
17419905527002f
1741987
1741982shamasmg
1741975
1741972
174197
1741967
1741955
174195
17419442-4naya21
1741922
1741914
17419087
17418yBR
174188
17418680
174185
1741826
174182
1741813
1741803
1741794204
174176777
1741751
1741749130764
1741722300
174171Ok
1741705753
17416950
1741681
1741660695198476
174165
17416102
1741577
17415705
1741567
1741545
174154
174152233
174151
1741495
1741471741
17414538
1741434
1741424
17414006
17413987
174137
174136
174133
17413256003
17413216
174131
174126
17412478
174124
17412392a
1741236634
174123456
1741224
174122
1741216054767
17412121
174121
17412023
17412
17411731
17411713
17411643xt
17411618
1741158
17411413
1741114m
17411072
174108
17410514
1741034
174102
174100xx
1741000
1740vy
1740petit
1740m
1740kind
1740ida
1740cw
1740acvete
17409917
17409814leonardo
17409656
1740955006
17409519
17409398
174092535
17409215
17409203
17409179marcos
1740908
1740900099008
174088758
17408562
17408003
174079
1740745alex
174071
174069
174066
17406517
174062523
174060
17405971d
17405849
17405544
17405369
1740522323921
17405180153
174051
17405
17404930
17404724
17404414
1740424
17404197++
17404101
17404054
17404
17403808
17403584
17403474
1740318
174031224
1740300120232
1740300061597
17403
17402988...
17402943
17402907
174028
17402659.s
17402626
17402521.Jamaxley
17402482
17402296
174022
1740200043201
17401966
174019112535
174017443011
17401717
17401579
174014097
17401338
17401213
17401110
174009411986
17400892
17400854
1740080
174005
1740026413
17400140
17400119ogmp
174000
1740**emmae
174+2506*1963
173x-77
173w13
173sha
173rvuz
173rad
173pes
173mr4al
173luv
173kels
173jacket
173iop191
173ha251
173fichoeby
173epit
173e78w22e
173crw
173bvt.
173b777
173akizum
173SAC
173GHz
1739pm
1739jlh
1739dne
1739cnkk
1739apples
1739a2858
1739KpKz
1739990085082
1739990069630
1739990004627
1739984
17399626
173996
1739940
17399371
173992
1739903
1739900637684
1739900567490
1739900564113
1739900555301
1739900543191ke
1739900493551
1739900463988
1739900441224
1739900426888
1739900402024
1739900369493
1739900352833.
1739900345225
1739900340631
1739900328
1739900326611
1739900322314
1739900308745
1739900306211
173990030076
1739900254319
17399002333451
1739900230002
1739900223243
1739900211148
1739900184515
1739900168307
173990016525
1739900159626
1739900147130
1739900140895
1739900128615
1739900081660
1739900045639
1739900024283
1739900
173988
173984
17398268
17398124
1739802
17397750
17397656
17397513
17397271
1739717397
1739692
1739684250
1739651
1739644
1739624
17396025
1739583
173950195
1739500
173948916ray
173946825
173946285
173946258
1739456280
1739456
17394524
173944s
17394254
17394081
173939
1739382
173934D
173933hc
1739324
173931
17393010
17392c
173929
1739285sooso
173928-li
17392716
173924865
17392366
1739220248
1739205G
17392027
173918524
1739171810
1739166
1739155
173914148
173913
173912839
1739118572
173910
173909c
17390867
17390844
17390748
173906227
1739054
17390438
173903201
17390208
173901412345678
17390121
17390082
1738wewe
1738marie
1738cdp
17389artima
17389939
17389827
1738962
1738957
1738941578
17389281
173891
17388930
173886
17388542
173884927121563
17388181
17388087
1738792
173878842
17387661
17387489
17387335
1738723
173869
173868
17386640
173864142756788
17386409
1738631
17386217
17386173
17386
17385938
173857lp
173857
1738550
1738547
173854
173850
17384957
17384888
1738455
17384512
1738438342014257
173843012531
17384131
17384100
17384
17383830
173835am
17383568
17383388
173833
17383253
17383162
17383037
17382917
17382566
173823381
17382232
1738220
17382094
17381920
173818
17381693
17381584
173814
17381352
17381347
1738129
17380680
173806
173805
173803299
1738++++
1737wa4920
1737jd
1737_s.c
1737968g
1737945
1737912
173790
17378913
173788
173787
17378558
17378256
17378136
1737784
17377774
173775
1737737
173772536
17377149
17377017
17377
173769
17376429
17376140
173759
1737567601
173752er
173751715
17375
17374828
173741
17374025
1737387
1737357
173732
173731
1737304
17372cvale
173729
173728426
17372698
173726003
173723768471254
17372231
173721B
17372099
1737201
17371996
17371819
17371741
17371681
173715j
173714
1737128
1737115
17371112
17371
17370956.
173709
173708
17370721
17370588
173705
17370355183165.a
173703
1736seb
1736mdale
1736lovers
1736lenox
1736ca
1736J
17369781
1736958
17369104
173690
17368945
17368780
17368660
173686
173685
17368351
17368193
17368096
17367bcbg
17367988
173677ag
17367682
17367446
17367230
17366999
17366934
17366804
17366726
1736643
173664
17366300m
173661941718
17366077
17366041
17366
17365916
1736585
17365430
17365182
17365025
1736490
173645
173640b
173639987
173636j
173635
1736301503
173628p
17362718
17362454
17362193
1736212084
17362049
17361835
1736149
17361305
173612
17360pf
173608624
1736060
1736059e
17360526
17360334
17360237
1735richi
1735me
1735lc
1735ca
17359949desi
17359822
173596
17359523
17359396
17359188
1735917
173591
173589
17358715
173585788
17358410d
1735810200
17358098
1735799204
17357777
173572lh
1735721
17357196
173570
17356959
1735684
1735669
17356179
173561
17355a
173557
17355460
1735542
17355284
173552
17355
17354799
173544863
173542496
173538
17353553Oma
1735351989
1735348
173534
173533
17353052
173528952185096
173527
17352635
17352601fausto
173525bam
173525
17352442
17352297
17352258
1735223
1735217
173520
17351906
17351616
173516
17351395
173513
17351031
17350eastcyecdt
173509
173507
17350260
17350065
1735001
17350
1734wc
1734pn
1734josh
1734hudson
1734guilford
1734chupa
1734anhour
17349xto
173498
173496
1734949
17349187
173490
17348818
17348657gh
173486
17348468
17348006
173477
173473
17347173
17347096955
1734695
173468
17346496
17346439
1734619
17346009
17346
1734595
17345880
173456263
17345503
173452j
1734511
173448
1734473
17344228
17344174
173438632
1734367c
173435011
17343336
17343310
173432liz
17343261C
17343085
17342812
17342794
1734253
1734240
173422
173421
17341978
17341931
173417
1734164
17341481yanelis
17341359
17341290
17341133
173411
17341037
17340960
17340881
173408
173406926
17340671
17340533..
173404414
173401a
17340093
1733vip
1733sdt
1733love22
1733kmi9718la
1733cmf
1733McMa
173398m
17339782
17339553
173395
17339469
173393537
17339286
173391981987
173390533
17339031
1733900022
17338932
173388544
17338745mel
17338540
17338461a
17338326
173383
1733817338
17338056
17337a
17337823
173377
1733753
17337432
1733729
17337170
173371173
17336e
173367
17336528
173361
17336
17335840
17335665
17335371
1733517
17335086
1733501h
173349
173346652
17334557
1733437
1733353
17333371
17333328
1733317333
173330801665838
173329780
1733275
173326
173324u
1733238
173322k
173320
17331614
173315
1733138017647771
17331138
173311
17330old
17330931271007
1733073
173305
173303
173301995
1732timeca
1732por
1732lb
1732gay
1732beckham
1732?xit9
17329865
173296
173294944
1732917329
17329
17328885
173288
173285
17328447
1732823
173281
17327ttt
1732769mayi
173276
17327335
17327235
1732714x100pre
17327078pucca/*-
17326859
173267
17326646
173265
173263
17325974
1732564
173254
1732535
173253213
1732531
1732527
17325117
17324709124
17324435
173243088
1732426
173241
17324
1732356
17323299
17323209
17323053
17322963
173227
17322610
173224811609
17322371
173221
17322020
17321n
17321Lennane
1732184
173217c
1732159
17321405
1732132
1732119
17321*29
17320965
173207
173205
173203
1732026085
1732018024
17320037
17320
1732+hana+176-yk
1731valley
1731rt
1731princesita
1731oat
1731jmzm
1731gb
1731cdt
1731amc2222
1731ac
1731RT
1731998
1731995Dude
1731991tz
1731991ach
17319891385
1731980
1731976
1731972
1731970
1731955
173192
173190v
17318ag
1731887
17318566
173184
173182942485
173182
1731814
1731808
17317849
1731761
173173wale
1731736
1731732468
1731732
17317317324
1731731
173172
1731717
173170713
17316952253
173169
173168
17316790
17316608
173165
17316330
17316197
17316173
17316062-3
173160
17315913
1731578
173156286jsa
17315492
1731537
1731520927
1731517315
173151
17315017
17314tml
17314910
173148
17314632
173145
1731428
17314122538
17314
1731365
1731354
17313223
17313202
17313026jo
17312977
17312950
17312933
17312879
173128599
17312736
1731255025
173125017f
17312414
173123186
173121990
17312008
17311C
17311980
173119530
17311850
173117311731
17311718
17311562
17311528
173114s
17311427
173114
1731131023
1731123456789
1731113200
17311124
173109hmc
1731091000
17310873
173108
173106990
17310607
173104
1731032535
1731024261488
173102
1731001
1731/9
1731
1730tnl12
1730rh
1730omar
1730nav
1730memory
1730ino
1730ft
1730faith
1730anka
1730_1730
1730994s
173098
17309496
173092
173090
17308954won
17308865300885
17308692
17308464d
17308375
1730818
17308013
17307l
1730789456
17307787
17307758
173077
17307652
17307612
173076
173074
17307231
17306821
173067
17306543
1730642
1730631
17306023
1730600097473
1730600082425
1730600014357
173055609
1730525
1730500074269
1730500069516
1730500057577
1730500014797
17305
173049skate
173049
173047
1730411
1730400084645
1730400062757
1730400057311
1730400046484
1730400040036
1730400007152
17303fall
17303968
17303929
17303819a
17303693
17303420
173033
17303183
17303124
1730300804123760507
1730300102463
1730300091810
17303
1730285339102851
17302788
17302712
17302629
17302522
17302430
173023majo
173022956
17302230
17302207
17302107
173020569
1730203364212
17302024
1730200238401
1730200207093
1730200168381
1730200159960
1730200140703
1730200126310
1730200115351
1730200097808
1730200031092
17301971
173019001901
1730185
17301732
17301582
17301546
173015069
17301459
173013133
173013
1730123
1730112282201
17301008
17300MnMt2884
17300929
173007926
173005520
173005388
17300507
1730039
17300327
17300200264925
173000a
173/49sanarak
173
172yeri
172u
172tren
172spillway
172rob21
172poppyday
172pebble
172nealerd
172n59l
172main
172kingsdon
172hay869hat
172fulton
172cmd!
172boy
172bea043
172angels
172abroomhill
172L1FJN8H
1729xoxo
1729vdb9
1729syj
1729renz
1729pc
1729pa
1729me
1729maliku
1729kk
1729dread
1729dash
1729bmmmc
1729bebe
1729arf
1729Kaya
1729965
17299557
17299323
1729905215914800lau
172990256321
1729900409584
1729900364149
17299003388
1729900323191
172990031755
1729900307510
1729900284013
1729900270381
1729900256
1729900252081
1729900238194
1729900222051
1729900206802
1729900194600
172990019044
1729900178906
1729900171812
1729900163216
1729900160
1729900153962
1729900151951
1729900151811
1729900146966
1729900139188
1729900138611
1729900133627
1729900131667
1729900131
1729900127716
172990012433
1729900118270
1729900100222
1729900093668
1729900089423
1729900089083
1729900079614
1729900053275
1729900017384
17298968
17298673
172985134110
17298344
1729824
17298156
172981
1729800169784
1729800133927
1729800122933
1729800085451
1729800064186
172980000
172977575
17297599
1729748
17297284
172970
172969
17296703
17296648
1729628
17296262
17295kaikohe
17295744
17295711
172956h
17295555
1729550
172954wb
17295315
17295
172949
17294778
17294736
172946t
172943
17294130
17293k
1729398
17293809
17293646093
1729357
172935
17293231
172931835
172930rosy
17292847
17292703
17292630
172926
17292532
17292520
172923jp
17292328JHON
172921990
17292026
17291theone
17291987
17291833
17291799
17291755330692421
1729171
17291519-1
172914
1729138548
1729123
17291201
17291022
1729101038
17290871354869
17290711
17290595
1729026
172901p
172900128
1728yc
1728sky
1728pt
1728lk
1728khulit
1728jose17
1728eyvkgjr
1728cw
1728cakes
1728ar
1728an
1728aew117
1728ad
1728aaron2
172899
17289667
172895
172894
172893
17289241
1728916
17289000
17288900
1728888
172887
172885j
17288396238350
1728831923
172883
17288151
172880
17287943
17287759
172875349
17287222h
172872
172871
172867sr
172867
17286571
17286445
17286406
17286327
17286228...
17286172
17286140
17286085
1728604
1728593217285932
17285742
17285591
1728549
17285387
1728529
17285206
17285
17284953
17284850
17284654
17284543
17284410
17284219
172841
17284065*
172839s
172839jm
172839benji
172839as
172839938271
172839718293
1728396482
17283964
172839546!@$#
172839475869
17283946550
172839456z
17283945693
172839456.
17283942516879
17283938271
17283917
17283905
17283900
172839++lcbl
17283690
17283681aduana
1728359jccjr
1728343
1728334
17283224
172831
17283021
172829a
17282862
172827
172825leo
17282528
17282405
17282321
17282278
172821999
1728217
172821
17281993
17281985
172817mj
17281628
17281530
17281444
1728143
1728134
172813.
17281278
172812172812
172810mar
17281047
17281024
17280luisitoy
1728091
17280827
17280604M
1728052008
172802_29
17280219
172802042009
172800vv
1728-apple*2533
1728*sandyfer
1727wewe
1727st
1727patty
1727mich
1727kupu
1727kenken
1727jklope
1727jc
1727inlove
1727ge
1727ed
1727dm
1727cass
1727bz
1727bnc
1727a
1727NM
172799488720
1727980
17279756r276097c
172794bf
1727917279
172791
172790
1727880a
172783k
17278292
1727804
172779172779
1727777
172776
172772941210021977
1727727
1727720
172771
17276mom1
1727685
17276812
172767kf
1727655
172761q
172760842537
17275987456321
1727588
17275745
17275510
17275498
1727531
17275162
172750
17274877
1727478
17274719
17274546
17274374
1727423
17274
17273936
17273897beog
17273818
172737t
1727374757
1727354857
172734007
17273353
17273242
172732
17273
17272991dec
17272916
17272829
17272791
172727872
1727271510
1727269
17272581
1727252730350
17272471
172723764
17272340
17272319
17272294hsj
17272211
17272144144
1727203
17272005
17271flora
17271986
172719
172717m
172716amor
172716
17271482
172714624
1727143
17271283
1727121
172710antonia
17270923
17270879
1727082065
17270751
17270706
17270589
17270531
17270512
1727041023
17270357
1727033am
172703208098
17270264
1727007
1726van
1726teamosya27
1726st
1726pp
1726mm
1726lopez
1726jtp
1726hannah
1726ec
1726dayton
1726ck
1726amhh
172699jdm
1726999
17269802
17269755
172696570
17269542
172694
17269290
1726923
17269145
172690a
17268897
17268723
1726863
1726860600
172684
17268271
17268008
17268
17267745
17267676
172673
17266a
17266784
172666Maprang
17266581
1726655
172664855
172663
1726608c
17266020
172656
17265326
1726518
17265053
172650
172649
172646573
172645
17264340
17264134
17264077
17264
172639
1726381
17263688
172635f
17263563
1726354d
17263453
172634
17263032
17263
17262601
17262529
1726251904
17262509
17262428
172623silva
17262325
17262107
172620824172620824
17262004
17261828M
172618005
17261619
172612906
17261204
1726115
17261124
17261089
1726105
17260910
1726079
172603bbB
17260305
172602
172600I
17260015
17260000
1725xxx
1725vr
1725s955
1725mcf
1725kjd
1725jvj
1725id
1725fs
1725dl
1725d9c
1725cf
1725Olson
1725992537
1725982
17259506
17259410
1725924
172591287
1725886
1725858
17258318
172583
172582
172581126a
1725810566
172580rbm
172580631984
17257804
17257774
172575285
1725749
1725724300
172571585
17257000
172569mr
17256495
172564
1725631986
1725622
1725593
17255779
1725563
1725558
172553s
172551
17255049
1725491512
17254824
1725455
172543mhm
17254304
17254217kpw
172542
17254165
1725406
1725402534
17254
17253917
17253879
1725379087
172536789
17253625
17253529
172534yuy
1725344556
172534352534
172534123
17253338
172533112533
1725327
1725320080011
172531whFFNAMFF
17253190
1725302291
17252lanes
1725297
172528828
1725284
1725282
172527pass
172527_puy
1725276
1725273323
17252719
172526644
1725263011614
1725261983
17252617
172526*/.s
17252532z
17252527
172525172525
17252449
1725238
17252201
1725208290desi
17252000
17251lax
17251988
17251987s
17251964
1725192535
17251917
17251877
17251836
172517172517
172516707
17251580
17251561
1725142
1725132320
1725123j
17251209
172511638821738
17251126
172510triumph
17251030
17250984
17250910
1725080582
172507**
17250521
17250495
1725039
1725032
17250182
17250107r
17250045
1725 1725
1724taylor
1724popo
1724monkey
1724mey
1724ltg
1724lechusa
1724klp87
1724jess
1724eorg
1724combinao
1724bezred
1724august1996
1724as
1724angel
1724abm1970
1724POOH
17249loveboss
1724999816
172498654
1724975
17249531
17249408
17249096
17248ckfzr
1724896
17248817
1724876605084507
172487
17248639
17248253
172482
1724807sa
17248051
1724799
172478bb
172478442012southside
17247721672
17247582
1724754
1724744345
172473sexy
17247200natalia
17247167
17247
17246931
172467805
17246593
172464
1724631
17246288
1724624150
1724614332
172461
17245960
17245738
17245654
1724558810
172455
1724531
172452s
1724520520
172450
172449
17244835
172446688
1724450166a
17244211
17244129g
17244071
17244053
172440
1724381
172437101
1724369697
17243578001
172434n
17243429
1724336
1724327752
17243121
1724306
1724301car
17242930
17242905
172428d
17242883
17242812
17242805
17242738
17242697
17242628
1724261688
17242587
17242560-7
17242528
17242515
17242417
17242331
17242226
1724219918
1724217086
17242117
17241993
17241946
1724190
17241824
1724165200
1724155
1724121090
17241123
17240976
17240915
172409
17240829
17240792
1724054430
17240448
1724043565
172404073337
17240304
1724023965
17240217
1724019987
1724012878
1724010
17240
1724!klw
1723wero
1723violeta
1723sandy
1723pt
1723po
1723ml
1723me
1723love
1723lisa
1723l
1723jl
1723jam
1723hk
1723fish
1723dance
1723brykay
1723andres
1723aj
1723Vca
1723LANZ
1723JORDAN17
1723Ap19
17239906
172399
17239772
172397
1723962377
172395482
1723946024
1723939
17239
17238968
17238842
1723877217
172386
1723847
172383793
17238351
172381556
17238076
17237_hp
17237871
17237778
1723769
1723761308.d
172374565
17237369
1723729936
17237259
172372
17237123
17237080
1723701643
17236yhob
1723698781
17236868
1723686
17236759
172366gab
1723667703
1723666440
1723665269
1723656
17236456
17236404
17236368leon
1723625452
1723616
17236127
17236086
172360
172359
17235786
1723573117
1723566
17235599jose
1723551605
172355
1723544530
1723526560amor.
172352
17235177
172351425
172350945
1723506489amor
1723495
172347soloyo
17234732
172345
1723444444//yrs/
17234418
1723439897
1723432314
1723427751
1723420681
172342
17233B
17233904
1723350953
17233422-91508
1723340
17233377
1723331525334151
172333
17233271
1723321
172331054-4
172330452-1
172329L
17232634
17232606
17232538
1723252910
17232526
17232428
1723241618
1723238026
17232335
17232237
17232228
17232120
17232095
1723205330
1723203
17231my
17231987
17231983
1723197024
1723182030
1723165823
172316251271
17231545
1723151260
17231457
17231441
17231420
17231330
172313150
1723121
1723115
1723113732
17231107
172310jct
1723105852
17231009
17230petitta
17230888
1723079
17230730
1723064
17230602
17230532
1723051
1723028278
1723021810
1723020634
17230111
1723000996
1722yulissa
1722yap
1722wl
1722volga
1722setenta
1722opal
1722nf
1722mackinaw
1722loveyou
1722jm
1722hx
1722holly
1722hard2break
1722el
1722dan
1722as
1722am
1722ZP27
1722AA
17229964
17229863
1722975453904547
172296
1722953
172295
1722942230
1722922034
1722918
172291
1722901582
172290
172288
17228703
17228504
172283yan
17228287
17228103
1722800818
1722799325
1722794029
172278jr
1722788518
1722785084
17227813
1722775390
17227715
1722760988
1722754841
1722751706
1722747191
172273y
17227354
1722728902
1722717227
1722711890
17226923
17226737
17226638
172265900
1722651500
1722645742
17226442
17226385
1722628714
1722611
17226080
1722585310
1722582432
1722575170
172256652643
172255gelo@
172255718-6
1722552096
1722550439
17225460
1722540
17225379812
1722536
1722533
172253
17225227
17225081
1722506985
1722499835
17224941
1722492871
17224884
172247
17224627
17224567-6
172245
1722445100
1722436
17224322
172243
17224232
1722419908
172241200
172240771386
1722400
1722394
17223807a
172237
1722362355
1722359054
1722355854
172234love
172234
1722337738
17223316
1722329
1722316
1722313465
17223108
17223068
172230443519
17223025
17223
172228m
17222844
17222832
17222803
1722277629
1722272877
1722271382
172226j
17222670
1722265814
1722264
172225vw1
17222528
1722248240
1722245790
1722236914
1722233
1722231543
172222m
172222172222
1722218821
1722214
1722211768
1722207
17222041
17221m
17221990
17221982
17221951
17221882
1722183637
17221805
172217427
1722172499
172217220-0edy
17221684
1722159785
1722147350
17221407
17221232
17221123
17221111
1722105788
17221026
17220998
17220906
1722086954
17220831
1722082006
1722077268
1722067202
17220627
17220604
17220524
1722043393
1722043
17220319473
17220217
17220158
1722007M
1722002
1722000872
17220
1721zane
1721tipsy
1721stiigoing
1721snm
1721pop
1721lucaslouna
1721littlebear
1721jda
1721jayne
1721james
1721jaja
1721hollywood
1721gopfy
1721gc!
1721fucku
1721eneri
1721dm
1721dd
1721cristofer
1721cnw
1721berd
1721ameb
1721_purplet
1721RMM
1721JJGAESPARZA
1721DJ
1721:)
172199839
1721996856
172199156
1721986048
1721981
172198
1721978425
1721976
1721971602
1721959
1721945812
1721943
1721939435
1721932455
172193
172192555
1721923231
1721915609
172191
1721908539
1721906
1721903332
172190
1721891750
17218875
17218682
1721865937
172185m
172184210-0
1721829
172182
172179562
17217932
1721785572
1721782215
1721776233
17217684
1721763090
172176
1721758017
1721750238
17217472
172174
1721731899
1721730701
17217256
1721716809
17217156
1721711
1721701686
17216966
1721689
1721670824
1721665
1721648a
1721638086
1721625
1721622047
1721618112
1721614368
17216029291286
17215k
1721598041
172159
172158
172156
17215589
1721545612
172154
1721533410
1721526166
17215233
1721522603
17215195
1721502487
17214ever
1721495883
1721486213
1721482170
1721480
17214718000
17214667
1721459939
1721453593
1721444
172144
17214188
1721411385
1721410775
172140694-8
1721401899
172140
172139704-8gafo
1721395984
1721386090
1721372942
1721366
172135
17213433
17213410
1721335659
17213316
1721329850
17213221
1721320759
1721315
17213123
1721310392
1721304374
17213029269
17212k2f
17212977
1721290581
172128299-2
1721273637
17212720
172126kr
1721259345
172125796pul
17212535
17212528
17212525
17212431
172124
17212228
1721219390
17212122
17212110
1721206777
1721205837
17212020
17211mc
17211989
17211986
1721197091
1721185955
17211821
1721180006
17211729
1721171025
17211635
17211557
1721154035
1721152500
1721147054
1721146122
1721128351
172112703
1721126
1721125514
1721125
1721124558
1721123667
17211229
17211221
17211191
1721114187
17211104
172111009
1721108
1721102550
17211014
1721099784cesarhumberto
1721094348
17210822
17210805
1721079190
1721077
17210729
17210706130506
17210702
17210672
1721061008
1721059234
1721051702
1721046769
1721042206
1721041281
17210399
1721032512
17210199
1721015186
1721011992mia
1721007423
1721001723
1721000048804
1721000041036
1721000
1721.
1720west
1720toto
1720sophia
1720rrp1720
1720rich
1720ree
1720rannyeloir
1720nit
1720mpf
1720juanyuli
1720jesseniaj
1720eve
1720eb
1720dgcb
1720connie
1720bradsh
1720aaa
1720JR
172099958
172099848
17209959
1720992
172098M
1720985140
172097151188
172097
172096
172095
17209417
1720936
17209311
1720928082
1720919750
172091494
17209075
172090118801
1720900129460
1720900118247
1720900102227
1720896
1720888872
172088
1720878329
172086k
1720857943
1720843554
1720831005
172083
1720823333
172081990
172081401
172080256
1720800117311
1720800100826
172080
1720798428
1720792561
17207812w
17207680
1720765583
17207578
172075
1720745213
1720740
1720733763
1720724
1720710241
1720705
1720700105117
172070000
17206747
1720666609
1720660537894
1720658184
1720646767
172064
1720637642
1720626264
17206143
1720613171j
1720606154
1720605193
1720600582
1720600084037
1720600064443
17206*9
1720594645
1720584125
1720578606
172057201-3
1720560455
17205548nmrs
17205514
1720546165
1720542446
1720538819
1720533
1720507
17205053
1720502
1720500079678
1720500073751
1720500066193
1720500062767
17204viv
17204eva
17204934w
1720488434
172047326-1
172047
1720458161
1720446
1720435989
1720430790
172042j
1720423
1720415007
1720410503
1720400121389
1720400111243
1720400032785
1720400022542
17203kar
17203942
1720383908
1720378494
1720376365
1720373826
172037
17203526143170352
17203456789
1720340601
172033047
1720325
1720317575
1720310500250
1720303716
1720300088738ok
1720300081971
1720300070570
1720300061180
1720300053021
1720300045699
1720300032872
17202aimei
1720283124
17202811
17202718
17202622
172025lme
1720259
1720256328
17202531
17202529
17202515
1720250586
17202364101
172023516922048
1720232829
1720231305
172022821
1720225205898
172021g
1720218831
1720213
1720212228
17202110
17202103
172020_bebe
1720205
1720202223
1720200821
17202007
17202002
1720200085869
1720200080786
1720200073925
1720200056885
172019s
17201989
17201988
1720196862
1720193208
1720182698
1720179512
1720177698
1720174364
172016752512
1720166071
1720160504
17201525
17201484
17201421k
1720136900paopao
1720133055
17201254
17201205
1720115979
1720115359
17201122
1720109337
1720104023
17201026
1720100106937
1720100017250
17200m
1720093952
1720093424
17200912951
1720089182
1720082
172008042517778
172007jm
1720071768
172006victor
172006j
17200626
17200603
1720050986
172004ek
1720045150
172004172004809
1720035
172003381
17200317
172003045
172002737
1720020880cl
1720010139
1720007
17200017
17200008240
17200
1720-piter
172/563110
171xitik
171varsitybaby
171sweetlover
171secondst
171opo
171motocross
171lex
171ktm171
171kelly
171k0l45
171imut
171idalia
171hen
171hamish171
171family
171erpolo
171east
171crh
171cc8664
171blue171army171
171bat
171awq
171aflucky
171abc
171_fodex
171JEEP171
171ALLDAY
1719taper
1719tad
1719rc
1719nica
1719m
1719king
1719hard
1719eduardo
1719carlos
1719bebe
1719Y14
1719SF
171999jms
17199962
17199838
171996at
17199651
1719961997
171995abi
17199547hitman
1719953612
1719952007
17199510
171994thaikaa
171994mica
171994iawsborn
1719949289
17199435
171994281991
1719941207
1719938308
17199315
1719931360
17199313
171992l
1719927616
17199255
17199202
171991tc
171991a
17199118260491
1719910.0.m
171990mela
171990l
1719905
1719901005rayo
1719900338318
1719900321792
1719900294213
1719900289058
1719900282746
1719900260980
1719900256818
1719900242
1719900237147
1719900234377
1719900214708
1719900210648
1719900206241
1719900195398
1719900188499
1719900170581
1719900160101
1719900151129
1719900134607
1719900132086
1719900110287
1719900107430
1719900096586
1719900082551
1719900012226
171989vulpitza
171989l
171989fe
17198988
1719896829
1719892708
17198913
171988a
171988425v
1719882
17198798
171986pam
171986698
1719863910
171986171986
1719860103728726
171985a
17198523
17198512
171984mai05
1719848
171984033
17198394
171982ab
17198220
17198217
171981ms
1719811851
171980fu
17198062
1719803RODange
171980171980
1719800023013
17197iloveyou
1719796369@
17197828
17197790
1719771979
171976dr
1719768176
171975812
1719752246
1719749341
1719738484
1719731125
171973008/5
171972357789
17197200
17197159
1719708750
1719703108
1719698910
1719670950
1719665851
1719661983liga
17196611
171965/2
1719641
1719635508
1719633537
1719630822
1719629527
17196
1719593442
171959103
1719589259
171957
17195647
17195579
17195464-4
1719538652
1719527
17195145
171950
1719494
1719479790
17194749
171946426-3
1719452839
1719449942
171944011-5
1719434
1719430611
171942
1719416701
171941
17194
1719397166
1719392811
1719391490
1719383968
17193780751271985
1719377697
1719370528
17193671
1719366682
1719365361
1719364323
1719362608
1719360610
1719359653
1719353433
1719345682
171934
1719326
1719319533
1719315390
1719308973
1719305607
17192MoIsEs
1719294355
17192935
1719286757M
1719285411
1719278085
1719273078
1719270808
171926989
1719263244
17192606
17192530
17192517
1719249
1719247528
1719246710
1719242685
1719241975slopes
1719241299
17192403
1719237503
17192363
1719233627
1719232306
1719231670
1719231
17192301
1719227223j
17192205
1719215
1719214072
17192118mumy
171920a
1719209
171920222324
1719202
17192004
171920004
17192
17191919
17191823
17191808
17191747
17191723
171917191719
1719164665
17191547
1719153205
1719146969
1719142
17191345
17191303
171913
1719123
17191222
171912.adrian
17191185000
171911240612
171910942
171910112
17190margarita
1719098087
1719081828
171906s
1719058032suzanna
1719055053
17190508
1719049486
1719044164
1719043
1719041178
1719039891
1719031716
171902123
17190130
1719007
17190
1719-0a
1719$%
1718yoou
1718ts
1718tf
1718strong
1718silvia
1718sexykat
1718s6
1718rk
1718patricia
1718natalia1718
1718mo
1718mm
1718mj
1718lk
1718knollwood
1718kels
1718k
1718jinlovem
1718janea
1718irl
1718gothy
1718ejs
1718dez
1718cistrans
1718bx
1718bush
1718bolo
1718bj0o
1718baby
1718apro
1718alsh
1718_liz
1718T
1718MO
1718BX
17189976
17189942643
17189924103
17189865
1718981012
1718979840
1718975657
17189691303
1718963
1718959
1718954280
17189456425
171894213
1718940800
171894/*-
1718932781JOEL
171892934ever
1718922766
17189175
1718912197
1718910
17189081055
17189014393
17188P
17188981183
1718888389
1718886
171887a
17188719738
1718860685
17188599474
17188532984
17188501c
1718846072
171884
1718838574
1718837220
1718828
17188233
17188218
17188213746
1718816893
17188119032
171880
171879332_4
17187928319
171879
171878
1718773672
1718764
1718762191
17187530
17187498638
1718742h
171873
1718709627
17186991871
17186990
1718696196
171869124
17186823952
17186760736
1718674847
17186655391
171866
17186568
17186545219
1718649084
1718643206
171864
1718623265
1718622234
1718617051
1718615
17186022837
17186
1718599416
1718591
17185850644
171857miguel
1718574
171857157
1718570
171855j
1718556
1718552027
1718542
17185375019
1718535345
1718534223
171852979-3
17185295697
171852513
1718521741
1718514746
17185082136
17185013
17185/40505
1718498
17184931752
1718491952
1718488116
1718486911
1718480369
17184785075
1718476391
17184712385
17184584am
1718454943
17184549
1718451717
1718451204
1718448986
1718445347
17184439
17184430541
1718440843
171843724
17184366
17184313861
1718423609
171841993
17184133049
171840er
171840759-0380
17184046924
17184010
17183rickyfortsd.
1718391814
1718387440
1718376377
1718371527daniel
1718365917
1718363276
171835
1718347089
1718341603
17183381955
17183348
1718329988
171832032
1718317223
1718301
17183004
17182b
17182959770
17182930
1718290745
17182868
17182847788
17182826956
17182801
1718276
17182710
1718263732
17182622
1718256843
1718254281124
17182532
1718252289
17182520011203
17182508
1718243742
17182424
17182417
171823ty
17182382641
1718235307
17182327
17182211887
171821_ok
17182148
1718208912719
17182045
17182030
17182022
17182008
17181nava
171819z
171819rock
171819b
17181992
17181988
17181983
1718195cb
1718194eva
1718192r
17181924
1718192352
17181921ion
17181914n
1718191415161312
1718191415
17181912
1718191
17181900
17181870h
171817b
1718174459Diana
1718172743
1718171a
17181718mcr
171817181719
17181718$!
1718170317
1718163205
1718159922
1718155136
1718152869
17181520g
1718149
1718142449
1718140849
17181295
171812*kaew
1718116864
1718114364
1718112225
171810ta
1718105
17181024
17180993
1718091265
1718087404
1718085101
1718084062
171808081987
17180702
1718062993
1718062552
171806199222
17180511
1718044744
1718031985
171803042930
1718022006
171802
171801met
1718010834
1718005257
17180031
1718002221cuji
1717yavuz77
1717wpjs
1717west
1717tong
1717th
1717t
1717sara
1717rpco
1717rose
1717rm
1717pr
1717pak
1717myspace
1717mmtk
1717michu
1717lmbb
1717lili
1717lacy
1717kwan
1717kitty
1717kazenrd
1717ka
1717joao
1717jj
1717jc
1717j77
1717internet
1717hate
1717hae
1717gemen
1717fang
1717ee19
1717crystian
1717cia
1717caro
1717bubu1717
1717braeburn
1717ar
1717alejandra//
1717acs
1717_jyy
1717Vicho324
1717Ronaldo1717
1717PN
1717JMH
1717HENRIQUE
1717DM
1717@311h
1717998627
171799327
1717991150
1717989931
1717985541cpsr
1717984528dm89
1717971046
17179595
1717949
1717939274fersita
171793031
17179214
1717913907
1717905
171789230
17178850
1717877375
1717868853
1717858078
1717850612
1717849432
1717846628
171783
1717829616
171782165
1717811
17177ABGb
1717793499
1717788
17177745.
1717766172
171775
171774294064
1717737413
1717733958
17177323
1717724700
171772026
171771664
1717712689
1717702193
1717699415
1717685729
17176847
1717677684p
1717676
1717671471
1717668360
1717665960k
171766172
171766063
1717650
1717644817
1717641383cris16
1717639718
1717631368
17176308
1717626061
17176215
1717610
1717608283
1717603078
1717601635
1717596621
1717586695
1717585879
1717579807
1717578494
171757573
1717564080
171756
1717556658
1717552
1717547325
1717537847
17175350041jose
17175254
171751g
1717508405
171750
171749604l
1717493124
1717484842
1717475
1717468233
1717465395
1717452690
17174455
17174426
1717440869
1717438376
1717431645
1717421893ali
171742
1717413585
171741
17173916171717
1717387078
1717373731
171736987
1717365157
17173621
1717357311
1717350787
171734562124390
171733570
17173311
17173283
1717324642
17173143
1717309460
17173024+myrale+
17172andre
1717294605
17172929
17172858
1717263659
17172626
1717258
17172533
17172526
1717249
1717248189
1717243
1717234
17172323
171722be
1717222829
1717220006
171721437
1717209348
17172009t
17171997
17171980
17171933
1717189953
1717187
171717z
171717tony
171717rap
171717o
171717ml
171717ivone
171717ca
171717as
171717K
1717175151
17171736
171717222222
17171719
17171717gtigti
171717174
1717171716171617
17171704
17171700
171717.17
1717161283
17171555
1717152225
1717151
171714861315
171713wil
17171314
1717125593d
1717123
171712250
17171212
17171193
1717114985
17171139
17171125
17171101
1717106
17171024
17170r52
1717093395
1717091976
17170808patjf
17170728
17170666
1717059529
1717055261
171704lf
1717042027
171703194
1717030351429
171701ww
1717012
17170101
1717008807
1717003626esteban
17170000
1717-sic-2012
1717$1
1716v
1716pirate
1716nc
1716home
1716e34
1716clari
1716cana#
1716baldor
1716alex
1716@32
171699
171698478
1716957236
1716956
1716954209
1716943913
17169367
171693
1716929782
1716924152
1716918246
1716912884
1716902588
171689katy
1716891872
17168796
1716874175
17168683
1716858970
17168536
1716851223
17168450
17168346
171683
17168273
171681919
17168139
171681
1716808
17167938057
1716791767
1716789357
1716788003
17167799
1716771066
171677
1716765902
1716763915
1716751316
1716727589
171672588-0ximenita
1716721
17167177
1716713183
1716710072
171669
171666617
17166597
1716647134
17166371
1716625644
17166114abdel
1716606098
1716580459
171658
1716578511
1716570
1716569098
1716565989
1716565237
17165543
1716550494
1716547987
171654
17165160
17165120072
1716510563
17165052
17164evz
1716484843
171648263a
1716479645
1716474
171647
1716461673.
1716458169
17164540
1716449705cedula
17164417
1716438997
1716433
171642
171641632
1716405921
1716392251
1716388200
17163831
1716382070
17163705
1716368970
1716358849
17163567
17163520
1716347552
17163426-1
17163384
171633745
171633
1716311608
171631
1716308455.
17163082m
1716303563
171630
17162860991911
1716279979
17162709
1716267
1716264534001
17162638
1716258
17162526
1716252001
1716242720
17162404
171622826565
1716218
1716215122
17162126
1716209414
1716204225
17162004
171620
17161988
17161965
1716191430
171618t
1716185739
1716181753
1716180672
17161787
17161716tsb
17161710
1716169170
171616192-0
171615d
17161593
1716151413
1716146764
171613427
1716131
1716128937
17161262
1716123
1716121700
1716116
1716114689
171611058586
1716105965
17161016
17160942
17160865
17160812
1716073c
171607
17160611
17160555
171605!)
17160474
1716043
1716033210
1716031388
171602035
17160130
17160103
171601022549
17160
1715ze123
1715vero
1715sw
1715sierranevada
1715sh
1715palmet
1715nata
1715ma
1715ky
1715jc
1715e
1715braidy
1715aj
17159f
1715985857
1715976344
1715970891
17159680
1715965233
171596
1715958185
1715954085
1715944821
1715934020
1715927792
17159251
1715922
17159175
1715911
171590m
1715904668
1715892020
171589
17158838
171587ma
17158729k
171586412
17158540
1715851406
171585066
1715847651
1715843908
1715841480
1715840300
17158324
1715829675
1715828529
1715825
171582
1715814388
1715812846
1715811335
171580327
17157c
171579
1715781579
1715779193
1715770911
1715765895
1715738488
1715734210
1715733604
171572138-5
171571501986
1715707822
171570
17156AL
17156955
17156901
1715681928
1715674485
1715673735
171566448
1715655757
1715650956
1715644215
171563
1715618284
1715617336300493xion
1715617336300493lust
1715615496
171561
17156
1715598205
17155955
1715594
171559
17155881
1715585970
1715582803
17155808
171558
17155747231184
171557
17155628
17155555
1715548473
1715544753
1715541650
1715537
171553
1715524573
1715521
171551N
17155141031782
17155095
1715497655
171549
1715487474lore
1715485
17154806
1715476683
1715475305
171547
1715463061
1715457477
1715439392
1715434922
1715432496
171542968
1715429567
17154273
17154218044
1715416572
1715413538
1715408
17154013
171540
17153993
17153917422184
17153874462
17153860861
17153715
1715368484
171535696-8
1715345
1715337281
17153366
1715333785
1715327
1715319305
1715315881
171531
1715307
1715306062
1715301988
17152Fermin4
1715292304
171528783
17152739
17152710608
17152696Zxot
1715264931
17152534
171525242536
17152509
1715248884
1715246003
171523265
1715222
1715214480
1715213apfm
1715209316
17152023
17151959
1715193
17151917
1715187603
1715181920
171517j
1715167043yuyo
17151649db
171515masi
1715151
17151412
17151342
171513065-2
17151290
1715121867
1715115687ev
1715111
1715107726
17151003
1715089239
1715088447
17150790
171507
1715066
1715059292
17150514m
171505101
171505
171504*
17150335
171503
1715020554
1715015
1715012
171500m
1715006
1715004
17150006-0danny
1715(cm
1714west
1714tj
1714samantha
1714rj
1714nicholas
1714lco
1714jjmp
1714ers
1714cv
1714cebtury
1714brp
1714NM
1714CENTURY
17149igasp
1714996566
1714993720
1714987367
1714971924
171496090-1
1714959820
1714957
1714953286
1714928
171491djdn
1714917149
1714912
1714911
17149089
171490
17148937
171489131-
1714883954
17148826
17148774
1714872197
171487
17148676
17148576932007
17148517
17148505-3
17148500
171484265+
1714834122
1714833397
1714828611
17148230
17148208
1714818596
1714813902
1714805130
1714793
17147875
1714783402
1714782
171478
17147734
17147680
1714764428
171476
17147501
17147482
171474
171473689
17147321
1714726260
171471915
1714717277
17147164
17147148
171470az
17147092
17146FEATHERCRAFT
17146882
1714675
17146732
17146684070485
1714665534
171466
17146579
171464tem
17146452
17146408
17146393
1714631411
1714625702gaby
1714615380
1714612536mayra
17145799
1714574413
1714572664
171456M
1714566
17145580
17145569
1714555297
17145469
17145402
1714538962
1714529367
171452039-0
171451995j
1714516083
1714514236
1714512934
171451
1714506308
1714493895
1714478847
1714455936
1714447
1714443353
1714431937
1714422
1714412817
1714407374
171440168-2
17143vsu
17143lo
17143c
17143930150
171438
17143679
1714360
1714359773
171435336
17143500
1714332
1714328
1714320
171431RR
171431247
1714301221
17142938
171428c
1714287933
17142864
17142845
1714276753
1714266
1714262555
17142541mayer
171423moto
1714232467
1714223722
17142219
1714218144
1714213483
1714206552
1714205992
17142021
171419jesus
17141996
17141991
17141977
17141960123
1714186044
17141769
171417151716171717181719
171417141714lein
17141636
17141612
17141600
1714152565
17141510belen
17141509
17141408
17141390
17141325
17141321
171413171413
17141312
17141283AXEL
1714127295
17141213
171411qwert
171411404
17141123
1714100698
1714100
1714092
1714089487
171407654
17140627
1714053079
17140421
17140415
17140345
1714029107
1714024633
1714022009
17140214
1714020391
1714018478
1714008765
1714005
1714000
1713su
1713rgmb
1713ln
1713lamore
1713jw632
1713je
1713houston
1713gida
1713boylovebow
1713TD
17139925
1713987772gtcp
17139855
1713980
1713979647
1713969
17139584
17139524
171395197-6
17139437
17139368
171392830-5
17139241
171391delgado
1713906442
171390000
1713899399
17138983509
17138773
1713869590
1713856314
1713851
171383teamovivi
1713836334
1713822060
1713818670
1713806
17138046
1713798724
17137946
1713792362
171377
171374
1713732871
171372mm
1713726915
1713718912
171371
1713703849
171370
1713695607
1713687679
1713675567
171367
171366685
1713644621001
171363
1713623757
171362148
1713617136
1713610258
171360833218083
171360
17135iYk
1713592523
17135880
171358
1713578ma
171357
1713562757
17135614940000
17135606
1713557625
171355
1713536
17135311
1713528
1713524864
17135081
17134967
17134895
1713481008
1713474722
1713470035
1713466
171346
171345
1713449
17134385
1713429333
1713412953
1713405619uto
171340
171338ec
1713369
171335886
1713344735
171334007
1713337119
171333
171331.va
171330226
1713290
171327angel
17132604
17132523
17132470
171324250
17132332508730
1713222508
1713220240
1713213
171320509
1713200788
171319lrd
17131991
17131956
17131807
1713178703
1713177408
171317134
17131668
17131627
17131529
1713151023
171314526
1713141644
17131400
171313885-5
1713125449
17131218480
1713118720
17131115
17131031
17131014811986
17130delfos
1713095030
1713091963
1713085
1713081923
1713071991
17130709
17130596
17130527
17130504
1713039517
1713033871
17130211RTK
17130207
1713017091
171300903
17130069
1713*67
1712who
1712rkc
1712platt
1712onerepublic
1712noviembre
1712monkey1990
1712l6
1712julieta
1712johanna
1712jd
1712ibrox.
1712gjenik
1712fg
1712elefantito**
1712dixie
1712des
1712decbooth
1712d1987
1712boi
1712and123083
1712_gail
1712Nanna
1712=xanxita
17129929
1712991
1712987914
1712987443
17129823
171298!kica
171296323
1712960390
1712957
1712950
1712944
171293rock
171293mgta
171293260891
17129312
171292shylie
1712928736
171291loveu
171291fernanda
1712916518-5
1712910437
171290karla
17129059
171290171290
17129008
17128nina
171289paola*
1712896133
17128917
171288vero
171288qwerty
171288d
1712888
1712883209
17128803
171287m
171287i
17128736926
17128701
17128649
1712860400
171285marp
171285lp
171285280586
1712851215
171284tigresito
17128412*
171283na
17128324
171283.
1712827235
1712823168
1712819
17128125
1712810
171280657504296
17128004
1712786308
17127821
17127777
1712770567
171275938
1712754
171275070977
171272albaballas
1712725809
1712717127
171271388803
17127054
17126f
17126799
171267019sh
171265m
1712651
171264aqc
1712646783
17126398381
171263
1712623592
1712618352
17126153
17126074
1712596
17125915
1712582319477057
17125790
17125740403
171256z
17125687
17125650
17125535
1712552
1712545035
1712538
1712535
17125342k
17125326
171253084
171252299
171251papa
1712519
17125133
17125012
171249tine
17124968
1712486768
171248258
1712471927
1712471104
1712466810
171246
17124577-k854
171245
1712447
17124413793
1712438165ase34
17124328032528
17124180
1712412
1712390
17123836
171237333515
17123628
17123593
171235756
1712351337
17123432ls
1712334372
1712328994547
1712318621
17123123231
17123107
171230nan
17123007
17123004
171229200230
171229100328
17122881989
1712281987
1712281
17122779
1712271427
17122615
17122613
17122585
17122546
17122541
17122538
1712253400
17122530*
17122517
17122508
1712245917
17122411
1712225
171222140823
17122207
17122201
1712215787
171220801
17122011
1712200522984
17122003jl
171220002
171220&&e
17121996ll
1712199512
17121993leox
1712199324223623
17121992tam
17121992**love
17121991hatti
171219912
17121991.E
17121990-m-
17121989ale
17121988555
171219880124638458
1712198799
17121986H.B
1712198611
1712198400
1712198312
1712198101
1712198/5
17121973as
17121963
171219563
17121948
1712194216
1712192945
1712191921
17121882
17121802
1712178530
17121770
17121717
1712170917001
171216s
1712160464798228
171216
1712159944
1712151
17121417
17121406
17121365
17121324
171212l
1712121626
171211983
17121192
17121117
17121115
171210d
1712109121
1712102968
17121010
17120tizza
17120937
17120912
17120892
171208-angely
171207f
17120779
1712072
171206vf
17120695
1712062722
171206050987
171205tn
1712055605
17120508
17120453
17120412
1712035
17120312
17120302
17120276
1712020332
17120199391
17120109
1712007
1712002
17120001
1712-ARTEMAKI
1711wigwam
1711vane
1711scorpionakin
1711pb+-
1711novccinthia
1711mj
1711mc
1711mamma
1711mago-
1711ljo
1711leto
1711ilol
1711ge
1711forever
1711eparkway
1711des
1711andy
1711ajelandra99
1711_me
1711RR9A39
1711A28
17119mm
17119_aae
17119975
17119918
171199011111990
1711985
1711983
1711980
1711977486
1711976678
171197285
171196JWH
1711963
1711956183
17119512
171194ke
171194im
171194IM
17119406
171193aata
1711939791
171193761984
17119315
171192manjatan
171192jc
171192=bd
17119269
171191a
1711918506
171191260190carmen
1711911301
171190noha
171190_alejandro
17119020
171189rajmoney
171189k
1711898898
17118972
171188loveyou
171188am
171188]
17118886142
17118810
17118800
1711879559
1711874907
1711871711
171186jy
171186220585
171185intz
171185c
17118528
17118504b
171184edna
1711842935
171183v
171183mjme
17118387
1711834
1711832
171182teles
171182lw
171182171182
1711815
17118005
17117979
17117957ro
1711790
171178161191
17117691
17117674300785
17117619
17117575nupel
17117509
17117437
1711737559
17117251711725
171171m
17117172
17117161
17117100
1711707529
17117-4
1711694511
17116876
1711674
171166821
1711660785
1711651909
17116424
1711632
171162005
171161208-3
1711611671
17116096
17116038997428
17115960
1711590
171158709
17115654
171156
17115535
1711533446
1711523652
1711520901
171152
1711515
17115118
17115031++
1711501039
17114du
171148ugur
1711468346
17114622
171142526
1711408j
1711401719
17114
17113991
1711391902
17113726
1711367
17113658
17113593
17113568
17113537
17113404
17113392
1711333
17113323
17113317
171132hbdtu
17113220
171132171132
17113196
1711312
17113106
17113087
17113063
17113015253951
17113000
1711299
1711297
171129104092910
171129/
171128171128
17112810746
171127a
1711275
17112725434
17112710
17112700
1711266245
1711261180
17112601
17112583747
17112548
17112541
171125386
17112533boy
171125272009
1711252710122528
17112513
17112510
17112508
171124b
1711242d
17112421
17112386
171123485228A
17112307
171122826
171121k
1711214
171121012511jyb
17112011
17112007K
1711200
17111a
17111999
17111997girl
17111994abfa
1711199317
1711199223121992
17111992)MAI)
1711198956
17111988eloisa
171119881987
171119837247
1711198100
17111979al
17111973
17111967
17111960
17111935
171119*81
1711189082
1711188191
17111767
17111704
17111643
1711155
171115280132
17111511
1711142
1711125141253186
17111207s
17111174ec
17111112
17111108j
1711107
17111019
17111009
17110996802
17110911
171107lau
17110791cbam
171107040601
171106e
17110600
17110505
1711048110
17110438
17110409
171103j
17110312
17110258
1711020
1711019644
171101711
17110112
171100zm
1711003804eri
1711000087117
1711000063595
1711000049347
1710rohm4
1710pppp
1710paul
1710micky
1710lol
1710kl
1710kc
1710jv
1710igor2802
1710gg
1710elodiacastro
1710des
1710ch
1710b
1710amlt
1710MIANGEL
1710MAFER
17109tkm
17109999
1710997303
1710994
171096v
171096ewing
171096-3121963
171095adm
171094batti
1710942203dchef
17109410
171093k
17109345
171092laura
171092jm
1710928
171092244
171091c
171091200567
171091*
171090hado
171090040586
1710900110874
171090!
171089mhf
171089ems
171089aaron
1710899
17108906
171088open
171088juda
171088casper
171088.
171087ponyrebel
1710873
17108717
1710868033
171086219530084
171085a
1710851
171084la
1710844
17108380
1710829258
1710821
17108157
171080m
1710800032685
1710789
1710784983
171077cotui
171074ik
1710748
171073eminem
17107346
1710725o
17107200
1710705
1710700042191
1710691156
1710686
17106707
171064hk
1710625
1710612379
17106081
1710600129171
1710600114891
1710600107452
1710600030981
17106
17105959
1710590
17105797
17105752
17105676
171056
17105539
1710537499
1710529338
171052
1710512595
1710500303837
1710500244407
1710500236293
1710500220419
1710500208575
1710500192547
1710500183629
1710500165680
1710500149641
1710500146154
171050014219
1710500141713
1710500134431
1710500132153
1710500118681
1710500100472
1710500098648
1710500095
1710500023419
17105
17104952
1710479751
171046th
1710456508
171045
1710440452
17104316
17104292
1710418
1710411019
171040250
1710400044457
1710400034656
1710400006989
171040
171036dear31
1710360
17103333
171032280332
171032020336
17103140215
17103111284
1710305
171030094967
1710300098768
1710300089726
17103
171029emi
1710291234
171028fon
17102811
17102808
17102801
17102703
17102548
17102538Pare
1710253319052529
17102531prang
1710252402
17102515
17102511
17102504
17102494
17102358
17102253
17102207
171021836-1
1710215e
1710210
1710202555
1710200500
17102002bittim
1710200053797
171020003
1710200010371
1710200
17101c
171019mz
17101995mg
17101994b
17101993k
17101992wrs
1710199023271009
17101989lan
17101989.
17101987qq2..199
1710198517
17101983ja
17101980lolo
171019761
17101971LISBOA
17101966web
17101962
17101959
17101953
17101924
17101900
171018471814018417
17101711
17101704
171015a
17101510
1710144476
1710142518
171014041
17101402rodriguez
1710133
17101284
17101211
17101192
1710109017
1710102
171010087
17101002540
1710100125729
1710100115
1710100107593
1710100083449
17101
1710095
17100911
17100893
17100806
1710079888
17100775
171007230992
17100717
17100710
171006tamMBB
171006amor
1710061710072
17100605
171005ad
171004Pegos
17100477
17100423
17100369a
1710032494
17100305
17100288
17100233
171001091
1710004
1710001
1710/81
1710
171/1264230
171-kill
170welles
170webave
170walnutst
170vuu
170v3spa1n
170v3m1k3y43va
170v3?
170thug
170ralston
170polin
170paradiselane
170out
170montana
170mma
170maxi
170larkspurdrive
170holly
170ghimmohroad
170gang
170erford
170boyz
170bloby
170best!!!
170aD248
170_k3r3n
170Valdez
170LUMUT
170James
1709vd!
1709teresa
1709t-p
1709senior
1709rt
1709p
1709meow
1709ma
1709lk
1709kyle
1709karima
1709jm
1709jean
1709ht
1709hija
1709gabriela
1709felipe
1709dhe
1709d4v1d
1709brax
1709am
1709al
1709ad
1709Joe!
17099abyoza
170999line
1709994abz
170998palmeiras
1709987
17099655
17099487emmma
1709942139
17099407
170994.com
170993mimi
170993c
17099305
170992abby
17099268
170991z
170991lfc
170991jn
170991akmt
17099132
170991107
170990s
170990eavg
170990KDMG
1709907
17099045
1709901253367
1709901084662
1709901021059
1709900993685
1709900962003
1709900927348
1709900896663
1709900872837
1709900871920
1709900869682
1709900860332
1709900851317
1709900834200
1709900819325
1709900801042
1709900752254tt
1709900725273
1709900709227
1709900705973
1709900697903
1709900693291
1709900668814
1709900658223
1709900647914
1709900636831
1709900633743
1709900622172
1709900621354
1709900586141
1709900562536
1709900560304
1709900543591
1709900523140
1709900518855
1709900509724
1709900497831
1709900496771
1709900493399
1709900484373
1709900483261
1709900467169
1709900455039
1709900438592
1709900435208
1709900417960
1709900396075
1709900393726
1709900389125
1709900381523
1709900374071
1709900369043
1709900355298
1709900347163
1709900329441
1709900321377
1709900310227
17099002cb
1709900293331
1709900289732
1709900238127
1709900233915
1709900217
1709900150238
1709900137
1709900116463
1709900084146
1709900040025
1709900015004
17098nueve
17098YU60
170989teamo
1709891954
17098896
17098832
17098823
17098811
170988*
170986xz10
17098614
170986030405
17098529j
17098520303dr
170984bvc
170983msw
170983b
17098321
17098302
1709823
17098209
170981_noussa
1709812
1709800270665
1709800194764
1709800189884
1709800172175
1709800147979
1709800137817
1709800121406
1709800118782
1709800102
1709800074475
1709800062540
1709800025636
1709800002130
17097uy
17097952
17097931
170978r
170975jdme
17097530
17097375
17097334
170972H
1709722068
17097198
1709711131992
17097018
1709700113291
1709700094741
1709700078118
1709700069976
1709700046241772
170969r
1709694240
17096906
17096891
17096706
1709664
170963ab
170963
170962
1709614418822
17095giof
17095998
1709585
1709578sparkle01
17095544
1709551
170953
170950
170949
1709480112
170946
1709418261
17094
1709398927xr2
1709378
17093713
17093634
17093589
170933170933
17093232
170931cg
17093147
17093105
170930arturo
1709302
17093008
1709298
170929010731
17092813
17092791
17092709
170926352
1709262941
17092549
17092538
17092536aung
1709252927
17092520
17092508
17092404
17092312
17092310
170922055394235xd
17092000
17091999991
170919948174
17091993silkos7
17091992j
1709199216
1709199100127
17091988srmmm
17091987ramon
1709198500483
17091971
17091961
17091954
17091930
1709189003
1709186
17091803
1709178721102783
170917010310
17091552
17091505
170915
170913ds
1709137416
1709123
17091215
17091206
1709112405
17091074
1709101113
17091011
17091
17090904
1709081671
17090811
170907Lee
17090648
170905am
17090567omaylin
1709052185
17090508
170904s
17090467
1709041085
1709041
1709034340
17090314
17090239
1709020989
17090111
17090106094
1709007
1709005
17090000
17090
1709-A
1708yoentisiempre
1708tg
1708sexy
1708rr
1708peeton
1708mikey
1708magnolia
1708liz87
1708le
1708krisley
1708kaz
1708jj
1708jcs
1708htSg
1708gary
1708ebb
1708door
1708cp
1708c1708c
1708blue
1708antiflag1708
1708agosto
1708RR
1708Angra
1708999
17089850
1708984
170896ze
17089647371
1708962
170895a
170895116160975
170894j
170894gd
17089425061209
170893l
17089365
17089330
1708931487
17089307
1708930319
170892aj
17089236371
17089205
170891israel
170891agosto
17089195
17089121
170890oana
170890liana
170890dei
170889rosamanda
170889agus
170889501
17088930106
170888isa
170887m
17088717
170886ahmedcanbolat
17088680816
170885r
170885da
1708854848009
1708852005
170884rb
17088461911
17088323855
17088258
170881b
170880bbalejandro
1708805054
170879D
17087889
170876cayab
1708749658
17087353
17087233
1708718499
17087158308
170870ab
170869pc
1708691
17086624
17086471496
1708635709
17086178
17085pame
170859gh
17085953
17085939
17085832410
17085748
1708551807
1708545676
170854
17085292
170851
17085030565
170850
170848949503
170847
1708468
1708455
170844
1708412
170841
1708396719
170837210337
17083443
1708339
17083336514
17083334
17083331
170832t
1708324997
17083211
170831255300
17083110160
17083020
1708301189
17082929
17082911
17082905
17082811
1708277
170826k
17082602
170825987
17082561
17082521
17082514
17082511
170824mo
17082327
17082309
1708222
1708217198715044123905
17082124**--++
17082088as
17082005brisa
170819992
1708199492
17081993jdo
17081993ana
1708199081117
1708199
17081989-.-
1708198621
17081983emi
17081982thies
1708198+
17081977ri
17081972
17081967
17081966
17081959
1708194545
17081944
17081935
17081907
17081710
1708170533
17081532
17081505
170814me2noemail
17081422
17081364
170813495
17081325
170813
1708117082
17081103
170810159123
170808andreita
17080817
170807fyg
170806yajaida
17080690
17080583
17080543
17080525
17080496
170803112
17080310
17080234666
17080226
170801vic
17080170
17080111
1708006
1708001
1708,1990,2007fb
1708
1707wood
1707toom
1707telma
1707sa
1707park
1707new
1707na
1707minenarak
1707leptir
1707katekastreet
1707josh
1707hasavo
1707epmp
1707cj
1707cha
1707carol
1707book
1707aw
1707a10l85n
1707DM1806
1707981
1707977
17079733
170796s
170795toby
1707958037
170794nia
170794f
170794MN..
17079424161
170793becca
17079398
17079385
170792aw
1707923446
17079215
170792071292
170791ld
170791bai
17079159
17079037
17079015101993
170789pekitas
170789lg
170789albosamorir
17078992
1707892431
1707890611
170788sandra
170788a
170788654
17078820
170787zs
170787fjpa
1707874
170786idial
17078682
1707862688
170785zack
17078546
1707842417
170783toh
17078340
170783180684
170782m
1707829
1707822
17078172
170780fg
17078073
17078
170779J
170778eni
1707783
17077782
170777652-0
170776diego
17077493
17077400
1707718em
1707714587
170770c
170767c
1707645337
1707638449
17076171
17076102508353
17075998
170759
170758
17075741,2,3
17075708
170755mamma
17075580165
170754mum
17075422
170753id
1707526010433
170751234
17075026
170750
17074972
17074668
1707450123336
170744poli
17074301
17074114
17074101
17074041
17073902
1707385556
1707373
17073702
170735ab
17073582
17073434
170732095314807
17073138
17073
17072911
17072829
170727170727
1707261707269035735
17072551
17072546
17072539b
17072524
17072518
17072515
17072511
170725065
17072405
17072319
170723081905
170722kp
1707222
170721hb
17072102
170720107
1707201
17072007doky
1707200723
17072005zouzou
17072004julho
17072002
17071m
17071996amotemarco
170719930786
17071992bill
1707199217
17071991pare
1707199
17071987ikerc
17071986y
17071984andrei
170719847
170719810311
17071978
17071972
17071968
17071962
17071949ba
17071946
17071933
17071811
17071803
1707174
17071708
17071707b
170716j
170716505
1707162143
17071605
17071559
17071421
17071362
1707128706
17071127
17071107
17071100
17071030d
1707100790
170709dami
17070921
170708paty
170708335
1707081022
170707de
17070605
170705vic
1707053
17070519301106072627
170704ic
17070408
170703cy
17070304
17070301
170702523
1707020a
17070204
170701ddc*
170701290306
1706zc
1706x05
1706sence
1706pb
1706nole
1706nateefah
1706lrc
1706kj
1706js
1706ilove
1706gemini
1706deerwood
1706_01
1706Ditee
17069999a
170699357
1706990
1706988488015
17069820
170696tha
170695emgris
1706954
170694samy
170694dogy
17069420
170693sandra
170693angel
1706932417apr
170692ey
170692aleb
1706923069
17069215215833
170691sc
170691dizz
17069162
17069117EDDER
17069110489
170690sl_
1706900
17069
170689rocktravis
170689kebdani
1706898130
170689401
1706891247
170689020575
170688z
170688jb
170688ax
17068868406
1706881
170687a
1706876784
170686tw
170686bo
17068548504
1706852
170684eve
170683s
170683SRB
17068372
170682.24
170681089gjh
170680780
170679er
17067900
17067889
17067507
17067159
1706696
170667358t
170666301
170664carolina
1706630769
1706618
1706605
17065h
170658
1706560248
1706546437
170654
1706519
170650
170649
170647
17064510
1706432001
17064318202062001
1706420
17064044
170640
1706392542443337
17063731
17063673
17063551
17063434
17063417
170634040235
170632814
17063216509
170630125
17062k
170628151230
170627tea
17062632
17062596
17062538
170625351771
1706252630082528
1706252417
17062516
17062503
1706221189
17062204271402
17062136
17062106bb
1706209
1706202
1706200812
17062005_roya
1706200269
17062000emy
170619992
17061997Alsen
17061995adyta.
170619944
1706199107
1706199016703
170619890
17061983nmd
17061982a
17061975
17061969
17061964
17061963
17061956
17061901
170617luc
1706176
170616
17061506
170614994
17061390
170612529021
17061228
17061185
17061107
17061004
17060909
170607pasion
170607111107
170606mami
17060607
17060604
17060522010618881488
17060505
170604llorexti
17060368
17060309safsprin
17060211
1706017060
17060115eeuu
17060023
17060
1705xs
1705st
1705sexybitch
1705rijtjeshuis
1705panter
1705nc
1705n
1705mrh
1705mark1
1705liz
1705kim
1705jls
1705high
1705ednel
1705doggy96
1705cree
1705cott
1705carl
1705atommy
1705a
1705TE
1705EDNEL
170599825869
1705990
1705986
1705984
17059765
170595e
170595MIMA
17059514
170594son
170594fj
17059422565463
17059414
170593mateo
170593am
170592lt
17059293
1705925321
170591lhl
170590y
170590b
1705906520432801
17059000
170589md
170589ij
170589av
17058968
1705891
17058842
17058763311
170587250
170586i
170586210388
170586-gl21
17058510
17058417040506
170583532481
17058326
170582531
170581589
170580ve
17058
170579eb
170578mg
17057802
170575melbis
1705752
17057415
17057410
1705725
170572151175
170570reedr
1705697
1705682
1705669123zuri
17056620
1705653895
170564
1705630166
1705628
1705625
170562
17056006
170558
1705547c
1705532
170552222
1705516
17054990
17054651
170543219
170542
1705414165
17054072
1705385
1705369
170536220335
170534090
1705339
17053303
17053258
17053131
170531150344
17053085
17053040
17053001
17052899
17052884
17052713
17052626
170525a
17052550
17052540
1705253227275
17052525meo
17052516
17052507
17052451
17052406
170523280222
17052306
170522dylan
1705226
17052212
17052201
170521c6c
17052019
17052008k
17052007gugu
17052
170519961351500
17051993quintero
1705199317051993
1705199209260708
17051989maro
17051987cunberk
1705198410
1705198324
17051982c
170519811
17051975marcelo
17051971
170519691521
17051966
17051959
17051948
17051927
17051908
17051812
1705170
17051567
17051507
1705146
17051410
1705123
17051105
17051002
17050pd
17050905
170508nn
170507tk
1705078717
170506saamuel
17050611
170505r
17050585
170505616
17050517
170504mh
170502zamraz
17050228
170501terra?
1705014als
1705012
170500bg
1705002
17050
1705
1704to
1704soyexp
1704seputih
1704ok
1704noy
1704moni
1704mathias/
1704loco
1704lee
1704kanb
1704jua
1704jars2007jars
1704ie
1704guccie
1704cats
1704are
1704anarita
1704adelina
1704ac
1704PRIS
1704IE
170499qis
17049963258
1704981450044
170496eli
170496183_doreen
170494pekejl
17049446
170493lc
170492vaan
17049225
1704920345871
170491luca
170491a
17049190
170491271287
170490shenece
170490hugo
17049087
170489m.t
17048990
1704893
170488sam
1704888
170487jkmc120607
170486OLIM
1704862810
1704861192
170485ya
170485gjn
1704856
17048505
170484alonso
1704841
170484021184
17048312
170482montes
170482ljk
170482alb
1704827655205354
1704821
170481hb
170480amor22
17048071997
1704802
17048
170478cc
170477h
17047703
17047540
17047453
17047444
17047366
17047310
17047202
17047118f
17047040
17046953
170468F
170467tok
17046783
17046673
17046645
170465733
17046190
170460
1704582035
170457663
17045723
17045554
17045526
17045440853
1704531
17045235
17045140
17045035
17045013
170448
17044159
17044028
17043hoyletonIL
170438ben2
170436170135
170436/170935
17043505
170434070134
170431771
17043107
17043.778
1704291202533
170428101028
17042622
17042544
1704253514789632
1704253311032535
17042520
17042516
1704251036
1704250377
1704243
17042330
17042202
170421712
170421081302
170420856901
1704200810
17042001lyaa
17041999
1704199508
17041993titi
17041992.
17041991forever
17041990j
17041990e
1704199063294
17041990110
1704198823101986
17041987015
1704198617041986
1704198531
17041983.
1704198244
17041978EE
1704197300
170419596
170419333
170419125
170419061994
17041888
1704182
170418012
17041798
17041630
17041598
17041503
170414903-6;ADRY
17041280
17041234
17041203
17041112_KbMa
17041090
170410
17040986
17040910
17040895
17040810
17040799
17040717
17040635
17040626211329
170405aaaa
17040439
17040418
1704040
17040304
17040223
17040212
170401ascojk
17040161
1704009521
1703wrb
1703taylor
1703pr
1703pb02
1703madiah
1703kiki
1703jsnk
1703ip
1703ika
1703gyo
1703girafa
1703fudz
1703east13th
1703biv
1703aw1991
1703anajoy
1703_yetse
1703_0505
1703SP
1703FlatRo
1703EE
1703@
17039dos
1703992
17039905
170398adri
1703986455064
17039805
170396e
1703962009
1703951050
170394cary
17039455
170394170394
170393b
170393971
170392samy
170392mjc
170392celine
17039234
1703920
170391noninoni
170391555
170390caro
170390b
17039077
1703906772
17038a
170389galan
17038942
1703890
170388raul
170388moncha
17038888
17038802
170387mp
17038734
17038654
170386210106
170385h
17038499w
170383e
170382gh
17038110am
17037905
170377Maria
17037576
170374
17037239
17037088
170369418
17036802
17036616
1703642
17036392
1703630+/*-
170362528825289
17036215sa
1703613438
1703605
170359
1703575
17035605
170354
1703536
170352
17035115
17035
1703488
17034562
17034429
1703431283617034
1703399
17033900
170336447830
1703357molly
1703357
170333210830
170332170332
170331082107
17032930
17032907
17032668597
17032543
17032540
1703253320032532
17032521
17032507
170324brooke122
1703242i
17032412
17032322
17032308
1703225
170321mm
170321ML.
1703217000
17032124
17032009
17032004w
17031pa
17031998xx
17031995741369
17031992md
170319907610
17031989goxaine
17031989a
1703198908121964
17031987suada
17031981f
17031972
17031961
17031957
17031940mae
17031920
17031801
17031706
17031703*
170316
1703143
170313201017
17031299
17031212
1703104
1703102005
1703101
170309f
170308oz
1703081988
170307PONCHI
1703071
170306fabimarta
17030605
170305s
17030585
170305095335
170303sk
1703035
17030309
17030201
1703012045
17030000
1703.2208
1703
1702vasko
1702tessy
1702tanyulove
1702ta
1702sob
1702pt
1702pc
1702panda3+1
1702mg
1702mango
1702ma
1702keys
1702jds
1702ina
1702h2
1702first
1702esidpaci84
1702ecny
1702diogoj
1702cm91
1702charles
1702bja
1702balta
1702ana
1702ahys
1702WWW
1702KVSH
1702AYN
1702992800036
170298k,
17029812300
17029712
170296aaw
17029620
170295jl
17029599
170294smicumple
170294867543tk
1702942119
17029415
170293nemo
170293fh
170293chria
17029390
1702938
170293#
170292cjy15
17029207
170291liverpool
170291fe
17029169
17029111813
170290w900
170290karla
170290david
17029021
17029006510232
170289zinay
170289ik
170289RJ
1702893692760
170289200487
170289161845
170288mata
1702881796
1702881347
170287dani
17028709
1702869338
170285v
17028563kyl
1702852
17028423
170283elvas
170282vanesa
17028298110283
1702821
1702820
17028145
17028110619
170280320
17027tay
170279mca
17027886
1702781
17027723
170274wsu
170274130203
17027273
1702712
1702707
170270433
17026z
17026969
170268orange@
170268170268
17026581
17026449
17026336250
1702629m
170258000
17025781
17025646
17025555
170254
170253
17025242
170251
170249
170247215
17024557
1702444
17024387
170242
170241
170239pj
170239734477188
17023854
170234hc
170234100533
17023333
17023322346
170231991
17023028
17023002
170229120626
17022828
17022811
17022803
17022711
17022625
1702260999
17022603
1702258
17022540
1702253702853
1702253331
1702253
17022521ram
17022517
17022511
17022505
17022327629
1702216
1702200813600
17022003
17022000
17021999
17021995rlp
17021994letty
17021994,rodrigo
170219934146
17021991roy
1702199
17021988n
17021988f
17021987-chen
170219862007mada
1702198417021984
1702198326
17021979quino@
17021975n
17021971
17021968egs
17021960
17021954
1702191
17021901fer
17021881
1702176
17021703
17021619
17021574
170214
17021366
170212aym
17021273
17021205
17021190
1702111081
17021002
17020?
17020989
17020909
17020902nl
17020808
17020707
170207052411
170206erjie
17020591
170205310405bere
170204l
170204141207
17020309
170202p
17020221
17020201
17020033933766
1702-1706
1701yissedyruben
1701x
1701ufp
1701trek
1701tec8evo
1701star
1701se
1701rose
1701ricardo1987
1701r
1701pooky
1701pas
1701nccd
1701lover
1701kings
1701jo
1701high
1701hbg#
1701gscc
1701deded
1701d1
1701cole
1701bs
1701ares
1701afg**
1701a9
1701NETTY
1701H
1701Delta
1701AD
170199leonardo
1701990219
17019874500989
1701985
1701983
170197201298
170196hw
170196317
170195jbg
1701951983
170194tahiry
170194QAZPL,
170193spk
170193clw
1701934ever
170192tjg
17019295
170192080506
170191nicola
170191brazil
17019117
170190tmza37
170190f
17019+5
170189k
17018956811205
170189170189
17018914
170187var
170186phet
1701868n
1701861903
170185alin
170183ericka
170181110103
17018101
1701800
1701796
17017890
1701768crip
1701738350
170173160997
170171963
17016_33
17016957
17016732
170166cicom
17016607
170164004
170163LOPE
17016274386
17016217
1701619719061984
17016117
17016026
17015j
1701596
17015805
1701565
17015482
170154
17015395
17015361
170151allen
170151
17015
1701477
17014664
170145
17014380
17014284-5
170142
17014101
17014077
17013lejr
1701396
1701366+-+-
17013547
17013343
170132734
170132131
170131amorntep
1701303
1701301
17013
17012991
17012880
17012810
1701270686an
1701260
1701256
17012546
1701253715
170125332533
17012519
17012517
17012512
17012504
1701242
17012412
17012402
17012356
17012204
17012109
1701206
17012009
17012006v
17012000jhk
1701200
170119996
170119963
17011994cami
17011992*
1701199001205
17011987nancy
17011984dc
17011982_sor
17011969iris
17011965
17011957
17011924
17011905
1701189
17011718
1701170a
17011669
17011551
1701143637
170113105
17011210
17011108
170110SC
17011050320
1701098597
1701089
170108.a
170107laura
17010758-6
1701071805
1701066
170106193475360
1701061
1701060048ei
17010573
1701054054
1701051991
170104mj
17010342
170103100406
17010229
17010201c
170101lk!
1701013
170100b
1701007
17010016
1701-e
1701-9
1700vero
1700st
1700poyntz
1700philippines
1700love
1700hilton
1700gantair
1700danst
1700cyreen
1700choucha
1700antonio
1700MS
1700JOEBOUND
17009741
17009697
170096
170095
1700939577
17009376
17009269
1700919112543
1700904
1700900021782
170090
1700896
1700874
170086
1700852k
170085
17008428
170084
1700811
1700809taz
1700805
1700796961
1700774
1700749020H
170073d
1700725
170071
1700700052552
17006940
1700681
170065
170063
1700600032703
17005nongbell
170057317
170056leslie666
170055822111988
1700538dzt
170052627
170052
1700500055981
170048
170047448
17004495
17004410d
17004312
17004291
170042155
1700411
17004002
170040016382
1700400141339
1700400136298
1700400133085
1700400121125
1700400120056
1700400117179
1700400109257
1700400092371
1700400013900
170040
17003700
17003526
17003515
170032612
17003227
17003167
17003148
1700313051
170030257andre
1700300048892
17002yavp
170029438
17002787
170026
170025
1700243544
170023162
1700223
170021833e
170020080012788
1700200060955
1700200035691
17001961
1700191
1700187
17001700k
170016
17001402
170013198
17001230
17001177
17001047
17000983
170009
170008
17000726664
1700039
17000270
1700022
1700019
170000a
17000076
170000054staycunk
1700000
170/KWE*$
170/28/16/31150
170$only
17/nov/91
17/may/
17/janeiro/1994
17/enero
17/YOarge
17/92mar
17/9/96
17/9/88
17/86
17/8/96
17/8/88
17/8/1989
17/790
17/7/92j4l
17/7/85
17/7/1995
17/7/1990
17/7/1967
17/6/86
17/6/1984
17/5/95
17/40/25
17/4/1992
17/3009
17/2/93
17/2/35
17/2/1993
17/1991/gsm
17/12/93soph
17/12/91
17/12/87
17/12/39
17/12/1995
17/12/1993
17/12/1991
17/12/1988
17/12/07
17/12/04
17/11/92yonaci
17/11/86
17/11/34
17/11/1998
17/11/1987
17/11/05
17/10/94
17/10/2536pupae
17/10/1996
17/10/1991
17/10/08
17/10/05
17/1/93
17/1/1994
17/09/93
17/09/88
17/09/28
17/09/1992
17/09/1983
17/09/05
17/08/94
17/08/89
17/08/86
17/07/37
17/07/1999
17/07/1986ikik
17/07/07
17/07
17/06/93
17/06/89
17/06/1992
17/06/1991
17/06/
17/05/90
17/05/1976
17/04evelynmivida
17/04/92
17/04/31
17/04/1981
17/04/07
17/03/Bb
17/03/94
17/03/89jen
17/03/85
17/03/1993
17/03/1990**
17/02/95cg
17/02/30
17/02/1990
17/02/1974
17/01/87
17/01/29
17/*-+
17.sep.06
17.nov1990
17.no,04
17.mein
17.lalo
17.jun
17.de.septiembre
17.atacantugce.3
17.974089.strega
17.967.142
17.867.344
17.772.190-5
17.7.92jlmx
17.6.88
17.6.
17.560.309-3
17.5340
17.5.87
17.5.1998
17.4.04
17.30-19.30
17.3.81
17.2.25.
17.1989airolg
17.120.109-8
17.12.84
17.1185162
17.11.92
17.11.1993jtm
17.11.1990
17.10tilly
17.10.78
17.10.1993
17.10.07
17.09.94
17.09.25
17.09.2004
17.08.93
17.08.08
17.07.1995
17.07.1991c.f
17.07.1990
17.06.88
17.06.2007
17.05.1987
17.04.89
17.04.08
17.03.94alex
17.03.91
17.03.1993.C.J.
17.02.2004
17.01.93
17.01.1996
17.01.1993
17-wan
17-o9-95
17-mikaela-07
17-lunatico
17-julio-8-noviembre
17-jan-89
17-feb-2005
17-ed-90
17-aries
17-April-1994
17-93-07
17-8da25
17-71
17-7-06
17-6-1996
17-5-23
17-5-1993.
17-4-6-163
17-3-6
17-3-1993nadouda
17-23-28
17-2-90
17-198920111989-17
17-17_17
17-12-94
17-12-1995
17-12-1993
17-12-1992
17-12-1969
17-11-91
17-11-2005
17-11-1987
17-105
17-10-1994
17-1-1990
17-09-1994andrea
17-09-1986
17-08-90
17-08-1994
17-08-1945
17-07-1997
17-07-1974
17-06-94n
17-06-1988
17-05-92
17-05-1989
17-04-mrm
17-03-90
17-03-1996
17-02-1993eu
17-01-94.ok
17-01-1994
17--1991
17,junio
17,feb,07
17,demayo
17,08,1987
17,02,1991,
17+3+de
17+11+1988
17++/07**
17*pka
17*martha17
17*4471
17*3*1990
17*2*94
17*12*92
17*08*93*
17*04*85
17****muneca
17(predicciones)
17(1990):)
17&gonzalae
17$ferrars
17!&azAZ
17 sendy
17 mar27
17 gurl
17 de noviembre
17 02 1987
16zune17
16zulun
16zolrrak76
16zidane
16zeetec
16zandunga
16za2530
16z1457000
16yy0046
16yvoh16
16yute
16yrsOLD!
16yoyo
16yos2527
16yonkey
16yo03bebe
16ylpysm
16yesy
16yessteamo
16yearsoldsoon
16yearsofme
16year
16yanks
16yairy
16yadnivek
16ya90
16y21dejulio
16y20
16y10d
16xx91
16xoxo16
16xmimamix
16xdvdrom
16xb9
16x10x40
16wxyz
16wsm11
16woman
16wmr5zi
16wizzerwi21ashleysn
16winks
16window
16willoughbyclose
16wild
16whyme
16whist28tare
16westside
16weo0q
16weloveyou
16webbie
16wazzup4
16water16
16warriors
16wannabe
16wandc
16waldenrd
16vtec
16vrenault1975
16volt
16volcom
16vitamine
16ville
16vijay30
16vickiseren16
16vic8toria90
16verity16
16vega
16vang23
16valvulas
16vale
16vaca
16v08w82
16uwish
16usher16
16usfhotty
16university
16unitt
16underwoo
16uglier
16udders
16u5t1
16tyson
16tycoon
16twinky1972
16tweetybird
16tweet
16turquoise
16tur478
16tulcea1992
16tucker
16ttb1996
16tsb26
16truzu
16trthth
16tronda
16tribles
16trevor
16train
16tovar
16toscanastreet
16topping
16tootsie
16tookee
16tonterias84momo
16toms
16tomcat
16to66
16tlac
16tk2112
16timez
16tigger16
16tickleme
16tiara
16thunder
16thorns
16thofthe4th
16thofmay
16thofapriL
16thnov93
16thmay1996
16thmay14
16thlovesnk
16thjune1989
16thjune06
16thjuly
16thjann
16thirskroad
16thfebruary
16theta*
16thearlofbruce
16thcentral
16thaugust1977
16thatnigga
16thanawit
16thad
16th16
16th!
16teria15
16teresa
16teodiomo.
16tengo16
16teetee
16teen23ree
16tears
16teamolalo16
16teamodios
16teamo
16tbone96
16taylor
16tavon
16tarsh22
16tand35
16tambay
16tali92
16tahun
16tabkeels
16tEn6
16t10m
16t04p1989
16sydney
16sycamore
16swet
16surfergi
16supportcrew
16suji37
16suga13
16stylist
16stuitter
16stripper
16stoner
16stinkah
16steve05
16stephens
16stay16
16starblossom
16star
16srp14
16squared
16sq17dt
16spider
16speycourt
16sp12
16sooty90
16sooff.
16sonia
16som19
16soccer.
16snowball
16smp40523
16smith16
16smiles
16smallville
16slemishheights
16skyline2.5
16skorpion11
16skbu
16sixx
16sissie
16singer90
16simone
16simba97
16si11chiaveremo
16shvale
16shirley1992
16sheylla16
16sheridan
16shendita16
16shelby
16shazam
16shaw
16shaton
16shanwell
16shams
16sh91990
16sgib12).
16sexydevilangel
16sexybaby16
16sew454
16setubal
16setiembre2007
16set97
16set$$
16serrano
16septiembre87
16septi
16sept998
16sept91
16sept85
16sept1978
16sept*
16sepm01l
16sep97alex
16sep91
16sep89
16sep86
16sep2007
16sep1993
16sep1982
16sep08
16sensi26
16selvy
16sedley
16seco3
16seca87
16seattle
16scru
16scotland18
16scorpio
16schmooin
16sazi
16saph74
16sanyana*
16sanjose
16sanders16
16san83
16samedan16
16samantha
16sam03
16sallen
16sakura12274
16sajesus
16said02
16s_sulpher
16s36l77v
16s1smg
16s192
16s0992
16rycel
16rway
16rusty2
16ruben
16rtiberio63
16rt54
16rsherree
16rp2535
16rower!
16rosita04
16roro16
16rogues
16rockviewlaois
16rockat
16rochita7
16robertson16
16robedizo
16robbie02
16ro0973
16rm28henry
16rite??
16rinajane
16rightmid
16richardburnway
16rgmgpc"
16reyn0511
16renee
16regent
16reese
16redi
16redbirds
16recto
16rawi2001
16raven08
16ranjen
16ranger66
16ramzi01
16rajmah
16rainbow
16ragdollflufff#
16rachel
16race
16r82528
16r09t82r16
16qwerty21
16queer
16qrqcz
16qohmahalq
16qhe15u
16pyatt
16pussy
16purple16
16pupa
16puertarosada27
16psycho
16princess2003
16primos
16prigosa16
16prettey
16precious
16powers
16power
16porvida
16poopinkie
16poohlover
16poo19kai
16pok04
16pochaca
16pnsrmm
16pmd27
16pm.1987
16ploshx
16pizza
16pishpiric
16pipo64
16pinx04
16pinkgirl
16pikiloco
16pierre
16physco
16photos
16pheoby
16phantom
16peter
16pest16
16perlita
16peniscar
16peluca
16peja
16pedrosicard
16pd2jlt
16pb00009
16paula
16patrick
16patos
16pasdebas
16parlroad
16papworthavenue
16paolor
16paola094820628
16pao14
16pancakes
16pam44
16pall1966
16paige
16pad9205
16paco83
16pachuca05
16pa16
16p_rogilex
16p0plar
16overton
16outubro
16osmog1993
16oshitx
16orneze
16orest
16oranges
16ooriuroo94
16oneluv
16ondeathrow
16omecutie
16oldtown
16oktober1989
16okt2007
16okelani
16ojosverdes
16ogos90
16ofaugust
16octubre2005
16octubre07
16octombrie
16octbereking
16oct83
16oct20ene
16oct1989
16oct1
16oct01
16ocho91
16ocean96
16oc35
16o\\\\\\'clock
16o81ggi
16nyla
16ntksd
16noviembre2007
16noviembre1972
16novembre59
16novembert
16november1982
16nova
16nov88
16nov76
16nov73
16nov1987
16nov1968
16nov02
16nov
16nor1991
16nono
16nokias
16nnsrha
16nlzk
16nluv
16nixa
16nique
16ninio*
16nine13
16niggas
16nickolas
16nick1
16nicfer
16nice
16nhie09
16newyork
16nerd
16nene
16nemisis
16negra
16ndsterog
16naza16septiembre
16nathan
16nate
16nashae
16nano09
16nana
16nachoyyosi
16na28ly
16n2n16
16n04o
16mynewrare16
16mylovesuicide
16mylove
16myband
16mxaq7
16musso10
16mundige12
16muirkrirk
16muffy16
16mudvayne
16msmhs
16ms.kim
16mrmari
16moyerz
16motorola
16morningside
16morisjm
16moose
16mony
16monster16
16monkieS
16monkey10
16monkey
16moneyleck
16mommyrtr
16moli19
16mojo
16mobb17
16mmnppt
16mksk
16mixin
16mitreway
16missy
16miriam
16mira05
16minpin
16mimi86
16miller16
16milestone
16mile
16mig10you84os
16micumple
16mica
16mhalen
16mg86
16mey1992
16meses
16merri
16mere
16memo
16melvin
16meleana
16mei96
16mei89
16mei2008
16meeka
16mds853
16mayo85
16mayo2008
16mayo1994
16mayo1990
16mayo1984
16may94
16may92
16may89b
16may77
16may1996
16may1991kvm
16may1988
16may13
16may06
16maxine16
16maxi
16matic
16mate
16masl
16marzo92.
16marzo90
16marzo1993
16marzo1980
16marzo04
16marz
16marts
16martines
16martie90
16marleneminda
16mariwana
16marisita
16maribel.
16mariana161990
16mariajimenez
16maret73
16marcus
16marchb\\'\\'day
16march93
16march1997
16march1988
16march1966hanspeter
16mar92
16mar87
16mar2522
16manuela96
16manor
16manny
16mandy
16mama
16mallets
16malang31
16maio62
16maia16
16mai84mar
16mai1995
16mahu16
16magu
16maggs
16maggio
16mad16
16mackintosh
16machu
16mac95
16mac89
16maart2000
16maaart
16m949596sc17g
16m7d6c
16m6a2539rk
16m32723
16m25id3
16lxuga16
16luvya82
16luver
16lunem*777
16lula
16luis
16luglio
16lucky5
16lubi12
16lu08
16lovinit
16loveyou
16loves29
16loves
16loveing
16lovebook14
16love82533
16love03
16losers
16long
16lollypop16
16lola
16loca
16llane
16lj1995
16lizeth
16liz0371
16liverpool16
16livelife
16littleton
16listonesrosas
16liss
16lisa7
16linda
16lilmiss
16lildonnie
16lie123
16licious
16lian
16lglara
16lestr
16leslie16
16lerad
16lennytao16
16lena05
16leighleigh
16legiond.f.
16leejosh01
16leandro
16lazy1
16lavon
16latino
16lashaqwn
16lara16
16laninaloca_
16lamb
16lalo
16ladiez
16la12
16l46o38ck
16l19
16l09h2006
16kweefy
16kv224
16kumbangitam
16krolcz
16kriss
16kopipi
16kokiuo
16kmp16rose
16kmcbee
16kk04
16kitties
16kingboris
16king
16kina1995
16kimlovescarlo16
16killaeduardo
16kids
16keystone07
16keny
16kelsost
16kell86
16kei17ryu18ryo
16kayra18oguz
16kayle
16katkat
16katesangels3
16kat1982
16kas6
16karina
16kanth
16kalang
16kae01
16k5583
16k1mb3rly1586
16k15t
16k0h
16k02n69
16justinm
16justin
16junlyn
16juniomarbarret
16junio93
16junio2006
16junio1988
16junio06
16juni1997
16juni1992
16juni1985
16junho1993
16juneangel
16june89
16june80
16june2556
16june1998
16june1992
16jun93
16jun1982
16jun
16july91
16july80
16july66
16july1980
16julma06agova
16julio96
16julio85
16julio1991
16julio1985
16julio1978
16julianandres
16juli2003
16julai1979
16jul86
16jukjik16
16juillet1983
16jue01
16jua17pao17jac
16jtristenh
16jtashley
16jrs16
16jparisse
16journey
16jotas
16josh08
16joseluis90
16jorlina
16jong23
16jolin119
16joints
16john
16joey92
16joer
16joel10
16joaninha16
16jo16
16jnw203
16jmark
16jlmg
16jlhd
16jk23hp
16jinia
16jhonna
16jha
16jet89
16jesus
16jessi&kimi14
16jeramy
16jennifer
16jen
16jeff
16jeep
16jdfpr27
16jc@01
16jbeans
16jazjon16
16jayden24
16javier
16jaqe
16january2007
16january!
16jannis
16jani
16jandb4life
16jan94
16jan86
16jan82
16jan2009
16jan1998
16jan1993
16jan1978
16jan1949
16jamie1990
16jako
16jake
16jai20de
16jafgf28
16jackass
16ja12pa86
16j2mak374
16j1985
16j16
16j-bird
16iverson
16iulie
16italy
16ismybday
16ismar
16isT34
16iris
16irazu
16iqa89
16inmay
16inlove
16incharms
16ils7
16ilovemyself
16ilovelucas
16ihateyou
16if3kl
16ibsm47cab23
16ianuarie
16i2dy4
16i1981
16hustla
16hurdles
16hunnie
16hummer
16hudsonkevin16
16huapaya
16houlie
16hotpink
16hoshinori
16horses08
16hope59
16honey
16honda
16hola
16hn16hn2
16hiro15
16hill11
16highst
16highfield
16hidden
16herriot
16hernandez
16hellokitty
16hectora
16heaven
16heartbroken16
16hawk16
16hasn
16harrypotter
16harpmario
16harlequin
16hamburgers
16hallcoach
16haile
16h8p.
16h04h1990!@#
16gymnast16
16gyc
16gxy8karina
16guru22
16guns
16gumtree
16guitar
16gudino
16gste
16groentjes17
16grjn
16grills
16greneds
16green16
16granny06
16grahamcrescent
16gozzy
16gordis
16gone
16gold22
16godbless
16gmrqwf
16gm88=
16gl906
16girrafes
16girl
16gib12).
16gezer
16gerry4co
16georgia
16gemz87
16gemma2008
16gemini
16gee15
16gcs16
16gato
16gasol
16garfield
16ganda
16gal
16gak
16gaby10
16gabitza12glad86
16g7eah0
16g15k2
16g&d07
16funny
16fumfulukutu89
16fucku
16frog
16frewe
16freedomroVS265S
16fraser16
16francisc
16fr1987
16fordham
16footy
16fo7513
16flwoers
16flower
16flirt16
16flaw
16flakahm
16first
16fire
16fifa
16fev2008
16ferrebel
16fern
16felix
16feet
16fecha inolvidable
16februarie
16febrero_
16febrero88
16febrero2006
16febrero1995
16febr
16feb87
16feb83
16feb65
16feb2524aew
16feb1996
16feb1991
16feb06
16fe91
16fe366
16fay16
16farel
16family
16fallen
16facs
16fEb96
16ewbc
16everyone
16evelyn
16euphoria17
16etted
16estefi16
16essence
16eselmejor.
16erick16
16erd-nt
16ephraim
16enka
16enigma.
16engine
16enero97
16enero92340364
16enero1997
16enero1992
16ene88
16ene1995
16enders
16enamorada
16emon17
16emogirl
16emj16
16emily
16elsalvador
16eln90
16elephants
16ekim1997
16eight53
16egyptian
16eg659izmir3516
16edwards
16edss91
16eder16
16eddie
16ed0d
16eastwood
16eabailey
16e7dd90hbugvw
16e658
16e39th
16e15.
16dyl4n
16dw02
16dustywaffles
16duck
16dsnarf
16drunkzebras
16drums
16drew
16dreamer
16dr2531
16downtown
16dora
16door
16donuts
16done16
16dogs41
16dognut
16dodgers
16dnoviembre
16dmay
16dlpvam
16dkot
16dixie16
16dismic
16dingoay
16dina
16dieselusd
16diego02
16dick92
16diciembre2002
16diciembre1962
16dic94
16dic81
16dic2006
16diamonds
16di80
16dezembro90
16desmadre
16desetiembre
16desep
16desamtesh
16deoinuj
16deoctubrede91
16deoctubre1992
16denny
16denise
16demr07
16demayo72
16demayo1989
16demarzodel93
16demarzode1992
16demarzo.
16delta4
16dell
16delia
16del93
16del2006
16dek
16dejuniodel67
16dejuniode1993
16dejunio1987
16dejuliodel2007
16dejulio1986
16dejul
16deia17
16deenerodel2006
16deenerode1993
16dedicsag..-
16dedic16
16decembrie2006
16december1989
16dec96
16dec86w
16dec1995i
16dec1992
16dec1984
16dec1981
16dec03
16dec00
16debspink
16debbie57
16deagosto2005
16deabrilde2005
16deabrilde1994
16deabrilde1987
16dea
16deDiciembre
16de1988
16de12de92
16de061990
16de mayo
16ddmayo
16dc33
16daz10
16dayse88
16dawsons
16davies
16dasl1991
16dark20
16danyel
16daniela95jaja
16dani13nick
16dancer
16dakmakbg74
16daisysaizh
16dainty
16daddy16
16dac
16dabf
16d18
16cvioletw
16curran
16cuddlesiswhite
16crystal
16crombie2
16cris
16crazy
16cr728
16corvet
16cornwallavenue
16cornishdream
16corazon/5
16coolboy
16computer
16coma
16coisty1989
16codie1989
16code
16cocilthe
16cobra81
16cndles
16cmcm
16clw16*
16club
16clover
16cliff
16claude
16clari69
16clara
16cks822
16civic16
16cilla
16christa
16chopra
16choi
16chivkei
16chip
16children
16chicana
16chevy
16chery_trees
16cherelle
16chemical
16chels
16cheeta16
16cheer16
16cheelprimero15
16cheeks
16chatty
16charli
16chapis
16changos
16chan1a
16chajon16
16ch28nb
16center
16cely457
16cef280
16cd39
16cbrown
16cayetano
16catfish
16castle
16cassidy27
16carolina
16carm
16capss
16canvastownhouse
16candle16
16candals
16campbellroad
16cameron
16camara
16callita
16cad07
16cabrones
16c60fc83395
16c16c16c
16c01e82al
16butterflies
16buss16
16burit
16buhn
16buddy
16bubbles
16bsize
16bru01
16brother22
16brookdale
16brittanykha
16britt
16bridge
16bri66
16breezy
16breeanna
16brap
16brandale
16brain
16bp16
16boylove
16boy
16bouzi
16bossy
16borja
16bopaCam
16boogie
16boo
16bones
16bomracing16
16bobmayne
16bobby
16bnz62
16bmxkingm@
16bmilton
16bls16
16bloemen
16blake
16blackroses
16blackangel
16bla16
16bl427
16bites
16birdies
16bill18
16bile
16bignick
16big42
16bi42
16bhebhe16
16bhaby
16beyonce
16bex03
16besotes
16berenice
16bento
16bencomo
16bellea
16belfry
16beers
16becca05
16bebela*deea*1990
16beaware86
16beatty
16bears16
16beansy90
16beachg
16bea387
16bd01
16bc745cm
16bb82
16baw
16bass
16bars4me
16barga
16barbi
16banget
16band
16ballplayer
16back
16babyphat
16babyeshita16
16babyboy
16babes21
16b567
16b4939
16b2009
16b07d82
16azumei
16aylin
16avila
16auxiliar
16augustz
16august88
16august1989
16august!
16aug90
16aug82
16aug1990
16aug1986
16aug03
16atricia
16athan09
16at90kt
16asshole
16ashly
16ase10
16asdasd
16as32
16aryan24
16aruba16
16armagedon16
16arimej
16arfre13
16ardvarks
16arbela
16ar7046
16aprilie1986
16april61
16april1996
16april1991
16april19639229
16apr88
16ap93
16anurb96
16antalya2007
16anos1990
16annjo
16anne86
16ann16
16anilu04Ilove
16angle
16angelica5
16andtlm
16andrew15kayla1
16andre16
16andoveryou
16and4
16anche16
16ana#100_BenB
16amorsecreto
16amjilt12
16ambition
16alyn
16alvorada
16alvao
16alldatim
16alitlove
16alina
16alexis
16alexander
16alejandro
16albani
16akio79
16akd94
16ajtf
16ajcd125
16aioros16
16aiden
16agrpumas
16agosto92.
16agosto2007
16agosto06
16agos03
16ag84
16afireinside
16adidas1996
16address
16adan
16adam
16acuario
16acs16
16abx16
16abrilgonso
16abril93
16abril88
16abril2003
16abril1998
16abril195
16abie
16abcdef
16abbey
16aaron16
16aapr1975
16aaa1984
16a_umi
16a7jm90as
16a6k0
16a22a70
16a19j7m18p/
16a1985
16a17c18l
16a12w81
16a12s11cl
16a0276
16_spongeb
16_samuelysofi
16_mwit
16_leonard@
16_honey
16_erika
16_cum
16_carlos1
16_baby
16_april_85
16_abril
16_LINKIN18
16_4ever
16_36_beccy_rox9
16_27_asithh
16_15_20
16_10_08
16_09_1962
16_07_93
16_05_92
16_0494
16_02peckysita
16\\'888
16[forogh].
16ZL760
16ZAC16FILIPE16
16Z4328
16YRSOLD
16Xana//2oM1rna
16Vanessa
16Tubby16
16Thief!
16Templier
16Tara
16TYRI
16TY46W
16TLALLI85
16TIMELINE
16THFEB06
16TH16
16TAE
16SweetMisery
16Spongebob
16Sil180590
16Shadow
16Septiembre87
16Sept85
16Sept06
16Saosin
16SSWEET
16SOULJABO
16SHAKES
16SEPTEMBER1989
16SEP0989
16SAMMI
16Rodriguez
16RR18
16ROBERT
16RISSA
16QUEENCYEJ
16Peechy84
16POV4LM
16POOH
16PICS
16PEACE25
16Octubre89
16Oak89
16OMAR
16OCTUBRE
16Noviembre88
16Neophyte88
16NT712116
16NATION
16Mtal
16Midaniel
16MellyMay
16Medro
16Mari02
16Marc
16Maart!
16MSTF68AYSL
16MSHARVIN
16MONKEY
16MERVIN16
16MEDY
16MAYO2008
16MAY1987
16MARIE
16MAR#73UVM
16MAMI
16M3G4N90
16Lolly16
16Lindaann
16Letona
16LOVER
16LIZY
16Krystal
16Katelin21
16KMC16
16KEVIN
16Juniper
16Julho2002
16Jimmy
16JULY
16JMAINCOY16
16JENcdm##
16JA71
16Irza
16ILOVEU
16Humberto
16High26Liters75
16HOES
16HERMOSA10
16HELLOGUSANA
16Gwandale
16Go56Ja$$
16GfebL07
16GUS
16GOD
16GARCIA9128
16Foutlamerde
16FebruarY1994
16Feb17
16FIRE
16FEB87
16F10a30I
16EmeraldsMay53
16ENERO
16ELMO
16EDCV
16Dragons
16Dez87
16Dec1984
16DeMayo
16DallasRoad
16DIVA
16DESEPTIEMBRE
16DESEMBER
16DENOVIEMBRE
16DEMAYODE1996
16DEL93
16DEJULIODE1980
16DECEMBER
16DEAGOSTO
16DAMN
16Cutie
16Champ
16COSITOS16
16COCO89
16CHIquita15
16CHICK
16C23A
16Breezy
16BellyRing
16BaCk0488
16BREN
16BLUE
16BITCHEZ
16BIBI
16BENELONG
16BABY
16August1996
16Au03
16Alynee
16Abril
16ATTMAY
16ARH16.
16APPLE
16ANTHONY
16ANDRE
16AMI7ra
16A6A19A887
16A04SA
16@miami
16@jewell
16@dec
16@besst
16@81988
16@%84
16?brian
16?01?1994
16=AH\\'Z
16<>angels
16:35tn
169witme
169tose
169taft
169roark
169puppylove18
169ocean
169nenasfinora
169misterio169
169mariale
169lincoln169
169l27
169katherine
169ilario
169i90
169huckle
169greenpark
169franc
169evol
169earline
169don
169charly
169cede
169bzx8tre
169brom
169becca
169ana
169afa
169PIUR
169HOTMAMA*
169A1322
1699kpbm
1699home
1699deer
1699ashley
16999960marianto
169998
16999429
169993693
169992
16999007
16998965
169988331
169987
16998564
16998473
16998249amigos
1699820
16998118
16997939
16997750
169977
16997475
169972
16997094
1699688
16996742
169967
16996339
16996217
16996196
16996150
169961169961
1699610000000000
16996007jm
16995733
16995473
16995341
16995
16994m
1699486
169944741ale
16994018
16993PATY
16993799
169936215
169932
1699303
169929896
1699254199117
16992484
16992303
1699214
16991b
169916991699
16991289
169910
16990682
1699031
1699020
169901
16990024
16990
1698trip
1698mille
1698TA
169897
169895dolphin
169892069
1698914
16989.mey@
169888
16988368
169883
1698820
16988000
16987jo
169879
1698766
16987456
16987428
16987266
169872381
1698710
16986tle
16986874
16986692
169866368
169864
169860173
169856gvgv
169855871
169854
169852
16985108334
1698501
16984c
169848528
16984603
169845
16984453
16984366
169843
16984
16983549
169835
16983325*
1698324
169831
16982rica
16982865
169825
169824
16982309
169822
169820
16981978
169819
16981826
1698157
16981282
16981265
169812
1698089
169807066
16980595_4
1698041208
169802
16980010
16980
1697pugs
1697jc
1697da
16979k
16979746
1697932
169790
1697889
169788
169786
1697854
1697821
16977898
1697775
1697762
1697710
16976314985
16976
169754s
169752
1697501
1697498
16974601
1697436
169735
16973165
169729t
16972898
16972681
16972513
16972468
16972384
16972282
169721697216972
1697209819041985
16971hari
16971859
169718
16971746
16971609
16971420
169713
169712
16971132
1697107
16970gibzy
16970935
16970883
16970812
16970645
169705
16970434
16970382
16970206
1696ski
1696obetz
1696july
1696ann
1696ad
16969854kol
1696976
169696
16969513neko
1696939
169691303
16969071
169688
169685
16967920
16967898
1696777
1696756
16967482
169671376
16966923
169668105
16966531-1
1696616
16965697
169654321
16965318
169650669
16964cwjame
169647420
1696444
16964201-k
16964078
16963875
16963184
16963112
16963092
1696300
16962974
169626982
16962459
16962331
169622da
16961730
16961622
16961271
16961246
16961112
1696102
16960EARTHLOVEBNZ
1696089
169608
169603258
1696029641431-es
169600
1695tnw
1695noni
1695ispie
1695flaka
1695av
1695Tec
169598
169596
169595
1695940
169593035
16959079
16959
16958754
16958363
1695825
169581754B
169575must..
169573
169572
169571elmer
1695702o8
169568
169565
1695639
1695626644
16956
169549
16954713
16954482
1695437016784..
16954153
169538
16953730
16953319
1695324
16952910
16952869
169527
16952603
169525
16952399
169522831
1695205
169518011905
169516
1695148582
16951376
16951319
16951
1695084
169508121022
16950507
169503
16950
1694spfc
1694revilla
1694ln23
1694la
1694deeman
1694VALERIO
169499675
16949703
1694964
16949434
1694927
16949115
16948963120483
169488
16948756
169485
16948397
16948184-9
169481
16947856
16947789
16947669
16947431
16947169
16946lc
169466833
16946658
16946492
16946264
16946147
169459603385
16945833
16945776
16945737
1694565
16945612
16945462
16945398v
16945306
16945266
169451972
16945166carly
16945147
169450
16944606
169444
16944282
16944198716315
16944
16943852200
16943770
169433532c
169433
16943267
16943116
16943076
16942slj
16942964
16942634
169423972
169422
169420ll
1694182
16941682
16941666
16941514
1694140729328241
16941337
16941291
16941223
16941036
16940993
16940788
169407
169406162
169406
16940570
1694040
16940394
16940214
1694012
1694
1693snoopy
1693pyr
1693nm
1693elrey
1693dr!eh0ekjes
1693bp
169399
16939721
16939698
16939169
1693899
16938752
16938644
16938349
169383
169382
16938081
169379
169376
16937557
1693714484
169370
1693685
16936693
1693634689
16935995
1693581
16935567
16935555
16935413
1693521
169351
16934life
169347801
16934657
16934630bh
1693441
16934111
1693405135
16934001
16934-6
16933dg
16933895
16933644
169336
169335101
16933205
169331
16932781
1693265
1693252
16932441
16932325
16932208
1693219199
169320
16931761
169316jabroni
169316
1693159
1693143
16931191
16931074
16931046
16931
169308
1693072
16930624
169305rosa
169305
1693042
1693028016
16930194
1693010693
169300875295633
1692tcf
1692naga
1692love
1692dianix
1692caGB
1692bob
1692TOTTI
169297982
169297
16929525
169293
169289
169286654
1692855
169283189YJ
1692820
169281725
16928015
16927888
169277
16927539
16927458
16927329
16927220
16927156
169271
16926969
1692666
1692636
169262sal
1692624
16926085
16925jodie
1692592897m
1692575500
1692549
1692546
16925426140
1692540
169253as
1692538
1692536
16925345
16925320
1692530
1692528
1692525
169252006
1692517
1692513
16924887
16924858
16924716
16924618
169245
16924338
169243
16924089
16924000
16923zq
16923770
16923559
16923393
169233
169232
16923
16922961
16922889
169228
1692267474
1692258811
16922450
169221
16922009
16921903
16921812
169217
1692151090
169211r
1692102
1692092744
169207
169206
1692055
169203yf
1692036
169201020
1692003
169200*
1691shihab
1691rw13
1691poki
1691kr
1691fer
1691aria
1691999
1691997
1691994smkrl85
1691993uka
1691991spt
1691989khanhnguyen
1691983
16919789a
1691975
1691971
16919644
1691961
1691957
1691946
1691937
1691916919
169191
169189
169186
169185
1691839
1691821
1691816918
16918014
169179j
169179
1691755
1691712
169170
16916954
1691691t
1691672
1691662
16916435
169162feo
1691625
16915988
169159
16915841
169157
16915433
16914930
16914878
169148
16914756
169145
1691436
169143
16914237cemm
1691415
16914010
1691369
169132925
16913120
16912ss
1691293re
169127589
169123
169122
1691216912
169117042523
169116
16911400
169113
16911111
16910J
169108062511
16910703
169104
1691030724
16910101
1690y.c.v
1690va
1690to2007
1690rfcdale
1690rangers
1690pipe1690
1690otos
1690melanie1690
1690loyal
1690l0v3nrfc
1690ibd
1690gers
1690facaa
1690duck
1690craig
1690bob
1690bjk!
1690an
1690_wa
1690RFCNO1JOHNNYLUVSAMY
1690NICKYFIN1690
16909961
1690970
16909585
1690903216982
169090
16908942
169088
16908534.k
16908
1690794
169076
1690741
1690720
16907078
16906ayden
16906878
16906705
1690645260
16906312
16906197256m
16906104
16906
16905737-0
169055
16905233
16905
169049
16904821
1690477
16904693
169046
16904552
1690442
1690430
16904251
16904
1690392
16903771
169036calvi
169034L
1690318749_al
1690306
16902w
169027
16902575
1690222
16902169antonio
16901986
16901912
16901627
169015
16901402
1690133
169012881304olga
16901204085754
1690111330028
1690100205073
169009
169008
16900312cotecita
16900225
16900197474
1690000
1690..
169/229
169#149
169
168xpi
168west121
168stables
168slhow
168rutgers
168mormon
168meadowburn
168mc
168mail168
168karthikp
168joy
168jeou
168hqv
168gsu
168enigma
168coronation275
168ccc
168car
168ashepoo
168ae255
168abc46
168a9u4od775
168EBC9E6E
1689subtraction
1689rea
1689o4LD2531
1689n
1689k
1689jmla
1689home
1689evey
1689echa
1689berf
1689Lj
1689999
168997
16899449
1689916899
168991
16899052
16898956
1689853
16898456
16898171
168980
1689789
168977
168975
1689735420
16897192
168970
16896990
168969
16896580
1689632
16896184
16896005
16895kiffy
168958y
16895661310
16895524sj
16895440
16895403
16895283
16894an
16894963
16894873
1689475369455
16894658
16894521
1689433h
1689423
16893871
16893595
16893547
16893531pucca201
16893411
16893374cardona
168931
168930466899831
168930
16892890
1689256749
16892526
168924david
1689227
16892168
168919983066
16891978
16891827
1689179
16891745pm
168917
168915
16891387
1689123s
1689122903
16891125
168911
16891058
16890lua
16890937
16890864
168908466
168907
16890685
168904rrt
16890301
168902083433291
1688zest
1688na
1688mm
1688liumeixue
1688jh
1688dea
1688_1688
1688KMBlms
1688ChenXin
16889962
16889865
16889748
1688958
16889372
1688934
16889324
16889177
16889023
16888guzman048
168888xu
168888ah
1688888
168888168
16888686teamo
16888586
168885
1688844
1688805
16887823
16887751
16887677
1688750
16887300
16887204
16887134
16887079
16887
168869
168866
1688622
1688616886
168859
168856852076
168855
1688543
168851
168850
16884845
1688465
168841
1688400
16883minie_
1688390
16883690
168834
1688328
1688301005ttad
16882942534
168824794
16881984
16881877111185
1688177
168815
16881472
1688119k
1688100
16881
168807
16880513
16880260
168801ajmr
16880056
1687wd
1687sab
1687mack
1687lane
1687je
1687dvt
16879980
16879966
168794383
16879319
1687927629
168792
168791356879
16879
1687888
16878562
168782
1687817
16878040
168778
1687772
16877411
16877291
168771
168766
16876449
16875688
1687528
168751541
1687490
1687485690
16874658
16874287
1687397
168738
1687315
16873
168728
168725569
168725
168723341
168722843s
168721
16871987
168718
16871766
16871638
16871355
168713
1687121687
168711956
168711
1687102
168710
16870920
168707
168705
1687031
168702132
16870183
1686ww
1686polis1686
1686mccord
1686kp
1686guitar
1686denn
1686am
1686adolfo
1686999
168698222
168695m
16869445
1686924
1686917
16869008
16869
168688
168687
1686851
1686844618020
168683
16868022
16867826
16867784
16867582
16867290ln
168672
1686715
168670c
16867
16866951
16866824
168667
16866642
16866613
168663145a
16866288
16866244
16866
168659
1686585
16865347d4
16865339
16865260
16865120
16865
1686495
16864893
16864833
168644
16864360
168640464
16863704
16863615
16863534
16863472
16863450
16863239160884
168630
16862983
168628
1686246560
168624
16862223
1686201
1686182822
168617ls
168616
1686144
168611
16861
16860801
168606
168605
168603052382
168602
168600m
168600
1685venera
1685top
1685lee
1685jr
1685hunny
1685esmm
1685bart
1685Linz
1685@l
1685988
1685975R
1685961655
1685958
1685945581922
1685925
1685901
168589jr
168587
168584
168582
168581
16858
1685792704hola.
1685785916
16857776
16857401...
168573
16857125684
168571
16856933
1685682
16856631
16856609586862
16856463
168564
168563
168561id
168560
16855895
16855736
1685562
168555d
16855356
16855284
168551fm
16855054
1685497
1685480
1685460
168542s
168542593642855
168541235974
168540809
16854
168539
168537
1685362
16853426
1685332
16853072
1685298
16852805
16852744d
16852617
16852400s
168523O
16852025
16852000##@@1
16851hitw
16851929
16851860
168518
1685168
16851661
1685158
16851450
16851370
168511e
16851107sebas
1685088
16850818
168507
16850644
168506
1685045
16850327
1685028
1685021
168501
16850048
1684yen
1684pink
1684mkk
1684ka
1684jh
1684els
1684bri
1684A55QS
16849878
16849626
16849544
16849437
16849274
16849090
1684897
16848804
16848797
168487358349
168486
16848300
16848093a
16847680
16847086
16847071
168470
168469
16846677
168465tlb
168464651
168462c
1684588
16845553
16845311
16845175
1684508
16844980
1684485
16844669
16844602071485
16844472
168443
16843714
1684365pp
168435
16843436gabriel
168433
16843264
16843059
168430
16842780
1684268
1684259137
16842527-9
16842521
168425
168423mt
168423
168420
16841905
16841728
1684157
168414
16841283miami
168412
1684093
168404
16840263
1684
1683o5
1683man
1683jj
1683hoegermyerrd
1683dede
