3645659
3645645
3645633
3645625
3645609
36455love
36455718
3645521
3645515
364551
36454977197
36454839
36454741
36454610
3645448791
3645445463mcr!
3645436454
36454266
3645398
364535
364534
3645332
364532532605
364532
364531
3645302
364529
3645280
36452528
364524364524
364523
36452211
3645207
36451987
364518a
36451856
3645177
3645167
36451541
3645141
3645134
3645123
364512
3645113n
3645100
36450v
36450915
364506
3645044
364504
36450364
36450276
364502
3645000
3644webb
3644smithers
3644mymom
3644fi
3644MARION
3644997
3644964
3644961
364495
3644932168
3644932
3644901
364487
36448540
3644835
3644819
36447951
364477b
36447437
364472#^$$&@
364469123
3644685
3644640
364461
3644600
364454minnie
3644520
364449
364448
364446r
364445934879
36444550
3644445
364442
364438120913946999
3644357
36443439
364432788500
3644311
36442awix
36442901
3644286a
364426rd
364420
3644171
364415
36441097
364410
364409
36440675
364406
36440260
3644019
36440,cantek
3643oxnard
3643enid
3643blue
36439877
3643974
3643953
3643891
3643877
3643858
3643836
364381
364379
36437817
364377
364374
364371
364369
364365
3643640
364363
364361316
3643599
3643557
3643544
3643531
364352129
364351465
3643511493
36435081
364349
3643487
36434687
3643452
3643442s
364343
3643401
364338
36433643
3643344
3643309*
36432uzrtg
3643275
3643271
36432573643257
364322dog
36432260
36432114
3643161
36431541
36431338
3643121
36431052
364308
36430652
36430359141326
3643007
364300
3642zp
3642mo
3642amm
3642986
3642958
36429560
3642948
3642923
3642916
364291
3642891z
364288
36428545
3642851
36428330
3642816
364279cj
364278
3642778
364277449z
364277
3642751
3642713
36427
364269
3642680
36426725
364265m
36426509
3642640
3642627
364260
36425grikh
364259
364256
3642531
364251754
3642506
3642502
364250
36424617
3642447
364244
3642427
3642424
36423andhislover
3642388k
364238
36423604
36423463
3642336
36423283
36423123
36423055
364230034
36423
3642285
36422689
3642261
364224121974
3642221
364221
36421994
36421731
3642152
3642148
36421320
36421212
3642075
3642065
36420547
3642029
3642013
364201
3641nlh
3641life
3641inge
3641fpl
3641adfele
364199
3641962
3641955
3641941
36419246
3641900
36418844
364186
36418510
3641833
3641828
3641825
3641800
36417833
364178
36417415
3641731
364172ml
36417217205
36417146jc
3641705
3641656534
3641636
364162703
36415887
364158
364157
3641566
364154
3641510
3641479
364146vip364146
364144825
36414356hamado
364141t
3641411
364139973
364139177
3641381
36413659
3641351
364132432
3641292
364128225
3641263
36412561
3641253178
36412345
364123
3641221
3641200
3641173
364114
364113
3641122
3641112
3641110
36410i
3641095
364107
36410410
3641016o
364100
3640zcssy
3640jz
3640azra
364099
364097
36409495mv
3640925
3640902kwang
3640900296282
36409
3640898
3640880
3640873xD
364087
3640838
3640827
3640800304011
3640800095803
36408
3640784
3640754
36407431
3640723_cynthia
36407000
36407
3640684
3640682
36406752
3640632
364063
3640626
36406115
3640600568066yao
3640600315362
3640598
3640581
364057
364053
364052
3640500528542
36404kwpep
3640492
3640469
364046079
364043li
36404203
3640418
364041
3640400561742
3640393
3640375
364036..aa
36403540a
3640340
364033
3640300049918
3640286
3640258
364025
364024
36402170
3640215
364021
3640206a
3640200135778
3640200005340
364019410
3640188
36401849
36401813
3640179
36401560
3640127
3640103
3640100579093
3640100400
36400aa
3640093
3640084
3640077
364007
3640051
364004
3640030
364002561
36400000
3640
364/348
364.kp
364-6840
363wellcelo
363tali
363sadie
363qqbkc77
363near
363mlofx
363mari
363macybeth
363i0902
363fxt
363crew
363cody
363barge
363asdf
363_1992
363JM3
3639yuma
3639nb
3639mine
3639luis
3639dk
3639angel
363999
3639984
36399761dari
36399693cm
36399448
36399363
363992
3639903
3639900093835
3639900068377
3639874
3639860
3639814
36398108
36398001
3639800055311
363977903
36397693fm
3639754gcz
36397305
3639725328
36397115
36396k
363968911
3639681
3639672
363965
3639615
3639607
363959
363958
3639566
3639543129
36395200
3639512
3639509
363950
3639482
363945jh
3639430
363942549
36394049
363939a
3639380
3639369
3639332211
36393311102
363932B
36393231
363931899
36392987
3639275
36392552
36392528
3639246
36392224
36392190
36392016
36392
363919
3639169
36391544
36391467
363913
3639128
3639122
3639110
363910
363909
3639071
3639056
36390468
36390353
363901
3639
3638lynn
3638d
36389910
363895
36389312
363892
36389
363888295
363882651
363880
3638799
363873
3638717
3638703
363870
36386wjt
363864
3638610
3638602
363860
3638576
36385529
3638546
3638520
3638490
36384663
363846
36384285
3638425
363840
36383979
3638391
3638385
363838
3638345
3638331
36383104*
36383066
363825j
36382480
363823
363821
363820
3638197
36381531
36381477
3638144
3638111
36381
36380934
36380836
363807jk
3638066
363804
3638026
36380193
3638007
3637ss
3637nays
3637lr
3637graham
3637arlechina
36379992
36379902
3637981
36379545
363793
36379258
3637918
3637904
36378944
363787746
36378686
36378557
3637833
36378119
363779
36377695
36377488
3637720
36377072
36376733
36376572
3637647
36376390
3637620
3637596A
3637579
363757100
363756ja
363756
363754
3637529
3637498
3637496
3637467
3637464
3637413
363739
3637383940
3637378
3637361a
363736
3637341
3637311
363727
3637255
363722nique!
3637209
363719941007zya
3637193
363718
3637170
363716527
363716
3637146
36371234
36371123
3637104
36370j.c
363709
3637077
363706123
363706
3637057
36370525m
36370300
36370087
36370059
3636vb
3636rap
3636ok
3636mpc
3636mint
3636luv
3636ll
3636lek
3636juan
3636j
3636fire
3636eazy
3636com
3636cinta
3636boy
3636arribaperu
3636abcde
3636a36
3636JKQA26
3636Edm$
3636@1995
36369m
36369999
36369936
3636987
3636982
3636969
3636960
3636936369
363693
3636926
363691ekkbv
3636911
3636889
36368685
3636865291
3636809
36368040
36368
36367977
3636783
363677
36367546110
363674741414
36367214
3636708
3636697iloveme
3636683
3636673ko
3636663
363664
3636636394
363661052777
3636603
363660
3636593
3636585
36365821
3636555
363654122
3636536
3636523
363651
3636504
36364927
363648000
36364567
363645
363644
3636435
3636425130
36364
363639
36363788
363636s
363636jm
363636bhal166
363636ad
363636P
3636369.
363636789
3636364
3636363625
36363614
3636354
363633r
36363331
363633
363632
3636306
3636302
3636292
3636289
36362796
3636264
3636257
3636245
36362377
3636233
36362255
36362117
363621
36362030
36362016860
363620
36361993
36361895
36361799
363617
36361556
363614valen
36361464
36361331
3636121164
363610
36360909r
36360836
3636036
363603
36360.360
3635rj
3635farm
3635asbury
3635989
3635978
36359692
36359676
363592718
3635918998
3635914
3635908
36358815
363587750
363584pa
3635827
363582
36358
36357946
36357840
3635766b
36357327
363571
36357
3635685
36356736
363567..
36356677
3635663
363563
3635577
363556
3635542
3635536
3635524
3635516
36355135
36355064450025
36354985
363548
3635462
3635446
3635433
3635421
363541
3635364248
3635355
3635348
3635340
3635327985
363532101
3635303
36353007v
36352870
363527
363526504
363524245
3635239
3635231
3635216
36352118
36352006
36351978
3635176
3635168
3635135
363513
3635126j
3635098
3635080
3635046
3635042
363502400
363502
36350
3634jg
3634all
3634965
3634926
36349094
36348916j
363487
3634863b
363484515
36347wzanr
363479
3634773
363473381991tom
363470n
36346872cm
3634646
36346444
363462
363460
363459584
363458vini
3634565083
36345623
363453
3634521
36345161
3634509
36344qngxz
363448
3634466
36344040
363440157
36343817
36343631996
3634341
363433
3634313
363430
363427frost1
36342598
36342460
3634236
363422
3634188
363417
36341417
3634114
363409628
36340761
363406
363404
3634031
363402
36340134
3633starr
3633rd
3633mle
3633maylovely082
3633jc1981
36339cnwdp
363396
3633951mello
3633939
3633929
363392
3633919a
36339130
363389
3633877
36338588
363384
363383
3633808515
3633801
3633787
3633750
3633748
36337350
3633714
363370
3633682
3633677
363366
3633655
363365
36336389
3633633
36336225
3633616
363361
36335cnryf
3633596
3633568419
3633541
3633525
3633519
3633487
3633459
363345
363342
363341
3633408
36334016
3633377
3633364
3633361
3633352
3633349
36333363
3633320
36332ryaa
3633296
3633289
3633285
3633269
3633255
363323
3633214
3633205
363320
36331609
36331594
3633142
36331257
3633112
36331
3633081
3633073
3633056
3633036
3633016
36330067
3633004
3633.2103633.210
3632yl27
3632nw
3632mobile
3632amadora
3632Rozo
3632997
36329766
3632961
3632936
363290l
363290320129113978
3632883
3632846
363281n
3632783
3632754
3632751
3632740125
3632735
3632701
36326vzaep
363268
363267
36326528
3632629
3632620
3632600
36325956
3632573
36325460
363253
36325145mjm
363247e
363246
363245
363244
3632438
363243
363242
36324
36323871
3632375
3632364
3632357
3632346
363234353c
363233
3632317
363230
363229
363227
363224
363223556
3632232
36322169
3632201917
36321903
36321825
3632160
363213853
3632132
36321086
36321010
36320=chapela
363209
363208
3632066
3632049
3632041
36320351
3632022
36320194
3632004a
36320
3631nj
3631kk
3631alpha
3631Fire
3631@baby
36319620
3631958
363194009
3631935
36319186
363191
36319
3631881
36318725768537
363185
3631846
3631827
363181998
363181030
3631809
36317ST
3631795
3631777
3631760
3631751
36317296
36317121
3631707
36317020
363168625
3631660ley
363165
363163
36316220
36316
363159
3631583070
363156
36315409
3631535
3631533
36315258
36315106
3631508
36314a
36314965
3631477
363147
36314672
363144
36314261
36314110
363140
36313704123
36313692
3631362
36313564
363133
363132
36313176
3631303
363128
3631260
3631245
363123
3631212
3631210
36312059
363120
36311923f
3631185
363118
36311731
3631169100
363116
36311551
36311480
3631135907
363113253
36311234
36311192
36311153315
363110
36310970ale
3631066
3631042
3631034048
36310264
363101
363100
3630true
3630re
3630993moa
3630984
36309630
3630959
3630938
363091
3630904
3630887
3630871a
363085
3630846
36308310
36308262711
3630813
3630801
3630793
3630766
363075121
3630700024351
3630688
3630682
3630669
3630614
3630600207314
363060
36305MJL
3630593
363056
36305498
36304fcqf
3630473
363045
36304371232
36304351
363042
3630410
36303hzcpn
363038
36303697
3630361594
36303300
36303163
3630300069315
36303
363028
3630277milena
3630269
36302534
36302500
3630240
3630228
3630214
3630208
3630200229655
36302
36301963601608
363017569
3630141j
363014
3630123
3630116
3630101113
3630100576442
3630100557375
3630100259943
3630100142388
36300hsuoy
363009
36300799
3630062
3630052
36300412
3630039
36300233
3630013
3630006
3630003
363/126_363/82
362wgjoj
362stupidboys
362rappaz
362mskuf
362gun
362fsj2546
362felo
362e24
362cfdwa
362bear
362ada
362ONT
362CMRZC75
362@MAR
3629tik*
3629nual
3629969
362995788904717678645654ace
3629946
36299340*love
3629900002317
362985060
36298453
36298249
3629803
36297tkzxk
3629708sarita
362969
362967506
362965
36296380_diero
36296113629611
36296020
362960
36295897
3629560
362955
3629529s
362951847ok
362951847c
362951
36295
362949023
3629481
36294662
362945
3629442
36294363
362943
3629405
3629400
3629378
3629362900
362936
3629350
36293361
3629328
36292ssj
3629287
36292658
36292566
36292356k
362922741
362922
362921
36291b
3629193l
36291767
36291700
36291487
362914
3629112197778797
3629104
3629085
3629069014
362906512
362906
36290431
362902636339
3629014
3629007
362900
3628wzui0244
3628lu
3628dre
3628aaaa
3628993521
362897
362895cv
36289205nfp
362891
36288804
36288770a
3628863
362885206
362883
3628807
3628803
362877
3628718
362870
36286glah
362867
3628663
3628658s
3628639
3628612
3628590
36285418
36285315
36285255
3628508
3628501
3628453
3628450
36284423
3628427
36283912
3628376santie
36283735
36283630
3628354j
36283
36282989
3628284
36282599559
362823
36282154
3628201
36281987
362819
36281781
36281681
36281564
362814
3628136
36281266H
3628124
3628103
3628089
362808
362805m
3628044
362802
36280122558
36280
3627superpets
3627lane
3627hmk
3627ctmkv
36279pd
362796
362793rd
362792
3627911
3627881lolo
362788
3627815
36277880
36277770
362775
3627729
36276930
362769
362766ag
362763
3627606
3627582
362756aum
3627561
362750
3627487
362748
3627451
3627445
362742703
362740
362736lmb
3627359son
362733969
3627320
3627285
362727
362726
36272200
3627218
362719
362718
362717
362716
362715
36271284
362711a
3627110
3627105
36270814101148
3627070
362704
3627025
362702
3627015
3627000
3626qwe
3626nats
3626ds
36269jk
3626991
3626962
362695g
3626914
362691
3626909
362689321daw
3626880
362687
36268259
3626814
362680kj
3626805
362680
3626785
362677t
3626752
3626739
3626714
362670th
362669e
3626653
36266361
3626630b
3626624
362661
3626582
3626578
36265656
3626556
3626503v
36264ee
3626486
362647
362645263D
36264429807766
3626434
3626425
3626411
36263oil
36263928
362636sexylady
3626340
3626332
3626325
36262q
36262826
3626263
362626
36262000
362619
36261700
3626165lovedong
362615
36261409
362612avil
3626122
3626102
36260651369
3626048a
3626031
3626028
3626021
362602
3626
3625ta
3625sd
3625mom
3625meau
3625jeff
3625eoj
3625daniel
3625ajwr
3625LOPEZ
3625942
36259285
36258843
362588#^@%**MOH
362586a
3625852k
3625843
3625835_
362582
362581143265211
3625805
362577
3625758
362575
362573
3625690
36256639
362565
362563-3
3625622
3625619r
3625616
36256008
362560
36255835_007
3625575
3625547
3625525
36255000
36254877
362548
362546
3625436254
3625409
362540613265249
36253744
362536b
362536645
36253625a
36253516
3625349282
362532WOW
36253048
36252yvkce
36252o
36252960
36252871
3625263s
3625254
3625248minumero
3625235
362521brayan
3625199
3625187
362518259
36251621
362514fern
362514aline
362514987
362514695847
362514325
36251409
362514/8
3625136
3625115
36251074
362510
36250_36250
3625062
3625057
362503ym
362501791
36250159
36250053
362500
3625
3624rtssv
3624ltd2
3624LeHa
3624998
3624990
36249358M
36249115
3624901
3624874
3624835
3624833
362480
3624792
362477
3624753
36247313
362471ply+
3624711a
36246969
3624663
362465
362462d
3624613
362459153624
36245681
362456
36245336berrin
3624522008
36244928
362448
3624448
3624436
362442klk
362442
3624414118
3624392
362438
3624372
362436jc
362436ew
36243678
3624362
362435362435
3624350j
362433
362430
3624285
362426862
36242555
3624248
3624213
362419941993
362418989
3624181
3624177
36241657
362415121992
3624143
36241236943414
3624106
36241
362408
362406245
3624044
362402
362401
36240013
36240000a
3623r768
3623luv
3623ervilha
3623d245sam
3623ck
3623???
36239867
3623965
3623959s
362393
36239032
3623894
362388mark
36238733623873
3623861H
3623844bye
3623839
362382
3623807
36238
3623792
36237558zxc
3623729
362369g
3623685
362366
36236542
3623641
3623627
36236236
36236114129374d
362360
36235963543956
36235929
362359
362358
3623571
3623569568by
3623557
36235327
3623529
362352362352
362352
3623513
36235087
36235
3623486
36234599
3623447
3623431552
3623393
3623371-j
3623368
362336209
36233454
36233049
36233035
36232hi
362328
362327
362326690092956
36232226
3623213
36232
3623195s
3623182
362316618p
36231547
3623145
3623126
362312
3623116
3623106
362310
36230782
36230704
3623055
3623046bettY
3623044
36230402
362303al
3623013
362300r
3622tom
3622tanna
3622oo
3622mg
3622jamie
3622erenee
3622as
36229v
36229917
362297
3622958
362295
362292722
362289c
3622893
3622877
3622873
362284600a
3622830
362281k
3622809
362279
3622747
36227328
362270
3622691
3622680
362264
362263
36226126#jazoi
3622607
3622584
3622579
3622574
3622569
3622520
3622507
36224cs
362247
3622452
3622439
3622410
3622402bl
3622396270589
3622379ulima
36223682
3622364
3622347t
3622336
3622330
362231
36223021988
362230
362228
3622265
3622249
362224
3622218
3622205
3622197
362219388
3622183k
362216k
3622164
36221561
3622147
3622137
3622125
3622121
362212
3622111
36221063
362210
3622093
36220784
3622057092
3622039
3621zheng
3621pil
3621gijik
3621ade
36219955
36219757
3621955
3621946
3621913
36218mk
3621886
3621869
3621850
362183
362181
3621794
362179
3621771812
3621754elio
36217419
36217213
3621718
3621701
36217
36216sb
3621698
362166m
36216608
3621639
3621632
362163
3621625
3621608
3621578
36215652
3621551999
362153
362151
3621500
36214LAloka
36214773622591
362147302466
3621464
36214503
3621449
3621422
3621410
3621403
3621392
36213553
362133585
36213333
36213006
3621295xxsemra
36212837*
3621274
3621263c
362126
362123t
3621223
3621214
3621206
3621203
36212
3621179
36211731
362116484
36211368
3621131
3621121646
3621102
36210s
3621090
362107
3621066
36210441
3621035
362102733
362101eeamlk
3620zBrain
3620short
3620exn3620
3620ad
36209ad
36209978
3620983
3620973
3620953
3620948
36209216
36209026
362088
36208681
3620867
362084698
362082
36207924
3620788
362075401
3620737
36206d
362067
362064430
3620625j
3620624m
3620620b
3620608p
3620600540625
3620600224804
3620578
362056575417
3620559
3620544
3620531
3620516
36205089
3620500888930
36204997
36204782
362046
3620443
36204403510944
3620432
3620418
3620402
3620400405295
3620400238046
36204001
36203z
36203h88
362038
3620372
3620363
3620354
3620343sipirili
362034
36203281
362031
3620300257251
36202955
362027835635
3620265
3620252
3620245
362023891
3620229
362021
3620200384049
3620200
3620176
3620171
3620164bs
3620150072
3620136
36201270
362012
3620116189
3620101958519
3620100856071
3620100279
3620098565
362008s
3620077
362003932119
3620025398
3620008287
3620004
36200
361yea
361t388
361reppin
361productions
361oo4
361massaka361
361mamitx
361love
361hustler
361gayong
361ftml
361dominique
361cr135
361cald
361boyz
361bitch
361baby
361alipet
361_gz5id
361DogCooper
361BRO
3619bfat
36199919830509
3619986
361997al
361995am
3619955
361994t
361994b
361993a
361992a
361991real
361991R
36199118
36199015
3619900068211
36198b
361989amber
361988dm
36198842luchy
361987m
3619852
36198316
361981lay
3619800308221
361977ko
3619723269
3619712
3619700
3619688
3619674
361966
361965
3619616r
3619614
3619596c
3619583elg
361957
36195571
361955
361954
361952
36194910
361947-8
361945451
361942
3619391
361932
361931
36193
36192c
3619283
3619278$
3619257
361925
3619231
3619228
36192210
3619216
361920sebastian
36192
361917C
361915
3619125
361911
36191
3619080
3619067840
3619033
361901
3618sx
3618pp
3618liz
3618jose
36189dewzana
361899
361898168
3618973
3618962
361895ta
36189357Agu
3618919
3618906m
3618860
361885
3618838541
3618825
361881panteras
3618806
36187A
361878
361877
361874
361871
361865
3618643
3618634126
3618602
361856
3618510
3618496
361847
361846
36184520
3618435006
3618415
3618407mnl
36183809
3618364
361833
3618316hogar
3618307
361830
36182938
3618279
361827
36182618
361824
3618238
361822
3618216
361821
361820
3618196
3618186
361818
3618160031
361815930
361814
361813
3618113ersel
361810a
3618091037
3618082
361806
3618057
361803s
361802
36180114
36180003
36180
3617y
3617lockheed
3617cheshire
3617995loa
361797
36179363
36179119
361789780
361788
3617850
3617836178
36178345
361782
3617806
361777
36177133
36177000
3617692780
3617650
36176426
3617632
3617598
3617585353
3617559
36175423
361751
36175
361749
3617477
3617465
3617461
3617427361
3617381
36173758
3617362
3617358
3617347
3617327
361731515
3617285
36172525
36172412
3617208
36171mom
36171448
3617117
361710300
36170843
3617070
3617001
36170
3616lorenzo
3616amigos13
3616995
3616986156
3616970
361694
3616920
3616915
36168963ivanna
361684ra
36168244
36167980
361677
36167672
3616759
3616743
3616724129Bettty
36166998
3616694
36166721
3616655
36166308
3616615
3616612
361658
3616570
3616564
361655
3616530
3616525
36165
361649587
361649011
36164625
3616453400
361645
3616401
361638
36163787
3616376
3616369
36163579
3616352
3616330
3616316kk
361628
3616266
3616261
361625422
36162428
36162157
3616201
36161943
3616183
36161514
361615
361614
36161323
361612
361611
3616087
361608
361606
361604
36160000
3616
3615valley
3615tm
3615shane5315liddy
3615rockyou
3615mama
3615hi5
3615code
3615bouletteman!!!
3615982
3615968
3615945
36159168471
36159074
3615883
3615878l
361587
361586
3615852
361584668
361582
361579
361577
3615749234
36157331
36157176
3615701
361569halo
36156895
36156716
3615655
3615633
36156
3615578
36155668
3615553
3615548
3615542563598
3615530
361552410
3615509
3615496
3615482r
3615445
361544
36154321
361542
3615408
36154011
3615375
36153663
361536
3615322
3615310
3615301
3615291
3615267
361525573
36152442
3615243
361521e
361518K
361517
36151419
3615110
36151052
361507018*z
36150405
3615024
3615016
36150096f
36150
3614s8150w
3614pchop
3614hmp
3614egar
3614bee
3614BON
3614985
36149740414
3614966
3614915P
361490
361489265348
36148729
361487
361486
361484
36148251
36148121
361479
36147777
36147723
36147686n
36147572_#502
3614756
3614725
361471
361470
36146LAU
361467
361463
36146
361459
3614584
36145544
36145285
3614525
3614508
3614501
3614476
3614454
361445
3614445090
3614430
361442352
361442
361438
36143738
3614366
3614337
3614303a
3614296
3614282h
361424r
36142452417
361424
3614231
3614223
36142177
3614202
3614174
36141557
361414415
3614133
361412
36140balentina
361408
36140741
3614058j
361405
361404138
3614033
3614025
361402
3614007
3613willow
3613farrah
3613994
361399
3613987
36139524
3613937
361391282
36138899
3613879010
3613870855
3613850
3613846
361383
361382
36138
3613777
361377
3613736
36137026
361369tyronne
361368860824599
3613683
36136740
361364
361361fy
3613613
36136037*
36135943601829
36135779
3613557
3613527
3613508
36135
3613476
361346
36134388
3613427
3613416
3613387
3613368
3613348
3613331
3613316
36133
3613291
3613270
361326
36132536
3613245
3613221
36132121
361320
361319
36131618
36131570
3613138
361312823611165
361311r
3613105
36130944
361307
361306
361305
3613046
361303977
36130299
3613023
3612w64pl
3612mama
3612jojo
3612TT
361296
3612951105
361294891830
3612930
36129211011
3612901
3612897
361289
361288
3612866
361284
3612829213
36128118
3612805
36127alp
361277
3612745
361273
36127155
36126934
3612680
361267
3612651159
36126361
3612621
36126
361258764
3612578
3612552
3612542
361253TG
3612533
3612521
3612517
36125118824
3612509870003w
36125
36124914
3612482vale36124
3612479
3612475
361247
3612460/*-noray
36124578
3612425
361241
36124045
36124022
36123maarten
3612396
3612378julia
3612367
361235
3612337.aleja
361231z
3612301
3612280
3612277
36122652
36122521
3612236
36122142
3612200734
36121a
3612193
3612182
361218
3612160
361215
3612141112
3612138
3612133
3612128
3612126
3612119
361210490
361208z
3612058
361205
361204255
361203
36120281
36120164
36120122
3611maunalei
3611kym
3611c
361198407
3611981
361195724870
3611949
3611944
3611932
3611915kkb
3611899
3611895
3611885
3611867
3611854
3611847_MAYRA
3611838
361181
36117n
361178
361176
361171988
36117118
36117003
3611699
3611685
361167
36116680
3611660
361165c
361163jc
361163
3611621angelorde
361161a
3611609
3611590
3611585
3611559
3611547
3611512
361150236
36115
3611483
3611479
3611473
3611452
36114481
3611426
361140vs
36114010
361138
36113611d
361133
36112980
361128
361125cH
36112456
3611234
3611229
36112164
36112060221190
36112001
36111945
361118
36111687
361115
36111136
36110930
36110824
3611062
3611046
3611036150
3611026
361101
36110
3610thor
3610sev
3610jkm
3610GRAND
3610989
3610972
361094
3610930
361091
3610909
361090
3610899
3610877
3610866jw
36108514
3610838
3610827
361081
361078
361075
3610730.
3610721
3610716
3610701
3610700324932
3610700024793
361069
3610669
361063
3610628
3610623
361061
3610600581828
3610600206962
361058409
3610561
361055821
361053789
36105300
3610521
361050MMC
36105
361048aa
3610458
3610452
36104449
3610439
3610426
3610407880000E
361040589
3610400338253
3610400100672
3610391a
3610369j
3610361063
3610347sabrinita
361034
3610328
36103
3610297
361028
3610269
3610260
3610259
36102256
3610211
3610208
3610197
36101628ciro07
36101558
3610141
3610137
361012ajd
361012a
36101221flory
361012
3610100161927
36100mel
36100850
361007sw
361007
3610047
361002
3610012dto
361000161302
3610
361.64.82pitt
361   9727
360zx
360xfx
360xbox360
360wii
360west
360vteckiller
360video
360uriel
360tre
360tanner
360srd
360splat
360spiderferrari
360sperm
360skate
360share
360sck
360rocks
360rez0610
360rec
360rcg
360racing
360rabi3**
360ps3
360prlove
360pornstar
360pop
360onelove
360ollie360
360nfc
360mustang
360mrhip
360mini
360meko
360max
360man360
360mail
360love
360lkeb
360litlit
360life
360laceyfinest
360kls360
360killa
360kickas13
360kay
360jrjc
360ion
360iloveu
360honda
360heel
360hayabusa
360halo
360guwn
360grant
360given
360ghost
360gdn
360future
360forest203
360flowers
360flips
360flipcom
360flip50-50
360fl1p
360federal
360dtherapy
360die
360dart
360dance
360cupid
360crew
360colts
360chris
360che
360cena
360caramelo
360burry
360boy
360boom
360boby
360bismil
360bgd
360bellevue
360asa
360apple
360afr
360abiel
360_spider
360_rileys
360XXX
360WABDK3LINE
360Smok
360REDbrut
360MODENA
360Lancer
360KING
360GRADOS
360DAN78
360Cloak
360@kaze
3609tww
3609aj
3609999
36099818
3609951anita
3609932
360991
36099075
3609900896776
3609900828576
3609900621041
3609900539116
3609900431684
3609900414
3609900140922
3609900113500
360989561732690123377469
3609879
3609858
3609845123
36098312
360981
3609800052070
3609798
360977
36097468
3609734ml
3609732
3609726
3609700305189kit
360969
360967
360966
360961chelsea
3609603636
360958
36095687
360955
3609536095
360952
3609499
360947
360944
3609426
3609397
360938
36093672_fr.09
3609361736147024
3609343
3609323
36093037
360929
36092806
3609262
3609237
3609225
36092081615848
360920011565
3609185
36091758
360916
36091481
3609131673433291
360912
360911-0107
360910rm
3609097a
36090919niboo
3609090
360908
3609075water
360907
360905
3609019
3609
3608tljm4304
3608lover
3608a1
360899
360898
3608926316
360891
3608905
36089
360885760
3608854360
360884
3608838
3608821
360881137
3608809
360880358998353457
3608785
3608771
3608762
360876
3608736
3608714655
3608704
3608695
3608672117
36086718
3608655
360864j
36086463
360861lk
3608601
3608589
3608561354
3608525
3608484
36084662919287
3608455
360845
36084214
3608410415
3608409782
360836
360835
360831716
3608281
3608277
36082621
360825247
360823604
36082304
360822
360821
36081843607136
36081673
36081495
3608124
360811
360809
3608084
3608069
360804ND
3608042g
360803139
3608022
3608008
360800054
3607ks
3607ebay1
3607ct
3607bella
3607996
3607973
360795
3607943
3607936479I
360791
3607891
360786
3607785
36077484
3607730M
36077057
36077
3607697
3607683
360765b
360764
3607610049
3607584000
3607574
3607545360
36074784983
360745212
3607412239
3607393
36073671691abi
3607361927IVAN
360736
360733139
36072woeau
360727
36072219701
3607212m
3607193
3607183021
360717828
36071503
36071406
360712dayzstrong
360712C
3607108499931045
36070ywnpm
36070956
3607077
36070736
36070624
360703
3607012447944
360700vira
36070005
3606oreo2006
3606love
3606etbsy
3606canal
3606aysia
3606Bret
360695
360693
3606904
3606879
3606877
360685
36067lil
3606765
3606759
360671
36066fdbzm
36066714
360664AJ
360663
360659
360658529
3606572537
36065711
36065508
360653
3606523
36065
36064djerba
3606493293
360648
360646
3606431
3606428
360640
36063700
3606365123
3606361
3606343
360633
3606306
3606300
360627
360622491835
3606213000
36062
36061917
360618
3606162
3606161
3606156
3606143
360610
3606092
3606075
360606LL
3606060
3606043
3606031
3606018
360600
3606+16smg
3605ipapipap
3605go
36059506
3605935
360592
36058780
3605832
36058031
36057811/
360578
3605764
3605760
36057529
3605703
360569
3605663998
3605651
36056111
36055tygxw
360559
3605561039
3605544
360551
3605508407
36054905
360548
3605470
3605424
360542
3605405
360539
360538
3605349
3605337
360533
36053
360527
36052530
360524
3605229
3605219
36052099
36052
360518p
360517858444246319e8r7k7
3605161
3605154
360514
360513
360511
36051023
36050913
360508
3605059
360505022
36050347949370
36050200
36050075
3604strong
3604mr
3604god
3604allday
36049lhs
3604997
360493n
36049191
36049012
36048mm
3604891
3604833
3604754
3604718
36047
360468greywolf
36046569
360463
360462
360460198
36045884
3604585
360458
360457
36045670
360455
36045418
3604509
36045
3604465aira
3604450809chusi
3604435JG
3604425
3604411
360441
360440hl
3604382
3604362
3604352123
3604335
360433
3604313
360430
36042932
36042751-87477422
360426
360424
3604224
360422
3604207
36042030
3604185
36041739
360416
36041387
360411ws
3604117
3604109
36040yayi
360409700
3604065
360404
36040277
3604015
36040
3603sexun
3603ciao
3603999
3603980
3603930
3603918341
3603916
36039122
3603901
3603898
3603893
3603882
360384c
36038360
3603817
36038013
36038
3603783
360377
3603746
3603741
360369
3603668
360365
3603644
360363ana
36036100
36036036
3603601
3603593
36035714
36035691592
36035335847591
36035250
36034896
360347
360343aina
360340
360336
36033561986
3603319
3603287
36032707
36032528
3603217
36032061ZAC
3603204ni
3603200
3603181
3603148
36031177
3603100
36030f
360307514043
360307
36030528db
3603028
3603014
3603010
36030000
3603
3602true
3602local
3602PE21
360297
36029604810
3602933
360291
3602901
360289
360287
3602853
3602803
360279
3602771
360276
3602740S
360271
36026753
3602641
360262
3602605968ilovegod1327
36025yjtxz
360259121465807
360258
360257
36025631
3602560123
3602548
36025456
36025335
360251
36024r
3602462
3602435
360241
3602405
360240120
36023958
3602386
360236
3602352
36023417
3602326
3602314
360231
3602303
36022959
3602288
3602284123456789
36022835
36022713
3602268
3602254
3602247157usa
36022380
36022298
36022284
3602205145
36022
3602192
360218/
36021616600449
3602151
3602139
3602133
3602120
3602081
3602068
360206
360200m
3601vine
3601miso
3601m1
3601bb
3601995xbox
3601989
360197787
360194
3601909
36019000
3601888
3601870
3601860
36018534
3601838
360182
360181
360180666
360178c
3601778
360176
360175
360174
3601731
36017001
3601685
360168
36016444
3601641
36016040
3601571
360156
3601531
3601506
36014921
3601484
3601453
3601446
3601432
3601420
360140
360139np
3601380
3601354
360132
360131
360130
360129
3601265
3601256
360124
3601234
360121
3601200347004
3601200
3601187
3601171911
360114
360113
36011219
3601113
36011033
3601101359373
3601101322038
3601100778526
3601100389601
360109
3601058
3601049b
3601045
360103035
3601008
3600minno
3600jbb
3600faithful
3600blk
3600Exca
3600992
360098
360096
36009456511
3600927melissa
360091
3600892
360086
3600835
3600800572733
3600800063588
3600780amor
360075
3600734
360073
3600715
3600700824366
360070
3600684
360066KILLA
360066
360065079524
3600633
3600619
3600610
3600605
360060060
3600600053732
3600571
360056
3600533
3600506m
36005
36004940
36004723trevor
360041
3600400470372
360040
36003570
3600347
3600332
360030531
3600300360958
36002atims
360029
3600262
3600250
3600241
3600234
3600223
3600216464
3600207
3600200161902
36001988
360018
3600168187141
360016680
360014
360011
3600101
3600100536807
3600100178714
360010003355
3600093
360006
360005
36000332
360002
360001348
3600005
360/063
360-star
360-RDZ.VLEDO
360+7801
360*Pass2
360%bat!man
36/sexy
36/40/00
36/05-10
36.926.728@nico
36.899.350
36.788complete
36.719.631mendo
36.3671680414
36.350.472
36.210.858
36-12-0
36*37*z-n-j
36$equal
35zlp42
35ysmn2728
35yrvanky4uxnyzyzj
35yong
35yi26ng
35yearsold
35ybastaya
35yavuz53
35yankees
35yahoo
35y897ty85
35xzfwk1y9
35xxxxx
35xq6y
35windows
35willie
35wildcat
35wer
35wd2
35water
35warning94
35volleyball
35ver*663
35v63p@3t
35usmc31
35uHE5xq
35u21b13f
35twins
35tu_35tu
35tractor
35tr4d4
35toyf3l1z
35tink
35tiburon
35thelaurels
35thb25
35terry
35teos
35teban
35te-ban
35tdk76
35tarRocha
35tanzania
35tahiru
35t57m
35sw4148
35supers
35sundi
35steaderoad
35star
35stacks
35square89
35spedro35
35sonora
35so783
35snare07
35smeagol20
35sjggr35xzx
35silver
35shawn
35sexybi
35sep22mad
35selocan
35seeback
35sdmrdpsw
35sb321
35ruth35
35rtyu65
35roneagle
35rock42
35rla
35richardenanna
35ribuson
35reborn
35racing
35r3v3r85
35quabeck
35purpleroses
35ptown
35pskpsk53
35prangnaruk35
35porky
35poohbear
35pipas
35pillow
35petunia
35pes0s
35peramo
35pe13ac
35papers
35p86ie
35p1oj23
35ozk0656
35ospreydrive
35ordview
35orang@sndal
35oldfield
35ohioboy
35obrien11
35o65o1
35nyen
35nowstups
35norockyoudesu
35nn9q
35nichole
35n950
35mylife
35mybaby
35must
35mum12meg6nat
35mt35
35mp3nwjvyv
35mom35
35mob1
35missyann
35minrtl
35million
35milam
35mikes20
35mfueq
35methodman
35md35
35maya
35max1972
35masonave
35mary10
35manyak35
35maneeya
35mako04
35mag-isalang
35m3ra1da
35luvt
35luay
35loveyous
35lovely35
35love23
35louise
35longworth
35lollipop
35livinglife
35linda
35lim0626
35lifeuk
35lerner
35legends
35leader
35larama
35lag77ny
35l797bp3
35kslj1996
35konak89
35kjv61ksk35
35kilbronx
35kicks
35kemlon
35kd35
35k35k4k
35k00295
35jplyo909
35josemanuel
35jihad37
35jesus78
35jena
35jean1972
35jayden88
35janet
35jamesdaco
35jalan1
35jacobi11
35jaar
35izmirli35
35inR!ms
35i9fjm
35hyper
35how
35honda
35hnbj
35hjukt
35high
35hhpl
35hermo
35hellno
35he125
35hawtin
35halsey
35greg44
35glo2ve
35gladstone
35gjgj36
35gilbert
35germany70
35gateway1
35garlandstown
35g10c25
35funmom
35free
35foxtrot
35flea32
35fgerd5
35ferya
35fbcfca
35f50a92
35excellent94
35escapo
35erxlop18735e
35ermin12
35england
35eminem
35ejletsrocket
35ecoASDRUBAL
35eagle
35e1nn3Y
35dustyf
35drs28
35dprs
35dope
35dogs
35dodd
35dino
35diff
35dicks82
35dell
35del90tauromayo
35deep
35darentclose
35dancers
35dalton82
35d5858
35cuties
35cs23
35cris
35county
35cool
35cml81
35ck03r
35chica
35cherrypie
35cheer
35cheche
35chairs
35cent
35cedar
35cc424f57
35carsonstreet
35canadian35
35camaro
35c1f001
35c0rp10n
35bviqnj
35buster
35bulldog
35bubu
35bruce
35br939
35bounty
35booger
35bmk53
35blue
35blood35
35bliss24
35blessed
35bitch
35bignut
35bgr
35beudh
35bengisu
35beautifu
35beans
35bblk
35bayray
35basketball
35bandera
35balla
35bailey
35b350
35av2975z5
35asor
35apples
35answers
35angels4u
35angel
35amazing
35alikiano
35alediva
35alai88
35al4210
35ak67
35ah5415
35aelizabethave
35a99
35a4jer027mie
35a36s18g
35a18b96
35_polat_35_baba
35_KEREN
35_1631m
35TR311A
35THPNY
35T38ANA18AMAZ0N
35STAR
35S30F
35RONSON
35QUEEN
35PUMo517os
35PH3120
35NINI
35Marybel19
35LjT14/El36/69
35LUV35
35KIZILMASKE
35KEITHST
35I11OQPRUBATO
35Hoyakepark
35HHUJBO
35Douglas
35DV!%@
35DANIEL
35Claurome
35Cammeraat
35CQYMPS
35Bisney
35B53B4272
35@tugba88
35=ji420mo123ani
359zinnia
359uxzby28
359start
359sheythe
359rnean26
359pearl
359paNOR
359mpqds28
359mile
359kprincess
359jordan
359hull
359hm7429
359f38
359elw
359dfs
359bjk
359VNUMA99
359@KentWing
3599guada
3599988
3599974
359994
359992
35999
3599863
3599808
3599792126h
3599758
359974
3599686
359966362574
3599627
3599594
3599545
359953359953
35994abc
3599474
359945
35994051
359939
35993444
35993140
3599295c
359928
359926
3599240
3599202
35991985
3599193
3599168
35991360
359911
359910
359907yoiyoiyo
3599062
3599008
3598jg
3598bl
3598973
359897
359893
359891
3598840
35988
35987g
359877
3598751
359871
3598698
3598669
35986065
3598596
3598576
359856884
359856
35985441
3598533
3598493
359847alex
35984627
359844729071488
3598400
3598384
359834
3598328
3598309
359828429
359826328
3598234623
35982001
35981792rute
359815vgp205
3598143
3598113
35980Pop
359809310
3598085
3598077
359805300
3598029
359801703
35980070
3598
3597baby
359793412089
359788r
3597870a
35978682
3597824
359781846
359779531
3597785
359777
3597749
3597731
3597720
35977
359767ld
3597663j
359765317
3597640
3597635
35976177
359761277
35975993
3597578
35975391
3597519731
35975134
35975123
3597473
3597459
359741v
3597417043
3597410
3597399
3597393
35973597
359735
359731190
359728787
3597265
359723692
35972201
359720b
359718
359717012444127
3597163
3597146
359712004
359705g
359703
3597009meli
3596ric
3596np
3596meg
3596hls
3596AUDIO
3596979852421636465
3596954
359691
35968938
3596880
359685m
359682401574826
35968
359678
359676253
3596752
35967311
35967022
35966830
35966722a
3596632
3596597
359657ordinary
3596564
3596557
35965281
3596508
359647
35964178
359635963596
35963516
359633
3596309
3596301
359629
35962883
35962547
3596235
35962109
359620582436
35961822
35961380
359611493
35961
359608986
359605
359601
35960014
3595woman
3595randy
3595kyle
3595jb
3595997
359594578
359592
3595903
3595857
3595842
35958007
3595758
35957515
359573
35957179
3595685
359567
35956641
35956593
359564
3595615
35956
3595550100
3595531
3595501
3595485998U
3595485
3595473
359545582132
35953jvmch
35953827201
3595358
35953357
35953200189
3595237
3595224
359521cn
3595210
35951d
3595172
359516
35951405
359512
3595116
3595102
3595090481
3595048
3595027
359501
35950000
359500
3594ztbig
3594lsls
359499
3594976
359492a
359490
35948wiht
359485
35947894
3594786
35947626
35947499
35947447v
35947239
359470266
35946850
359461mmb
3594596
3594535
3594525
3594481
359445
3594442576
3594416
35944
3594376
35943594
35943447
3594337
3594332
3594280
359426ad
3594218
35942
359419
359418
359411
35940940
35940792696
3594050
359402.00
35940000
35940
3593nh
3593love
3593cdk
3593CATHERINE
35939802
35939586
3593950
3593931eg
3593876
3593840
3593804
35938
3593776
359376
359374
359371
3593641
35936383
35936207
359361
3593598
3593563
3593559
3593548
359354
359351
3593472
3593445
3593393
35933593
3593350
3593308
35932k11
3593295
359329
359327
359326435
3593242
359323
35932159
359316m
3593144
3593113
3593111
3593097
3593075
3593059
359304
35930250
3592xana
3592ogden
3592love
3592far
3592995
359297
3592937
3592934
3592926
3592905
359288bow
3592849
3592834k
3592816
3592782
35927468
3592710
35927
35926d
3592689
359264
3592612
35926
359258
3592560
359252
3592513148
3592507
35924566
3592436
35924301
3592426
35923changowangho
35923486378we
359234
3592324
3592316
3592308
359230
3592274
3592256
35922406
3592222
3592206
35921975
359219
359217h
359215781359
3592144
3592133
35921300
3592107
3592099keren
359207
3592046
359203
35920088
3592001359
3591wem
3591pp
3591erick
3591bt
3591989
35919609
3591956
3591936
3591926
359191
35918vck
35918810
3591874
3591866
359184
3591808
35918
359177
35917658coyo
359172
35917
35916751
3591600
3591581
359157759
3591574682
35915728
3591572486
3591570
359154333
35915376
3591518
35914j
3591491z
3591481
359147268
3591469
35914550
3591440120289jyb
359144
3591424
3591402
35913peeps$
3591377
35913250
3591311
359130
35912882702
3591253
3591248c
359123j
359123
359121
359120330
3591202
35911mjn
3591194
359115j
35911499
3591138
3591123
359112025918
3591109
35911
35910a
35910826613520
359107
35910380
3591027
359102072
359101
3591000
3590tati
3590jas
3590este
3590cms
3590aholla13
3590RD
3590957
35909417
3590922
3590881
3590879
3590875
3590853
3590849
359084
35908038
35908
35907514
35906a
359067a
3590621
3590544dj
359053
35905196
35905
3590488
3590452
3590428
3590419258
3590370
359033
35903
3590279
359026
35902529
3590240x
3590229
3590202
3590199
3590189
3590176
359017
3590165j
3590156
359014
359011
3590089
3590082
3590071
3590060c
3590057343
35900325
3590023
35900123
3590001
359/mister
359*7983125
358yo
358tampst3308654
358south
358s4327
358rock
358orula
358mel
358kvjm
358intan358
358gt0568hpassat
358elsi
358coly_7311
358cid
358atqd
3589pass
3589meg
3589ka3276
3589ba
3589adie
35899bvl
358999
35899793787215la
35899563
35899209123
35899
35898mgmff
358989
3589881
358987
3589849
35898
35897jbcsz
3589789
358977e3
3589741
358972
3589694
3589674jsh
358965
35896222
3589599
35895751
35895673
3589558
358951
358947b
358947
3589463
3589447
358942014
35893935
35893647
358933
3589306
3589291
358926
35892100
3589206
35892
35891611
35891578
358914ma
3589136
3589123
35891220
35891+-
3589080
358907641zoaked
3589060
3589050
3589023
3588tn
3588of
3588mayo
3588cameron
3588andy
3588acumi
3588EMILY
358896824
3588961
3588954
358894
3588901
358889
358886she
358882
3588812
358878
358875
358873
3588722
35887
3588669
3588663
358865
3588624
35886040
35885ofuno
3588530
3588520
35884996934
3588476
35884
35883678
3588354
358831
3588299
35882818
3588268
358825
3588231
3588215
3588184
358816a
3588155
3588144
35881241
3588116
358808
3588047
3588041
358802
358801
3588007
358800
3587ritinha@
3587ms+m
3587au
3587BKR
358797
35879417
358790
35878759
3587861
3587859
358785
358784172
3587834
358781
3587786
3587771
3587753
3587672
3587658794
358765
3587625
3587616
35875puhi
358758
358754
35875086
358746
358744
358742013
358741023
35873uazuay
358736
358735kx
3587348
3587323
358730
35872646
35872587158553
35872527
35872054
358719
3587166
3587155
3587130
35871141
358705
35870362
358702
3586west
3586shoei
3586maxeus496537
3586gemmati
3586dog
358697
358692brian
35869069
3586899
358685375
3586812
358678a
358678
3586740n
35867.Aki2
3586690
3586678v
358665ela
358662buterfly
35865829
3586554
358654
35865
358644318
3586412
35864
3586363
358629746
35862433
35862382
3586217
3586206m
35861741
35861373
3586113caleb
358610
358605523
3586021
35860
3585mc
3585jo
3585grubby
3585cuka
3585ah
3585FEE1
35859577
358594826
3585916
358589janice
358588
358586
3585857
358583
3585828
3585816
3585810
35857934
3585775
3585766
3585756
358567
3585653
358562
358560
3585558
35855439
358551369huis
358549021
358539
3585370
3585329
358531
358528
3585274
358525ma
358524918
358523
3585215
35852071032ful
3585166
358515
35851111
358509
358508
3585059
3585037
3585028
35850120
3585010
3585*bra
3584pz
3584gus
3584Flores
3584993
3584984
3584975
358493therasmus
3584923
358484rh
35848285
358481130
3584806
35848
3584764
358471282
358471
3584700
3584686
3584674
358465D
35846411231
35846143543
358460348464348464358460
3584587
358456369
3584521
3584519
358444
358442668562
35844191
3584410873112
3584405grecia
358440
358437
35843450406
358432m
35842fla
358429
3584257
3584212
35842**
3584197
35841819
358417
3584144
3584143
3584138
358412365
35841043589410
358410
358408
358407
358403231
358401
3583ssa1
3583ryan
3583kh
3583hv
358398
358392576
3583895
35838503
358381
35838
358377
3583710
35837
358369
358366756
3583640
358362
35836181
3583607
3583600
3583577
3583544
3583539
358352brett
3583518429
3583515
3583491
3583444
3583434
3583401
35833862
3583368r
358336
35833149
3583285
3583259r
358323
3583216
358321
358320
3583191
358318
3583156320284452
358314
358313
35831139
35830437
3583009
3583
3582trb
3582sarah
3582ma
3582d3582
358299
358296
358294
358292
358291
3582893
3582865o
3582857
3582808
3582771
358276
3582746
3582726
3582718
3582687
358267
358266
35826363520
3582621
358259bere
358259
358256
3582547
3582536
3582525
3582503
3582497
358249302
3582445
3582411mmc23894984
35823711
35823620
358232
35823091
35822m
3582279
3582278
35822594
358225
358224
358219
358216
35821541
358212736
35821137
358211
3582095
358205004
35820303
358201
3582001
3581kit
3581ice
35819sbjl
35819901
358197ce
3581936
3581923
358190
3581866
3581844
358181
358179
358176144
358173
3581725
35817
358169
3581657
3581635
3581618
35816002
358156
358154
35815140
35814987
3581478
358146kalkandere
35814411
3581436
358143
3581394
3581387
35813680
358135
3581346
35813322736769
3581321
3581315
3581302
35812f
3581292
3581286
3581248
35811a
3581175
3581130
358111
35810ma
3581087
358107
3581049
35810123
35810081
3581
3580ovyyx
35809956p
3580960
35809262
358092
3580901
35809
358085
3580815
358081
35808
3580767
358073
358071
35807
358068358
3580652
3580626
3580616
35805gdyjg
358058419
3580551
35804922821258
3580471
35804572
3580442
35804261
358040olenka
3580400142708
3580400014378
3580388
35803600082301
3580328
35803044
3580298
3580263
358024f
3580245
358024
3580231
358021482
358017
358016
3580147
358013
3580122
3580111
3580100112854
35800790
3580062
3580044mariange
3580035
3580025
358/54
358-4014
358 lexa
357zugtc63
357x951z46w
357w951
357tyco
357tmf
357tekiero
357teamo
357swifey
357stranger-.
357square
357slug
357shntd9too
357s1031
357rock
357redgabarda
357ram
357r3114
357pudda
357pooh
357pet
357ooh
357oluap
357nine
357mmm
357mikey
357mash
357mail
357maginum
357mab
357lrs
357log
357lee
357lane
357l,..159l,..
357kkiittyy357
357khw
357jtn
357jello
357j2tfh7xig
357igirl
357heh
357gun
357getloose
357get6
357g9655
357frog
357fallview
357elmejorbaile_
357dyy
357dee
357cuzz
357crown
357crew
357chrome
357cg
357cards
357bro
357boon
357bjork
357bit
357baby
357aussiegal
357ange
357allenwo
357adg
357_doble_j
357_Magnum
357Slug
357RAZA
357MichiTeAmo159
357MIKE
357LEE
357DrMIKE
3579water
3579ray
3579momcil
3579lg
3579klb
3579jh
3579jc
3579jah
3579glady
3579fd
3579canda
3579LAWS
3579999
35799850678
3579966
3579956
357994001011
3579900325907
3579900176928
3579900013557
3579900
357989
3579877
357987,l
357986
357984612000
357984261
3579821a
3579800153038
35797425
357973
357971
3579699
35796855
357965018
3579643
357960M
35795z
357959
357955555
3579537
357951y
357951richixD
357951ly
357951jk
357951b
357951B
3579518526540
3579517539
35795165
35795155
3579514682a
3579514628
357951456852
3579514268050507
35795136
357951357
3579512635
3579512486
35795123654
357951123698741
3579511
35795100
35794719y
357945
3579422
3579415
3579402
35793n
35793729
357935ait
3579357
357934767
357934
357933003093169
357931
3579293
3579281
35792600
357925
3579246a
35792468
357923
35792210
357921nh
35792
35791989
35791698
3579164A
35791506
357914357914
357913941jackson
35791347
3579123456
357911sl
357911eak
35791136
35791112
35791103
3579103
35790r
3579093
35790654
3579045
357902197
3579020
357901
35790014
35790.
3579-lin
3579(ceca)
3578vali
3578so
3578ploy*
3578mexi
3578josh
3578jb
3578beyer
3578angus
3578996
357898753
357897
35789684
35789654120
35789651
3578964
35789632145
35789630
357896 303630
3578951ori
3578951ac
357895123a
357895115987530
35789510k
3578945625
3578935789
35789200
3578913004
3578890
357882
3578816
3578773
357871535249899735
3578698963
357868155
35786624
35786491
357864
357862
3578589
3578568
3578559
3578554
35785296
357852147
357852123456
357850
35784813578481
3578466843
3578446
357841821
3578416
35784100
3578408kp
35784
357835
357831
3578294
3578272272
357826
3578252
3578228
357822
35782193
3578175
3578154
3578141
35781259
35781
3578047sd
3578
3577s
3577flrs
3577elvis
3577JM
3577977
3577912
3577904
357789la
3577896548
357783234
3577769
35777324
357771
35777
357769
357765
35776313c
35776285
357761nm
357757623
35775575
357753sung
357753s
357753noentry
357753hp
357753cj
3577537115
357753532z
35775321
357753149ape
3577530
3577513596
357749
3577480
357741648
3577413174
35774123
3577368
35773211
3577297
3577276
357724k
35772316281314
3577212
35772
357719988
357719
357718
35771414
35771283
357711317
3577109
357710
35770730
357706
3577031
35770098
3576wcrob
3576dm
3576RANDY
3576963
3576948
3576935769
357692
35769
35768900
357686
357682419
35768
3576778989
3576750
3576737
357670js
357669333
3576670
35766272
35766
357658483
3576572
357655324198
357654310393
357653051
3576501
3576482cute15946283
3576479
3576475
357646675144
3576442
357643
357641
3576394
357638
357635763576
35763519
3576341
3576317
35762m
357629
3576280391
3576262
3576245
3576225
3576211v
357620c
3576198
3576185
35761384
357611
357610
3576036
3576025
357601
3576002ks
35760
3575sno
3575buddybuddy
3575XoTJ
35759842
3575963
3575942
35759032
35758t
3575875
357587
3575835758
3575810
357580
35757777
357575
3575748574
3575744
357571595935757
3575701E
357569885
3575680
3575656
3575621
35756066
35755519
3575516
35754900
357545s
35754043
35753f
3575369
3575340
357530
3575259
357524
357521
35751982
3575190
3575177
3575164
357515636
357514
35751319
3575128
3575110
3575088k
3575077
357506
35750487
35750407
3575014
35750
3574r50l0
3574mode
3574kenkel
3574chuck
3574990
3574976
3574943
3574927
3574923
357489
3574864
357485
357480
3574786
3574759
3574744
3574734
3574720
3574709
3574698120*
3574687
3574651
3574605g
3574600
3574590csa
357456951
35745686
357456147
35745548
357453822
3574527
357452
3574518
35745019
35744nm
35744691
3574439
35744037
35743three
357438fh
357435
357433cra
3574312r
357430
3574294
35742869
35742578ra
3574240
357423
357422
35741k
3574187
3574181
357416
35741598620
35741596
357415
3574144
357412mas
3574129035jimmy
35741258
3574123698
357412159632
357411357411
35741014
3574081
3574058
357405
3574013
3574004
35740
3573woff
3573tosh
3573s3573
3573leni
3573hdn
3573cm
357398
3573939
35739040
3573896
357384n
3573822
357381
357380
3573779
357375
35736@ipek&hacer
3573690
357367893573
3573666
3573648
3573631990
3573614
35736015
357359
35735800
357357b
3573577
357357357s
3573573
357354
35735312212003
3573528
357351935
3573506
357346
357344
357343
3573404
3573358
357335735533
3573347
3573306ml
3573303
357330
357327
3573258
35732362a
3573230
357318773
357316s
35731591
3573133
3573114
357311003
35731
3573095
3573075108
357306
3573048
3573016ncm12
3572tam
3572irian
3572990
357297
3572958
357291ob
3572914
357289
35728459
357282
3572819
35728000
3572771
35727650
3572749
3572700
357269675
35726938
3572665
357265
3572641booboo
35726357
357262
3572618
3572591
3572584
357256
357251
35724l
35724942mar
357247wow
357241689
35723ccjci
35723724
3572363
357232401
35723158
3572302p
35722mom
3572284
3572277d
357226
35722510
3572229m
357222
35721989rosy
357217s
3572162
35721311
3572129159
3572123
35721
357209
357206
35720277
3572023
3572019a
3572006
35720
3571yncc
3571rob
3571jj
3571etsumo3571
3571dc3
3571chin
3571SINGO
3571CD2604
3571984
3571979
35719627
3571944
357192025
35719100
35719000
3571850
35718246
357179
3571777
3571758
3571723
35716filipa
357169
3571666
3571659
3571648
3571628
357159zx
357159t
357159lr21
357159khalil,;:!
357159jck
357159en
357159blues
357159PC
35715987
3571598624
35715985264
3571598520
3571598426mwz
357159753
35715969
3571596482
35715963
357159582
35715946852
3571594628
3571594562
35715941
357159359157
35715935
357159258654
3571592580
35715923
3571592
357159123456789
35715901284
35715900
35715879
3571566
3571540
3571534
357153
35714c
3571491
35714869
3571470
3571462
3571436919968791
357143
3571415
3571412
357140
3571397d
35713926
357138
357137
357136
3571346
3571329
357132122d
3571307
35713
3571268308
357126
3571258
35712486
357123a
357123690
3571220d
357121990
35712151991
357120023
3571200143329
35711km
357118
357117
35711593
35711559900
357115357115
3571145
3571138too
3571138m16
357113870
357113869
357113816
3571138123
35711381
3571138007
357113231237
3571128yo
3571125
3571124
3571118
35711054
3571100357
3571100206108
3571100092017
3571100
357108
3571055
3571049
3571042
3571031
357101987j
357101255785
357100bh
3571000411826
3571000180913
35710000
35710,
3570zxt
3570marix
3570kiowa
3570jason
3570a
357099
357096
3570948a
357092
3570908
3570900331569
3570900209178
3570900124318
3570900
3570891
3570846
357083
3570807
35708
3570776
357075
357072J
35707082539
3570700960244
3570700924451
35707004857412
3570700368876
35707001
35707
35706915
3570667
3570645
35706280
357062
35706083
35706
3570582c
3570566
357056
3570551a
3570535
3570527
357051
3570500578150
3570500440000
3570500069476
3570495
3570474
357046
3570444256
3570414
3570409
3570401040216
3570400780496
3570400266661
357040
357038
3570357
3570342
357033
3570310
3570300445199
35702coesu
357025
3570228
3570222
3570200693093
3570200240
35702
3570169
357015
357013504
3570129
3570124
35701212
357010kook
357010191
3570101555768
3570101357575
3570101150539
3570100772
3570100692
3570100465731
3570100337953
3570100274382
3570100158650
3570100079628
3570100028772
3570094
3570086b
3570053
35700011
357/lau
357/*vlady
357.ogp
357.22
357-555
357+-*
357 pistol
356tulla
356syndrom
356sd
356prov
356noah
356minky
356kruty90
356in48
356gori
356evi
356days
356catty
356azul
356aluisnoeerika
356aircadets
356_597
356LALO
356Apples
3569penny
3569ms
3569flor
3569cas
3569abcd
3569989
3569982
3569954
356994
35699260electro
35699133
3569900189493
3569900083
3569895yy
3569887
3569874100
35698722
3569866
356984
35698217
3569813
3569806
356977
3569746
35697396
35697251
35697047
3569680
3569673
3569666
3569659
3569626
3569595
356953k
3569512
3569466
356945
3569405praw
35693floyd
35693700
35693480
356933
35693022
356927
3569253
356921pp
35692128
3569209973
35692
35691991
35691756903
35691693
35691258
3569122
356911m3
356911
35691013
356910
35690x:
3569092
356904
3569012j
35690
3568rx
3568Diana
356899
3568979
35689562
356895345290164
3568931
3568912
3568902
3568897
3568882
356886
35688380
35688333
356883
356881qw
3568789
356877
3568766
356874
3568717
356866
3568608
356859l
356857
3568560
3568545
356852
35685
3568475
356847135
356846365
35684291
356842*5madq
356841
3568404
3568363
35683458
356833c
3568312
35682703
3568251
356824vaughn
35682437
35682309
356822
3568203
35682001miagata4
3568195
356818
35681380
35681013
356809199
356808868a
356808468
3568053
356803
3568019
356801
3567remusj
3567les
3567djop
3567999153298642
3567970
35679627
356795
356793
35679174
35678a
3567899
3567891
3567865
356782681
356781430
356778
356777
35677606
3567702
356769322
356768
3567676
35676577
356763301
3567610
356760078
3567566
3567515873
3567485
356746draqfain
356745
356743
356742
3567402
35673ijqmr
3567389
35673755
356737
35673645
3567356700
35673
3567269
356724
356721
3567204
3567155
356713
35671258
35671249
3567096
356703347
356700
3566usf
3566kairi
3566e140
3566adri
35669930
356695
356694
356692
35668837
3566863
3566855
356683
35668243
356680
3566795
3566782
3566754
35667189
356670
35666dxb
35666870
3566651a
3566626
35665909
35665632
35665605196021
356650
35664858t
356644
3566438
356642533tk
35664068
3566398x
3566374a
3566356
356633
3566316
35663
356627429
3566231
356620004
35661803
35661734
356615
3566120
35661050
35660rkyz
356608865
35660643
3566037
3565xXx
3565noe
3565lunch
3565iqpb
3565delta
3565bubblyblonde
356598273
3565967234
356595
356592
3565880
3565850
356584
3565836656
3565805
3565793
356579
35657447
356573
356570
3565699
35656858
356566240000
35656415
35656267
3565621
3565602
356557
3565552
3565522
3565502
356548
3565459a
356543
3565394
356535f
356534
356533
3565314
3565311
35652rzyiy
356528fjnj28
3565267
3565241
3565210
356520
3565187
356517123
3565148
35651323
3565113835
3565098
3565048
3565009
35650
3564inter
3564billy
3564JAMES
35649966
35649900
3564959
356494
3564928
3564916
356490
356488
356487
3564848sh
3564839
356482
35647Y
356478756
356477777
3564767
356473princess
356473
3564728fma
3564714
3564679
356466820
356465
356463P
3564610
35646055
356460
35645beatles14
356458g
35645802
35645653
3564535
3564508
3564496
356446d
3564454
356445
3564435974788891
356442
3564405
356440
356436
356433
3564308
3564302
35642800
35642695
356424
35642291
3564219
356421
3564205012mido
356417p
356416
3564129
35641232
356411
35641027
3564096
3564078
3564066
356406
3564036
35640313
3564013
3563zd69
3563myss
3563jfsev
3563gjazp
3563crg
35639migss
35639355
356392-
356391
356389
356385r
3563852
356384
3563790
3563746loco
35637128
356367
356363
3563617
3563604
3563600
3563591
356356w9
3563563
356354s
356353
3563519noni
3563510
35635
3563493
3563459
356344deyvi
3563447
3563445
3563432
3563406
35634
35633d2c
3563365
3563353
3563336789
35633034
356330
3563267
3563259
356320
35631973
3563182536
3563176
3563152p
35631294625120
35631208
3563119
356311
35631054
356310
35630615
356305
356303
3563000
3562zkyga
3562dc
35629i
3562985
3562962
3562926
3562917
356290
356289753698412e
35628722
356284619371519
356282
356279
3562785
35627782
3562768
356275
3562745
3562734
3562728
35627153
356267630
35626740
3562668
3562661990
3562660
3562645
3562642dad.
35626393martin
35626246
3562614
3562606
3562596
356256
356254854317
356252asd
35625163
3562495
3562492as
356248951124
356246
35624510a
3562446
3562440
3562420
356241
356238
3562360
3562334
356233
3562317l
356231
3562304
3562302866
3562286
356226
356223l
3562233
3562226jessica
35622000
356219seckinka
356218
356215422546
35621453
3562144
3562123
356212
3562117
356211
35621018
35621
356209
3562071
35620657
3562047
3562010203
3562000
35620
3561tobyss
3561gaul
3561claremont
3561988
3561945
3561927
3561912
3561882=alonso
3561878
3561872m750q
3561869
3561846
3561819
356180
356179d
3561786
3561766
3561741
3561713
35617001
3561689
3561678
3561670
3561657
3561653
3561636
356163
3561615
3561601
3561591
3561577
3561562157
3561553
3561545anavi!
3561527
35615189
35615132
3561507
3561499
35614894
3561470
3561466
35614555
35614452
3561430
356141618
35614102
35613cool
3561360
35613562
3561354
356135
356131091131
3561291
3561288
3561272l
35612617
356125
356123p
3561237
3561220
356121
3561206
356118
3561164
3561154
3561134
3561129
3561121
35611
3561087
3561071
3561067
3561054
3561040
3561026
356101ms
3561008_fatih
3561006
3561
3560dn
3560ar
3560990
35609847
3560974
3560922631
3560920
3560910
3560901
35608968
356088
356081.5
35607yumee
35607840
3560758
35607525
356075
35607442j
35607243
356071
356070099999
35607
356069
356063
3560600066134
35606
35605842
3560540
3560531
356052
35605161
3560500700737
3560500177554
356049g2
3560486
3560462
35604511
3560447
3560441
356042499
3560400161
35604001
35603adh
3560383
35603632
3560360aom
3560353
35603232
356032
3560312
3560300619065
3560300563744
3560300347324
3560300
35602cn
3560291
35602809
3560256
35602462
356021
3560200316923
3560200149661
3560195
356019
35601864
3560172
356015822
3560138
35601266
3560116
356011
35601012
3560101047231
3560100608914
3560100357873
3560100212972
3560100049176
35600974
356009)
35600851
356008
3560060
3560042239
356002
3560009920111
356/32
356-3423*
356-1187
355wagon
355tro
355tbkgd38
355sidj
355pooh
355n8y
355grass
355emo49
355donna
355coconut
355beehive
355afs6
355STAT
355BALDEO
3559school
3559ar
355996
3559915
3559900162234
35599
3559890
355988s
3559867
35598650
355985
355976
3559750
3559742
3559730
3559725
355969leo
35596399
355959
3559545
35595383534791
3559501
35594731tt
3559468web
3559426
3559332
3559278
3559256
3559190
355917
355916
3559121
355910
3559096
355908784
3559069
3559035cda
3558t
3558lovemax
3558DF
3558986595
35589724
355892
35589127
355888
3558852
3558821
3558792
355879
3558752
355874
355873
3558696
355868
355865873
3558652
355863692
35586125
355859632147
3558588
355858
355855walaa
3558546
355851
355850
3558473426953
355846
3558453
3558421
3558415dd
3558395ll
35583667vg
3558340
3558311
35582t
3558278
35582611
35582418
35582
3558173
3558160
35581
355807224
35580600
35580173444931
3557jess
3557ctb
3557af
355799D
35579950
355797
35579170
355788
35578514844
3557829272e
35577s
3557787
35577467
35577130
355770
35576967r
355769508
355767
35576496
3557625
3557621
355760
3557577
3557545
3557537
3557519
355748
3557475
3557454
3557444
355743241j
35574000
3557369
35573574
355735
3557333
35572c
355728
355724
35572020
35571959
3557165
35571363
355713
3557127
3557105
3557096
355708
3557075
355706055
355702
35570110
355700009392917
3556marijke
3556cg
3556bulldogs
35569847012
355697
355695
35569
3556896
3556889
3556884
3556864
355685
355678
355675
3556732
3556719
3556710k
355669028
35566831
355668
35566553
355663
35566
35565l
355658a
35565751502782ab
355656
3556551
355654115
355651
35565
355648
3556454
355644
3556428mm
3556417
3556409
3556388
355637
3556339
3556304
355629355629
3556274
355626
3556237
3556215657
3556201
35561655
355616
355613281
355610
355606l
355605
3556033
3556029
35560257x
35560128
3556
3555molly
3555medic
3555che
3555T
355599
355597pro
3555960
3555927
35559
3555862
3555858
35558095diego
35558
355578
355576
3555755708
355574
35557212
3555709
355567
3555654
355562
3555594
3555565
3555553
3555532zm
355552
35555111089
3555473
355546170
3555451
355542
355541
355536
3555351
3555335
35553101
35552828
35552718popi
3555264
355525
3555235552
35552128
35551952
3555152a
35551466
35551
355507
35550
3554ever
3554bolt
3554984
3554978
355492492
35549
355487
35548511155134513sho
3554800
35548
3554786
355478
355475
3554733
3554718
3554695159
355469
3554688
35546789
3554662
3554640
355463
35546
35545851
3554576
3554568
3554562662
3554552
3554537
3554534354
35545171
35544bws
3554487
35544735
35544650
3554420c
3554417k
3554407
35544
3554378a
355435me
355435
355433
355432
3554305n
355425
35542484
3554230
35541993
3554176
3554128
355412
355410
3554062
3554055
355402
3554
3553r53
3553mike
3553isCOOL
3553ab
35539kk32
3553977
355394
35539229
355391
35538892
3553880
3553878
3553864
355385
3553816
3553808
355379975669
355378
355374
35537251
35537
35536dpykt
3553692
35536540
3553636700
355360gts
3553600
3553588
35535805dash
35535535635
3553551
3553549
3553526
355352
355351
35535
355346
355343
35533753
3553364
355333
35532882
355327
355326
3553251
355322
3553212
35531989
3553190
35531414
3553108
3553087
3553066
35530581
355304111989
3553031
355301A
3553
3552mx
3552ek
3552_niwat
3552996
355298
355297
355294
355293
35528792
355286
3552811a
3552783
3552770
355276
3552740
3552733
355271
355270701
355270
355267
35526533
355259
3552563
3552558
355255614515506l
3552536
3552506
35524966
3552466
3552459c
3552451
3552413
3552401
35524
35523877
3552383
3552335523
35523208
35523
3552273
355226022
3552240
3552235
3552224
355221
3552198l
355217
3552166
355216
3552136
355211684
35521066521andi
3552099
355209
355207
35520634
35520512
3552033
355202542
3552024
355201
3552001
35520
3551yoojin
3551rrahs
3551naruto
3551kisha
3551abhm
3551971
3551944
355192355192
355192
3551918200
3551915
355191
355189tu
355189
355188
3551863
3551832
355180
35517706
355176
35517359
355172
355169
3551662
3551645
35516310
35515898
3551571a
35515520082518
3551539
3551525
355151910
35515085
3551495
3551477j
35514522730
355144
3551432
3551415
3551412
3551400
35513s
3551364a
355135
3551323=meli
3551316
3551302
355129
3551275
355126555
35512437
355123
35512005coe_1
355120
3551167
3551159
3551149
3551146
355113gb
355113
3551118
355111
3551103
35510me
355109
355108
3551046
355103
3551028a
3551010
3551000093972
3551'3551
3550pineview
3550jtn
3550boyz
3550987dc
355092
3550904
3550900192445
35508modtq
3550872
355085
3550832
3550820
35508019
3550800046072
355077
355076
355074
3550717
355071
3550700559019
3550700068333
3550700035931
3550677
3550655
3550633
3550610
3550600142957
355057
3550543
35505253
3550515
3550490
355047
355044
3550433
355042
3550409
355036
355035503550
3550355
355035
355033
3550325
355032000899850
355031476
355029Z
3550284
355028
3550270123
355024
3550225
35501989f
3550188
355017
3550141oruga
3550130
355011
3550104
3550100773168
3550100335675
3550100252869
3550100082963
3550094lq
355007
3550050
3550035500
3550030
35500242
355001
355/00
355*wassana
354zx321
354udai
354stinkie
354r7z83
354mc9hu
354l0k4
354izajoan
354gualberto
354dento
354caddyst
354bzDaZE3
354bgt
354adizzle
354_cmu
354PUTRAT
354KIN
3549qxeoa
3549curry
3549ERICKA
3549975
3549951
35499282
3549900108
35499
3549876512
35498521
3549834
3549812549
35497501208
354974
3549693
354967
354965287448
354962
354961201007
3549605042129
354960406022
3549604040249
354960403126
3549604030091
354960402109
354960401026-7
354956
3549554
3549518PINTOR
3549512
3549505054190
3549505030091
354950403008-4
3549491
354948
35494553
3549435494
35494301244684
35493853549385
3549362Hkt
354932
35492wa
354929
354928
35492238
354921
3549165
3549118
354908732ba
354907
3549052
354902385
3549022
354900m
3548tnmdb
3548hkp
354899636
354897683
354897
35489312
35489
354889
354888
354887
3548854
3548838
354883
3548821
3548793
3548774
354876
354870N
3548697
354866970
3548660
35486416
3548619
354861180
3548605041461
354860503507-5
354860406129
354860404123
354858482814
354855jaaaroman
35485376
354851203201
354851203004-5
3548506
354850503034
354850411021
354850402027-7
354848
3548456
35484354
3548400231051214
3548381
35483548H
35483406h
35483274
35482n
3548250
35482285
354821
3548201
35481900
354818
3548110ax
35480wjaft
35480984091z
3548066
3548036026
3548011
3547zehra
3547roxie
3547bnd
354799123
354798
354796
354794al
3547898
354785
3547835478
3547829
354782506boss
354782
3547804
354778
354776
3547722611283542
3547707
354770
354766
3547657yfgfv
354763797
354763
3547621
354761
354760403027
35476028
354756
354755
3547512
354750504036-7
354750504001
354750401020
354750
354749
354748
354747
3547452
354744
3547431
354742eh
35474
354735
35473381
3547313
3547308
3547297
3547288
35472733
354725
354723964
3547235472
354722972
35472216cr
35472121
35471984//
354715
35471074618
354707
3547050
354704
354702
3547001
3546nicol
3546hl
3546e2nd
3546brooke
3546990
35469781234
354695
354694
354692
354690
3546879mj
354686
35468390
354681
35468
35467910
3546782
35467616
35467300
3546729
3546705
3546696
35466453
3546634427
35466269
3546618840
35466040
35466023t
3546582
35465599
354653
354651201001
354650928
354650502012-2
35465
35464950
354646
3546453585
3546446538
354642311
35463pol
354638
3546375
35463546c
354634
354630
35462900
3546274
35462434
3546225
3546214281
35461994513
3546188080
3546171
3546163
3546149
35461341
354613
35461200
35461
3546081
3546060
3546021
354601
3545tully
3545jp
3545gq
3545ckmc1981
35459clark
354597m
35459545
3545910
3545897
354587
3545851
3545821
35458
3545753
3545749
35456_ilhan
3545689
3545675
354564
354561
35455fmrv
3545584
3545576
35455611
3545537s
3545526
3545500314
354549
3545459
354545
3545434ia
3545427
354541a
354541
3545398
3545388
35453628
3545357
35453545a
3545347
3545329
3545288
3545271
3545265
35452536
354523bryant
3545213
354520012
3545191t
354519
354517
354515
3545081
3545067
35450501
35450321
354502
3545002
3545-7-matrix
3544okay
3544loveme?
3544erick
3544SRjm
35449tmc
3544966
354496
3544922
354490
354489
3544819
35447755
3544751
3544742
354467
3544660
3544624
35446
35445974
3544566
354456
3544553
354453
354450
35444memo
35444856
354445
3544424sp
35443711972
354434
3544322
35443034
3544284
3544264
3544244lokita
3544220
354421
354420
354416
3544153shah
3544143
354413
3544107
35441
3544080
3544062
354401
354400
3543teoseo00
3543hot
3543avej
354397354397
3543962
3543937
3543881160982
3543852
3543836
3543816
3543767
354374
3543722
3543700
3543691
35436805
3543662
354365333
3543636
3543601
3543586
3543580
3543578hl
354354n
35435469
3543535454
354353
3543523
3543497
3543471
354346
3543453
3543452
3543441
35433898
35433571
354335432881
35433378
35433242
354331
3543282
3543272HA
354326
3543238634
3543220
3543199
3543179
354315
3543136
354312
3543116
3543060
354303
3543010226
35430060
3542tay358
3542hpddw
3542fd
3542cabata
3542bk
354299
3542979
354296
354294
3542936
35429286
3542918
3542902
3542896715
354289
35428817
3542879
35428671
35428300
354281
3542796Iriana
354279
354277700258jen
35427584
354273
354272
3542710
3542697
3542689
3542669
3542648979
3542643
3542636
354262633462
354261
3542560
354255
35425332
3542522
3542519
354246
354245
35424434
3542434
354243
354238175
3542371
354236
354235
3542335423
35423189
354230304
354228
354226
354224
3542235422
3542207
354220
35421985
354219041988
35421542
354215
35421455
3542131
3542111
35421053847004
3542101
35420954
3542068
354206
35420554
354204
354201
3541mob
3541avep
3541afa04e
3541994
35419868
3541959
354192
354190
35418tsl$$
354189311*
3541893
3541830
354182
35417983
35417953
3541771
354172
354168
3541605
3541597ag
35415905
35415826
3541540
354151
3541487
3541457R
354143
3541414
3541409
3541399
3541363
354135
3541341
35413363535621
354133
3541320m
354130
35412938
354127890
3541232
35412250
35412200
354120
35411bell
354118ls
35411755
3541173
354116
35411483
35411319
3541123
3541103
35411
3541083
3541056
35410457
35410301
35410225
3541018
35410108
35410
3540tzyag
3540pinij
3540macy
3540lowe
3540de
3540angie
354095
3540944
354092
3540915
3540902
35409
35408c04247
35408727
3540857
3540841analove
354083
3540803
3540762
3540743
3540726j
354070wim
35407
3540694
35406592
3540654
354065
3540600374
35406
3540595
35405772
3540541
3540518
3540500348111
3540500220531
35405001
35404sucursal
3540490claro
3540478
354045
3540413
3540400629941
3540400612399
3540400471337
3540400291045
3540400082241
354040
3540387
3540371
3540368
3540334
3540323123
3540312
3540300291
354029cv
354029
3540284
354028180387
354028
354027
354025
3540242
3540232
3540228
3540200702483
3540200571656
3540200274431
35401x
3540178moreyas22
3540161
3540142
354013
3540126219
354010s
3540100883184
3540100685994
3540100464009
3540100189717
3540100
3540081
3540078
3540059
35400453
354003
3540026d
35400141
354001
354/8
354.siari.880508
353worth
353tuttle
353see
353pgcd
353mo28ni11ca.
353melly
353lgf
353hqhhage
353gerardo
353drug
353dhavfkvy353
353cukies
353bzrcr
353b25b9596
353W200S
353B689
3539tkjohn
3539flex70
3539cove
353998864
3539969
353994
353990810
3539900284534
3539900189124
353990
3539898
353981
353979
353977
353975
3539717
35396m
3539687
35396505
3539650
35396
3539585
35395787
3539554
35395209
353951
3539488
35394327
353938
35393525
3539338
3539314
353929
3539258
353924234
35392123
3539103
353910
353909
353907
35390622
353902751
3539009
3538nov199
3538mig
353898
353895
3538935
3538910a
353889
3538835
353881298
35387654
3538715660
353866k
3538641
35386196
353860588
3538565
3538517
3538509
35385
3538473
353845963b
353843madmartigan
353843
35384183
353839
3538377
35383573
35383314314
3538320IE
353829419
3538251
35382110
3538190
353818
353812
3538105
353807
353806
35380347310107
353801230
353800515
35380000
3537zjwop
3537nuzza
3537k35
3537b
3537967
3537938
3537929
3537913
3537896
353789
3537865
353785655
3537845
3537807
35378
35377700
3537745
353774
353770
3537696
353769
353766712
3537656m
3537649498
3537600hsm
35375979
3537586
353756
35375597
35375300
353752
3537502
3537500
353747
3537440
35373934J
35373547
3537339
353733
3537311JJie
35373
35372507
3537226
353722089s
35372044TRAR-
35371996
3537174
35371581
353715
353712
3537110
35370oyw
3537090
353708062
353706
3537035370
3537015
353700092
3536noeln
3536aug
353699
3536969
3536937
35369328
3536921510M
353692
3536900
3536893
3536842
3536832
353682
35367k
353678r
35367744
353677
35367525
35367131
3536707
353667
3536654
3536572
3536567
353656
353655
3536504
3536498
353647909
353646him
353644
353643127
35364218er
35364142
353641
35364
35363850
35363687
3536353
3536330
3536320
3536306
353630
353628
35362710
353625075
353624975
353624
353623
3536221
35362112
35361982
35361867
35361682
3536144
3536134
35361106
3536101
35360zzewv
3536080
35360643agos_sk8
353604
35360318k
3536020
353601
3536005
3535welcome
3535thumperwerkz
3535sr
3535rm
3535pb
3535ms
3535ling
3535kajj
3535hdm
3535emel
3535drums
3535dmbl
3535cesow
3535brown
3535bdc
3535af*
3535aa
3535_m5
3535JeT
3535ANA
3535993
353598974
3535989
3535977
353596982690
353595p
353594
353590
353587
353586377
35358615987
3535853
3535844
3535827
353578
3535764
353570
3535674
3535657
3535614
35355souj
353558
353555
3535525
353551
35355
353549152S
35354476
3535440
3535430
353541
3535403
35353intan
35353878487721
353538
35353636
353535krsc78
353535k
3535359
3535354
35353508
3535343
3535330
353531240
35353030
353528490
353526a
3535240732
35352329
3535210988
35351j
35351982
353519763535
3535188
35351789
35351711
3535149
353514
353512420
353512
35351009
35350909
35350800015279
3535060
353503
35350174
3534rob
3534jasmin
3534eetgk
3534chase
3534HC
35349888
353497
3534966
3534953
353487mjn
35348566
35348
3534738
3534701abc
35346eytr
35346708
353466
3534642
3534622
35346159
353459
3534588
3534578
353456
3534551
3534537
353452
35344en
3534458segura353
3534432
35344177
3534408
353439012345
3534363732
35343575
3534354
3534353435
35343453
35343333
3534319
35342d
353428
35342543
3534247
353424
353417
3534159
353412338
3534113
3534111
3534088
3534064
3534055
3534015015
3534007123
3533kh
3533jackieln
3533bomba
3533K3
353398
353396
353391091819leandro88111860
3533902
3533897
3533868
35338590
3533857
353384
353383
3533815
35338094
353379EM
3533789
3533751
353374
3533725
353371
353366
3533640
3533630
353360007192660
3533587
35335753
3533565
353356
353354m
3533543bb
353354
3533531
353348
353347
3533450
35334163533416
3533373a
353336
353335333533
3533339
35333277ju
3533318
35333113
3533308hyt
3533233
35332119mhpylte
353320
3533197
3533183
3533169804teddy
353314
353307
3533042
3533010
3533004
35330
3532xsqd
3532sonnie
3532lv
3532kan001
3532fullerton
3532aok
3532972
353294
3532936
353292955
3532893
3532872
353284
353282
35328
353277J
353276
3532733
353272511
35327
353268
3532667
353265
3532611
353260
35325m
353256
3532542
35325264
35325
3532477j
35324612
3532424
353241s
353241
3532355-2323244
353234930
35323407
3532316d
3532313804
3532281
3532251
3532246
3532222c
3532222ak
35321976
353217
3532162
3532151
35321275Filho
3532123
3532101
3532086
353207
353206
3532049
35320400
3532021
353201
3531usmc
3531p36h
3531gn
3531beachti
3531Harding
3531993
353194T
353193016603
35319110
3531909
35319
353185
353183
353180
353177pat
353177
3531748
35317
353167ry
3531647
35316358
3531630d
353160601
3531546
3531521
35315111
3531499
353147
3531459
353144
353143
3531411
353140a
3531404
3531396
3531379
3531366
3531352
3531335313
3531326
353128
3531261
3531254
35312481
353123532
35312251037
35311j
3531190
3531173
353116a
3531152
35311346
35311311974jack
3531111
353110
3531072402
3531071130
3531061746LIZ
353106
353105
3531024
3531021g
3531015
3530ryan
3530bitch
3530985
3530964554
3530934
353092
35309
353089
353085
3530800185561
3530800048849
3530783
353077
353073
353072
35307012a
3530700049495
3530700001581
3530685
353068
3530627402J
353059595
353057
3530550
353053a24
3530528001
3530521
35305046
35305
3530499
353047760
353047
353046
3530453901
3530400272334
3530400228343
35304001
3530400036355
3530400018
35304
3530399
3530382richard_
35303717
35303561864
3530342
353034
3530336
3530303
3530300115229
3530300
353029
3530272
3530251
353024a
35302123
3530209
353020
353019
3530169
3530156d
3530143abner
353011
3530101031050
3530100735339
3530100647251
3530100363784
3530100016511
35300c
35300910n6154400
353008
353005
353001ol,.
3530
352westside
352uzmzx
352twin2
352true
352swag
352sso
352shannon
352queen
352niggar
352neff
352molly
352m33
352kingz
352jkuaj
352jay
352hj5
352emjnotreallyme
352e3b9aad
352drimp86wAz
352df
352cyncoed
352chick
352center
352boy
352blue
352b3aedcd102191
352artmax
352a
352ZONE
352NIGGAS
352KID
352FINEST
352DOWNSOUTH
352BOYS
352BITCH
352@555*
3529porti
3529king
3529ga1982
3529QLGP
35299700
352994451
3529909
3529900319915
352987935
3529860
35297a
35297899+92
352977
352973
352972
352968
352967
352965526
352965
352952
352946868
3529461
35294443
3529426abu.
3529402
352939
35293529
3529305269
3529245
352922
352919604s
3529143
352912345
3529117
352911
3529102
352908vc
352908
3529072
352905
352904
352903057649
3529017258
3529005
3529
3528ejcsk8
3528cc
3528CORONA
35289gwgdn
3528942
352893
3528910
352890
352887
3528858pos
35288533
3528843
3528814
3528785
35287659
3528738
35287342583249
3528701170
352869
3528678896
3528646
3528594
35285485
3528532
3528487
35284635394
352843bm
35284044
3528381
35283630
3528337254
3528335283
352828
3528264
352824
35282312779414ac
3528227
3528185
3528159a
35281505
3528136e
35281196
3528077
3528032
35280
3527joe
3527cc
3527984
352797
352795gusgus
352793
352789
35278872
352788
3527850
35278482
352783
352781
3527792c
352773
3527689
352764
352763
352760724
3527590
3527587
3527567
352756
352753
3527514
35274net
352749
35274798
352743rea
35274
352735
3527317
35272964eris
3527273
3527260
35272572
35272440
3527234
352722
352720
35271941
352717
352715nat
352713
35271034
352704
3526rocky
3526mlg
3526me
3526crazy
3526990
3526987
352694
3526898
3526877
3526858
35268344caliboer
35268056
3526789Scorpion?
352677
3526767
3526751998
3526742
3526699
352667273782nohe
3526652
3526649
3526645
352661
35265748
352656
352654
352650
352648
352646226
352645871
3526428
35264132
352641
352640
3526399
3526392102
35263898
352637
3526359
352634
3526319
35263
3526278
352626
3526251616schrempp
3526245
352623
352622
352620
35261992
3526195
3526187
352617
35261488
35261479
352614685947963852741
352614
35261353
352611g
35261049
35261
3526074er
3526066
352605m
3526024
352601172409
35260
3526
3525tee
3525no
3525eak
35259l
3525943
352592
3525918
3525868
352585
352583
35258219
352580
3525782
3525735257
35257129
3525692
3525690
3525645
35256101
35256
352559
352555
35255317
352552
3525510
35255
35254oeik
35254b
352547dab
3525469
35254666
352544
3525421
35254143
35254011
3525391
35253802
3525362
3525355
3525333
35253307
35253232982
35253178
35252942
3525283974
3525282
352527tuk
35252713
352527
3525259
352525290
3525242
3525238
3525220
352519jg
3525194989
3525182
3525172dmst
3525166961
35251551
3525154
35251505
3525121
352511300
35251108
3525109
35250tylee
3525072
3525066
3525054
3525046027
3525037
3525024
35250049
35250
3524tan
3524jazz
3524flash
3524df
3524ako2
3524DC
352497
35249248
352489
3524889
3524831857
3524812361
352478963
3524737
3524716
3524707
352469
352468
352465
352463val
3524633
3524605
3524598352229919930411
3524592
352458pj
3524582011987
352457
3524557549
3524546
35245161
3524512
3524486
3524456
3524434
35244253
3524396
3524363
352436
352434
3524295120
352428
352427352427
35242639
3524257
35242423300030
352422a
352422
35242102
35242043
35241903
352418
3524133
352412
35240mo
3524087
352406l
352406
3524036
3524011
3523sm
3523jay
3523Beals
3523973
3523946
35239055
35239
35238619
3523841768
352383g
3523816
3523801a
35237bsn
352375
3523730034
352372
3523697
3523687
352364b
352364
352361
3523596
35235866
3523574711
352356
35235428
3523538
3523531
352352nfm
352352a
3523521011
3523513
352349
3523479
3523456423
3523441
35234258
35234056
3523397
352337
3523366
352336188127727447
35233382
35233093521275
3523281
3523274
352326h
352326
3523243
3523237
35232302
35232224
3523207
35232
3523180
352316
3523129
352312
352310
3523088
3523063
352303
352301119701
3522willow
3522daniel
3522am
35229901
35229770
3522930
35229
352286a
3522854
35228085
3522772
352276
352275
352273013169542
35227048
352269
3522656N
35226474
3522638
3522631456
352263
35226159
352254354251
352254
352253
3522518
352251
352250
352249835
3522485
3522476dormir
3522441
352243
352241
35223r
35223748
3522366560
352235
3522331m
352231
3522296
3522232
3522210
352220
35222**
35221985
352219
352218
3522163998
352216
3522147
352213
3522124445
352212
35220jade
35220923
352206521543920202425
3522063
35220232
35220164
3522009
35220047
3522003
3521x2
3521usmc
3521n58st
3521f76
3521dad
3521a14a5
352199338
352198
35219646
3521941
35219056
352188e
3521868jb
352185
352182
35217fire
3521779a
3521771
35217600
3521753
3521743
35217280685
3521708
35217036
35217
3521689
3521671
352164cl
352163
3521622722
3521614
35216081
3521600
352158910
352157s
352155
352153
3521521
352152
352151
3521501
35215
35214970
35214839
352147mm
352146bri
35214656
352145
35214365
3521433
35214259zlm
352141D
3521412
352140
35213983
35213802
352136
352135213521
35213519215
352134610
3521340
352133ewric
3521335213
352133
3521309
3521300148195
35212martez
3521294
352128
352127
3521248
3521222
3521219
3521200121350
35211mia
35211859
3521167833
3521153
35211361101
35211253
3521106_513
3521102
35210jrm
3521090
3521087
35210793
3521069632
3521056
3521045ae
3521031
352100k
35210001
35210-CAN
3521
3520w58thst
3520oleo
3520ma
3520cresi
3520ader
3520PERDIDOLAKE
352098
3520939
3520923
35209
3520893
3520864
3520849misol
3520840+jg
35208
3520798
352079
3520782
3520747
3520725
3520718
3520700089756
35206kg
3520650
35206452
35206130
3520600383393
3520585
35205728
35205400
35205135
3520505
3520500399239
3520500112509
3520483
3520454lov
352043
3520424tro
352041
3520393
352039
352036
352034a
352033e
3520325
352031a
3520301
3520300
352028
35202551
352024
3520210
3520199
3520186
352018
3520179
35201777
352017
352016
3520145g
3520131288
3520115828857
3520108
3520101241861
3520101229895
3520101086857
3520100550851
3520100318886
3520100086811
35201
3520089
3520079
3520078
352006lolo
35200648
3520061
352003569
352001a
3520001
352/37
352.3832
352+83
351zkg6198
351xygtho
351windsor1
351w11
351vnu
351v8clevo
351tokas
351splat
351roller
351qf4r
351notch
351mskh
351mford
351leonor9199279
351heads
351gozts
351glasgowroad
351ego846
351dgf
351clevo
351cleveland
351chris
351c66
351HOTBOY
3519waitzm
3519ml
3519984
35199703
35199500
35199428
351993pk
351992c
351992@sbcglobal.net
351991551962
351990mesho11
3519900075871
351989n
351988rarf
351986mjb
3519853
351983jl
351982m
35198200
35197923101952
3519780
3519773
35197663
3519746
351973Jon!
3519721
3519712007
3519707
35196a
35196823519611
351967lee
3519632
3519625
351962
351961
3519603
351958
3519575
3519569
35195569
3519549
35195308
351946700
351945
351943
3519423
35194129160011
3519407
351938
351937
351935
351933
3519313
35193
351928
3519262
351924
351921a
35192035
3519202
3519181
351916
351915
3519133
351912a
3519118c
35191121
35191036
35190991
351907
351906
3519000
3518yeslli
3518tj
3518jp
3518az
3518991
351897
3518959
3518938a
351890
3518888
35188010
351880
3518771832651
3518733
351870
3518696
3518678
351866
351863019664370
351859dr
35185784
351852
35185045
3518496
3518478d
351845190
3518444
3518440
35184240
3518403
3518383
351836
351835
35183377
351832
3518301
351829
351828065
3518279
35182747
351826
351823518
3518220chu
3518212
351820
35181flex#
3518167t
3518143
3518116ulysses!
351810
351806971
351805
3518024
35180151
35180
3517tos
3517mago
3517lm
3517fa
3517cnb
351795
3517935179
351791
351789
351787154
351786
351782
3517810
351777
3517754
351773
3517713
3517705
351769
351767
351765
351764
351763281
351762
3517605cp
3517598q
35175823
35175555
351751
3517500
3517495JULIEDFRANCIS
351748
35174732
3517463
3517451
351741e
35174173
351741
351740000
35173p
35173dl
3517383
3517365
3517320
351731000
3517291214
3517284
351727b
351726585
3517264
3517247
351723
351722729
351722190
3517218
3517214
3517203
35171d
3517171
3517142430
35171212
351711S
35171
35170720
351705
351704
3517025
3516space
3516hrh
3516blue
3516998
351699
35169830
3516965
351692odin
351690
3516875
3516858
3516849832
3516841
351683
351681
351678
3516745
3516726
3516657
3516636
3516627
3516599jc
3516577
351657
3516561142
3516553
3516535231
351652
3516515181
3516504
3516493
35164566
351644
3516425
351642
35163p1
3516372
3516370
35163618
3516333
351633
35163233
35163
3516292
3516289
351627c
3516265
3516255
351625
35162463511951
3516233
3516225
351622
3516207
3516203
35161977honda
3516196
3516189
351618
3516144
35161344
351611
35161
3516060
35160407
35160277
351602
3516005
35160
3515pg
3515kl
3515jorge
3515akmiller
3515970
3515937
3515915
3515911
351591
351589
3515869
3515861
3515832
351580
3515791
351576
35157595
3515740w
351573
3515704
3515690
35156799
3515663
3515621
351560
3515599
3515591
35155878
35155525
3515525
3515512
35154963506530
351549
3515474
35154600
35154520
351544
351543
3515421
3515390
35153594
351535199
3515351535156
3515304
351529
3515256
351525005788501
3515244
351523
3515217320
35152107
351521
35151974
351519
3515183
3515171388
3515167
3515159
3515151
3515134
351512365jp
351512
351511
351510
351509231064
3515072
3515042
351503
35150091
3515006127
3514morgan
3514fisher
3514asa
3514MCR
35149760c
351496
3514953124
3514951
351492
3514911
3514891
3514867
3514863
3514856
3514849
351483
3514789
3514774
3514744
3514721
351469
3514682
3514671
3514654
351462
351459322617
3514545
35145382twins
3514520
351451@celey
351450
351449bj
3514491
3514489
3514464
3514451
3514434
35144206
3514406
3514400
351439
3514373835143738
3514369
351435415
3514333
351433
351430l
3514296
351428456
351428
351427
351426957486
3514258
3514253
3514235142
351422
3514200roxtete
35142
3514188
351418
351417
3514158l
351415098835
35141405691340
351412baby
351412
3514101
351408
351406
351404
3514033
3514024
3514007
3514***-
3513malo
3513emmett
3513ae
3513SLORAC
351399isis
351397*
3513959
3513930123456753
35139273
3513885
351388
3513865
3513862
35138460
3513810
351380
3513792
35137691
351375
3513732
3513728
351370
35136788
3513659
351364
35136288
351360
35135730
3513568
3513551
3513532
351351321
3513509
3513505
3513459
3513449
351344
3513427
3513426
351342
3513406S
3513388
35133755
3513364R
35133513
3513337
3513321
3513312
35133
3513296
3513278
3513267
3513244
3513231azy
35132205
35132190012
3513197
351319
3513161
351315
351314
351313#hi5
35131212
35130810
351307421460639
3513066
351303
3513026j
351302
3513012
35130
3512vale
3512snoop
3512nm
3512impactrs
3512hh63
3512bitch
3512ac
3512W123PL
3512@baljurashi
3512992
351297
3512945
3512927
3512905
3512900
351286oday
35128578e
3512852j
35128362904p
3512812
35128
3512795
351276609
351276029
3512752
35127270
3512712y0u
3512712
351268j
35126845
3512674
3512649780
351263
351261k
35126021096
3512594
35125852
3512573
3512547
351253
351252
351250
35124m*s
351248
3512470
3512453
3512427
3512414
3512400221
35123b
35123715
3512360
3512355
3512349086
3512344pao
351234
3512325
351231
3512301
3512270
35122627
35122526
351221s
3512214
35121974
35121911can
3512176876
351216cdt
3512145
3512130
3512114
3512111
3512103
351210
3512099
3512078
3512042
351201822
351201
35120031
3511xw
3511sabine
3511995
3511985
3511963
35119400
351192
35118935039837
3511885
3511875
3511865
35118483
351183
3511818
3511782
351177
3511764
3511744
3511724
3511720julissa
3511707
3511700
351169
35116732
3511664
35116400
3511627
351161ll
35115s2k291
35115965
351158083431458
351157
351155351155
3511537520
351150
351149
3511483
351147
3511448
3511435
35114291
351141
35114
3511391D
35113744
3511345
3511328
351131s
3511304
351130
351129amm
3511287
3511279
351126
35112512OLFA
351124
3511232
351122
351121
3511201206031
3511189
3511175
351117
3511150200
35111382
3511121314
3511119
3511115691
3511113
3511104111
3511092009
351106564202
3511055
35110417290782
351102500349773
351102
3511001
3510new
3510mohea
3510ii
3510i
3510bike
3510arturo
3510M4G
3510991
3510970
351096
3510934
3510924
35109
3510850
3510841
3510803
35107loise
3510792
3510789h
351077
3510766
351074
351072
3510707
3510701
35106723515017
3510641
351063
3510616ROBERT
351061
3510600688020
3510600454398
3510600315860
351055123
3510547jonathan
3510534
3510523
3510501
3510478
351045j
351045
35104403149561
3510435104
351041451266
3510400487390
3510400135655
3510379
3510374
351037
351033
3510310031
351030a
3510305
3510300348703
3510300002289
3510277
35102600
351025g
351025
351024
35102169
35102030
3510200706
3510200242644
3510200136658
3510200
351019
3510185623
35101837
351018210t;
35101767
351015
35101421
351011
3510108
3510103599
3510101299311
3510101070853
3510100778721
3510100577237
3510100261795
3510100098045
3510097
35100904943583
35100811thony
3510070
3510041
3510020
351000loli-
35100
351-9249
351-**//**//**-w
350zxc
350zturbo
350ztobe
350zrx8
350zoom
350zmagmgp
350zkr
350zforme
350zebra
350zcar
350zboy
350z_2010
350z4life
350z215
350z12
350z06
350z01
350yota
350xhonda
350xam053
350war
350vol
350twin
350tpi
350sw13
350saturn
350rider
350quan
350poun
350nova
350nissan
350nds
350mcls
350mamasita
350ls1
350i7r37
350hsant
350honda
350gtv03
350green
350ford
350ferry
350egxvv
350drizzy
350dpmo1
350cpr
350clutch
350chicago
350chevymotor
350charms
350cd5
350carter
350acres
350_banshe
350Vortec
350Sexy0248
350KJ350
3509xna
3509lb
3509dream
3509aw
3509984015
35099486
350994
3509913
3509901301483
3509901167043
3509901130158
3509900945506
3509900838025
350990046424
3509900291603
3509900206134xxx
35098891
3509867a
3509863
3509827
350981
35097661
3509743476
350973
350970894p
35096sfvpy
3509687
3509652
350963
3509544
3509503
350950
35094716
350944
3509435
35094212
3509392
3509352
350934
350932arh
350932
35092ab
3509298
350926
3509241
35092290pau
3509214
35091986
3509174
3509165
35091507
3509141
3509120
350911
350910134482014
350906s
3509056
350903
3509017
350901
35090
3508jr
3508gen
3508BUz
350894307157
3508941066
350894
3508935089
3508917
3508895
35088719
3508827
350881
3508789
3508769902
350875
3508726
350872
35087
350869RJ
35086808
3508660
3508650b
3508603
3508591212
350856
350850
3508471
350845178
3508434000
3508392
3508386
3508377
3508327
3508288
3508258
35082242
350822
350821
350820
35081cam
3508190
350815914
35081269
350811djg
3508100922
350809
3508081216
350803681
3508031
3508028
3508000
3508
3507usmcneff
3507lr
3507l19
3507hyland
350799
350798I
350794g
350791
35078g
350787
350785
350781
350778a
3507777
3507767
35077453
3507732
350772
3507684
3507656
350765
3507637k
350760
35075779
350755
350750
3507475
350745pp
3507432
35074241
3507416
350740720
350740
3507344
3507339
350731
3507263
350725220314
35072015
350718
3507172
3507143
3507136
350713
3507115
3507098
350707682
350705
3507049
350704
3507024
350701
3506zdahbj
3506southsandy
3506drea
3506dillon3506
35069xo
350697
3506874
3506865
350682
350680
35067_gcms
3506754
3506666
3506621
3506593
35065644802
350655107
35065377
3506525
350646
35064356215
3506428
3506418
350641
35064
350638L
3506378
350636083
3506311
35062ep
3506279
3506257
3506248
350624
35062163
35062008
3506176
35061673
3506114
35061046
3506080
3506076melek
3506076
35060660
35060435532
35060100
3505musica3505
3505jensper
3505f4d7
3505Kris
3505996
35059666
3505936809
3505925
350590a
350588
350583198601205461
35058189
350577789
35057009a
3505686
350566
3505643
35056
35055732
3505563
3505518
35055
350549
3505466
3505435054
3505405
35053n
350538
350537
35053482
3505319
350529J
350529
3505280
350526
3505240
3505235
350521d
35051g9
350519
3505152123
35051421247
3505136113waiuku
350511231015
35051005
35050yhcbr
35050872
350507
35050681
3505045
3505035050
3505032
3505007angie
350500
3504xtpiz
3504sporting
3504idiot0919
3504dada
3504black
3504PARK
3504Juan
3504GDC
350497
3504955
350492
3504902
35049
3504851
350482
350480mm
35048013
350480
3504786
350472301216
350472006
350471
35047
3504662
3504622
350458
350451
3504497
3504478
3504463
350444
350442
3504410
350440ek
350440205
3504373
35043524alexa
350431333
350431
3504289
350427
3504266
35042525
350422
350421
