717146
7171429
7171421
7171410
717140
7171368
7171340
717132130
71713112564
717128@lo
717126
7171250
717123t
71712310
7171224
717122+1
71712129
7171210692
71712
7171171
7171151
717114
717113256459804
717113
7171126
7171119
717108
7171078
7171073ya
7171042
7171022
717102
7170luv
7170fire
71709791
7170957
71709431
7170937
71709179
71709051
7170898
71708957
71708704
71708615
7170836
717082534
717080
7170797
7170782
7170767
717074
717072
7170709
71707
71706mv
7170671eli
71706565
717062
717060
717058
717057
7170563ilovegil bertrodrigueztons
7170530
717051
7170477
7170461
717044
7170400
7170380
7170371703
717036
71703281tt
7170318
71703067170306
71703006
71702crown
717028804m
717028
717025
71702204310
71702012
71701909
7170164
7170155
71701289
717011015010
71701
7170079
71700620j
7170039t
717002
7170
717*6773
716wfrr86
716vanilla
716star
716shashe
716robinita
716loves711
716love
716kevin
716jan2090
716iwiwnb
716homer
716dope
716dodom5272
716dao.
716change
716cawb
716baozi
716angel
716aba
716THQmCo.
716MICKEY
716BRONX
7169mommi
7169cmtm
71699clh
716997jc
7169940
7169926
71698z
71698750
7169812412
716979141109
71697
7169694
716968899
7169678
716966
7169636
71696272
7169600l
71695q
7169572
71695280
7169505
71694m
716948pimp
71694627
7169435
71693ap
7169359
716932123
71693
71692Z
71692I
716924
716921lp
71692
7169179
7169162
7169155a
71691234
71690baby
716904Qt
7169046
716902
716901
7168qiqi
7168mjhm
7168dinovo
7168ME
716899arielm
7168979
716897
716895r
716892
71689100
71688eal.
7168896
7168853
7168842244
7168813
7168806
71688
7168786
71687348
716870
7168695
716868
7168659
716860
7168564
7168527
71684amp
716849802
71684862
716845
716843
7168402rl
716836
71683420
7168334
7168322
71682mp
716829canales
7168234
7168212
71681ld
716818
716816
716814411
716812
7168110
71680833
716803m
7168028
716801
7168000
7167sb
7167gato
7167ASHJ
716798smm
716797
716795
716792
71678lynn
7167889
7167883
71678610
71678480xxxxxx
716784373
716781
7167750v
71677120412
71676mike
716766
716762
716758
716756
716751
7167498256
716746
7167424
7167419
716741
7167399
716737
716735
7167334
716729
716727wo
716727
7167253
7167225125
7167199
71671817-e
716717
716716gosk8
7167149
716714
716709s
716708
7167056
716703
7167018
7167011
71670
7166home
7166983
71669400
71669395
716692716692716692
7166883
7166861
7166854
7166851045
716683lilslanzy
716678
716677
7166741
71667166k
716669
7166683
7166656708
716663
7166601148
716655
716653
7166518
7166480
71664610
716646
716643
7166408pu
71663732
716634
7166312
71662994
7166285
7166262
716626
716625831
7166200024
71661982
7166183
716614553233
7166123jo
71661-19
71660925
7166022329
71660111
7165tgsb
7165kler
7165CNM
716594
716590
71658566
716581
7165721
716571
7165699
716569
71656704
7165653
7165651
7165644
716563
7165599
7165577
716555
7165529
71654l
716545
716544
7165426
7165414l
716539
71653612
716533677
71653221
716530
7165254
71652283
7165223
716522
716521
71652
7165154d
716515
716513
716510
7165091
7165080
7165040
716502
7165
7164pinda
7164nic
7164ever10
716498
7164952
716492
71649
7164887
7164877
716486
7164838
71647205
7164716
7164699
7164678
716465
71646081
71645w
7164575
716455
716454
716448
7164431
7164421
7164392
7164383262
71643608951275
71643498
7164314
71642934
71642720
71642644
716423
7164186
7164171
7164158
7164124
716411adria
7164111611021992
71641013
716410
7164094
716407
7164064
7164054
7164039
71640087
7164003
7163jk
71639980
7163989
71639829
7163976
716394400
716393
71638994
716385
7163832
7163770f
7163746
7163704
71636bm
7163681
7163616
716359.v
7163558
7163546p
716350
7163458
716345
71634293
71634157
7163385
716335
71633260
7163310
7163284
71632613205539
7163241
7163214
71632045k
716318ac
7163179
7163160
716314
71631
716306
7163030
7163003
7163002
716300
7162stephie
7162hel
7162Sandy
7162990
7162977
7162912
71629
716287032508
7162866
7162811
716279
716273
71627
716265898315
7162654
716262
716261
71625884
7162565
7162562
7162531
7162517
71624808
716247
716244
716243
7162421
7162406
71624
7162384
71623701
71623246
716230
716228
716226k
71622395
716223
7162206
716217
716216
7162123
71621
7162080
7162028
71620140
7162007
7162003
7161tw
7161ss
7161gv
7161cc
7161999
7161992m
7161992J
7161990nay
7161984m
7161983
7161982
7161980
7161974
7161971
71619692
7161963J
7161960
716195
716191978
7161908
71618Aa1
7161896
716188
71618592
71618462
7161831973177
71618212838
7161803
71618
716178
7161768
7161738
7161728
7161702
716170
71616854
71616678
716166
7161620
716161
7161572
716155
716154
7161512
71615
716147bv
7161445
716143
7161425
7161385
71613537
71613348
716132a
716132
7161300
71612mivec
716123
716122384
716122
71612121
716120
7161191z
716117
716116
7161150
7161130
71611191
716111000
71610e
71610884
7161059
7161029
716100
71609956
716098
7160948
716090
7160888
7160880
7160868kc
71607bj
716078
7160716
7160702
71606ab
71606918
716068
7160664
7160633
716062
7160607
71605jr
71605car
71605TRUES
7160597
716057
716054life
71604m
71604KNT
7160469
71604580
7160437
7160400
71603993
7160383
7160356dg
7160349yami
7160343
716033
71603
7160277
7160270
7160262
7160232
7160214
71601924
716017
716014
7160131
71601214
716009
716008
7160042
716001
7160000
71600
715xs733
715wedding
715sutter
715smarty8
715sami
715qhj
715polo
715pmj
715nkkt
715mclaughlin
715manny
715lpg
715lapeti
715kesha
715iuk
715heltman
715dwa
715cherry
715c3564
715amil19
715MNS75
715CRAM
7159r
7159home
71599fd
715997
715990
71598748
7159853683
7159848
715982
715981
715978
71597159
7159714
7159700
71596v
715967140
715965
7159635
7159620400
7159613
7159600
71596
715955
7159507
71594kaia
7159465
7159459
71593cm
715938426
715937529
7159375
7159356
715934826
7159324680
715932
7159301
71592j
7159279
715926918
71592545
715924
7159235
715920020403k
7159194
715917r
715913715
7159124
71591111
71591013
715910
715908
7159071
715904
7159015
7159013
7159000
7158ohio
7158check
7158Elad1604
71589c
7158985
7158975
7158937
715891sabu
7158906
715888
715886
7158844
7158825
715880
71587NEB
7158730
71586kc
7158692
7158649
715858
715854lg
71584f
7158489
715848
7158432
7158413
7158386
71583500
71583486
7158329lyc!
7158300
7158286
715827
71581mm
715816
715815
715812
7158103
7158091
715806
7158027
715800
7157les
7157dolly7157
7157al
7157962
715794sam
715792
7157898
7157876
71578694
715782m
7157827
71577M
7157776
7157765
7157739
7157730
7157710A
7157710
7157667
715766
7157656
715761211
7157601189
71575819
7157555
71575429
7157536
7157528
71575241
71575050
715748555
715746
7157423
7157403
7157393
715736454515
71573513
71573091rj
715729
715726
7157249
7157212
7157208
71572011
71571n
71571990
7157198
71571895
7157157c
7157152
715713
7157121
7157096dads
715705
7157040ta
7157027
715700t
715700
71569999
7156991
7156983
7156958
7156940d
7156907
71568_anahi
715687
715683
7156799
715678
71567156
7156678
7156662
715665
71566
7156586
715658
715656
7156531
715651
7156488m
7156428
7156410a
71564
71563776
7156342
715633
715631
715627
7156247
7156234
7156225i
715619
71561455xzcth
71561111
715610
71560916
715608
7156070
7156013
715600
7155wb12s8853
7155f3d8
7155986
7155971
71559338
71559
715589
7155869
7155861
7155853
7155822
71558147809921
7155803
715578
7155735
7155700
7155685135
71556622
715565
7155638
715560.
715556
7155549
7155440
7155432
715541201730
7155403
71554
715536
7155340
7155317
71553108
71553
71552543
71552334
7155213988489414
71552
715517805
7155171217
7155163
715514
715513698
7155120
71551097142680
715509
7155080a
71550526
71550289
71550123
7155007
71550
7154tasi
7154derrick
7154az
715499
7154977eva
7154974
7154958
715494
7154922
715488
7154840
7154810
7154758
71547352
7154701
7154700
71546isme
715469c
7154686
7154661
715459
7154587
7154561p
7154542
7154535
715453
715450
71544517
715443a
7154425029
7154406
7154399
7154384
71543315
71543258139687
7154309
71543040
7154288
7154277
715426
71542563
7154252
7154246
7154235986
7154215425
715420
7154170IM
715416am
7154155
7154153
7154140123
71541213154
7154084
7154052
715402
7154000
7153td
7153ld
7153falera
7153al
7153985525
7153956
715393
7153910
715390
715389
7153864
715386
7153829
7153783
7153775
71537357
7153728
7153698
715368
715365
7153634
7153626
7153587
7153572
7153543
7153536
7153519
71535123
71535
7153498
7153481
715346
7153415
71533milion$
715334
715333
7153311
7153292samia
715325
715321pt
71532064
71531p
715319079
7153176
715315
7153120
7153114
7153099
7153086
7153072
715306
715301
71529keng
7152988
7152940
715293huie
7152918
71529061
7152899
71528845
7152853
715283pc
715282
7152773
7152766550
7152754
71527416
71527154
7152684a
71526677
715265
7152648593
7152622
71525b?
7152562
7152552
7152542
7152531
71525263
7152523
7152515
71525
71524b
715249
715248
7152459
715245
715244
715242
715239
7152371
7152353674
71523426
7152339andyboy
7152339
71523101
7152303
715227
71522610
715226
71522517
715224
7152231m
7152211
7152199d
7152191
7152180292
71521753951
7152157
7152148
7152132
715213
7152122902
7152109
715208068
7152078
715203
715202502
71520070
7152003
71520
7151marty
7151kb1990
7151999
7151993ra
7151990m
7151986
7151981gsxr600
7151977
7151975
7151968
715194
7151930
7151918
715191
715188asoka
7151875152119
71518655
715184
71517kids
7151763
715172330
7151671
7151656
7151643
715163
7151623
7151617
71516137
71515j
7151590
7151567427
715154848
7151537
7151534403
7151530
7151527
715152
7151495
7151489
7151471514
7151458
7151451
71514320
715140
7151394
7151384
715134
715133
71513239524693
715130
7151281cyr
7151277
7151260697
715123
7151218
7151203
7151201
7151173
715115m
715114794005
715114
7151123388
7151118
7151107175
7151101031
7151095
715109
71510800629103
7151073
7151065
7151052
71510473
715103
7151024
715101988
7151016
7151001301
7151.BOY
7150bd
715099
7150981
7150924
7150913
71508baby
71508817
7150863
7150859cms
71508066
715080
71507920
71507837
7150760
7150731
715072
71507
71506love
715068
7150660
7150658
7150621
7150618
71505o
71505LJ
715058
7150558
7150546
715051
71505045cerme
71504816
7150469
715046
7150452
715038
7150368
7150340
7150334
7150331
715032
7150299
7150263
7150255
715024
715023
7150210
71501j
715017455,
715017
715015
7150142
715010
71500989
7150088
7150032788
7150016
7150005
714yerem
714vit
714tweety10
714to559
714thug
714ted
714stars
714sparks
714small
714scars
714samoan
714saca
714ryan
714rosa
714rider
714rambo
714posse
714playboy
714phone
714penca
714oscar
714or3v13
714oct
714nlbec
714narayan
714moetz
714mickey
714mdl
714mad
714love@hotmail.com
714lnr
714le\\'anne
714lancaster
714kobe
714kira
714katin
714jonny
714jey
714jess
714ilove
714hus
714homie
714hey
714gsbvbteg
714frankie
714eyes
714evyt
714e7th
714doug
714delgado
714crip
714chris
714chase
714castillo
714c21beatriz_=
714bphs
714bia
714be
714baw9392
714b714
714azn
714anthony
714angel
714ali
714aaa
714_dancer
714SARAII
714R0SE13
714POOH
714N6c0.
714LAZY
714Kolb
714JULYtrue
714GROVE
714Edale
714CUZY
714ALLTHEWAY
714@aps
714999
7149954a
7149928
7149899j
714987047
714986598
7149856
714984pete
7149827265
7149815
7149786
714973
714969456
714969
7149681
7149662
7149644
71496250
7149609
7149532936
7149521946
714948426919
7149437
714943
71494
71493arp2011
7149367149
7149334
714933
714930
71492jack
7149291
714928
7149271492
7149269788
7149240
7149211
71491cancer
7149151550
7149113
714911
7149095
7149044
7149014
7148tj
7148er98
71489LAB
714899
7148967
714896
71489353
7148907
71488kem
7148880
7148875
7148852123456789
7148828
7148816
7148810
714880
71487893024973   123
71487415
71487126ja
7148700
71486tong
7148677
7148669
714866
714863
7148621
7148615
714860
71485w
71485W
714859
7148570
71485412
7148522
714851
714849
714847
714844
7148393
71483713
7148332
714830
71482R
7148287
7148272489
714825936you
7148259360
7148221
71482143d
714821205
71481727
7148145083047430
714813
71480val
714809
71480814
71480661
714805
714803
714800
7147wxyz
7147wailua
7147jc
7147aralmailid
7147RG
7147@NDP
7147996015
714796912j
7147959
7147928
71479190
7147885
71478504l
714785
714784
714781
714777
71477458
7147737
714773
7147719
714771
7147671
714764687
71476
7147569500
7147553
7147545763
71474sk
714747
7147458
714745
71474314
71474281
714738
714733
71472893
71472810
714724
7147228
714720
7147186a
7147183
7147167798
714714a
7147147
7147130
71471241
714709
7147063
714703
71470105
714700
7146jaiho
7146a0i
714696tt
714696
7146923
71469
714689
714685
714684
714680
7146767
7146755
71466920
7146675pat
7146638
7146614
71465798
7146535
7146485
714648
7146461
7146447
714643
714641
71464043
7146380
7146362443
714635
7146308
7146284
7146261
71462523
7146232
7146222
7146210
7146197
7146181
7146172
7146165
7146159
7146132
714612
71461
7146076
71460710ANA
7146061677
7146050
7146016
7145mik
7145gd
7145TH
7145960
7145936584265375
7145887
71458684
7145855
7145831392
714582
7145812
714580
7145797
714579
714576
7145730
7145701
714569
71456588
7145655
7145647
714563
7145616
71456
7145599
7145573081
714557
714554mj
714553
7145512
7145501
71454cwb
7145471454
71454613
71454489200
7145431585
7145421704
7145403
714536
7145356
7145341052
7145335
714532
7145312
7145309
7145302354
7145280644
7145260
7145255
7145235
714520
71451b
71451926
7145180
7145159
7145114
7145103lol
71451002
7145087
714505a
7145011
7144tn
7144oro
7144gncr
7144cutie
7144LORENA
714496
7144958
714492
7144899
71448855126071
7144871
71448174
7144803
7144785728
714476
7144702a
714467
7144654
7144642
7144613
7144569
7144543
714453213
714452dd4
7144487
7144445
714444
71444331
714438
7144363
7144336
71443118
7144290aew
7144282
714425
7144218
71442166a
714420
71441871
71441700
71441560
7144142
7144123
7144120
7144103
714410
714407
7144065
7144050
7144049
714402
7144001
7144
7143lg@
7143ica
7143daddy
7143Hope
7143991
7143986088
7143956
71439486
7143916
7143907436
714388
7143868
714380
714378
7143773
7143753
71437248
714370
7143693
7143689
7143672
714365550
7143634a
71435a
71435748
714353
714351
71434960
7143457Cm
7143432
7143411t
7143396
71433904s
71433417
714333
7143309c
7143263
714325986
7143251
7143247
714323
7143220054
7143217
714321
71431a
714319
714316feb
7143144
714314
714312
7143103523
7143082566
7143026
714300
7142CARO
714295
7142930
71428kczt
7142856
7142851
7142848640
7142843
7142834
71428310
7142812
7142810
7142782
71427505
714274800
714271427142
714270
7142691
7142676
714264
7142594
714256e
7142556
7142539
7142531931
71425207714
7142474
714245
714243534371
7142422
714242
714241
7142391
714238
7142353
71423224
71423
714228
714226
7142244265
7142230
7142201
71422
71421g
71421dm
714218
7142172
7142161
71421310
7142128h
71421287
7142127
7142123
714211613
714210
7142099t
7142083569
7142056
7142047
714204
7142025
7142018
7142011kye
7142003k
7142002
7141vermont
7141stella
7141fa32
7141993mk
7141993a
7141992joe
714198814
7141982
7141979g
7141978
7141971
7141967c
7141964
7141957
7141922
7141915d
71418vb
71418998
7141881
714187
714185779
7141821
7141806
71417m
7141789
714177
7141768-=
714176
7141753
7141743saw
7141725
7141719
71417147
7141705
71417
71416789
714162
714161
71415d
7141567ra
7141533
7141518
71414loretom
71414928
7141474
7141448
7141423a
7141408123456
7141388
714138
71413666
71413522
7141334
7141328
71413195
714129a
71412903
71412899
714127dm
714126
714124mola
7141228joe
7141221
71412024
7141182
7141161
7141109
7141100
7141088
714107
71410412
7141025a
71410137
71410
7140m
7140a129
71409luis
7140984
714095
714093714093
714090
71408alex
7140852jk
7140849
7140819ga
71407forever
714079
714078
7140764
71407511
7140724
71407140n
7140712
7140702
714068
71406318jc
714061
71405t
71405c
714054
7140523569714
71404rlt
714049
7140485
7140478
714047
7140444
714042534
714040
7140365amie26
714035
714033sb
7140335
7140314
7140304
7140298
7140281
7140265416aM
714025
7140237
7140223
714021988
7140208
71401985
714018a
714016
71401286
714011
7140102483
7140081
7140075
71400624
7140052
71400377
7140009
71400
714-2442
714**93
713xavier
713valerie
713toronto
713swat
713southeast
713smb
713shah
713sex
713savage
713rn4n
713quinn
713poppy
713pimp
713ocean
713nom
713nicha
713money
713mlr
713mlc
713mike
713mejj
713mc
713manutd08
713m?2
713luckey
713lokoz
713life713
713lc8848114
713killah
713kamal
713jpl
713jjr
713jasiah
713jackson74
713isaura
713iberiko
713htd
713henny
713hbic
713hahn99
713h-town
713god
713fri
713fed
713falife
713em
713dok
713dirty
713dawood
713cuero
713cool
713cj
713chula
713cfla713
713boys
713blue7
713bkp
713bianca
713bex
713beauty
713basket
713astros
713angel
713alandjj
713acting
713abdi
713a1125
713VIPER
713SHORTY
713MOJICA
713Lj713
713KILLA
713H_TOWN
713HOT
713FAMOUS
713Alpine!
7139rock
7139natalie
7139kirk
71399sst
713999
713998
71399317
713991omg
7139907
7139894
7139852
7139846250
713984
7139837036
7139824650
7139822
713978
713976
71397523
713974
71396ning
7139692
7139680angelik
713965
71396101
713959
7139565
7139541
7139540
7139513p
71395-004
71394988246209
7139493
7139464724
7139459
7139456
7139413
7139412
713940
713937
7139340
7139320
7139312
713930
71392rt
71392MM
7139283958m
713927
7139264913
7139258
7139246037
7139234782
7139213
71391e
7139198
7139170
71391562
7139135
71391212
7139111616
7139105j
71390h
71390B
713909
7139077
71390706
7139062358
7139047
7139003
7138bitte
71389558
7138951
7138931
713892
713891
7138892
713888
7138867
7138839
7138801742
71387864
713877
7138747
71387382
71387143r
7138708778
71386bt
713867sah
7138666
71386456
713863
71386144
71385luvs42205
7138596
713857
7138554
71385222
713850141j
7138492137
713849
7138478214
7138469
7138456
713840
7138354561
713832s
713832
7138315
713830
71382amb
713829
71382846
7138270
7138241
7138231858
7138226068
7138196196
713818
713817
71381411
713812911
71381
7138099
71380878
71380716
71380662
71380449
713801
7137zuk
7137xnx
7137tc
7137lmj
7137kgg
7137975
7137951
71379275
71378m
7137894230
71378856
713787
713784519051990
7137824
713780
713778
7137760
7137740794
71377290321456
7137727402
7137725651
7137709
7137688
713767
7137633
7137620
7137576
71375603
71375549
71375011
7137477153
71374166
7137381643
713736
7137358
7137336938
71373331
7137314405
7137297715
71372926
7137278tk
71372612sex
713723aremania
7137222
713722
7137213054
71371987
71371851
71371664
713713og
713713c
713713713
7137124
7137118
7137083
7137069
7137055
71370436
7136lbd
7136996
713699
7136975247
713696203578
7136924682
7136913
713690G
713687
713682
7136813
713681
71367bjo
7136784542
71367742
7136744327
713673c
7136731
713670
7136682795
71366692671
71366604
7136652
7136628
713659
7136555469
713653
71365003
713650
7136499666
713648
7136454165
7136449567
7136443N
7136436731
7136429
71364184
7136412230r
71364112
7136402z
7136401239
713638
7136378
71363640852
7136362
713634
7136337+
713632
7136314789
713631
7136301991
713628
713625
71362446
7136225
71361993
713616c
713614120
713612
71361
71360904Teamo
7136066
71360393
71360325
713602
7136012007
71360
7135s
7135ft
7135989
7135972
7135964528
7135928
713592
7135901
713589
713586
7135840614
71358
71357jam
7135793
7135751
71357423
713573
7135719
7135632
7135602019
713560
71355639
713555
7135527
713551
7135494
7135481
7135472
7135441
7135415
7135412
7135409
71354
713539
7135369
7135350807
713533
71353
71352925
713528
71352596
713522
7135213
713520
713518
713517
713516
71351367165047
713511
71350h0
713508
7135055
7135049298
7135040
7135024
7135013136
7134sure
7134neil
7134elusivepass
7134GF2AA
71349554
7134921572
7134911
71348812
71348371sai*@
71348056
713479
713478
713475212391
7134738907
713471
713469
7134657352
7134651174
713464
71346204
713461361
71346087
71345946
7134559597
7134540218
7134515816
7134511
713448
7134442608
7134430
7134421279S
7134413
7134350
7134334
713433
7134324
7134317j
7134307
71343
713429
71342802
7134266
7134242061007
713423
71342172
713421
71341984
7134180mustafa
713417a
7134156jorge
713415
713414201062540
7134138312
71341268
71341107
7134097
7134081795
7134059
713403
7134008
7134
7133nsa
7133948
7133924
713390
7133880
71338491
71338403
71337mas
7133773
713374
7133722
71337133
713370
713367
71336493
713361
713359
7133567
713354
7133526
71335090
71334la
7133495
7133483
71334512
713345
7133430
71334
713335ling
713334
71333308474
7133290
7133272
71332660
7133254
71332420
7133219
71332
7133197
7133185
71331816drcbfo
713315jc
7133138
713312
7133110
7133075
7133055222
713303na
7133024355
7133010679
713300
7132me
7132k71995
7132YE
7132985583
7132958
71329511
7132942
7132938
7132920lira
7132919740
7132919+++
7132915758
713291
7132903
7132890921
7132867
7132824
713281bullies
7132818
71327872
7132752
71327216
713271327132
71327107132710
713268
71326783
7132662k
7132637230
71326309
7132628
71326265
71326195
7132610455
71326
713258
71325689
7132561
7132551
7132540
7132535
7132525
71325221n
71325122533
7132502d
71324936
7132480
7132476
7132460
7132449
71324309
713243
7132413
71324025865
713240
7132397
713238
7132376
7132359
7132354
713234
7132329
7132321
7132314536
7132298949
7132282132532
713227
713226
7132249293
71322311
713223
713222
713220
71321a
7132178
713217487
713217
7132164
7132158cr
7132141668
713212426
713212
7132101
713208
7132047973
713203
7132025700
713201
7132001
7132
7131Family
7131999
7131994=pretty
7131994
7131992s
7131989
7131986
7131982
7131979
7131976
7131974
7131971
7131957
7131935
71319284
71319232732
71319078
71319
7131898
7131883
7131853
713184
7131837139
7131828
7131812
71317902
71317769
7131759
7131725
71317154
7131708
713170
7131681
7131659
7131652
71316183
71316100
71316023
713153ah
713151825
7131493a
7131464646
7131442
713143
713141
71314058
713140
7131386565
713138528526
7131362
7131344
713133431
71313142
713131128
7131310
7131308
713127289
7131266
713126
71312513
7131226
7131221
7131187
713117r
71311568
71311332
7131130
7131129
713112
7131082
7131042
7131027
7131011822
7131001
7130sexy
7130klinnette
7130darksoulza
713095
7130927
71309079
713090
713089
7130855
713085
7130824
71308
7130785
71307777
713073
7130712011857
71307
71306m
71306292
7130606
7130593
7130575
713055
7130521
71304sn
713045
7130442
7130390
7130387
71303774
7130354
713035
7130340
7130321
713030m
71302a
7130295
7130273
7130240
71302160
713020
713019
7130171
713015
71301336
7130124
7130121
71301105026
7130110
71301013rul1313
713009
713007
7130041c
71300355
7130020
71300102058301
71300
713.y.n.m
713"mexico"
713
712y191675
712summer
712rob
712r95c
712pac96
712moy
712mamusa712
712love990
712kids
712jmm
712jdl
712ilk
712haneesahm
712ferry
712ef.ym
712d0200
712clare
712charleston
712brma
712bd990
712afj
712a828
712SPOILBR
712LUISFER
712Gaia69
712Argentina
7129dd
7129_bubbles
71299kdw
71299803
71299509
71299217
7129918cs
71298pri
712989
7129881
7129866
712982
712980
71297aa
712979
71297554
712975
71297123
71296j
7129686
712967
712964
71296280.
71296
7129592
7129555
712955015
7129543
7129539
71295359m
712953
71294spike
71294bebesote
71294682
712943
7129411
71293tew
71293marie
71293[lol7]
712937kas
7129359
71293300
7129320
7129315gg
7129306
71292lpl]
71292cash
7129287
712927t
7129270
71292623
71292482
7129240
7129236
712921510v
71291y
71291CDT
71291982
7129185
712917
71291553
712914
7129123
71290vcv
71290cchs
7129078
712905
71290271090
712902
7129014
71290109
7129005
7128rbh
7128mw71l
7128caps
7128998
7128984
712895
7128940
712893456
712891611
71288pb
71288j
71288drru
71288car
712889
7128871n
712885
712882
71288143pv
71287914
7128777
7128746
7128721
71287124
71286l
71286B
71286700
71286525
71286350
7128630
712859928az
7128586
712858
712856
712853
71285149myhuz
71285006
712848278
712844
71284038
71283ale
7128376
71283554
7128327
7128300
71282ljs
712829
7128277
712827
7128262
712825
712824516
712823
712822
712821
71282
71281jla
7128182
712818
7128168
7128142
712814
7128129
7128119
71280nikki
712807912
7128063
7128035
71280033
7128
7127itcode
7127b!
71279a
712798
7127932
71279
71278rayo
7127883
712787
7127861
71278520
7127814
71278
71277AMK
7127787
712778
712777
7127739d
7127716
712770w
71276r
7127692
712768bc513
71276525
7127626
7127619h
71276109
712760
71275988
71275806
71275752
7127554
7127531
71275137115415
71274871930
7127455
7127433
7127428
712742
7127404
71273873
712736444
7127341
712733
7127308
71273
7127295
712728nico
71272678
7127259
7127252
7127211peter
71272
7127195
712718
7127161
71271482
712712bjtje
71271125
7127105
7127099
71270830
712706
7127025
7127000y
7127000555
71270001150
7127**
7126trg
7126rr
7126ra
7126lp
7126god
7126dtm
7126990
712691
7126905
71268sl
712688583
7126858
712684
7126812
712678
712672
712666881a
712665
7126643
71266378
7126623
7126603
71265fstvqc
7126591
7126574
7126555jrlj
7126548casita
712653t
7126529
7126524
71265079
712649s
71264382
712642s
71263car
712639
7126372
7126360
7126350
712633
71263
7126288
7126264
71262533
7126234
7126214
7126183
7126162artist
7126135
712609
7126085
7126062
712602
71260111
7125nj
7125meto
7125lal@
7125gabe
7125RNZO
71259961
7125971
71259660
712595
712593347
712592
7125909
71258945944958
712589
712588
7125837
71258256
7125822
7125806
71258
7125791
7125765
712573
71257125ge
7125710
712570
7125684
71256797
7125654
7125650
7125643s
712563
7125606
7125593
7125588
7125580
7125570
71255670
7125545
7125523
7125507
71254890
712547
712546
712545805
712544
71254318
712541
7125394E
7125368
7125359
712535735
712531E
7125307
7125270
7125256
71252390Rb
712523
71252
71251c
7125199
712519
712515456
7125146
71251414
7125134
71251208189
712511221
712509g
7125083
712506
71250508
7125049
7125023
712500mc
7125007
71250
7124wa
7124quinientos
7124ablp
712497
712495
7124938
7124927
712491619
7124882
712488
7124875
712486
71248355sil
7124832939
712482
712478
71247063
71246nm
7124664
7124658z
7124646
71246313
71246234569563
712461
712460
712459711305
7124573
7124570
7124547
712453666
7124529407
71245107
7124491
712445
7124440
7124438
712441
7124382
7124364
71243564
7124321
712430Pd
71242mercy
7124291
712427
712425js
71242493
7124234
71242307
712422
712421
71242
7124188
7124182x
712417
712415
712413
712411900
7124114
7124111077857560
712410
7124071240
712406
71240436
7124024
71240168
712401*
7123xoxo
7123sax
7123999
7123984
712396530
7123957
71239321
7123916qq--
712391215
7123900
7123897--
7123874
7123862
7123844
7123833brens_eove2008!@#$
7123819
712380
712379
71237826
7123756
71237428
7123737
7123724
712370
712369rp
7123690
712366882
712364c
71236348
7123623
71236123
712360
71235900
7123571235
7123568
712354
71235098411
712350
7123492
7123486
7123479
7123469
7123456923
7123450
712340869015411
7123400
7123371
712335
71233459
7123321
71232962
712329
7123262
7123247
7123232
712321147
712320812696633
71232001
71231BD3
71231544
7123124
712312
712311
7123088
71230492
7123047
712303
71230267
7123000
7123
7122panic!
7122bl
7122BENSON
7122964
7122961
712295
7122936pablo
7122923
7122905
71229
71228889
71228777
712287
712285566
71228417mjc
7122826
7122822431
7122811
71227_spider
712278kin
7122764
71227335
7122726
7122709
71227059
7122692
7122679
7122668
7122653
71226366900
7122622
712261
71226
7122590
71225827122582
7122582
712257
712256
712255
7122541
7122536
712253414
7122531
712252606118028
7122523
712251sb
71225192
71225184
71225149a
71225125
7122509
712247968
712247
71224477
712244
7122415
712241
7122386
7122366
71223400
7122319
712231
7122300
712228
712225
712223
712219
71221825
7122173
7122133
712212428
71221234
712211829
712211211
71220a
71220965_escaner
712208
7122072
712203
7122016
7122004rk
71220000
7122-BPF
7121xter
7121vj
7121hh
7121dan
7121VH12
7121998
7121997S
7121995bea
7121993123
7121991j
7121989peterpan
712198716
7121985`
7121983bp
7121978chh
71219758zx
7121971
7121967-6364046
7121965
7121948
7121934
712191420
7121910
7121900
712186
7121821
712181amy
7121811
7121801
7121773cell
7121741c
7121729littlecjy
71217135
7121710320
71217
712166
7121659SP
712163
712159americo
71215788
7121554
7121524
712151891
7121514
71214888
7121478
712147
7121467
712145
7121432
7121427933
712142513525
712142
7121414
7121406
7121399
7121373jbx
712136
7121354316
712134156
71213394b
7121329574mcg92
7121316
7121311
71213067
7121305083
7121302
712129ST
7121290
71212873
712128
7121271333557
712126
71212515
7121236
712122535
7121221207
7121219
71211g
7121187155
7121183
71211712
7121156
7121132
7121126
712112
7121112117
712111
71210teamo
7121079
7121064
7121058086
7121043
7121030
712102af
71210201
7121018131
71210
7120tev
7120raul
7120lizette
7120black
7120983
712096
71209517aries
712093
7120922joanna
712091
712090
71208ol
71208hw
7120883
712087bk
7120864
71208434
7120832
71208188
7120809
7120807
71207mlc715
71207776
71207515
71207119
71206tncc
7120692
712064
7120629
7120603
71205kmr
71205kc
71205Kk
7120598
71205643remy
712054
7120522
7120506
71204sexobueno
712046ats
71204502
7120433
7120413
71203l
7120385
7120356
7120346
7120334
712032k
7120318
712030
71202kayla
7120290e13e09
7120287273456
7120265w
7120255
712025
7120231\\
7120208
712020
712019ecu
71201958
71201723
71201577
7120140
712013
7120128
7120122
7120119
7120113630559
712009CHERISH
7120096
712007a
7120062
7120039
712001a
712001
712-sad
711zx5
711z323
711ysi
711xyw9
711vip
711va
711twiss
711tigger
711techno
711sunshine711
711sr72
711soccer
711smokey
711slurppy
711slurpee
711shane
711sandr0711
711sal
711runnion
711row
711rlc
711rbs
711pug85
711ps66
711pondmills
711pauley
711panda
711pa91
711ns
711neti
711mun
711momy
711mit2711
711mexican
711mayu
711mac4600413
711luck
711love
711l0vedu0ng4ever
711kla
711key
711kayla
711kammy
711july
711jess
711jd7
711jarod
711j117
711is98
711ilove
711icnles
711hunstock
711hjld
711heaven
711handbags
711gnuhc
711gjn
711fly
711felix71
711east
711dmc
711daisy
711craps
711coyc
711cjs
711chicken
711ccypink
711bronZE
711blood
711big1309
711bailing
711babies
711aninhas_
711always
711ah
711addi
711abc
711_socer
711Yete
711PASSWORD
711MAMA
711KAT
711FLOWER
711@dec
7119pam7119pam
7119ora
7119karen
7119ff
71199sami
711999857
7119995
711996121236
71199477
71199264
7119921485123
7119919oib
7119902008
71199
7119890
711988++
7119857
7119854
71198474
711984007
7119828
711981krissy
7119803mnzer
71197lme
7119781
711977
711976
71197504
7119732
7119722
7119715
71196mg
71196ale
711966
7119633
7119614
71195tm
711956
711955
71195428
7119524667
71194volleyball
71194@87024
711948
71194567
71194225
71194030
71193r
711933a
711933
7119300
71192tan
71192hk
71192cw$
71192ab
711929m
71192825
711927119
7119250
711923
7119200
71191bd
711919280ew
711915
7119113120001992
7119110
71191.soc
71190mw
71190guard
71190clr
71190aus
7119072
711904ever
711902
71190048
7119
7118js
71189w
71189k
71189a
711898e
71189856
71189677194
711893
7118915
7118909
71188pdd
71188bnb
7118896
7118878
7118851tkh
7118835499
7118816
7118804
71187jack
7118792536
71187833
7118720
7118712
711870
71186J
7118681
71186526
711864
7118626
71186151
711860milagro
711860
71185dogmai
711859735
7118590
7118571jjj
71185439
71185345
711852
711851
71184sue
71184lpt
711849
71184638
711846200372405
71184485
711843
7118416
711841369
711840S
7118391
7118358
711835
7118322606
711830
7118292
711826
71182368
7118215
7118209kc.
71181s
71181o
711816
711813
711812189
711811911
711811266004
71180hp
711807rdc
711806tb
7118054
7118037
7118031
7118021
7118007
7118
7117shingi
7117rad
7117love
7117ag
71179PAM
711799
7117966
7117942
7117931215
711791234
711790
711789123
711788
7117841
711782
7117766
711776
711774715072
7117726
71177117m
71177104
71177000
71176lee
711768
7117668
7117633
71176158
71176
71175780
7117519
7117517
71174i
71174894319966
7117474
711744
71174110
71173l
711738s
7117351103036
711735
711733d
71173312
711732
7117308
7117272
71172689
711726
71172531
711724119231195
7117227
7117212
71171k
7117196
71171855
711718
7117175
711716848
71171551y
711715
711713108J
711712
711711s
711711k
711711a
711711555
7117114
711706
711702
711701
711700236
7116go
7116M7116M
7116997
71169300
71169
711688m
7116872
7116840
7116832
7116828
71168080
711679
71167846
711676
7116718
7116713
711670
7116688
7116674
7116666146
7116649
71166117
71165RONALDINHO
71165799
7116554
711650z
711650
7116484
71164791484204662
71164662v
71164430
711641
711639
71163704
711636
7116339
71163200
711630315
711625
711620
71161971
711619
71161718
711616
711615er
711614623
711613
71161
711605w
71160402
7116029
7116020
7116014map
711600
7115thai
7115edila
71159679
711593388aam
7115917
71159086
711590
7115869
7115852
7115836
71158008
7115780
711577
71157238
7115715
71157115
711570030161
711568764
711568
7115649
71156170
71156
711558
7115565
7115555
7115548
711554
711552
71154927\\
7115482002
711547
711544033955
71154348
71154
711537
711534
71153326
7115330
71152sam
711527s
711527
7115268
711526
71152517
711523x
7115225
711521
71152
711517
7115154
7115139
711511297
711509
711507
711504714179
711503i
7115038
711503
7115022
71150190
711501
711500
7114ss
7114nina
7114eppes
7114as
71149glm
7114998
71149824
711496a
71149414
71149205
711491
7114858
7114849
71148208
711478
7114769
71147339
711470
7114697
711469
711468
7114645
711464
711461
71146
7114594
7114529
71145111
71145089
7114502
711449
7114444
711444
7114439
7114419
711439
711436J
71143676
711436
7114344
7114330
71143254replicas
7114293
71142760
711426a
711424362141
7114221++-
711420ea
7114201
7114186
711416244
71141381
7114125
7114117
711411211
7114100734
71141
711408
7114064237
711405
71140404
711400009
7113mnj
7113luna
7113buch
7113SW
7113994
7113986
7113955
71138M16
711381
7113788
7113775jg
71137640
7113759
711374
7113734
71137180
7113698[hfv
7113686
7113658
7113642860125855
7113632
7113623
7113598
711359
7113560
7113549
711354
71135027
711349k
711347
711345
711341
71133m
71133904
7113351
7113343
7113337
711332
71133
71132962
71132910sj
711329
711327
711326
7113257
71132259
711321989
71131999
7113198317121984
7113192
71131800
7113171131
7113143450803
711312
711311210
7113104
711309at
71130890
7113063
711305
7113031
71130212
7112nik
7112desu
7112banana
7112Angie
7112991
711298891637
711298
7112965
7112945
711292
711291197g
711290
711288
711285908
711283
7112821
71128171br
711281
71128
711276
71127112d
711269
71126699
711266711266
7112633
71126101
7112600
71125cmsc
711259
7112561
7112551
711254789
71125354
711253
7112523
71125200
71125133
711251
7112508
7112504
71124hours
7112486
7112480
7112472
7112463
711245
7112447085
7112432
711242
711240209920
71123star
71123950412
7112379
71123773
7112356M
7112326
7112319
7112312b
71122ib
7112259396dq
7112252
71122363
7112232
7112219
7112212
71121ixou
71121AL
711218mau
71121809
7112171
711216
7112147
7112133
7112130
71121251825
7112120
711211211
711209
711205a
7112052
71120395638216
711200
7112-gaab
7111wb
7111cjj
7111Maxima
7111997t
7111996bday
7111994a
71119922004
7111991patrick
7111991a
7111990irenetqtq
7111989e
7111989DENISSE
7111983kh
7111982kf
71119801941981
7111977
7111975rb
7111973p
7111970
7111967
7111963
7111956
7111952
7111935660
7111925
711190
7111895
711188892
711188
71118699159
711186
71118291
71118251marvin
71118059
7111799
711179
7111781
7111769
711176
71117577
7111739
71117333
7111714
711171088
7111667
711165325123
711163
711161191
711159178
7111577
7111563
7111559
71115428
7111539
7111515
711150
71114cg
711149
7111469
711144
71114315
711143
711142021
7111400
71113666
7111359
7111336
7111323
711131
71113
7111261
711125
7111230
71112271
71112194p
7111212
7111201
711120
71111t
71111907
7111189821
711117s
71111704
7111156
7111124
711111c
7111112
7111111
71111
71110899
71110808
7111068035
711104may
711104
7111019m
7111010
711100
7110rx
7110coope
7110986
7110969leyden
7110942
7110919n
7110911
7110907
71108s
71108j
71108882
711088
71108563
7110847
711084
7110815a
71108015l
71107king
711079
711078
711076
7110714
71107118332
71107024
711069874
7110694
7110653
7110641
71105eh
71105a
71105806
71105642
7110541
711051237
7110504
711050
7110497
711047
711045783073
7110430
711042
71104034
71103rtg
711038
7110371005
7110366
7110352305
71103444
711032590j
7110317
7110310020
71102830
711026
711025301987
7110237
711021lr
711021209
71101995
7110177
711016
711015
711013308
7110112903
71101032
71100p
7110092
7110075
711006
71100555
7110046
71100433
71100405
711003s
711002726788
7110025
7110010
711/866
711+247
710wreck99
710tweety
710splitter
710smms
710sis935
710shiminbday
710sgd
710rviolo
710rockyou
710racer
710pin
710njave
710morgan
710mlne
710mar
710lightblu
710laguna
710kat
710jph
710joo
710hurley
710hanah
710hainesr
710frontst
710emma
710divad
710croes
710colldel
710cb55
710boston710
710baby
710babe
710SHV
710Nk1ng%
710AUN6
7109meadow
7109eselpi
71099hca
7109954
7109944
7109936
710991
7109897
71098768
71098623
710985
7109846
71098
710978
7109757
7109742
7109739
71097205
71097109
71096ks
710969
7109638
710963
71095sa
710958
710956
7109533
71094landon
710948
71094
7109399
710938243
710933
7109321
71093097
71092rcj
710929
710928
71092493_alex
710921DI
71092122
7109206
71091jose
710918
7109147
7109140
7109125
710911034
7109108
71090duke
71090809rina
710905
710903
7109004
7108\\
71089tovy
71089mar
7108990
710896969
7108949
710891
71088s
71088nw
71088j
710887483
7108865
71088345
71087jane
71087cora99
710879581
7108765
7108730
71087108
710870
71087
71086860
7108642
7108615
71086072090
71085rpm
71085N
71085353
7108519
71085113087
71085023
71084chris
710844
710840
710836
710832524
7108323
710831
71082985
7108292
710828
7108250
710823
7108225
7108198
710817
710813
71081!
7108099rpm
710809
7108080
7108062
710804
7108018
710801
7107jw
7107catha
71079m
7107986
7107961
710795617
7107940
71078sandra
710788
7107867
7107840it
710783
710782
7107805
71077memo
71077345j
71077284
71077125
71077100
71076sue
7107689
7107676
710767
71076577
7107641
7107579
7107566
71075
71074931
7107481
7107417
710737
710735
7107335
710728
7107223
71072087
71072
7107182
7107172
7107170
7107136848
7107114
710710s
71071096
71071
7107082
7107065006
710705
7107040001
7107021019
7107004
7106tr
7106mjc
7106gulley
7106anr
71069anime
710698
71069618
7106951
7106933
710690
7106874
710687
7106846
7106818
7106787
7106745
7106741
7106712
710671
7106679
7106677greisy
7106668
710664
71066
710658
710653
7106514
7106505
71064549
7106432
7106414.
7106405
7106371063
71063342
7106313
710628119071991
71062632
7106255013
710624
710622
71061843
710615
710611K
71060805
71060788
710606dki
71060613
710601
7105rynn
7105me
7105jrb
7105gay
7105cr
7105Snb!
710599
710591
71059
71058758
7105862*
7105840
7105837
7105824
710579m
7105785
7105750
71057330
71057105a
7105701
7105695
710568m
7105669
7105652
71056
710558
710555
7105523
7105515
710550561234
71054613
7105440
71054264moonkey
710538
71053576
71053444
71053258
710531483
710531
7105299
71052782812497m
71052533
710523
710522
71052009
7105181
7105172
710516
710515
71051
7105095
7105088
71050700
7105060419
71050511
710504
7105010rv
7105010
7105004
7105001
7104marshall
7104home
7104ameen
7104979
7104942
7104927
7104913
710490
7104866
71048510
7104784
71047777-C
7104743
7104712
7104709
7104700
7104689129
7104664
71046562
7104650
710463pao
710462
710461
71046
7104584
710457
710452
71044a
710448
7104466
7104443
71044
71043m
7104363
710435
7104310
710429
710427a
71042553
7104245
7104226
7104211
71041billys
71041991
7104184381
71041717
710416
71041312
7104099
710407
7104030550
710402
710401106647
71040020
7104
7103=4269
71039869
710394
7103922
7103911
7103906
710387
710385
7103833
7103826
71037sp
710379
710376
710373937483
710372004
710371
7103700012451
7103670
71036
710357717
7103558
710348s
71034791
71034685
7103431
7103390
7103374
710336
710335
7103314
7103309
7103298
710328a
7103256
71032534
710323212
710323
7103223
710321605
710320
7103146
71031219
710312
7103109
71030jasita32
710305leo
7103052
710304cn3
710304
7103027
710301sly
71030188
7103
7102s9403301b
7102lsdd
7102forever
7102ann.
71029midori
7102993
710298
7102937
7102913
7102891
71028879
71028740
710286
7102843
710282
710280
7102795
7102774car
7102722
710271027102
7102680
71026745
7102671073368abc
7102642
710260
710257
7102551
7102550
710254
7102534412535
710253219
71025280
7102526
710252
7102515
710250
7102495
71024741733
7102446
7102415
7102401
71023xyj857
7102390
710238g
7102383
710237b
7102369+-+-+-
710235
7102343
7102315
710231
71022498
710223
7102191
71021900
7102189
7102171
7102156
7102148
71021266
71021169
710211
710210
7102090m
7102077
7102024
710202
7102009
71020081
7102005rlc
7102002(=
7102000a
710200
7101tg
7101sexy
7101cat
7101b23
7101FLOWER
71019y
7101999
7101995r
71019945555
7101993fabioalv
7101993babylove
7101992massa
71019912091
7101990jmp
710199
71019853
7101976
7101968
7101963amor
7101955
710195
7101936
7101921
71019034105
71019
710189
710187
710185
710183839
71018243642
7101808
7101788
710177
710172123
710172
7101699
710168
710165
710164
7101603
71015901
7101585
7101554
7101544159159159
710151989
71015
710148
71014491HILA
7101412
710141001004781
7101367
7101355
710132
7101317
71013116108
710131
71012897
7101285
710128
7101272
710124689
7101232
710122
71012138999
710120a
7101204019
71012
7101170
710115
7101130=e
7101123
7101121
710111722
7101116
7101112
71011021
71010em
7101094
7101090
710108
7101068
7101055
71010292
7101020475
7101!!
7100south
7100lg
7100je
7100chuy
7100az
7100999
710094
7100931
7100929
7100900
71008956
7100876
710085
7100836
710082
71007dm
7100747
710072008
7100716
7100701
71006ls
71006813
7100658kp
7100657nea
71005cory
7100589
7100579G
71005641
710055
71005375
7100502
7100486
710041
7100407
710037858
710035
7100333
710032
71003
71002cmn
7100287l
7100257
71002500
71002308
7100217
710020
7100184
7100150
71001462
7100145
7100125337
710011330
7100107
71001018
7100087
7100085
7100071000
710004
710001
710-37-60
71/41
71/201
71-yrahcaz
71-Mustang
71*92332
71
70ykcul
70years
70x7life
70x7
70whatever
70welington
70wasdalegardens
70vwvert
70vettes
70veses7
70ver8o4
70vcs7nico
70v3r31
70v3k091n4
70v37y
70v3312d312t
70ussem07582987
70tyra07
70tt9
70trinidad
70to2is140
70thunder
70theresengina
70tash
70swinger
70strikeouts
70steen
70sshowfan
70ssalc
70sporty
70soxgab77
70skinny
70shouse
70sherwood
70shannon
70sf9070
70seven
70sdisco4
70sconnect
70sbih70
70sayboon
70sanford
70roddens
70rivera
70redat
70ratz
70r93d0
70quiteone
70purdy
70pimpin
70pelicula
70p70p
70owens83
70olds442
70nuts
70nk73
70nihcoy
70my0rk3
70music
70mrh2644
70mora
70mk06
70minshelby45
70michelle
70mi35
70mckb84
70mata76
70maria
70mahkceb
70mabuhay99
70m03
70ludwig
70loveJEREMI
70longtoes
70linda70
70letral
70leesdale
70lbsgoal
70latexgloves
70lakeforest
70korntved
70kittens
70kill
70kgman
70kaka02
70k0o5r5i9
70junglejamba77
70jose
70jim62
70jgb417
70jalanbawal
70intheend
70indira26
70iasi20hi5
70housepen
70hotbunny2537
70hojas
70hauoli
70happy70
70happinessiaj
70gtojudge
70goldberg77
70gmc4wd
70girl15
70gf70
70gab82trb
70fredsta70
70four
70flamer
70fine70
70feb20
70fabbrica313
70f4a566
70ewvib9
70en089
70elky
70ejj58
70eae07
70e0528
70dudes
70dsatlitown
70doowac
70divorced
70deville
70delgado
70deadend
70dashuri624
70daddysbabygirl
70cttktb
70cqqjv7
70cougar
70compos
70cmeoj
70chvlle
70china
70chevyii
70chevell
70ch170|6
70cent.
70ceef
70cbad
70caddy
70c2403
70bugs
70buddy
70brother
70bra19
70blue
70black
70bierud
70beachbug
70bdj323COL
70barracud
70bacon
70b4Z132t1497Fc5
70b14
70autoridad70
70atrain
70ashley
70annie
70and74
70amela12
70alexcand
70agka34
70aashe
70aa1238
70a1008bc
70_doglas_70
70WOWSOIFELIZJA.
70V3S
70V312
70Sixers@72
70STLS
70RD4N
70O7Z8CN
70Mustang
70KANSAS31
70JOE90
70HEMICUDA
70GTOjudge
70GM@ch!n&
70G6n0=-
70EM70
70Chargerrt
70Camaro
70CHARGER
70CENT
70CAMINO
70BLUEONE
70BABY
70ALASKA
70A20A
709walnut
709state
709mpbn
709frank
709cmb
709bella
709abest
709RYDA
7099sw
709996
7099913y
709988
70998
7099795
7099745b
7099738
7099708
7099695
70996828
709966
709961
709958
709955
7099536
709948
709944j
709939
7099382
7099355
709928
709920
70991910
7099147
709912
70991015
70990N
7099085
709903
7098sammi
7098mueller
70989950
7098978
709896
7098931
70989286
7098906
7098899
709887
709885
709880
7098739
7098725
7098703
709867147a
7098632
709859
709855
709852va7
709851yong
7098472
7098443
709842ex
709840
70983762
70983294
709830
7098287
709827
70982316
709821709821
70981958
7098176
70981670
709813
709806
7098040
709802
7097kp
7097df23
70979757
7097959
709794
70979161
70978856
7097832511
70977A
7097757
709761
70975uobk
7097586
7097565296
709750
70974leo
70974666
709745
709734
7097278
709723
7097211992
7097193
7097131
709710
7097067
709702
7096kmaos
7096csm
7096alan
7096991
709694
709691143
70968c
709687
709686
70968030
70967096
709667
709666
7096590
709655
70965406
7096481
709644
70963943
70963525
709633a
7096277
709627
709624
7096220
7096198
7096158
709615
7096125
70961144
7096077A
7096038
709602
7095rock
7095nbcwx
7095j
7095cris
709599
70959806
709596
7095880
7095877179
7095845
7095817
7095773
70957288
7095713
709566
70956227
7095593
7095551
70955018
7095497..
709547
7095448
709542490
7095388
70953100a
709528
709525
7095226
70952000
7095117
7095099
709502
7094patur
7094ja
7094990
70949851jlc
7094978
7094840m
70947504
7094727R
7094712
70946899
709466
7094616
7094588
7094568
70945110
709444
70943youu
7094394605b
7094344wil
70942en
709426
7094233
70942
709418a
7094179e
70941196
70940ev
70940600
7094035
7094013
7094008
7093ps
7093mb
7093arm
709399
709397
709394wu
709394ep
70939432
70939401
709393
70939
709388
7093821
7093777
70937275
70936600
7093640
709362
70935855
709356
7093510
70934297
70934212mc
70934
7093348
70932kr
709325
709323
7093209
7093104
70931
7093054
709303
7092dms
7092annux
709298mm
70929848
7092981
709296
70929399iemc
7092900
7092896410
709285
7092827
70928
7092745k
709271
709270
70926304
7092571
709255
7092538
70925290
7092475
70924421_sol
7092423
70923k
70923689444253
7092324
7092252z
709224
7092234
70921jg@
7092187
709216
7092137
7092088
7092058
709200
7091ta3
7091998
70919968ali
7091992
709199117
7091986
7091982
709196327091963
70919499
7091929s
7091914
7091904DQRXT
7091886
709186
7091800499
70917829
7091717
7091689
7091651105Nconyerst
709164
70915chch
7091558
70915261
7091512
70915
709149
709143adam
70914305
7091425
70913J
709137beau
709130
7091274z
709123
7091222
70911907
70911690
7091128
7091102
70910801
7091045
70910230
70910018bora
7090N3ne
709099
7090941919
7090925
7090915
7090901
709089
70908854
7090800202
70907jean
709078k
709074
70907323
70907110
709070gm
70907
7090685389J
70906262
709060
70905vsmnm
70905853
7090557
70905468
709050
709048
709045
7090440
7090403
70903874
70903482
7090320
70903158
709026
70902314
7090210
70901806
70901472
7090133
7090125
70901104001
7090105
70900991
7090061957
7090055
709005
709002
70900000
709
708westage
708south
708school
708ndy
708laurel
708king
708east22
708ba708
708amel
708ajhaynes30
708ABC
7089h
7089church
708999
708997
7089953
70899100
708990
70898971
7089868
70898492729
708981
70897961
7089732
7089711
708970
7089690092
7089657
70896476
708961a
70895704
7089525
70895
70894599
70894!
7089386
708936
70893416
7089321400
7089277tey
708925
708917
7089145362
70891
7089097
7089064
708903
708901j
7088990
70889345
708892kaye
70889093
7088890959
7088863b22015254
70888588
7088851
7088806
70888
708876
708870
70886360fahd
7088625850
708859
708857
7088562117
708855
7088524
7088498
7088456
7088427
70884161
708836
70883023
70882705
7088231
7088202
7088155
7088120
708810
708807
70880535
7088032ck
7088
7087ilym
7087duhustmich
7087A
7087985
708796sn
708791
70879
7087889340
7087816016
708776
708773
7087643
70876033039
708758
708753
708750c
7087473203
7087455
7087442
7087373
7087359
708731703567329
7087288
7087278
7087241
7087226
7087157220
7087128657
70871123
708708807054213
7087066431
708705
7086va
7086o1412354xxxwark
7086@7799
7086986009
70869521224
708693mike
708689
7086886
70868726
7086828022
7086814210
7086709777
70867086
708658
7086526364
708652
7086485mimi494
7086470954
7086460187
7086430
708641..
7086402
7086309
708629rd
708629
708626
708625
7086244834
708623
7086194
7086157
7086120413
7086065
70860020
7085psqa
7085dj1516
7085964
7085955449
7085940
7085931
7085909
7085890
70858699
7085850
70857npr
7085692
7085660
708564
7085596
70855764
7085513
7085497
7085493
708547
7085454
7085418
70853evdvx
708534
7085293
708529
708523
7085227hcf
7085209
708518
70851621girl
70850860
7085060
708505
7085
7084pfiwo
7084PS
7084999
70849714
70849129
7084859
7084830
70848126
70847084
7084678
7084628
7084592
7084585
7084570
708454
70845296
7084474
70843qogdf
7084385
70843558
7084312
70842758
7084170
7084109
70840993
7084053
70840153
7083seierra
7083rc
7083grrko
708398
7083965
708395
70839423c
708393
7083911
70838570
70838
7083713
70837083
7083694299
708365428
708357
7083534
70835109
708346
7083421m
708335as
7083314
7083250
708322
708319932004paqu
7083121
70831
70830771
708304
708303
7083
708290583
7082896202
708283
7082811
7082712
70826xmspp
7082675
708261
70825827
7082536
7082524
708251
7082457
708238ivc
7082370013
70822k
70822426
7082231
7082211
70821978
70821640
7082131
708212
7082108
708207
708204365986
70820220
708200
7081lcms
7081darky%
7081996aylr
7081991
7081980
7081968
708192365
7081910
708189
7081830
7081817
708179
708178
708176
708173998852
708170801
7081692
708169
7081611
7081600852
708158
708157
708155aa
7081556
708153206
708153
70815053088
70814393
7081426
7081390
7081342
70813139kerida
7081271
7081210
70812
708109c
7081066d
708105
7080ywkub
7080ycs
7080pemberthy
7080lion
7080an
70809ki
7080975
708095
7080933
7080921901
7080913
708090karla
7080907
708090123
708090100030620
7080890
7080885
708088
708087
7080855
7080829
708081
7080745
7080739
70807105
70807015
70806ujuve
70806889
7080671
7080647
708061
70805tosha
70805A
7080549
708053cw
7080535
7080520
70805060
7080491
708049
7080463
7080431
7080424
7080408
708040
7080391
7080345
7080333
708031
70803014
70803
7080292
7080250
7080222
70802140
7080200
70802
708017j
70801612
70800983
7080090
7080070
7080058
708005
7080040
7080031
70800192
708001
7080
707yy2678
707west
707vacaville
707tiger
707thizz
707tazz
707surfer
707sucks!
707sparky
707sisters
707scot
707sav
707rob707
707redone
707raiders
707pimp
707perdita
707peen707
707osaki
707nova
707napa
707mia
707mayne
707manjie
707mandoo
707love
707latex
707kings
707keonte
707jj29
707janet
707hyphy
707hoofs
707hde1z
707green
707garden
707fly
707flaca
707fez
707falcon
707erika
707eddie
707dixon
707dboy
707crln
707clinton
707chandler
707bunny
707bayarea
707babygirl
707anson
707a707a
707_Guesswho?
707RU
707Hahn
707EXaXoVdQA
707DAME
707BAYAREA
7079geo
7079940
7079920
70799
7079894
707989
7079871s
707986ken
70798522
7079797
70797710
7079751
70797118
70797079
707970
7079677
70796428
7079639
7079589
707954
7079502
70794996
7079474g
70794591
7079416
70794
707938306
70793305
70793
7079258
7079223
70791980
70791811
70791181
70791
7079098
7079062570790625
70790500
707905
70790124
70790
7078here
70789678
7078953
7078909
70788943
707887
70788519
7078828
70788
7078772
7078753
7078745
707872mj
7078707
70787
707869
70786593
7078617
707855
70785239
707851
707844
707838
7078369
707833
707827805
70782103
7078190
707817298
70781460
7078131
7078127
70781052
70781
7078080
70780540
7078043
7078028O
7078011
7077rasprincess
7077abbie
707798CD
70779599
707793
7077912
707791
7077876
70778666
707780
7077790
7077712
707770
70776677
7077634
707762
70775857
7077570775
7077535
707751
70774950
70774136
707739
7077367
707735
7077325
7077307
707727
70772636pak
7077228
70771710
7077133
7077120
70771173
70770979123@
70770425brayan
7077014
70770117
70770018
7076lynsey
70769968516366
7076977
70769698
70768867
70768463
70767522
707672
7076712
707668
707663
70766093
70765881
7076582
7076556604
707653Frog
7076526
7076513
70765
7076455
70764536
70764160
707636
7076342
7076313686
7076294
7076250
7076113
7076102sobese
7076101015476
7076077
707606
707605452007
7076022310
70760004
707600
7076
7075rr02
7075mj
707593
7075873
7075836
7075802
707578
7075730
7075707
70756587
7075589
70755846
7075579
70755555
7075536
7075508
70754564
7075453079
707541
70753762
707534
70753190
707531426
707530
7075270
707524
7075207
707516
7075128
7075121
707510vfo
7075072
7075068
70750482
707503
7075002020
7074ok
7074dn
7074L
7074995
70749876
70749813
70749664
7074955
70749297
70748565
7074836
70748105
70747882
70747855
70747684
707475
70747010
7074681
70746475
7074592778
7074550
707451
707448
7074451907210
7074424
70744038
707437
707434
7074312
7074253
7074221
7074186
7074143
7074105
7074077268
7074068
707405
707402
7073jeep
7073j
7073dante
70739mb
707393
707387+orlando
7073858
707380
7073781
707374
7073735
70737074
7073653
70736393
707362
707357
707353
7073513
707346cb
707346
7073430
7073375
7073364
7073317
7073292
7073275
7073267644
70732381
70731cedcott
7073178
707316
70731455
7073125
707309
7073080
707306
707305
7073035930
7073022sam
70730044
7072xi
7072lins
7072da505
7072980
707288
7072840
7072832
7072791
707276MRc
7072766
7072748
7072743
70727127
70727072
7072701
7072634
7072619
70726
70725570
7072540nattamon
7072528
707251
707248
70724740
7072451
7072433
70723mc10
70723707
7072350
7072328
70722drkwv
707229
70722770
7072237
7072208
7072204
707216
707215
70721314
7072105
70720iquug
70720603c
707203
707202424
7072016
7072005
7071ml
7071dmmc
7071999
7071997
707199
7071985
707198
7071976
70719520
707195
7071934
70719098
70718mm
707189
7071860805
7071838
70717m
7071779
7071768
7071750
707174
707172777900922
70717222
70717
7071685
7071617
707160
7071583
707158
7071517
70714xiv
7071493
7071469
7071430
70713829323518931493
7071377
707135
7071327
707131
7071288
707127
7071237
7071220
7071209
70712017
7071184
7071141
707110
7071087
7071076a
7071073104
7071048
7071005
7070volleyball
7070ra
7070jj
7070cel
7070amazing!
707099
707098
7070946
707094
7070935pr
70708933
7070882
707087104
7070858
70708404
707080
707078
7070777
7070712
707070m
707070b
707070a
7070703
7070673m
7070640
7070624
70706060
7070601
707058
707055
7070520
707051
70704k
707048
707044
70704182
707041
7070400
7070399
70703825
707038
7070345
707033
707032
7070291
7070235
70702316
7070217
7070205
70702
707015jojo
707014
707012
7070103
7070100
70701
707008
7070055_
70700307mj
7070019
707000
707+2213
706zxc8208
706walt
706txpmj
706sr206
706pearshirt
706ni99a
706mario
706lilbubba
706john
706gurl
706goon
706gates
706dkmmp
706chick
706carlos
706budah
706bold
706bless
706bgrry
706barbara358
706babygirl0337
706atl
706Matthew
706GRITS
706CLIK
7069marjoe7069
706994
706992
70698qccic
7069873
706984
7069825520
7069787
7069766
70697171
706971
706968t
706967
7069601
7069570
70695283
706935k
70693372
70693
70692727
7069238
7069144
7069128
70691232
706911
706910
7069067
70690
7068tc
7068bell
7068age
7068995
706896
70688j
7068826
7068804
7068794
7068702
706869808407
706866
70685tichus
7068574
7068505358
70684771
70683aqgnp
706835
7068312
706829
706828
70682531
7068226
706821
7068175
7068172304
706808
7068073421
70680534fa
706804
7068028
70680251
706800
7067qdfu
7067990
7067984
7067966351
7067952
7067891
7067853781
70678
7067764
7067727653
7067711
706770k
7067706
706764
7067623
706753z
70674985
7067470674
7067438993
70674158168055
7067410430
7067303
7067263357
7067234
7067215
7067179
706714589
7067131
706710
706707
70670673
7067058@45
70670158
7066mom
70669890
7066957763
70668893
7066876917
7066869
706680
7066783
70667290
70667066
7066682dj
7066656866
7066609
706658927019
7066566
7066522007
7066498
7066479491
706642
70664043
7066363
706636
7066317l
70662pxia
70662857
706628
7066257
7066226
7066222
7066199
706618
7066151
70661299mn
706610
706607
706606
7066012378
7066002
7066
7065995388
70659727
70659507
7065941315
7065924519
70659096
706590
706586
706584
7065800
7065775
706576
7065739234
70657065
7065694253
706569
706567515
706564788
706563
7065617949
7065587
7065580
706555913
70654873
7065440
70654117
706541
70654$re
7065362j
7065347111
706534
70653036
70653
7065275
7065259
7065201mm
706519184
706516
706513
706509
7065085
7065040
70650200
7064pink
7064971
7064967
7064910
70648ll
706489jv
7064864684
706481
70647064
70646668
706464676984a
7064614
7064576
7064533
706451
7064446
706440
7064370064
7064325
70642tiago
7064259878
7064255
7064247
7064232
70642
706418
7064175
7064148056
706414
7064112
7064087
7064060
70640451
706401F
7064005
7063r
7063fi
7063963
7063943299
70638931972
7063880309
7063855
70637fnb
7063791
70637767
7063650
7063616g
7063606
70635976
7063550
706352
7063510809
706345
70634135
706338
706336
7063337
706330869805
706322
7063152048bh
70631167
706311
7063063289
706303159
7063028889
70630182
70630
7062dc
7062ELM
7062997033
7062966
7062927
706286
706283m
70628157
7062670
70626644
706265
706259
7062562
7062544
7062534
7062523
7062495
70624700
7062394
70623541
706234
7062312
7062308624
70623
7062288
7062257
7062212280
70621616
7062149
706213
7062102527
7062084
7062047
7062012
7062007
7062002
7061bc
7061995
7061992
7061987
7061982
706193238
70619161
7061908
70618865*alby
7061820
706178
706175
70617173
706170
7061613808080
70615910
7061574k
7061524
7061512
7061491
706141
7061393PImpin$$
7061291
7061287
7061232
7061221
7061189
7061136
7061060
70610291
706102
706100
7060dfnzx
7060ash
7060987
706097
7060931
706084
70608199
70607L
706076
7060708
70606k
70606789866321
706066
7060624
70606
70605946
706055
7060530
706050000
70605
7060472
7060466
70604454
7060426
7060405
70603837
7060363
706032
7060270602
7060212z
70602004
706019
706016
706013a
70601170
7060091
7060085460orn
70600771
70600148af
70600011
70600
706.a.d
705stmaryspark
705rm205
705pan108
705nray
705ncst
705mrfky
705loz
705iluvu
705falcondr
705epine
705elm
705diosa
705beach
705ama
705aag
705PimPin
705MOM40
7059h205
705996ar
7059904
70598666
705984
70598180
70597498288
705972990810
70597059
705964
70596231
70595sieemo
7059572
7059548123
7059503
70594kdmjg
7059390
7059362
705932
705931
705930martini
7059292
705925
7059226
7059184
705910
7059058
705903
705900
7058tarnia
7058954
7058910
7058888
7058876
705887
7058840
7058802
70588
70587864
705877
7058746909
70587
7058652tj
7058627615
70586088
70586
705859
7058571
7058550x
705851
70584888
70584805
7058442479
7058371
7058325
70582qq
7058283
705823
705821t
70582129
70582
705819
705811
705806+0
705800
7057bdho
70579912
705796
70579049
705789
7057871
705783
705782
70578
7057787
705778
7057757
70577522kudai
70577057
70576190
705760
70575729
70575400
7057510
70574@amal
705745
7057430
705739
7057341t
7057328
7057322
705728
7057212
70571147MaRi
70571
7057065
70570575
7056jc
70569664
7056938
7056915
705690
7056888
7056882
7056857
70568144
70567w9q
705676
70567056
70566a
70566729
705666
7056621
705657
70565635-mishy
705652
705651
70564927
7056449
705641
70563695
705634
70563341
705629
70562598
7056235
70562301
7056229
70561781
70561540
7056125
7056117
70560920
705607
7056042
7055vks
7055edyfase17
7055am
705596
7055933
70559180
7055881
7055821
705580
7055760h
7055696
70556481
705562
7055610
7055601200
70555916
7055587
7055528
7055470a
705546
705544
70554131
7055382
705533
705532
705530597074
70553
705529
705526
7055184
7055150
7055110
70551019
705507
7055038
705502
7054zeaid
7054mocha
7054josh
705499
705496bs
7054956
705489
7054880
70548407
7054780
7054722926
705469
7054678
705467
70546578
70545780
705450545
70544sa
70544888
70544533
705441
70544075841
7054396
7054311
70542701
7054235l
705422jb
70542185
70541918
705417
70541407
70541345
70541024
705408711
705403s
7054021
7053ph
7053HL
70539789
705397
7053934
7053891k
70538700
7053824916
705380
705374
7053706
7053699
7053636
7053572
7053546
7053496
705349
70534237
705338
705332
7053286
7053223angkarn
705322
7053190
7053181080
705315
7053142
7053132
705311
70531082
70531
7053065
70530404
70530
7052blondefreak
705295
705287
705280
705267
705264
705260
70525837
7052525
70525127
7052452
7052439090
705241
7052399
7052388
7052380
705234
70523
7052292
70522324
705221609248
705221
70522006
7052176
7052163
7052133
70521172
70521106
7052081
7052048
70520326.
7052012
7051stahov
7051995
7051991
7051986
7051982
70519743
7051925g7
705190
705188
7051844
7051834
705181724450123
7051801
70517atg
705174
7051715
70517
705166
70516537
7051632
70516219
705160
7051577
7051570
705151pop
7051503
70514me
7051479
7051460
705145
70513996
705136c
7051332
70513182
7051300
70512c
705125
7051200
7051128
705110
70510tf
705105743452
70510507
7051026
70510156
70510078
705100
7050girl
7050997
7050986
7050911
70508sh
7050865
705081
70507tmoqu
70507A
7050777
7050753
7050708
70506M
70506941
705064c1a
705063667
70505593
7050514
7050460
7050453
70504266
705041226
705037acrep384
7050370426
70503432
705030
70502bevtq
705026
70502456
7050233
70501@la
7050182
7050167
7050153a
705013
705010
7050089
70500700
7050024
7050010
705-1109
704xssss
704westc
704virgo
704trap
704thomas
704sexy
704scenter
704redwood
704pm
704peace
704nut
704mycode
704mccosh
704jp929
704ishot
704gurl
704gold
704gco
704explore
704eb95c
704clyde
704bzzfp
704boys
704beauty
704a209
704UcSy
704BOI
704AceBuggy
704ABF
7049irmzs
7049991
7049976
704992
704987
70498036
704977
704974
7049709
704970
7049693
70496778
70496494
704964
704960
704958
7049510
704949
704948
704944
7049426272
70493905
7049380
7049373
70493372
70493
7049285
7049201193
70492
7049177
70491547
704911
704908805
7049063699
7049012
7049008
7049002
7048wpnzc
7048983
704892003
70489003
704886w
7048850429
704882
70488048
704876255028660
7048739m
704870
7048670888
7048661
7048629
70486
7048572574
70485604228
7048483
7048446
704842
7048412mel
7048357
7048298
704827
7048196JAVIloz
70481662
704816
7048139
704810
704804
704803
7047san9606
7047987
7047956825
7047881
704782611
7047820704
7047777463
7047750abc
7047713070
7047634637
70476
7047581
7047568
70475420
7047450
7047435
70474009
70474
7047364
7047333
7047304s
7047268
704721
704719
7047144
704711
7047093
704709
7047060709
704704704
7047041
704701
704696
70469494
7046914
7046884
7046863
7046846
7046832
70467hnos
7046741895
70467046
7046695
70466756
7046654
7046619
70465ro
7046585073
7046562
70465082
7046423
7046402253
7046400667
70463sun
704627
704624
7046182704618212
7046171
7046166
704615cazoline84
7046111
70460girl
704609
7046053715
7045ur
7045ktw
7045bex
70459pufin
704598584t
7045973113
7045956
704592
70458whiz
7045870
7045858
7045816
70458
70457670
704574
7045726
7045714
704570
7045688
704568339775
7045642
7045548172
704553
70455110
70454ss
70454783a!"
7045470
70454637
704545
7045406
70454
704539
7045381
7045371310
7045367526
7045346selcuk
704534
704533
7045322752
704531
7045248
7045212
70451975
7045184
704515
70451380
704511H
7045114
70451073
704510
7045087
7045053
7045040
7044eaqwu
7044994
7044979
7044951
7044934606
7044930996
7044920571
7044915
7044908015
70449
7044881
7044858457
7044844
7044793
704477
7044740194myphonenumber
704471
704467
7044654
704461
7044606455
7044543296
7044533oai
7044518a
7044497385
7044480
7044440
7044437a
7044407y
7044397124
704431
7044296
704428
704426
704424
7044216
70442
704416
7044134
70441297
704408
704407253
704403
70440000
7043jt
7043963
7043945
70439102
704388
7043867
704382
70437675
704371
704370
704369wd
70436908%diego
7043651
70436244
7043567
7043538
704346
70434311
7043337
70433211235
70433+
70432816
704324120
7043229
70432004ggd8gg
704319
7043150314
7043148
704313g
704311
704309
704307
7043037
704301
7043004
7043!dr
7042fs
7042977
704296821
70429155
70428mbyvo
7042896583
7042889
7042882759
704287
7042854195
7042817
704277
7042760016
704274
704273
7042719
704270741088
70426ventn
704269
70426797
7042634
704263
704261
704259M
704255
7042535
7042533
70425318
70425304
7042513
7042498elicar
704249
7042421
7042415
7042399
704234
7042331451
7042318
70422z
70422688
70422389
704223
70422228
7042206061
704216
7042150626
704214413
704211
7042088
7042033
7042006x
7042000
7041tfio
7041juancho
7041993
7041990
7041989
7041984
704197883
7041964
7041909m
7041861
7041844
7041821
70417clmcas
704176
70417041
7041700
7041676
70416
70415975
7041593
704157
7041499
704147-jj
7041451
7041417
7041404
7041360
7041336
70413
7041293
7041233
7041229371
7041212
70412044
704120
704116
704112belly
704112
7041094j
7041082
7041063245J
704104204
7041028
70410180
704100
7040main
7040976
7040948
7040912
70409030302
7040886
70408579
70408218
70408180
704077
7040727
70407
70406821
7040622
7040603m
704058
7040566
7040550
7040530
7040520
7040514
7040496
7040448
704037
7040247
70402190
7040216
7040202780
70402
7040192
7040161
704015130
7040116
704010805020
7040105
70401
70400a
7040091
7040078150
70400681ap
7040059391
7040030632
704002
7040005g
7040001
704-2041
704
703walnut
703tical
703sky99
703samsung
703sad
703raymo
703p0522
703oca
703love
703lombardi
703lef
703jcfant
703f5165f
703ecrvz
703dcpimp
703boyz
703ballin
703apop
703aa
703Rdan
703ESCANo
7039rrjns
7039fp
70399829
70399595
7039929
703991417
7039905
70399
70398910
7039811
70397aoeue
703974
703972
70397039
7039698gc
7039658
7039645
7039619216
7039612
7039596
70395859
7039556
703951
703950
7039466
7039456
7039416
7039393
7039369
70393123
7039300
70392900
7039273amime
7039245
7039226
7039219100
703919kes
703919
7039186
703915keyblade
703914
703912
7039103
703909
7039086m
7039045
7039010
7038sa
7038rf
7038999086
703890bb
70388KR
703887
703885
7038812
70388
7038773ta
7038737
703864
703862
7038608
703858j
7038585
7038577
7038555
7038511374
7038485
70384143
7038413
703839
7038345
7038325
7038231
703820
7038166
703815
703811
703810
7038080
7038051
70380330
70380207
7038004
7037sq
7037jam
7037am
7037955
70379421
703793
703792
7037900
7037870
703782belen103190
70378110
7037797897
7037772662
703776
7037741
70377037twa
703766
7037616
7037607106
7037576
703755
703751
7037483
703745
7037418
7037414141
7037411
7037390
7037379
703735
703731
7037281943
70372435
7037202
70371071993
7037079
7037052351
70370340
7037032
7036kumm
7036ed
70369997
70369966
70369471
703692
7036874
7036814
7036775
703670
703665
7036627  dezembro
7036604
70365vvnbh
703652
70364615
7036448
703644
7036432
7036411
7036399
7036362
703633
703630
7036275198
703626
70362387
70361n
7036188
7036116307
703609
7036063845
703605
7036001
7035whit
7035rod
7035fehav
7035dad
703598
7035903699
70358wfsz
70358730
70358445
7035804
70357874
703577
70357519
70357365m
7035714
7035693539
70356593g
7035651000
7035643
7035603
70355469
703551165
70354rhgtp
7035462
70354408
7035363
70353063
7035294
7035259
70352233v
70351990
703516
7035155
70350pe
7035064564
7035032063
70350016g
7034myluke
7034999
7034961me
7034902
703486
7034839
7034811
703479
703476703476
703476
7034747550
703473k
7034727
7034724
70347034
703470
703469
70346716
7034654
70346225
70346
7034594537
70345827
7034556507
7034515a
703450
703447n
70344699
703444n
7034434
7034431
7034400
7034379448
7034333
7034265
7034246382
70342093
7034157
70341495hk
703411geordi
7034112j
70341
7034086
7034031
7034002042
7033pie
7033jdlb
7033hillcrest
7033aqwy
703396
703395
70339340
703391
703389487
70338907
7033888
7033866703386670338667033866
7033858
703383
703381
70337DIOS
7033795
703377f
70337700
7033747
70337346
7033719767
7033707
7033679
7033658649
7033637
703360m
7033577359
7033521
70335067
7033500390
7033479289
7033437
70334222
70334187
70334
7033361
7033351
703331
7033286175
7033208
7033203
7033190
70331867
703316
7033128
7033116
703308
7033071969
703302
703301
7032chifu*
7032975
70329038
70328687
703286
7032852
70328170
703278616
7032782
7032744
7032710985
70327012
703269
7032676
70326579
7032628
7032590
7032558j
7032539
7032535tip
7032526
703252
703248
7032461
703244
70324010
70323618
7032340
7032330
7032270
7032225
703222
7032202
703215rb
703213iq
70321085
70321
7032090
703206068
703205
70320340
70320203
7032017
7032005
703200
7031kc
7031eypf
7031999
7031991
7031989
703198763
7031984
7031983aj
7031974
7031959
7031957
7031932d
7031924
7031889081036
7031850
7031798
703177
703172
70317031
7031699
7031693
7031680
70316!
70315706
70315553
7031536c
70315
703147
703144
7031429
70314
703133024
70313
703128
7031235
70312
703115
703111
7031054
703104
70310162
7030h04bb
703099l
70309033tefi.
7030886
703088
70308566
703085222
703084A
703083
703080
7030776
7030727
703070G
70307030
70307000
70306ryzfw
70306862
703068
703066
7030644170
7030633
70306090
7030585
7030577
7030563
7030540b
7030530
703051
7030488
70304470
7030424
70304
7030398
7030370303
7030341
703033
703032330
70303062_jessica
703028
7030269
703023
70301994
703018129
703018
7030154
703014595
7030132190
703012877
7030123
70301085
70300910
703008
70300705
70300541
703005
70300370
7030004
703.430.5432
703 815 1143
702yali7
702wyn
702watugonnado
702tiyhon6
702tar
702star
702song
702sin
702scoot
702sadie
702red
702raised
702queen
702pizza
702paintball
702niggazad
702mas
702lynn82
702lvnv
702lv
702love
702logan
702latina
702josh
702irish
702hos702
702georgia
702fuckyou
702fer
702epm
702egc
702dlt702
702dec
702cholo
702chicas
702cameron
702box178
702blue
702badboy
702arenas
702angel
702aa513
702VHS
702PRINCESS
702MEM
702LOVER
702DYlover1
702CHICANA
7029kmm
7029BE
702995
702992g
702990
702987
702985
702983552
702982
70297243
702972
702971
70297
7029648d
7029620
7029593
7029556
702953
7029465
7029453
70293721
7029351
70292773
702923
7029206.l
7029183
7029156025102002
7029101
7029075
70290689k2
702906
702903
70290211
70290032
7028zu89
7028984
7028908VLV
70288816
702887
7028837
7028817
702874
7028727
7028633
702862
7028592
7028569
7028502
702847
702845
70284042
702838
70283124
7028300
70283
7028270
702823
7028208
70281861
702814
702811
70280508
70280208
7028
7027br
70279741205
7027950
702794
7027900
70278816
702785
702783
70278019
702780
7027793
70277372
7027721
702772
70276micumple
7027695
7027669
702756x
7027477
702744
70274151
7027371
7027355
7027316
70272748
70272311
702716730
70271527027152
702714512
70271434
702713
70271045
7027087
7027080
7027046
7027023
70270
7026penn
7026ceaem
70269909
7026975
7026923
7026866
70268158
7026794
7026762
7026746
7026736
70267145
7026670
702663g
70266230
7026595
7026587792
702655
70265256030204
70265
702649
7026453719
702640405
70263940
70263263
7026307
70262919
7026251
7026233ea
7026217
7026180
702617
7026122145
70261
7026099
702602
70260
7025n
7025hgh
7025adelect
702599h
7025980
702596
7025905
702590
7025897
702589
7025854
702582
7025786
7025763
702574
7025707
7025666907
702565636
702564
7025604
7025571
7025565
7025551
702551
70255
7025475.reik
70254677
702537
702535
7025310
7025301
7025289
7025215
702518
7025160
70250wouqu
7025082
70250542
7025052
7025047
702503
7025021
702500
7024javier
7024e4
7024@school
702499
7024980
7024956
702492
70248883
702485
7024829
702470
7024679
70246465
702461
70245rtbwt
7024570245
7024551
70245353
7024512
702447
702444n
7024437409
702441
702437
7024339866
7024303
70242969925439
7024268
7024258
702424702424
7024211
7024193101
7024164
7024123
7024115
702408j
702405a
7024038613
702402ct
70240297
702401g
702400915
70240057
7024
7023nai
7023duggap
7023993998
7023986
7023923
7023906s
7023847
70238363
70238118
7023786
70237717
7023759
7023667
70236127
7023592
702358339
7023578
702356
70235201314
7023490865a
70234838
7023480
7023473
7023464
702346
702345
702342r
7023416
702341
70233vdpq
7023397
7023388t
7023358217
7023337
70233231
7023303
702323
702320143
7023170231
702312
70231062
70230aa1
70230673
7023045cjm
702303babe
7023028
702300
7023-zoda
7022yjmz
7022m
7022cherry
7022ambw
70229arof
702295
7022934
7022907
70228904
7022874
7022863
7022843dl
7022805
70227691
7022701
70226790
7022603
7022585
7022562
7022548484
7022533
702252
7022502
7022469
7022458
70224505
7022426
702237islife2711
7022366348
70223459608
702233
702231j
702229501
7022277
702227
702225702206
7022242
7022230
7022223
702221
70222
702219
7022180
70221477
7022118
702211
70220H0
7022097
702209
702208
702206
7022037149
702203
702202
7022007
7022000
70220
7021994
7021990v
7021989o
7021982
7021973
7021962
7021944
702192
70219
7021865
7021857
70218181
702180
7021776
7021746
70217322
702171svlb!
7021669
7021612
70216
702158
7021549
702151
702150
7021495
702147
7021443
70214050
70213nc
702136l
70213223
70213
7021295
7021291
702126970
7021259
702123
7021207
702120
702119
70211667208115
7021146
702112wm
7021116
702111
7021106
702108
7021070
7021012
7021008
70210
7020kw08
7020cherry
7020bran
7020998
7020965
7020945
7020926franxis
7020897
702088
702083
702081
702080
702078
702075jzambrano
702072
702071
70207025
70206966
70206633
7020648
70206383
70206093
702060020
70205991
702057
702056
702052
702051
702047nath
7020467
702043
7020421
70203kya
7020369
70203531
702033
702030566
70202CS
7020284
70202402
70202323mama
702020984
70201981
702017542
702017
7020123
7020107
702010496
70200cfyms
7020093
702009
70200660
70200595
702004
7020028
7020019
702000jr
702000039
702-352badboy
701zbaytai
701westwalnut
701tupapi
701st5
701snails
701racer
701qbd
701newhope
701marmar
701lampert
701juan
701grove
701gangbang
701efm
701crown
701brenne
701bon43rd
701baby
701apt305
701_rpw.
7019ix
70199sera
7019992526
7019965
70199525
701990
7019899
70198523
70198249
70198196
7019812
701980
701979
701977gs
701975
701971
70197
701968rums4n7m70
701961
7019590
7019578133
701954
70195110
7019495
701940
7019387
701936
701933
70193000
70192j
7019252
7019230
701921
701918
701916
701912
7019114
70191054
70191
7019092
701905
70190051
701900
7018smaw
7018hwb
7018gb
7018amherst
7018TOIA
70189524
7018917
70188Stuttgart
7018888
70188448
701883500v
701880337
701879
701876
70186b12
7018674
7018642
701862
70186
701855
70184607
7018425425804946
70184085
7018355
7018305
701828224
7018252
70182345
701821
701820
70181985
7018162
7018155
701812
701807jb
7018072
70180327
7018020130
701800
7017mhc
7017993
7017957
7017917
7017876
7017859
7017824
7017808034
70177G1
70177912
7017770
7017730
701771774
70177039
701768
701765s
7017613
70175993
7017586
701757-tom
701756
701754
70174vang
7017498
7017432
70174143b
70174034
70174
7017374k
7017356450
7017327
701731024942667
7017303408megan
7017265463
701726
701725
701722
701720
7017194
701718
7017135
70171293a
70171050
701709
7017085
70170270
701700663
701700
7016belly
7016DO
7016969
70168968
701682dee
701682
7016789
701674
701670153
70166729
70166460
701662
701658
701657
701653
701647
70164600177
701644
701640
70163tamo
7016324
701630587
701628120
701626
701625
7016224
701621
70161t
701616k
7016160
70161437
7016114
7016094
701605a
701602803
7016011
7015riyu
7015myfam
7015fish
7015ck13
7015977
7015944
701589
7015822
7015818
701580711681
7015803
70157784
7015772947
70157429
70157325
701572
70156jhn
7015688
7015633
701560k
70155921
701556
70155107
70155
701548
70154124
7015379824
7015329
701527
701523
70152012
7015160h
7015148
701512
7015114
7015108ms
7015100
70150u812
7015098
70150777
7015050
701504nathyk
7015030
701502
70150122970755
701501
70150
7014life
7014bkk
7014994
701498
7014975
7014965
7014918
7014900
7014893
701488
7014870148
701487
7014858
7014802n
7014793
7014787loren
701476
7014707
70147014
70147
701468
701467
701465
701457m
701455
7014528
7014503
70145
7014484
7014476
701446
70144322
7014329
70142915
701427
70142574
70142510821
70142459a
7014206m
70141g
7014186w
701416
701413
701412
7014101
7014094
701407
7014051
701404
701400
7013nl
7013laica
7013CC
70139245
7013894
701388
7013872
701384sy
701384
7013803
701379
701377
701366
70136421
701362
7013606
701358
7013552
701352584
701345180
701336
701333
7013315
701328
70132523
7013245281
70132109
7013208
7013153
70131111
70131012roy
70130c
7013073
70130565
70130246934357903
701300879169690
701300/8
7012ra
7012games
701299
70129872
701297
70129626
7012920
70129048
70128808
70128385
7012820
7012815
701281
70128 504
7012799
7012764
70127504no
70127453
70127012
70126no
7012697986
701266
701265
70125617
7012544
7012533
70125280
7012524
7012519
70124749
7012461
70124196p
70124103_leb
7012409
701239
7012363
7012353
7012341
7012313
701231
70123066
701230
70122eag
7012288534
701227xy
7012254
70122434
7012228
7012207
70121dawn
701217ck
7012166
701215
7012137978
701212
70121090
701210
70120842600
70120711
701206015067
7012053t
7012043
7012026
701201
7012006
7012001M
7012!x!
7011facc
7011carolalolu
7011994
7011991j
7011986
7011983
7011979
701196
701195
7011928
7011915
70118q
701189
7011879
7011871oz
7011851b
701182
70118129
701179
7011776
7011754a
7011740
701173
70117
701169
701166
7011649
7011615
70115nola
70115boy
701154
70115210
701150dw
7011500
70114730
701144
70114291
70113dc
701137dev
701137115
7011346
7011323
701131
701129ma
701128
701125p
70112522
7011246
7011227
70112238
70112
70111991
7011172
701116ilovecoco
7011153l
7011123456
7011111W
70111
701108
70110727juan
7011065
7011055
7011045
701104
7011011
7011005
701100
7010tnb
7010dave
701099lk
7010950
701093
701090a
701090157
7010897
701087
701085165
70108480
7010827
701082008
701081
7010786
701077
701072
701070701055
70107010cj
701068
701064
7010600
701058059
70105628
7010559
7010547
701051571523
70105046
701050
70104496
701043
70104058
70103975
7010379
7010355
7010334
70103242
7010319
70102843
70102688
70102552
7010239
7010232
701021d
70102010
7010191
70101833
701017
7010147590
701013
70100n
7010080
701007
701005j
7010055
70100480
701003454
7010020
701.413
700ymmit
700west
700usb
700tba11
700stef
700south
700rraptor
700rmk
700randolmill
700qwe182596
700pcs
700osnolaogeid
700mixon
700mhzzz
700mbgb
700mbcapacity
700mb52*
700love
700level
700kmporta
700km
700killer
700juliolove
700ing
700hwh701wh
700hours
700gyk
700gii
700flamingo
700filey@
700diana
700cat
700brok
700boys
700blkevelyn
700billion
700andreasson910
700abc
700_luzanul
700ROCKUQSL
700Pope
700MIXON
700LOVE
700ECA
700CCtit
700BOLDT
700BABY
700ADL
7009sk
7009ajbird
70099baller
7009965
700993diego
700992
7009908
700988
700986
70098371
700981
7009790
700978
7009774869
700972
7009706726
70096tg
7009690
700967
7009655
70096
70095845
70095556
700952
70094light
7009495
700946
70094
7009355
700931sauda
70092529
7009233**
700921
70091svb
700917mv
7009142
700913
7009079
700907
700905035492
7009042
7009020
7009013
70090005
7008999
700898
70089666
7008945
7008932
7008915
7008901
700888841
7008853
70088441
7008816012
7008787
700875ap
700874
7008686
70086662
70086479
700861933
70086047122tbs13
70085980
7008539
700845ts
70084377
7008394
70083545
700833
70083
700829
700826
70082403
700821
70081990
700818fn5
70081601vivis
700813
700810
700808
7008061
700805
7008040
7008033
70080190jorge
70080103
7008009
7007soto
7007na
7007la
7007js007
7007hafiz
7007ew1170
7007broken
7007bj
7007Xray
7007921309
70078afyhd
7007889
7007882
7007876L
700785770@facebook.com
70078448
70078372sr
7007824
70077ok
70077773
7007752
7007711
700770079
700767997
7007652
700757
700754
7007515
700750brf
700750
7007481
700747
70074546
7007410
700736
7007332
700732
7007307
700728
70072580
7007256
700724782
700723
7007211
70072060
70071708
70071623
700714
7007135042
70071234
700712
7007117
7007115
7007111
700709336
7007089
70070800
7007071
70070662
7007053
70070408
7007021
7007014
700701049
70070077
70070
7006FAIT
700694
700690=spg(sat)
70068696
7006814
7006789
700677j
70067451
7006719
70067006
70066930200
700666
700664
7006611
700659GTI
7006595
700656
7006523z
700650
700648v
700640
7006395
700639
70063820
700633
7006300
700627
700623
70062043
700619
70061602174312
7006158
7006146248
7006120
70061075
70061
700607
700605075492
7006026896142004
70060138
7005united
7005chrisrx7
7005DiOgO7005
7005995
700595
7005869
7005856
7005848
700581
700580
70057800
7005766
7005756
7005714
70056co
70056922
700567
700566
7005656
7005604
70056
7005592
70055850
70055778
7005566
7005526
7005500
70054785d
7005464
700543
7005407
700534
700531p
700530
7005273
7005237
700523
70052215
700520niam
70052048
700515075464
7005144
7005118
70050C
700509
7005070
700506
700504
7005033
700503
7005007
7005004020
7005002
7004rocki
7004ed
7004953
700494meg
7004911
70048959
700477l
70047378ccam
7004704
70046dvgkk
700469
700468
7004655
700463
700461
70045w
70045976
7004581
700455x
70045464
70045319
7004522
70044990
70044784
70044647
700441
70043815a
700435
70043442
70043219
70043
700426
700424
700422
700420bhl
700419
7004177
7004157
70041434
700414
700411
70041
7004075
70040666
700404tt
7004047
7004040
7004000
7003llb
7003994
700398
7003941
70039189
70038xjaot
700385c
700384
7003806
700378
700377
7003747
70037003
7003694
700368
7003653
7003637
700361199
700360
7003595
70035817
700356
700354
7003534
7003521
70035
7003424
7003362
700334t
70033430
7003326
700331
7003291
7003251194
700324
7003221
70032178
700320mk
7003203toto
7003184
7003173
7003169h
7003150
700314085121
700310
7003094
7003074015
700306
7003030
7003014070494
700300650549
700300
7002yam
7002swmm
7002rewolfelprup
7002neck
7002mm
7002deepdarkness
7002998
70029377
700289524
7002887
7002860
700283
700281enuj
70028023amor
700276
700275
70027372Lance
700270
7002673
700266
7002623m
7002616
70026101
7002587
700257
700256060
7002552
70025150
7002498
7002455
70024269
70024179
7002395
700236mm
700235689
70023272
70023036
700230
700225N
700221025031
70022092
7002205
700217
70021421
700213.fer
70021070
700210
70020z
700209wr
7002096520
7002086
7002077
7002043
700203032213
7002022123456
7002000
70020
7001tang
7001mtp
7001he
7001G
7001990
70019874
7001974
700195
7001890
7001884
70018682
7001845
700184
70018065322_
7001789
700176
70017166091915
70016696
7001652
7001647
7001618
70015noci
700159
700157
700155
7001517
70015089
70014989
70014822teamo
70014767
700147
7001460
7001459
7001433
7001429
7001422
7001417
70014125
7001400
7001351992
7001345
70013331
7001324
7001314
700130.b
70012Mavi
7001290789
7001276
7001255
700125
7001238MH
7001224
70012077
70012
700119
700117jj
700116MCA
700116015480
7001148
700114
700112
7001107
700109bobby
7001088
7001085
7001078
70010605
7001058m
7001050
70010427
700103
7001012104
70010084
7001
7000varas
7000pop
7000jf
7000gnr
7000ci7000
7000adri
7000987
7000968
70009573
700092g
7000883
700086uhmjbm
7000808a
70008065
700077
7000754
70007474
7000719
7000709la
700070053
7000700
7000671
700063
7000607
700059510
700059
70005436
7000506t
700050
7000463
700045041
7000444
700043
7000404007
700039a
7000366
7000360851
70003535
7000347
7000330
7000329
7000304
7000288
7000283
7000263a
7000254
700025
7000237
700023
700020
700018e
700018
700017196
70001700hw00hw
70001624
700014f
7000138
700010
70000ton
700007o
7000074505
700007392q
700005680
7000040
7000027
7000011337
70000095
7000008
7000001123
70000007
700000007
70000000000
700.265.sam
700
70/137
70.ajx30
70-divad
70-820-745-l
70-25-3
70+4=74
70%solution
70%estb1846
70%$@no13
7/vcsi/7
7/pmnn093024
7/nvye142046
7/dianna
7/b25392530
7/9/94e
7/9/93
7/9/86
7/9/8/96
7/9/1994
7/9/1982
7/8/96
7/8/93
7/8/89
7/8/86
7/8/1990
7/8*9-papa
7/7771727
7/718/82
7/7/95gmg
7/7/91birthday
7/7/8936
7/7/2007
7/7/1990
7/7/194
7/6/95
7/6/91
7/6/1998c
7/6/1980
7/6/07
7/50851710997
7/5/94
7/5/88
7/5/26
7/5/06
7/5/04
7/4/94/13/4/93
7/4/88
7/4/1994
7/4/1990
7/31c&s
7/31/89
7/30/91
7/3/93
7/3/87jv
7/3/1981
7/29/95
7/29/91
7/28/88
7/27/92
7/27/1994
7/26/91
7/25PGRR
7/25/96lr
7/25/90
7/24/1996
7/23/92s
7/23/92
7/22/83
7/21/91
7/21/06
7/2/92
7/2/2007
7/2*4+1-5
7/19/86
7/18/07
7/17/93
7/16/00
7/15/87
7/14**7/14
7/13/2001
7/12/97
7/12/92
7/12/82sd
7/12/1994
7/12/1991
7/12/06
7/11rqet51273
7/116y7m15d
7/11/83
7/11/35
7/11/32
7/11/1996(bd)
7/11/1992
7/10/953/10/95
7/10/92dr
7/10/1996
7/10/1987
7/1/94
7/1/1997
7/05/1996
7/03/1997
7/-31@,41203:15:
7/*-789
7.wellsy
7.toyah2k6
7.seven
7.maxwell
7.mami
7.lions
7.grandad.7
7.ds7.
7.de.diciembre
7.d!=)rs5
7.TARTS
7.ARIDS
7.92mauser
7.87653
7.8.9.7*8*9*
7.7CARLOS
7.7.1995
7.62targetrifle
7.62*51
7.61994s.n
7.6.1991
7.5.1991
7.4wonder
7.4r3q!!!..
7.4.90.k.r.p.
7.37394
7.3.a-m-m-s-9-0
7.3.1994.hi.
7.23.1991
7.2.94
7.17.08
7.1253y
7.12.94
7.12.1997
7.11.93matt
7.11.70
7.11.1993
7.10.1989
7.1.94birthday
7.1.1986
7.1.08amaro
7.075814
7.....up
7-zaawe
7-x7-e1
7-wjee;er
7-upforlife
7-teens
7-sprong
7-sep-92
7-oct-84
7-nomorira
7-moood
7-maart
7-klapper
7-july
7-elevenjht
7-deadly
7-c802gozde
7-boss
7-april-1993
7-abby-7
7-9-9-7
7-9-07
7-8-92r
7-8-88
7-8-1997
7-8-1988
7-7WAZA
7-77-7
7-7-87miki
7-7-8-5-1-23d
7-7-70m
7-7-1992
7-7-0-9-1
7-6-85
7-6-03
7-5-1992
7-4ondeck
7-4expe
7-4-98
7-4-88
7-4-1994
7-4-1991
7-4-14
7-3436
7-31-95
7-31-75
7-300
7-3-84
7-3-08
7-3-06
7-29-1994
7-29-1984
7-28-09
7-27-84
7-26-06
7-25-05
7-24-064EVA
7-23-07km
7-22-92cls
7-2-88b
7-2-2009
7-2-1
7-1987P
7-19-94
7-19-04
7-18-81
7-17-95
7-17-84
7-16bcaj
7-16-93
7-16-1987
7-15-94
7-14534
7-14-92
7-13-87
7-12-93s
7-12-91
7-12-1972
7-11longway
7-11corrupt
7-11-98
7-11-5pm
7-11-06
7-10-93x
7-10-79
7-10-1986
7-1-96
7-1-92
7-0977
7-06baby
7-04-36
7,mj125+
7,5.7-7,1.3-9,
7,4,14.krazy
7+7=40
7+74561
7+7+7+val
7+63144
7+3is11
7+22=576
7++hi
7*s63s*
7*mustang*7
7*jodi*7
7*gemini*7
7*fashion*7
7*alex7*
7*94613d
7*8561
7*8*9*741*
7*8*1991pyae
7*7love
7*7*7*no
7*7*7*
7*6*2004
7*4*5*6*3*
7*3=21w
7*2*8*9*2
7*1**21
7*-!+813aXY=Cp5*
7*******
7(babe)7
7&ilikeu
7&cathat
7&9isCOOL
7&8*4$5%1!2@
7&1l@rin
7%tender
7%harryanto-932
7$polish7$
7#wert
7#61>+5
7#(2883)
7!brad:)
7!GRu7Z@
7!6!5!4!
7!!!kiara!!!7
7 maravilhas
7 fontes
7 de julio
7 crippled bunnies
7 SHAFBABY
7 6293 8
7 4 0 7 0 9 1
7 0 0 3
6~e1j
6zzzzzz
6zxcmnb4
6zwyp9qxk1
6zv5j09x
6zurita9
6zuhrah
6zubreit
6ztirf9
6zowey
6zorraskrew
6zolo$8libendish
6zoey6
6znrggu
6zn75775
6zjpt5egg
6zirgas
6zildjianzxt6
6zhu78ik
6zgs28
6zgghcmxX
6zest
6zeros
6zee7s8s
6ze5l7nz6ze5l7nz
6zcy4l43
6zbv4p12rh
6zasde
6zanzan1kisskiss2
6zaiz6
6zackary
6z9Sp429
6z8d4rwhpezf
6z7wx3c2
6z68i3q6(1690)
6z5nyn10
6z10kl9
6yzehaph
6yy99p9
6yxz8w
6yxmwk23
6yw99
6yuvh3
6yummy
6yu86yu8
6yu75rre4
6ysybyga
6ysmfs
6yrz7123
6yrsold
6yr5fius
6yoyo6
6youngbros
6yoshi94*
6yomomma
6yoly9
6yn4bzkf2
6ymmom
6ykjedil6
6yjjjabcz
6yhozyp9
6yhnnn
6yhnji90
6yhnbhu8
6yhn7ujm8
6yhn6y
6yhn1290
6yhb7ujn
6yh7uj
6yfWDkaj
6yf4ushr
6yer7vur
6yellow6
6yelloW!
6yearzz
6ye6571
6ydnil87
6ycdy6sh
6ybxsc1
6yb4;27
6yay2o
6yasmeen
6yankees9
6yandros6
6yamg3us
6yahoo
6yagurl
6y_7t_u8
6y8y238y
6y8tatos
6y8q4m
6y7u^Y&U
6y7u8i9
6y7890
6y6y6y6y
6y6o6
6y6d4531
6y60tmkv
6y5t4r3e2w1q
6y5cb43p
6y4y45y
6y4eva
6y46492
6y3m6b
6y-tifa
6xz35
6xypsxbnyltm3a6
6xxxxxx_
6xxktxx6
6xupgo1z
6xs60s
6xri5t
6xpress
6xpmx9
6xp6qp7w
6xo0rfd65l
6xku4e
6xjan214ll7
6xiwomu7
6xibonl$
6xh2eBen
6xg5ypu54kq
6xf8xplfvzsf
6xef51
6xe8dgekhk
6xe4whf
6xdai0on
6xcgurl
6xcabriolet
6xaysia
6xCzy9
6x9Rtila20
6x9=42
6x7x8x
6x6y6z
6x6suzuki
6x6boss
6x66x6
6x4xc
6x46377
6x43wzh66
6x3marie
6x34w2r3
6x2s3mch
6x1474
6x0y6310
6wyndham
6ww8pu
6wvtkn
6wubbies
6wt4driz
6wrzbkpk3
6wr2n5
6wqctxar
6wpenpal
6woody
6woodland6
6wnmpuo0u2
6wlliams
6wjm3ea3
6wiwis
6within6
6witch666
6wiskers
6winxclub
6winfield
6window
6wimming
6wildone
6wilber2
6wifey
6wica8
6whitt
6whiterose
6whiskers
6wheel
6wh35v3
6wgekm
6wfqaqubu
6wew84
6westside
6westbea
6weskay6
6wejao2
6wedge2ds
6wdxp9hg
6wbmo4ever
6wayne9
6watokard
6water
6ward25
6ward
6wanker
6walton6
6walker
6waimeas
6wadmans
6w8nrqb2z4fd
6w5i4t3c2h1
6w5dd79ybb
6w47WCf1
6w32abz
6w2l47
6w1w9e
6w13rd6y8j07
6vyxlaaa
6vwsx8kbe95j
6vwhmv
6vuitton6
6vtc4e3
6vonne
6voltioscris
6voltios8426500
6voltios1995
6voltios123
6voltios!rfa31
6volleyball6
6voight
6vo$$en
6vnrtdf
6vnkfs1hjm
6vkp65t8
6vjmbpkm
6vivian
6visionz
6virus_punk
6virgin9
6vinuziy
6vincent
6ville
6vierka6
6vic8cha
6viagra60
6vgsify
6vf5kr7hjph8
6vette7
6veronika
6veraheights
6vendeta6
6vecescontigo
6vcfxd9w
6vballstud
6vaults
6vasquez
6vanillave
6vampire9
6vampelf
6vaginas
6va4SsHo
6v98tqx2
6v7zuyu8
6v5462
6v3uerzh1pjfqs8l
6v3f2t
6v2d59
6uwp6rch
6uw2Cbv6
6uv148932y
6uttit0
6utru8w]
6utm2007
6ut6utyu
6ustink
6usm2009
6usa4
6ure3k71
6ura5aep
6upnigga
6upblood01*
6up5drop
6uo7vd
