051992terry
051992pw
051992g
051992LB
0519924689
051992150
051991m
0519918051karen
051991554
051991215
0519911337
051990may
051990TAMOBB
051990474
051989t
0519898
0519895640
05198916
051988l
051988c
051987elcengre
05198744a1
051987311982
051986gemela
051986386
05198620
051986143
051986011
051985887
051984yar
051984lf
051984b
0519841983
051983123linda
051982p
051982jw
051982A
0519824
051982360
051982074
051982!
0519811825*
051980123
05198001
05197997
051978giurgiu
051978b
05197826
05197800
051977038
05197664491986
051976191
051975567
051974zaqwsx
051974438
051974173
051973306960
051971t
051971807
051970h
05197
05196935
051968348
0519681
051966976
051966455
051965pd
051964R
051963506
0519616
051961225
0519603jna
0519603
0519600
05195bd
0519592
051958c
051957833
051956274
05195602
051953994
051952p
0519520
051951093
051950384
05195
051949
05194828963
051948100
051945546
051943643
051942756
051941jc
051941008
051940380
05194029762
051939oem
051939
051938813
0519380
051937348
051936helen
051936591
051936141
051935509
051934274
051933533
051933349
051932837
05193230
051932
051931918
051931205
051930380
05193031
05193
0519291155
051927600
051927205
05192530
051925220
051924a
0519236
051922597
05192218
05192182
05192127
05192069
051920508
0519202532
05192009
05192000
05191998
05191995
05191987453
0519198405191984
05191980
051919767
05191972md
05191967
05191950
05191943
051919139
051919057
051918850
051918006
051917791
05191719
051916886
05191520
051914927
051914483
051913858
051913
051912508kong
051912005
051911651
051911545
0519111592
051911
051910809
051910441
05191
05190913
051909100
051908baby
051908439
05190821
051907kl
05190705
051906nm
0519067
05190630
05190605
051905baby
051905190519
0519045
051903i
0519037
05190313
051902mm
0519022522
051901l
051901M
0519015438907
05190115
051900272
0518yani
0518texas
0518sean
0518rudy03
0518ray
0518nena
0518mmt
0518jh01
0518jam
0518ghemz
0518famu
0518clm
0518chan
0518bb
0518amOR
0518abril
0518DUH
05189youu
051899aj
05189898
051898324
051897835
0518969
051895kaitlyn
051895034
051894m
051893tmo
051893708
051893517
051892665
0518925
051891f
051891887pk
05189114
051890jb
051890826
05189000
051889l
0518890111
0518889
051888769
051887j
051886r
051886e
0518867
051886424
0518858191
051884769
0518841703
051883994
051883273
051882bdj
051882368
051881m
051880104
05188
051879d
051879931
051879363
05187922
051878977
051878359
0518780
051877824
05187624
0518752
0518751
051874046
051873818
051872b
0518722mcv
051871397
051870497
051869949
051867538
05186723
051866
051865660
0518650
05186426
051863273
051863018
051861847
051861237
051860868
051860
051859721
051859534
051858588
051857904
051856730
051856144
051855271
051854974
051854585
051854410
051853e
051853392
051852
051851613
05185110
051850300
051850049
051849
051848972
051848399
051847969
051847
051846792
051846485
051846
051845190
051844800
051844443
051843895
051843
05184219
05184196
051841454
051841204
051840032
051839109
051838189
0518372401
051836652
051836062
051834280
051833416
051832mom
051832588
051832
051831577
051830641
051830
05182b
051828554
051827889
05182725
051826k
051825731
051825455
05182532
051824985
051824786
051824639
051824381
0518243
051823870
05182326
0518230914
051822a
051822866
051822157
051821293
051821016
05182056877
05182001
05181998
05181991m
05181989*
05181985
05181982a
05181979lm
05181975
05181972
05181970
05181963
05181951
05181932
051818263
051818220
051817586
05181712
051817
051816527
051816200
051815758
0518152
051814845
051814450
051814283
051814
051813185
051812582051455591**
05181227
051812098
05181199
0518119
05181130
051811167
05181109
051810994
05181016
051809SJ
05180911
051808809
051808530
051807951
05180731
051806g
051806086
051805a
051805220
051805218
051804T
05180411
051803781
05180318
051802j
0518028
05180237
051802271218
05180211
051801ld
051801896
051801501
051800766
0518001
0517thezz
0517np
0517ms6309
0517miangelito
0517max
0517love
0517kron
0517juan
0517jean
0517hds
0517fifd
0517chris
0517caco
0517be
0517ab
051799498
051799185
051798tkc
051798900
051798691
05179710
051796m
051795h
051795742
051795136
051794k
051794919
0517943131
051794123
051793richard
051793959
051793124
051792j
051792a
051792209
051791987
0517917
0517915
051791129
051790t
051790rem
051790dee
05178k
051789l
0517895
051788m
051788438
051787h
051787987
051787895
051787599
051786738
051786671
0517861c
051785229
051784873
051784439
05178402
051783832
051783101
051782m
051782805
051782232
051780isma
0517801Az
051780072
05178
051779969
051779335
051779183
051778jw
051778850
051778666
051777r
051777742
0517772371
051776822
051776302
051775ro
051775686
051775459
051774a
051774646
0517743
0517740
0517732279
051772923
051772180
051771496
05177117oz
05177009
051769927
051769183
051768733
051767h
051767
051765344
051764889
05176462
051763564
051762675
051762175
05176148
051760860
051760480
051760321
051760056
05176
051759214
051757939
051757596
051756920
051756
051755571
051754474
051754361
051753892
051752769
051751720
051751233
051750219
0517500
0517496
051749447
051746835
051746608
051746232
051745950
051745289
051744995
051743219
051742565
051741741
051741365
051740352
051740173
05174
051739581
051738274
051737670
051737436
051736
051734381
051733798
051733732
051733051
051732586
051731776
051731322
051731088
051730886
05173
051729306
0517288
051728148
051727206
051726507
0517261
05172533
05172521
051725121/
05172470
051724408
051723424
051723134
051723048
0517226733
0517226
051722419
051721801
05172113cg
051721044
05172069
051720218
05172002
05171y
051719justfly
05171998
05171995br
05171982j
05171979rg
05171976
05171973we
05171967
05171958
05171951
051719276
05171915
051718902
051718850
051718229
05171807
051717329
051717
051716617
051715767
05171523
0517145
05171363
051713379
0517125
05171227
0517121408
051711535
05171129
05171112
051710874
051710577
05171016
05171
051709395
0517090200
05170828
051708189697
05170812
051707818
051707091
051706b
05170617
051706075
05170606
051705shy
051705689
051705617
0517051963
05170512
051704xtr
051704c
0517042000
05170413385
051703BRENDA
0517032
0517030
05170218
05170131
05170109
051700k
0516yuri
0516ran
0516palmas
0516nmsg
0516mahalko
0516karol
0516b0
051699051699
051698lm
051698834
051698492
051697228
05169675
051696331
05169623
051695eunakim
0516953
051694yr
051694431
051693d
0516936
05169321
051692m
051692178
051691alx*
051691675
051691079
051690l
051690120
051689troy
051689576
051689032388
051688bia
051688678
051688197911171623
0516878l
051687695
051687133
051686795
051686414
051686238
051685994
051685962
051685690
05168503
051684922
051683686
0516827214017643
051682226
051682143
051681c
051681743
051680tb
051680364
05168026
051680164
051679402
051678f
051678391
05167829
051676b
051676245
051675960
051675191
051674170
05167347
051672697
0516725
051672232
051671469
051670184
051669isamar
051669742
051668634
0516680
051667732
051667580
0516675
0516669
051666466
051665902parit
051665320
051665282
051664929
051664045
051663688
051663378
051662818
051662145
051661263
051661060
051661033
0516610021
051660719
051659846
051659319
051659021
051658565
051657497
051657013
051656738
051655007
051654711
051654322
051654
051653169
051653007
051652712
051652530
051652134
0516516394
051651498
051651
051650144
051650
051649962
051648895
051647696**//
051646581
051646253
051645845
051645750
051645507
051645180
051644932
051644053
051643850
051643613
051643153
051642896
051642068
051641683
051641399
051640ABIgp
051640939
0516402
051639826
051638641
051638
051637496
051636923
051636529
051636184
051635878
051635005
051634795
051633983
051633132
051632978
051631891
0516316053
051631393
051631224
051631005
05163039
05162k3
051629936
051629800
0516296
051629414
051629082
05162890
0516270
05162657
051625madel
05162537
05162531
051625292528
051625219
05162429
05162417
051623360
051622967
05162251689
0516215
051620892
05162009
05162007
05162002/mbebe
051620.
05162
05161998a
051619935
05161991s
051619913
05161984w
05161975
05161969m
05161957am
05161955meah
05161944
051618BErick
051618482
051618405
05161831
05161793
051617840
051617539
05161722/
05161715
051617028
051616736
051616531
051616155
051616116
051615337
051613866
051613412
051613
051612596
051612313
051611916
051611678
0516113019
051611252
051611170
051611045
051610597
051610213
051609878
051609703
051609435
051609336
05160906
051609.
051608480
051608254
051608101
05160809a
051607596
05160704
051606944
051606264
051605jn
051605998
0516052
051605138
051605051605
051604M
0516049
051604316
05160422
05160406
051603m
05160393
05160319
051602EDB
0516022
051602102306
05160184
05160140
051600908
051600805
05160032
05160000
0515wkh
0515taylor
0515seth
0515rt
0515reese
0515n
0515mkmk
0515m
0515katy
0515jafe
0515hb
0515gar
0515dkdk
0515dance
0515alvin
0515DEZ
051599ilovemynan
051598ap
051597386
051597010
051596m
051596427
051596132
05159607
051595s
051595k
051595SSL
051595607
051594s
051594m
051594danielsk8
0515948
051594582
051593zx
051593vrs
051593a
0515936
051593451
051593319
051592741
05159184
051590mch
051590a
051590ErBr*
051590332
05159
051589m
051589jb
05158995
051589550
0515891
0515890401
051589007
051588d
051588178
051587842
051587419
0515870
051586900
051586885ann
051586066
0515851
051584629
05158410
051583220
051582val
051580m
051580jw
051580059
051579kg
051579326
051578ms
051578e
051578366
051577651
051576I
051576305
051576237
051575bb
051575781
051575477
051574lye
0515745
05157432
051574123
051573r
051573236
05157265496
051572104
051571jst
051571553
051570869
051570581
05156a
051569735
051569376
051567919
051567543
051567133
05156666
051566320
051565jej
051565726
051565612
05156555
051565023
051564
051563779
051563688
051563061
051563
051562727
05156260533
051561472
051561252
051560539
051560464
051560317
051558kleng
051557195
0515540117
051552397
0515520
051551557
051549752
051549
0515485
051547873
051547
051546702
0515464651989
051546177
051545k
051545430
051545
0515442145
051543819
051543084
051543
05154264b
051542
05154186cm
051541725
051541633
051540813
051540354
05154
051539678
0515392
0515388
051538446
051538044
0515376
0515374
051536726
051535987
051535612
051535424
051535073
051534001
051532771
0515315
051531380
051531006
051530456
051530362
05153010
051529730
0515293
05152901
051528313
05152802431
051527086
051527020
051526393
0515262789
051525642
0515255
0515253516
051525254
05152522
051524775
051524459
051524389
05152365
05152313
051522995
051522877
05152229
051521814
051521316
051521201689
051520946
051520669
051520131
05152000
05151998
05151996
05151985ruth
05151976
05151973
05151970
05151966
05151963
05151958
05151942
0515192007
051519-1
051518098
051517625
051517173
051517039
051516648
0515163
051516199
051516123
051515768
05151570321
051515309
0515153
05151515
0515150
051514415
0515143
0515135
051513447
0515123123
05151218
051511510
0515111510
051510826
051510553
0515104040
051510322
05151017
05151002daniel
05150hot
051508ga
05150830
051507abb
051507725
051507289
0515072525
05150710
051506727
051506320
051506121
051505t
051505kj
051505636
05150522
051504md
051504EJ
05150436
051503449
051503101
051503056052
051502966
0515023
05150217
05150208
051502006872mrb
05150142
051501216
05150105
051500898
051500795
051500290
0514wei
0514tommy
0514salinas
0514qb
0514ml
0514marin
0514love
0514hiso
0514ezra
0514dolan
0514christian
0514bday
0514_lOve
0514AJ
051499a
051499500
051498829
051497838
051497353
051496r
051496831
0514963
051495z
051495g
051495SEL
051495584
051495031793
051494877
051494419
05149415
051493T
051493534
051492am
05149210
051491194
051491047
051490j
051490dl
051490Uvita77
051490726
051490670
051490430
051490249
05149017
051489kb
051488sa
051488874
051488503
051487m
051487bhe
0514873478
051486862
051486327
051485d
051485891
051484b
051484585
051484415
051483d
051483207
05148314609
051482pf
051482912
05148200
051481764
05148169
051481580
051480jeff
051480597
05148
051479992142
051479639
051479513
051478839
05147865maquito
051477p
051477615
051477517
051476860
051476716
0514760a
051475SK
05147587015
051475314
051474997
051473929
051473047
051472210
051470723
051470039
051469903
051469539
051468101
051467790
051467757
051467126
051466764
051466641
051466071
051465a
051465326
05146508909
051464115
051463786
051463302
051463
051462944
051461757
051460kir
05146060
0514593
051459168
05145865
0514581218
0514574333
051457252
051456898
051456
051455772
051455504
051455
051454335
051454304
051453926
051453374
051452799
051452668
0514526
051451547
051450995
051450644
051450495
051450
051449429
051448797
051448485
051448001
051447245
051446844za
051445669
051445055
051444893
05144340
0514431912
051442908
05144229
051442034
051441971
051441772
051441184
051440903040155885
051439454
051439256
051439099
051438704
051437892
051437446
051436504
051436126
051435936
051435700
051435175
051434924
051434360
051434
051433383
051433118aoy
051432856
051432526
05143219
051431779
051431358
0514305
051430408
051430175
051430093
051429pinklife707092
051429303941
05142927
05142892
051428472
051428325
05142830
05142803
05142729
0514267
051426284
05142616
051425rj
051425484
051424915
051424608
051424149
051423965
05142332
05142328
051422886
051422489
051422321
051421865
051421638
051420957
051420567
051420240
05142002E
0514199r
05141987as
05141984b
05141982l
05141981a
05141977
051419720
05141969
05141951
05141923
051418334
051418016
051417615
051417112
051416623za
051416581
051416482
05141627
051416158
05141530
05141518
05141516
05141447
051414331
051413755
05141312
051412415
05141213
05141207929
05141128
051411
051410977
051410336
051409559
05140902
051408195
051408037
051407a
05140716t
051406am
051406497
05140623
05140620
051405n
051405mg
051405h
0514058
051405393
0514052
051405018
051404am
0514046903
05140423x
05140405
05140385
051403311
05140309
051402839
0514027
051402529
051402198
051402088
05140202
05140167
051401390
051400c
051400724
05140044123
051400376
051400132007
0514*96
0513whitey
0513vc
0513shige
0513sbsb
0513rt
0513punkin
0513ml
0513mg
0513mandie
0513luis
0513kyp
0513jen
0513jayty
0513iluvu
0513cr
0513chuster
0513c
0513boca
0513andy92
0513a
051399tmw
051399786
051399557
051399307
051399099
051398a
051397482
051396o
0513969misz.
051396701
051396245
051395mona
051395693
051394aea
051394173
051393n
051393523
051393442
051392sk
051392kkk
051392c
051392907
051392307
051392011475
051391aa
051391179
051390s
051390635
051390205
051389che
051389624
051388rr
051388404
051388390
051387kgc20
051387866
0513877
05138731
051386n
05138681
051386704
051386460
0513864258
051385842
051385386
051384838
051384239
051383975
0513830
0513825533
051382363
051381katie
051381945
051381667
0513812005
051381081
051380kn
051380479
051380267
051379794
05137951
05137918
051378a
0513787hgl
051378007
05137799321
05137685
051376800
051376276
051375260
0513751
051374682
051374148
051373kese
0513736
05137356
051372928
051372056
051371611
051371169
051371006
051370610
051370064
05136974l
051369231
051368553
051368509+
051367wy
051367759
051367132
051366922
051366460
051365696
05136552
051364839
051364427
051363846
051363730
0513635
051363154
051362237
051362157
051361054
051360698
051360365
051360163
051359902
051359227
051359137
05135888
051358116
051358098
0513579456
051357753
051357697
051356825
0513565
051355598
051355173
051354676
051354341
051354093
0513540
051353504
05135346
05135329
0513532
051352515
051352206
051352119
051351457
0513513
0513507103
051350284
051350
051349854
051349583
051349257
051348487
051347972
051347740
051347513
051347
051346953
051346135
051346038
051345862
051345242
051344812
051344775
051344606
051344
0513429209
05134267891
051341676
051340703
051340396
05134024
051340183
051340078
051339002
051338283
0513382
051337046
051336413
051336067
051336
051335501
051335250
051334710
0513341831151
051333973
05133369
051333539
051332856
051332474
051331985
05133186
05133088
051330701
051330301
051330151
051329mom
051329
051328718
0513274
051327305
051326475
051326413
051326338
051325721
05132521
051324957
0513244901234
051324200ap
051324117
051323960
051323504
051323234
051322476
051322328
051321531
051321476
051321421
051321328
05132119
05132072
05132012
05132007nAk
05132003
051320013
051319959
05131992l
0513199
05131980a
05131975
05131970md
05131965
051319562
0513194
05131916
051317774
051317113
0513164
05131624
05131589
051315351
051315256
05131521525
051314959
05131484
051314248
05131379
051313151
051312843
051312717
05131230
05131214
05131207
051312
051311942
051311696
051311225
051311023
05131102
051310463za
051310221022
051309351
051309276
051309028
051308spml
051307k
051307829
05130723
05130710
051306lw
051306ed
051306973
051306576
051306249
05130612
05130606jc
0513060
051305n
051305ej
05130592s
051305803
051305683
051305573
05130513k
05130512kacc
051304tbt
051304k
051304983
051304724
051304332
05130402
051303787
051303403
0513031
051302mk
051302670b
05130221
05130215
051302090maxMAX
051301tbr
051301jn
051301bg
051301653
0513013
051301126
0513011
05130049
051300319.
051300155
05130000b
0512yg
0512watts
0512sha
0512santos
0512rms
0512pink
0512pe
0512mye
0512mike
0512md
0512marina
0512lmrv
0512kyra
0512jean...87
0512ferpinoyfedra
0512enur
0512declp
0512cp
0512bb
0512azkaban
0512asp
0512al
0512SARAH
0512Mo9088
051299d
051299316
0512991
0512990
0512988368009
0512987
0512983
051297k
05129757
0512974
051297277
051297035
051296nisa
051296921bman
051296270491
051295k-+
051295939
051295530
051295243
051294football
051294at
051294758
051294662
0512945261
051294310
051294246
051294022194
051293andreaviki
0512939
051293254
05129300
051292mi
051292kd
051292d
0512927m
051292123321
05129211
0512920203
051291m
051291cw
051291a
05129155l
051291501
051291198
051290zb*
051290n
051290beto
051290analisha
051290785
051290394
0512902
05129.
051289saramaria
051289jussely
051289c
051289959
051289158
051289104
05128900
051288dr
051288505
051288404
05128821
051287pm
051287jj
051287918
051287800
051286tmzboy
051286ss
051286J
05128687
051286514
0512863
05128612
051285a
051285859
051284sw
051284pl
051284880
051284741
051283n
051283ce
051283960
051283505
05128315
051282er
051282979
051282639
0512823
051282192
051282113
051281p
051281gp
051281549
051281084
051280988
051280022582
0512796
05127929
051279072
051278825
051278587
051278499
05127804
051277046
0512765966
051275467
051275202
0512740
051273615
051273417
051273123456
051273009
051272590
051272289
051272256
051271715
051270cat
05127
051269726
051268655900
051267918
051267845
051266948
051266505
051265ddmmaa
051265706
051265166
051265082
051263540
051263394
05126327
0512630064
051262s
051262608
051262289
051261512
051260674
051260240
05125???{}
051259938
051259585
05125915
051259
051258876
051258774
051258363
0512582
051257974
0512578c
051257732
051257467
051257152
051256522
0512563
051255922
051255469
0512552145
051254987
051254644
0512542
051253995
051253552
0512535
051253191
051252701
051252140
051252022
051251983
051251871
051251418
051251305
051251123
05124andy
051249544
0512490
051248474
051248297
051247418
0512461a
051246164
051246004
051245518
051245404
051244743
051244144
05124377
051243274
051243122
05124274
051242353
051241tk
051241556
05124132
0512405
05124024100
0512400205
05123854
051237preaw
0512378
051236882
051235890
05123500
05123469
051233293
05123214
05123203257
051231986
0512315
051231015
05123047249
0512301t
05122patri
05122910
051228754
05122829
05122803
05122770671
05122720
05122699
051226744
051226436
05122603
0512258777
05122551
05122547
051225334
05122528fah
05122521ha
05122515
051225130846493
05122512
0512249
051224742
051224330
051224266
051223848
051223040
0512229808
051222723
05122223pk
051222057
051221600
05122128
051221233
05122103
051220177
0512200601
051220051220
0512200319
05121a
05121994king
0512199405
05121992m
0512199244
0512199100433
0512199001
0512198900858
05121988a
0512198801584
05121986k
0512198401467
05121983mh
05121982l
0512198200216
05121977k
05121975na
05121970
05121967A
05121956
05121951K
0512195
051219178
0512188(m)
0512182009
051218157
05121809
051218048
05121789
051217486
05121722
051216990
051216148
05121607
051215948
051215359
05121530
051215029
0512150
05121488
0512145
05121404
051213852
051213578
051213156
05121294
051212593
051212541
051212472
051212413
0512123
0512121988
051212046
051211jan770111
051211746
05121145
05121118
05121081
0512103j
05121017
05121014
051210101
05120juan
05120988
051209680
05120936
0512092
051208tkm
05120880523005
0512087
051208284
05120803
051207yerana
051207eli&klav
051207Javier
0512076
051207302
05120728
051207230
051206pamysay
051206d
051206ac
051206967
051206376
05120624jt
051206/jonathan06
051205m
051205amw
051205417
05120517
0512051108
051204s
051204kb
051204941
0512049
051204427
051204//
05120380
051203694
05120358b
05120353
051203069
05120301
051202sas
051202beto
05120297
051202889
051202671
05120253
05120236
051202129
051201cmrf
051201andre
051201959
051201809
051201511
051201171
051201137
05120101
051200806
0512007
051200558
0512005058
05120050069
051200029
0512/1506
0512-3238
0511ying
0511sutisa
0511st
0511sexyfreak
0511sch
0511rf
0511mv_
0511miguel
0511m7
0511km
0511jj
0511ha
0511g
0511eli
0511briantorE
0511antonio
0511abc
0511U85916*2
0511Lillian1031
0511Alm
051199653
05119940
0511993
051198b
051198656
0511983805013
051197alvin
051197682
051197257
051196mng
0511966282
051195ca
051195909
051195223
051195090
051194ty
051194frank
051194e
051194asd
051194428
051194011
051193cb
051193375
05119305
051192track1
051192k
051192ha
051192d
051192SARAI
051192910
05119216
051192021
051191nellie
051191d
051191ann
0511918955730
0511918
051191596
05119122055
051191059
051190sr
051190lbm
051190953
051190719
051190512
0511902039
051190100691
051189g
05118989
051189616
0511892492
05118908
051188millan
051188m
051188belen
051188a
051188981
05118891
051187d
051187MIKY
051187582
051186ym
051186631
0511865
051186197
051186.
051185kall
051185einstein
051185915
0511855523
051185469
051184ls
05118413267
05118400
051183joss
051183834
051183375
05118316
051182noel
051182410
05118222
051181b
051181M
051181245
0511811203
051180jk
0511804
05117wza
051179noel
051179mb
051178610
05117805117805
051177940
05117777
051177336
05117722990
051177009
051176822
051176532
05117627746
051175nir
051175835
051175623
051175414
051175054
051175018
051174416
051174195
05117374915
0511732778
051173173
051172826
051172645
051172227
051171974
051171885
0511714
051171209
051170277
0511702
051170046
051169850
051169200
051168578
051168480
051168246
051167803
05116738955
051166761
051166561
051166488
051166053
051165639
051165132
051164775
051164366
051164212
051164165
051163362
051162737
051162439
051162215
051161180
051160947
0511605116
051160439
05115d
051159616
051159074
0511585
051158
051156474
051155962
0511557
051155372
051155064
051154782
051154363
05115328
0511531
0511528
051152597
051151940
051151463
051151261
051151202
051151
051150674
05115065
05115060
051150265
0511500381
0511495
051149409
051149193
0511488bx
051147697
051147246
051146916
051146084
051145880
051145155
051145
051144601
0511443
051143341
051143128
051142486
051142253
051141944
051141783
051141117
05114026
051140213
051139848
051139439
051138735aom
0511384555
051138
0511376
051136943
051136201
051136115
051135620
051135013
051134852
0511344c
051134312
051134202
05113374053
051133606
051133012
051132880
051132650
051132474
051132309
051132051132
05113136
051131171
0511310511960511
05113103
0511310
051130337
051130197
05113000
051129fai
051129395
051129116
051128753
051128480
0511283
0511282510
05112820
05112814
05112780
0511276
05112714
051126781
051126146
051126025
051125989
051125890842
051125789
05112547
051125311010
05112526sun
05112515
051125016
051124637
051124536
05112420042431
051124110328
051123132
05112303
051122671
051122349
05112229
051122101
051121992
051121058
051120949
0511207011
05112021
051120148
05112010
051120051
05112002s
05112001
05111993mazar%%%
05111991ry
051119917777
05111990544972
0511198989
05111988q
05111987ly
05111971
05111967
05111962
05111956
05111947
0511192
05111723
05111705
051115461zorro
05111425
05111421
05111415
051113dlm
05111307
0511129
051112533
05111227
0511121315
051111986
0511110
05111031
0511100
051109533
05110924
05110911a
051108930
0511087
05110856
05110801
051107795
051107544
051107240
051107054
05110703
051106wow
051106baby
051106KJGG
051106852
051106378
0511062787
051106089
051106053
051106.
051105ci
051105963
051105706
051104368
05110423
051103md
0511037-
051103542
05110348j
05110300
051102j
0511027
051102583
051102317
051102188
05110209
0511020
051101AR
05110122
0511011004
05110103
051100a
051100680
051100535
051100368
051100280
051100130
051100107
05110
0511-1611
0510yes
0510x3
0510von
0510taniuxmg
0510skay
0510sarah
0510safa90
0510roxi
0510pheyy
0510mph
0510ma
0510lsac
0510ln09
0510juni
0510jr
0510jea
0510fr
0510estrella
0510ct
0510c0925m
0510bj
0510b1982
0510ale
0510MISA
0510Isaiah
0510Courtn
05109o0
051099sex
0510993
051098gi
0510981
051097s
051097368
05109712
051096170
051096023
051095a
0510957
051094z
051094tc
051094a
051094976
051094726
05109413
051093n
051093j
051093e
0510932004
051092tyekiero
051092l
051092640
051092612
051092511qq
051092167
051092143
05109201
051091v
051091naca.
051091farah
051091994
051091552
051091456789
051091102
051090l
051090ck
051090718
05109025323
051090183
051090081285
051090030
051089luli
051089_
05108989
0510895-7c
0510894761
05108925028721
0510891066
051088mb
051088el
051088br
0510888
0510881121
051088051088
051087nor
051087a
051087876
051087564
051086tj
051086cesia
051086.jpac
051085913718
05108523
051085181282
051084alucard
051084484
051084060992
051083lucy
05108381
05108325
051083101682
0510826
051082344
05108223
051082053
051081753
05108120
051080cesalibra
051080386
05108
051079833
051079129
0510790CD
051078616
05107852
051077664
051077346
05107702
051076265
051075784
051075191
051074696
051073gcmm
051073515
05107347s
051073103
051072704
051072501
051072353
051072261
051072124
051071di
051071927
05107120
05107097
051070804
051069874
051068728
0510684890
051068077
051066
0510656
05106511
0510648
051063911
051063500
051063345
051062ka
051062995
0510627
051062003
0510613052
051060839
051060615
051060013
05105syazlee
051059525
051059108
051059
0510578
051057106
051055754
051055383
051055
0510542447
051053508
0510531
051052469
051052
0510515
05105121
051050930
0510507
0510503jari
05105011499
05105
051049830
051049406
051048749
051047311
0510472
051046787
051046477
051046
0510451
0510447
05104444
051043936
051043
0510417741
051041
051040369
051040244
051039210838
051038145
05103638
05103602082
05103521
051033619*
0510332
051031c
0510311037
05103015
0510301
05102979
05102923
0510287
051028551
051028281
05102808
05102799
0510277
0510272
05102702
05102680
051026687
051025863
0510254467130
05102542
05102539
051025359
051025352
05102531som
05102526jibzy
05102517
05102512
05102509
0510248
051024132za
05102408
0510235
05102331
0510232631
0510229
051022853
05102282
051022249
0510221985
051021709
051021337
051021048
0510209778
051020232
0510202002
051020124
05102007e
05102005ask
05101lie
051019t
05101996n
051019955
05101993v
051019931993
0510199313
051019921976
05101991ya
051019904215
05101989mari
05101988birthday
05101987t
0510198600780
05101979g
05101979c
05101973
05101967
05101964
051019598
05101955
05101951
05101948
05101910
05101900
0510184sa
05101824
05101805
051017b
051017317
05101721
05101720
051017118
05101628
05101586
05101551
05101529
0510152100
0510151
051015056
051014566
05101425
0510141465
051014031
0510136
051012745
051012479
05101224
051012081419
051011_
0510115262007
05101144
0510110104
051010karen
05101047
051010327f
05101028
05101011
05101005
05101
05100951186
051009319
05100926
051008myl
051008a
0510086
05100823
05100812
051007989
051007678
051007437
051007130
05100709
051006rm
051006kb
05100620
05100608
05100607
051005sab
051005pnk
051005589
051005326
05100515
051005029
051004cb
05100481
05100411
051004032
051003wr
051003a
051003693
0510035
05100309
051002dp
051002727
05100229
051002129
051002078
051002020
051002001
051001matrixz
051001aj
0510018998
051001652
05100133
05100116
051000553keTrest12012
051000298
0510000105
051-fdrof
051-69
050z1146
050tomas
050said
050love343631
050jeff
050grunn
050fillet
050ans
050akramm
050a2560
050_231_444_5_
050F44C660
0509spiderman
0509simon
0509sd
0509pink
0509pedacito
0509orm
0509newb
0509mi
0509lucila
0509john
0509jg
0509ivan
0509gms
0509fercho/
0509eb
0509dm
0509dance
0509bttcj
0509as
0509am
0509J187
0509999518
050999487
0509990058
050998949
050998612
050998407
0509981
050997984
050997746
050997301
0509970
050996gl
050996261
0509960
0509959380
050995836
050995377
050995161
050995*
050994ls
050994arr
050994544
0509942294
050994182
050994071
050993qaz
050993ocap
050993es
050993912
050993522
050992pereira
050992ew
050992bri
050992471
050991m
050991bahena
050991SharON
0509915360
0509914298
0509912009
050991150
050990c
050990a
050990900905
050990695
050990467
0509901081
050989t
050989huro
050989g
0509899833
0509895
0509892830
05098912
050989106
050988mich
050988k
050988h
050988a
0509888532
0509887
050988591
0509883210
050988212131
05098819
050988123
050987loy
050987c
0509878203
050987165
050986637
050986210
0509861
0509860006
050985c
050985594
05098523
050984tony
050984875
0509847553
050984377
050983n
050983829
050983251086
050982b
050982689
0509823
0509821
050981977
050981013
050980864
0509803167king
05097bvsqv
0509796433
050978899
050978117
0509779926
050977293
050976952m
050975122102
050974900
0509747437
05097411
05097355
0509729809
0509723
050971994
0509717877
0509710
0509701
05097
050969952
050969606
0509694568
050969406
05096787
0509669
0509654
050964500
050964195
050963750
0509625512
050962008
050961350
050961050
050960915
050959960
050959487
050958639
050958430
050958068
050958007
0509572
050957
050956462
050956003
050955788
050954889
050954772
050954248
050953926
050953657
050953265
050952h
0509520
050951154
0509509
05095013
05094949
050949
050947920
0509470700
050946511
050946210
050945863
050945684
0509454416
050944944
050944115
0509438884
050943792
050943455
050943
050942753
050941525
0509409609
050940335
050940
050939524
050939380
050938163
0509375
050937174
050936627
0509363043
050935947
050935235
050934955
050933441
0509331123
050932710
0509320
050931677
050931246
050931122
050931050931
050930435
050930148
05093007
05092934
05092925
05092916
050928271123
050927ktmc
050927353
050927026
050926907
0509266988
05092610
0509257010
05092548
0509253678
05092528champ
050925242217
05092518
05092510
0509249110
0509243307
050924257
05092410
050923geis
050923529
0509230613
050922774
05092215
050922011
050921336
050920SGI
0509208373
050920339
050920164
05092004112328
0509200042
0509199925
05091998anca
05091996jw
05091995haomrc
0509199500
05091992lili
05091991mariana
05091990GALU
05091989v
05091987e
050919861963
0509198409
05091981*s
050919745
05091966
05091960
05091956
050919489
050919441
05091931
05091907
0509188589
05091827
050918136
050917500
050917339
050916869
0509167140
050916580
050915413
050915181928
050914916
050914775
0509144535
05091425
050914067
05091367
05091314
050913051
05091234
05091228
0509121356
050912089358
050912045
050912013333
050911900
05091184
050911505
0509112
050910TB
05091080
050910730
05091034
050910046734
05090979
0509096
0509093303
050909178
050908teamo
050908km
05090891
0509085
05090804
050907a
050907900125
050907637
0509072
050907018tea
050906944
050906210725m
050906062
0509058576
0509052
050905102
05090509jj
050905084
0509050
050904love
050904908
050904535
050904513
050904360
0509042551
050904116
050903carpetes
050903909
0509036
05090316
050903068
050902e
0509028361
050902759
050902536
0509022028
050901j
0509019537s
05090149
050901006
05090088
0509007
0509006065
0509004151
0509001
050900020900
0509-031-1540
0508tw
0508tlh
0508seth
0508rg
0508rc
0508po
0508p
0508mk
0508mayo69
0508luna.
0508kids
0508jason
0508jaden
0508gemma
0508fina
0508eil
0508dinazadar
0508dd
0508daniel
0508chelsea
0508august
0508angel.
0508_yopx
0508MICMIC
0508ArsSU
050899he
050899ccbordeau
0508999884
050899865
0508995464
050899352
050898501
050898290
050897721
050897294
050896zl
050896dayan
050896AC
050896264
050895pink
05089599
0508956100
050895360
050894ma
050894PACO
050894872
050894532
05089418
050894043
050893l
0508937782
050893445
050893155
0508931291
050893025
050893+
050892h
050892MARS
050892672
050892481
0508924209
050892127tum
050891yahoodiana
050891rafa
05089123
0508910440
050890mas
050890guzgon
050890c
050890510
050890438
0508902
050890139
05089010285
050889xo
050889MIHIADOLLS
0508896947
050888t
0508888078
0508887
05088855247
050888162
050887quiroz
050887ki
050887901
0508876977
05088720
0508871302
050886m
050886607
05088644
050886213
0508861657
050885874
050885270880blow
05088505
050885001
050884g
050884746
050884677
050884393
0508843
050884038
050883@
0508838562
0508834482
050882aron
0508825989
050882494
050882023
050881897
050881656
05088121133100
050880917
0508802004
050879cc
0508798794
050878h
050877s
050877680
050877226
050876547
050876435
050876183
050875tr
050875510
05087517
050874585
0508744177
050873lr
050872sg
050872jw
050872846
0508722222
050871vj
050871mls
050870KM
05087063699
0508701292
05086g
050869004
050868590
0508677695
0508675445
050867478
050866561
050866067
050865688
050865568
0508654741
050865056
050864544
050864398
050864281
0508641614
050863221
0508628198
0508624263
050861386
05086028
050860
05085chceh
050859851
0508595557
0508588935
050858185
050857226
050856118
05085594
050855749
05085477
050854150
050854066
050853372
050853278
050852885
050852817
050852585
0508524304
050851105
050850131
05084921
0508491789
050848621
0508484325
050848
0508469612
050845768
05084523
050844llagas
050844844
0508447
0508439288
050843544
05084245
050841463
050840959
0508405022
050839911
050839376
050838319
050837750
050837157
0508370831590984
050836735
0508366527
050835689
0508350717
050834734
0508344430
05083425
05083404
0508337103
0508335833
0508330412
050832701
0508321
050831501not
05083123878
050830540
050830171
05082946133a
05082917
050828817
050828667
05082829
050828032
05082711
050826878
050825944
050825589
05082551
05082550
05082548
0508253816/*-+
0508253516
05082534
05082527rd
05082522
05082519
05082513
05082510
050824866
050824716
0508246280
0508244316
050824068
0508235758
05082325
0508230934
05082307
050822555
0508214l
050821174
050820jm
050820261
05082011201501
05082001
0508200
050819942157alex
05081993ld
05081993]]
0508198I
05081989AL
05081988ricky
05081987AGOSTO
050819816
05081974fs
05081966
05081963
05081960
05081944
0508193
0508191710
05081901
050818627
05081831
0508177704_amar
05081721
0508166
05081624
050815SA
0508147933
0508143
050813878
050813157
050813126
0508123228
05081211
050812014
050811790
05081165
050811346
05081121
0508110690
050810cherry14
050810747
05081031
0508100
050809cute
050809544
0508094779187h
050809420
05080910
050809051
050808kp
05080866
050808170
05080805
0508080173
050807JossyYuri
0508078960
050807500
050807484
0508071977
05080707
050806love
050806d
050806ashley
0508068723
050806386
0508061
0508060730
050806030282
050805ange99
050805824
050805298
05080511
05080508megan
050804j
050804XXX
050804404
05080411
050803r
0508039m3r
050803859
050803674
05080325
05080312
050803008
050802C
0508025
05080205421
050801a
0508015673
05080121
05080108
05080037
050800046
0508
0507xx
0507tt
0507tiff
0507s54264
0507ou1
0507mieGIU
0507mg
0507l967
0507konoha
0507junn
0507jmam
0507ilf
0507gyta
0507gr
0507ferlyn
0507codossa1981
0507catlu
0507babies
0507ar
0507aj
0507_sami
0507JMAM
0507CB
050799960
0507991
0507990495006
050798654
050798148
050797lu
0507970315
050796597
050795tls
050795javis
0507957950
05079526
050794m
050794kiki
050794an
050794458
050794144
050793n
050793kool!
0507936456
05079312_g
050792v
050792a
050792145
0507920780
050791tom
050791kncr
0507919126
050791821
050791011
050790sm
050790g
050790Wilber
050790977
05079075
050790156
0507900
050789chell
050789_martin
0507899999
05078989
0507894834010518
050789232853
0507891621
050788polo050788
050788me
050788dw
050788813
0507884585
05078821
0507880
050787hp
0507878478
050787738
050787562
05078734
050786j
0507865182626
0507860805
0507857
050785491
050785201203
050784x3nico25/.,
050784ga
0507845892
050784199
050783kg
05078325099
0507830398
050782627
0507822751
050781t
050781g
0507818
050781748
05078120
050780m
050780786
050780130478
050779679
05077928
050778mega
050778734
050778515
0507782p
0507781
050777803
0507777583
050777709
0507771195
0507767681234
0507766076
050776167
0507752295
050774722
050773rd
0507739696
0507736246
0507729620m
050772700
050772601
050772547
050771617
0507714068
050771148
050770559
0507703266
050769hd
050769021
0507684
050768337
050767217
050766314
050765835
050765201
0507646sirag895
050764145
050763693
050762804
0507626
050761576
050761150
0507611173
0507598312
0507589jc
0507578434
0507575
050756851
050755781
0507556751
05075552
0507548
0507544193
050754019
050753611
050753095
050752894
050752
05075174
0507511139870100669577
050750602
050750
05074ever
0507496953
0507490671
0507486946
050748281
0507474235
0507470929
050746154
050746
050745847
050745513
0507453747
0507450507
050744582
050744480
050744166
050744
050743376
050743
050742576
0507422260
050741637
0507413574
0507410020
050740260
0507401322
050739809
0507390776
05073891
0507382670
050737656
0507373d
050737274
050735170
05073444
050733ann
050733696
050733271032
0507330551
050732469nnn
050731900
050731224
050731071
0507303937saleh
05073006
050730021
0507299b
050729541
050729243
0507290128
0507285003
050728281
050728087
0507279
050727587
050727135
050726990
050726241
05072548
05072537
05072531rattanit
050725273500
05072521
05072519
05072516
05072513
050724887
050724283
05072323k
05072310826
0507222993e
05072210
050721851
050721284
05072109
050720837
05072027
05072024
05072023
05072008eliza
05072000a
05072
05071995vl
05071993mahdi
050719930
05071989a
05071988vc
05071984kaew
0507198300024
05071982gabby
0507197m
05071974m
05071970jay
05071965
05071960dad
05071959
05071948
050718924
0507188
05071834
050718085
0507179682
05071791
05071728aj
05071711
0507170490890912
05071631
05071615
050715158
05071507
050714783
05071410
0507139
0507130503
050712768
0507122-252197
05071212
0507118630
050711476
05071116
0507110kc
0507109063
0507107891
050709ATM
050709896
0507093855
0507092299
05070915
05070912
05070908023
050708t
050708ferlyn
05070891
0507081981
05070809-2102
05070805
050707jona
0507076
05070726
05070706
05070703
050706FO
0507062522
050706#
050705af
050705417
05070525
050704mom
050704dp
050704S
05070406
05070329
050703.
05070255555
0507023667
0507020
0507019820
0507018
050701133
050701058
05070101
050700q
0507009
050700615
0507003951
0507001765
0506yr
0506wilber
0506tyler
0506t11
0506synsa
0506spl23
0506sofi
0506skate89p
0506say
0506ronald
0506pequitas10
0506nicole
0506mlb
0506mamateamo
0506m1964
0506ka
0506jpgwaintn
0506jj
0506halo
0506gemini
0506ej
0506dr
0506dada19
0506chivas
0506can1
0506buck
0506bobo
0506asjm
0506angel
0506amorleo
0506ajp
0506Mamma
0506JN
05069g
0506996
0506992555
050699091
050698781
050698651
0506986463
050698545
0506980556
05069791
050697641
050697482
0506972
050696vamc
050696AAVA
0506969
05069676481
050696538
050696112
050695tqmandre
0506959559
050695947
050695645
0506952731
050694sj
050694nw
050694866
050694486
0506943219
050693zj
050693jl
050693a
0506939256
050693255
050692torres
050692J.C
050692582
0506922999
05069212
050691r
050691fx
050691a
05069189
0506917895
0506915871
050691389
0506912032
050690kisskiss06
050690gih
0506908642@lourd
050690643
050690534
050690396
05069017
050690056
050689faizal
050689britt
050689469
0506891717
050688md
050688bp
050688878
050688633
0506885
0506881737
050687jr
050687648
0506874004
050687$!F@
050686n
050686963
050686882
050686483
050686271
0506861660
050686050686
050685turnu
050685jose
050685honeyz
0506859142006
050685506
050685097
050684rose
050684a
05068416
0506840162
0506838282
0506833749
050683017
050682ill
050682231
050681840
0506812470
050680V
050680657
0506802458
0506800752
050679s
050679677
05067920058
050679032
0506784540296048
0506780808
050677960
050677443
050677271
050677059
050676mac
0506767735
050676510
05067610840
0506759392
050675790
050675256
050674t
050674977
050674111270
05067390403
050673364760
05067310083
05067305
0506720098
05067177225
05067167057
050670923
050670537
05067007
05066chrisluv12
0506699212
050669596
05066890945582
0506688
050668594
050668379
0506680200
050667875
05066771821aykut
0506675561
0506671667
05066659272
050666326
050666085
0506657277
050665522911
05066535950kerem
05066507443
050664882
0506640332
0506640
050663469
0506631225
050663020
050662769
050662546
05066250064
050662428
05066219145
050661669
05066141217selcu
050660869
050660816
05066068416
0506605574
0506603b
05065ozszm
05065gam9879
050659890
050659442
050659269
0506587498
05065850
0506584315659
050658304
050658
050657619
050657445
050657040
05065694982
05065681081_gs
050656586
050656403
050656325
050655947
0506554
0506550929
050654m
050654872
0506547
050654339
05065412218
0506538168
050653354
05065255239
0506523836
050651605
050651422
05065115084
050651
0506507
0506505440
0506502304new050
050650180
0506500487
050650005
05065
05064956
050648815
050648777
050648377
050648045
050647662
05064700
0506468985
050646606ize
050645991
050645860
050645702
0506453501
050644871
050644800
0506447126
050644410
050644301
050643880
050643677
050643551
05064343415
050643130
0506428448
050642655
05064211151115
05064194330
050641490
050640901
050640354021989
05063e
050639654
05063940335
050638968
050638177
05063794
050637587
050637150
050636711
05063657481
050636125
0506355302
050635492
0506351ksm
0506351215
050635050835
0506346
050634501
0506342
0506334812
05063340996
050633240451
050632bda
0506327708012
050632690
05063265346
050632501
050632328
050632217
050632179375921
0506319679
050631399
05063137
050631301
0506311326311
050630609
050630448
05063012
050630053
05062ADA
050629588
050628ac2108
05062825gaby
0506281
0506280602
050627767
05062728
05062704
050626j
050626695
0506266123
050626373
0506260495
0506258743
0506255
050625467
05062540
05062537
05062527june
05062518maijai
05062515
050625101
05062504
05062502
050624104
0506240
0506234930
050623277
05062323
050622948
050622789
05062262594
05062215
05062212620emre
050621YG
050621605
0506212892
05062128
050621160
050620898
05062064
050620522
050620419
050620335
05062014
05062008fransisco
05062008..
05062005BON
05062003bv
05061e40j
05061e03j
050619ssb
050619970
05061996J
050619955
05061994pri
050619941992
0506199234741
05061991131313
050619901029777
0506198925ERICK
05061988ismybday
05061987n
050619871503
05061987.1130
05061986solid-
05061985t
05061979l
05061974p
05061972flo
05061970
05061963g
05061960
05061956
0506194287
05061905
0506186113
0506182
05061789
050617628
050617345
05061718
050616772
050616626
050616321
0506161896
050615h
050615583
05061523
050615110
050614881
050614396
050614302
05061421
050614034
050613918
050613473
05061305
050612si
050612709balloon
05061225
05061212
0506119461
050611663
05061131
05061125
050611168
05061113
05061106
050610951
050610499
050610311
05061028
050610233
0506101979
050610158
05061012
05061010
050610028
050609at
0506098
050609264
05060913
0506091
0506090458
050608love
05060869
050608512
050608344
050608127
05060811
0506080789
05060803
050607k
050607RIHANNA
05060794
050607789
050607345
05060731
050607180109
0506071424
05060710
05060708abm
050607027
050606may
050606h
0506068213
050606381za
05060629
05060612
0506060689
05060603
050605ale
050605481
050605244
05060522
050605061
0506050128
050604cs
05060489dams
0506048401
050604464
0506043005
05060407
05060402
050603ze
050603860
0506038
0506034001
05060321gl
050603058
050602yohana
05060288
050602635
050602489
050602400
05060222
0506021
050602028
050601954
05060141
0506013
05060114
050601090
050601047
050601011
050600m
050600@lways
0506007888
0506006160j
05060052
050600172
0506001016
05060005960
0505wxu3397qnj
0505sum
0505rk
0505p05p
0505nkjr
0505mnw
0505may93
0505math
0505lauri
0505kids
0505kari
0505jr
0505jl
0505jen
0505gaby
0505fenixazul
0505e
0505chris
0505carlosvanpi
0505bl
0505azulcielodms
0505adryanna
0505_selin
0505TURRADO
0505CC
05059ts
050599d
0505999
0505997548
0505995
050599013
050598941
050598488
050597nala
050597769
050597678
050597531
050597244
050596ash
0505966
050596298
050596055
050595d
050595965
050595853
050595533
050595324
050595079
050595004
050594lrm
050594jc
050594ale
050594430
0505943937
050594278
050593diosa
0505937606
050593253
050593178
050593041892
050592wolfe04
050592rikke
05059276
05059225
05059215
050592100584
050592082095
050591b
05059158372
050591195
050590xoxo
050590t
050590s
050590m
050590gbi
050590ermg5
050590J
05059072
0505905
0505904
0505901328
050590075512
05059000
05059
050589t
050589m
050589halc
0505899596-
050589817
05058974
0505894341
050589129
050588tyr
05058896003
05058865423
050588359
05058818099
0505880883912345
050588010
05058787
0505877
0505872018
050587092
05058702935
0505869452
0505869
05058671799
05058651816
050586054700505
050586005
050585M
05058597761SEN
050585449
0505853170
0505851s
050585050585
050584a
050584501
050584342
050584265
050583q
05058336826
050583095
050582JF
05058291408
050582811
050582694
050581652
050581512
050581280183
05058105299
050580739
050580560
050580358pala
05058004123
050579m
050579855
050579709
0505795297
0505791130
050579039
050578ca
050578976
050577madsen
050577jog
050577JT
0505778899
050577719
050577567
050577413
050577379
050576tl
050576701
050575abm
050575700
0505753373
050575228
05057509099
05057499fgn
05057493569
050574482
050574414
05057425341
050573t
05057396118
05057363743
050573589
050573370
05057308062
0505729429
05057267086
05057254717741193
050572273870372
0505721005
050571cal
050571951
050571880
050571462
0505712462
05057074
05057059
0505704305
05057034842
05057026861
05056hm
050569858
05056980799
0505696925
050569072
050569004
050568850
0505683993
050568193
050567767
050567607
05056737768
0505671994
050567009
0505668727
0505666940
05056629465
050566031276
050565862
050565712
050565614
05056557550
050564a
050564859
0505647316
05056445546@snn
0505642183
050563721
050563639
05056345660.mb
0505632070
050562J
050562599
050562344
0505621705
050561t
0505618793mido
0505614706
050561385
050561130
050561053
050560724
05056068602
050560506
0505602713
05056015123
050559862
050559274
050558974
050558819
05055859697.a
0505583727
0505581809
05055795
050557805
050557521
050557200
0505570
050556951
05055650812
050556136
050555linea
05055589736542542
05055577021
050555618
05055545108@
050555311
05055517
0505551
050554821
050554371
050554147
050554062
050553954
050553329
050553281
050552elifed
050552725
05055265
050552559
05055248415
05055227719fuck
0505519
050551817
050551793855
05055173
050551455
0505512
050550papi
05055097
050550895
050550764
050550609
050550532
0505503454
0505501
050550018
050549yoo
050549405
05054907
050549
05054881486
0505486e
05054858
05054854591
050548382
050548
050547793
050547207
0505470523
05054679716
05054615515
05054578981
0505454n
05054536
050544812
0505446789
0505445
050544152
0505440121
05054366
050543536
050543427
050543178
050543
0505429508
050542787
050542584
0505424798797skn
050542049
050541883ok
050541644789
050541405
0505413170
050541242
050541088
0505408847
0505406
050540427
05054021174
0505401044
050539968
05053965687744
05053930785,
050539128
050539011
050538763
050538604
05053835124
050537645
050537466
0505369884
0505361261
05053595
0505356337
050535393
050535357
050535331
050535250
050534897
050534720
050534408
050534233
05053418642
05053400+
050533925
05053328686
0505331541
050533141
050533101
050532949
05053275613
050532453joe
0505322256
05053220226
0505321565
050531855
050531312
050531200
05053110209onur.
050530700
0505303347
0505302510
05053
050529881
050529506
050529441
050529308
050529258
05052869529
05052852050burak
0505285
050528325ki
050528285
05052824442
05052800679
050527885
050527727
05052729
0505272527
050526cd
0505268
050526652
0505265169youmen
05052608
050525679
0505255268
0505253525050505
050525341
0505253205
050525289Oil
05052514
0505250985
050524912
05052472260
05052451593
050524479
050524281555
050524210420
050523788
050523330
05052306
0505230231
0505227
05052259
0505223224
050522196
050522091
050522057
050521905
05052150891_a
05052148
050521431
0505211966
05052100882
050520bumbum
05052064574234a-
0505203967
0505202
05052009
05052007w
05052007paulito
05052007321
05052006jk
05051996/
05051993jrspp
05051992vizuete
050519920505ing
05051991568
050519911575000
05051990m
0505199017
05051990112661111
0505199001
05051989h
05051988nb
05051988DN
0505198658b
05051983sable
05051982me
05051981delikiz
050519802008
05051974pdm
05051971j
05051969
050519678
0505196
050519408
05051912mamita
050519012
0505189888
0505187439
050518480
05051805
0505177
05051707
05051620
050516168
0505160015
0505156091
050515017
050514801
050514746
050514623
0505145540
050513klk
050513642
05051313
05051308
050512582
05051230
050512231
050512202
05051205
050511834
050511763
05051161
0505114184
0505112a
0505111979
0505111359
05051100
050510601
0505103495
050510234
05051020
0505100999
05051
05050993
050509789
050509093030
0505090229
050508_pen
050508832
050508278
05050815
05050809
05050808
050508004
050507israel
050507936
050507823
050507478
05050725
05050713
0505070180
050506olguita
050506m
050506benim
05050651
050506383
050506108
0505060833
0505060640243469
050506042
050505zad
050505w
050505mf
050505love
050505jpyu
050505jl,5
050505f
050505ad
050505X
050505J
050505720
05050528
0505051880
05050513
05050512
050505080701
05050505a
050505050
050505.
050504n
050504b
050504666
050504539
05050421
05050404
050504#a
050503c
050503917
05050340793
05050320
05050308
050503060
05050302
0505029
05050255
0505023522
050502091
05050209
050501d
050501784
050501440
050501202
0505011
05050106
050500kc
050500912
05050077
05050055282
0505005
050500326
050500072
0505.1993
0505-5
0504yohi
0504warn
0504sm
0504mia
0504love
0504l0223
0504kc
0504jayden
0504fire
0504ece1026
0504cl
0504britt
0504bff
0504as
0504alex
0504_57010036
0504TETES
0504JR
050499721
0504996259
05049959i
0504993423
0504993
0504990
0504989
050498725
050498458
050498343
050497tx
050496kh
050496151
050495kgon
050495MMJ
0504959157
050495422
0504951
050494m
050494dominguez
0504945
050494456
050494244
050493o
050493ajrq
050493862
05049332855
050492h
050492845
050492457
050492012
050492000
050491kay
050491dfb
050491R
0504915
050491200060850814
050491147
050490an
050490MK
050490549
050490481
050490058
05049-
050489s
050489m
0504899192
050489788
050489506
050488sv
050488dijo
050488a
050488676
050488297
050488-ryl
050487ericka
050487828
05048744178382
050486mdp
050486060588
0504850876
05048500
050484dd
050484847
050484589
0504840567
050483ak
050482rn
050482jp
050482a
050482850
050482829
050481379
050480830
050479r
050479964
050479615
050478740
050477fdoc
050477986
050476t
050476dcd
05047669
050474959
050474385
0504740946
050473888
050473444
050473164
050472857
050472538
050472196
050471778
0504707941
0504700
0504698468
0504693631
050468307
0504682768
0504679643
050467326
050466Was
0504664
0504663122
0504656871
0504656028
050465229
05046474
050464450
050463890
0504636291
050463153
0504626277
0504624g
0504620473
050461291
050460951*27
050460576
0504604351
05046
0504597979
050459359
0504592
050458Mom
050458535
050458051
050457804
050457422
050457
050456358
0504556
050455031
0504548m
050454504
050454105
050454
050453559
050453077
050453
050452672
05045252
050452109
050451891
0504505
050450145
050449873
0504496151
0504493
050449153
050449041
050448761
0504480
05044783
0504477
0504475852
050447
0504469441050
050446261
050445935
050445788
0504456
050445485
0504449887
0504447361
050444484
0504442499no
0504441249
0504435720
050443321
050442919
050442574
050442501
050442102
050441978
050440784
050440652
0504405002
0504403023
0504400
050439448
0504388387
050438240
050437586
0504373839
050436520
050436120
0504352478
050435-oat
0504341340
050433428
050433378
0504331078
0504329977
0504326
0504323404
050432163
050432089
050432007
0504315814
0504310699
050430l
050430639
0504305946
050430303
05043
050429803
050429287
050428827
050428654
05042802
050427759
050427589
050426119
050425544
05042543
05042537
050425295
05042520
05042498
0504246427
050424254
0504241521h
050424027
050423591
05042335
0504227011
050422344
050422011
0504219968
050421377
050421281
05042018
05042008ea
05041\\991
0504199405041994
050419922707
05041991grava
05041990s
05041989p
050419894
050419881
05041986h
0504198621021986
05041979mert
05041977
0504197219981966
05041968
05041965
05041959
050419495
050419410
050419182
050418986
050418567
050417808
0504174316
050417310
050417164
050416900
0504165356
050416044
05041556
050415363
050415053
050415020
050414571
050414336
0504140577
050413927
050413531
05041323
05041308849
050413041
050412b
050412643
0504124208091380
050412349
05041212
05041201
050411959
050411582
050411256
0504112
05041111
050411022
050410joy
05041093
050410480
050410306
0504100418
050409seb'
050409786
050409250
050409121
0504090
050408690
0504084
0504083898
0504083
0504082
05040809
050408.ryl
050407650
050407405
050407270329
0504071987.comc
05040706361
050406ldp
050406j
050406967
050406808
05040673
05040622
05040619
050406131
05040605
050406007
050405S
050405866
050405508
05040524
05040504j
050405040504
050405011
050404753
050404455
050404107
050404038
050403tpm
050403dorian
050403892
0504036
050403175
050403089
050402zcgs
050402aj
0504029
050402710
050402689
0504022362
05040209
050402004
050401878
050401689
050401240910
050401158
0504011123
050401104
050401026
0504010
050400911
050400665
050400415
050400380
05040028
050400050
0504!!85
0503vr
0503tauro85
0503samuel
0503pc
0503pb
0503n
0503mili
0503miguel
0503luvu
0503ludwika8305
0503l998
0503jp
0503jana
0503hlt
0503fai
0503cv
0503c-0901e
0503ba
0503VR
0503KC
0503@chapa
050399k
050399528
050399234
0503991
0503987
050398548
0503983
050397mar
050397762
0503977
050397642
0503971
050396kr
050396984
050396685
050396160
050396032
050395949
050395727
050395592
050394j
0503949339
050394619
050394395
050394079
050393vj
050393a
050393936
0503933472
05039314dari
050392mms
050392c
050392a
050392939***
050392807
050392381
0503921
050391jrk
050391g
050391B
050391318
050390z
050390pam
050390dn
050390519
050390301
05039021
05039003
050389g
050389LUG
0503895578
05038946991
05038919
05038907
050388jeysi
0503889662
0503885879
050388330
05038817
050388120905
050388067
050387ana
050387669
050387374
050386979
050386346
050385m
050385867
050385776
0503855575
050385355
050385016
050384g
050384909
0503846277
050384547
050384223
050384107
050383a
0503831409
050383013
0503824808
050381cd
050381805
050381318
050380503
050380401
050379sia
050379628
050378t
050378770
050378327
050377734
050377471
0503772318
050376848
050376753
050376140
0503758870
0503757641
050375394
050374ar
050374681
050374228
050373959
050373825
050372803
050372524
050372246456
0503720100899988899
050371620
050371089
050370697
050370452
050370135
05036997
050369427
0503693334
050369252
0503691355
050367ja
050367270
050366455
0503654
0503652401
050364951
050364638
0503641912
050363805
050363610
050363496
050363104
050362919
050362485
050362343
050361tt
050361808
050361628
050361307
0503611261
050360745
0503603714
0503603172
050359832
050359262
050359050
050359
050358851
050358727220734
050358244
050358198
050357d
050357856
050357147
050356928753
050356861
050356604
050355952ziiz*
050355598
0503555
050355282
050355159
050354608
050354164
050353802
050353727
050353533
0503534
0503530624
0503530426
0503524786
050352305
050352202
0503518274
050351770
050351294
050351029
050350855
0503505650
0503505001
050350345
0503499979
050349616
0503485405
0503477070
050347199
0503470932
050346775
050346348
050345969
050345673
0503454f
050344971
05034481
0503446478
0503439233
050343619
050342565
0503421883
0503421
0503419087
0503412677
050340893
050340344
050340223
050340161
050340013
050339835
0503394505
050339
050337904
05033780
05033767
050337293
050336661789
0503363078
050336264
0503352361
050335145
050335021
050334916
050334251034
0503340061
050333569
050333428
0503333289
0503333
050333085
0503324001
050332322
050331677
050331533
05033132
0503313
050331083
050330917
050330828
05033068
050330495
050329932
0503297027
0503295
0503287039
050328132
050328041
050327702
050327594
050327323
050327148
05032710
0503267
050326064
050325866
05032551
05032540
05032538
0503253710351
0503252828
05032518
05032516
05032506
0503247
0503244433
050324387181
0503242891alhummedy
050324256
050324074
050323728may
050323463
050323412
050323303
05032325
050323191
0503231132
050322334
05032214
050322055
050321876
0503216660
0503214318
050320a
050320740315
05032011
05032006s
050319963
05031995^_^
05031994mtec
050319930522
05031991a
05031990mania
0503199001071990
05031989b
050319890
05031988hera
050319889
05031986021
05031984ib
05031982de
05031981m
05031981@Kai
05031979gk
05031970jf
05031965
0503195800
05031954
05031948AAU
050319413
0503193
0503191
050319067
05031900
050318527
05031830
050318141
0503179173
050317600
0503173
050317126
0503169583
05031672
050316591
0503163c
0503162817
050316225
050315968
050315767
0503156770
050315601
0503154148
050314982
05031486861505
050314602
05031416
050313992
050313805
050313501
050313201
050313046
050312hola
0503128694
050312665
05031242
0503123228
05031212
05031211
050311700
0503112011
05031115
0503110119801976
050310583
050310513
050310471
050310228
0503101861
05031011
05031004
05030s
050309evelyn
050309690
0503094670.3
05030923
05030912
050309047
050308I
0503087901
050308515
0503083007
050308257
0503081
050307t
050307jm
050307A
050307570
050307393
05030730
050306kye
050306cmasaid
050306anthony!
050306835
050306535
050306415
0503062158
050306056
05030604
05030602010203
050305sasy
050305kl
050305elisha
050305SH
0503058133
0503056707
0503055411
050305211
05030503p
05030503@beme
050304724
050304667
050304600
050304432
05030418
050303l
050303905
05030328
050303030
050302874
05030278
050302647
050302544
05030227
050302010
050301821
050301532
0503014276jt
050301404
0503013149
050301220
05030113
05030105ap
050300991
05030080
050300587
05030045
050300352
050300250
0503001999
05030
0502zccd1802**
0502santiago
0502rex
0502p
0502ml
0502lover
0502java
0502gmzaazmg
0502emo
0502dec
0502cj
0502awiawi
0502RETH
0502=may1958
050299p
050299912
050299497
050299445
0502992
050299094
050298juliana
050298791
0502986696
050298545
0502984425010
0502983
050298125
050297mkl
050297AB
050297691
050297493
050297097
0502968217
050296712/
050296540
0502962
050295w
050295b
0502956527120589
050295602
050295473
050295412
0502951254
050295000
050294p
050294doyouknow
050294ILOVEMITZY
05029494chela16
05029454
050293n
050293b
050293913
050293661254
0502936486
050293440**
0502934
05029308
050293049
050292r
05029290
050292500
05029228131
050292052
050291CT
050291763
050291684
050291479
050291182
0502911233waleednoor
05029108218/10
0502910595
050290jule
050290gc
0502909741
05029090
0502906735
0502902844
050290-1109-mkl
050289r
050289dino
050289931
0502896D
0502892241
050289127360
050288tusos
050288flower
0502880501
050287lp
05028707842865361
050286m
0502866643
0502866
0502865422
05028618
050285vamvam
050285cr
050285822
0502855446
05028507
05028471
050284106
050283300188
050282r
0502823198
05028177
0502814030
050281079
050280208
0502796188
0502791145
0502788863
05027872
050278149
0502779088
050277518
050277048
050276240
050276015
05027502
0502750
050274081
050274007
050273738
050272619
050272535
0502721
050271lizlalo
050271705
0502714
05027090
050270729
050270143
05027
05026946
050269190
0502691625
050268757
050268409
050268007
0502676281
0502674
050267205
050267030
0502669927
0502668408
0502666696
0502655871
0502651557
0502650849
05026505
050264308
050263432
050262789
05026214
050261652
05026119
0502611
0502608769
0502608
050260538
0502605005
050260196
05026
05025984
0502592652
050259
050258904
050258745
050258547
05025739
050256110
05025596
0502555691andypandy
050255169
05025500012
050254731
05025444
050254060
050254
05025392
0502537014
0502536035
0502530
05025274
0502520
0502517
0502514
0502513
050251214
050250975
0502508030229
0502502026
050250079
0502497225
050249440
050249085
0502488724
050248621313
050248011
050247809
050247575
0502465521
050246157
050245607
0502455771
0502453319
050245
050244236
0502440012
05024339
050243262
0502424930
050242416
050242245
050242072
050241689
050241563
050241391
050241315
050241182
0502409
050240769
050240592
0502400369
05024
050239463
05023926
050238beef
050238208
050238
0502376117
0502371a
050236811
050236540
050236353
050235986
050235898
050235235
0502351992
0502351339
050234ex
050234800
0502346781
0502346
050234557
0502343346
0502342571
0502342124
050234080
0502337918
0502337205
0502335081
0502334750
0502334
0502330535
050233
050232969
050232824
0502327420
0502325384
050232423
050232311
050232232
0502320931
0502320188
0502315153
050231330
0502310209
050230941
050230869
050230553
050230522
050230249
050230183
0502300236
0502298981
0502294007
050229281
0502290083
0502286815
050228218
0502281015
0502277460
050227350
05022721i
05022711
0502266789
0502263064
050225925
050225730
05022552
0502254999
050225449
05022539
0502253400
050225251
0502252206515123
05022522
05022518
05022515
050225023
0502248252
0502246826
050224376
050224175
0502236103
050223465
05022327
050223171
05022304
050222825
050222585
050222483
0502222017
05022213
0502216740
05022150
050221386147258369
0502211713
0502211353
050220823
0502207
050220375
0502203465
05022010
05022008BJ
050220000
05021997e
050219940502199
05021992mvg
0502199205022535
05021991mi
05021991ercs
0502199100426
05021990*
05021989palmy
05021989ben
05021988lhing
05021988a
05021987yo
05021986C
050219868
05021981tr
050219763
0502196538
05021964
05021962
05021961
05021953j
050219345
05021922g
0502191590
050218819
050218655
050218379500
050218219
0502181319
050217724
05021770206
05021705
050216l
050216719
050215li
0502159193
050215694
050215388
0502153256
0502152041
0502150733alaasawa
050214932
0502147488
0502146119
050213969
0502130240
0502128940
050212531
050212288
05021213192028
05021205
05021202
0502120090
05021193
050211568
05021136
050211343
050211183
05021111
050210890
05021074
050210522
050210120
05021002
050209sieder
050209535
050209115
05020902
050208n11
0502086074
050208418
05020821
0502081
050207mae
0502077
05020711star
050206tino
0502067747
050206127
05020601
050205maria
050205858
050205523
050205094
050205042
050204900
050204308
05020413
050204010
05020400
050203foreva
050203BYG
05020366
050203244
05020302
0502030
050202796
0502026545a
0502024ever(L)
0502024534
0502023381
050202278
0502022
050202068
0502020356
050202014
050201p
050201854
05020170
0502013512
05020123
050201060
050201017
0502009
050200820
0502007040
0502003641
05020007
0502000256
0501smk
0501sela
0501osva32
0501mc
0501ma0501
0501love
0501jb89
0501issy
0501don0305
0501bebe
0501PAOLA
0501Erizon
0501999
050199437
0501988033
0501985
050198168
050197681
050196l
050196834
0501966
050196062
050195Ryan
05019536
050194957
0501942306
050193tara
050193k
050193a
050193889
050193383
0501932
050193050193LALA
050192s
050192kittyb
050192Egay&Pearl14
05019234
050191m
050191a
0501917
0501915558
050191433
050191085
050190s
050190josy
050190O
050190532
0501902005
05018y
050189sONny
050189l
050189858
050189474
050189291088
050189101284
050188wp
050188g
050188ale
050188738
050188452
050187fm
0501876410810
050187571
0501872187
050186s
050186310186
05018618
05018604503
050185me
05018592
0501858
050184j
050184581
05018421
050183k
0501837411
0501832
050183137
050182f
050182a
05018239
05018210
050181988
0501810014
050180986
05018091
050180351
050179954
050179814
0501790122
050178f
050178954
0501783
050178055
050177c
050177401
0501773
050176582
050176340
050175911
050174982
050174749
0501741949
050174032
0501733827
050172528
0501724588
050172156
0501717767
050171727
0501713333
050170979
050170704
050170632
050170040033
050170
050169412
0501692
0501688877
0501676xx
05016699
0501666
050166360
050165772
050165658
050165415
050165155
050165043648
050164897i
050164473703
050163v
050163817
050163155
050162220
050161477989
0501610
050160897
05016060
050160111
05016
05015mami
05015886
050158776
050158100
05015777
050157210
050156824
0501560688
0501555
050155
050154sag
050154786
050153942
050153291
0501531307
050152promo=04
0501522349553
0501520202
050151773
050151335
050151134
0501510
050150533
050150468
05015041
050150205
0501499207
050149699
0501495450
050149004
050148194
050147326
0501471kl
050146302
050145776
050145311
050144879
0501445993
050144397
050144124
050143916
050143541
050143451joeng
050143278
050142379
050142050
0501417557
050141697.230436.1993
050141635
0501411D
050141069tk
050140789
0501407
0501402741
050140
050139336
050138700
050138271
050137a
050136927
0501365558
050136182
0501358538
050135200
0501350
050134571
050133616
050133086
050132701
050132064
050131jrevv
050131682
05013109
050131016
050130725
050130622
0501304880
0501300732
05013005
050129453
050129209
050128d
050128698
050128504
05012804
050127400
050127220223
05012708
050126937
050126239zatannie
050126234
050126068
0501257B
05012562422533
05012541ploy
05012536
050125326525
0501252601022528
05012521
050125128
05012506
050124921
0501247
050124471
050124064
0501237632
0501236458
05012311
050122537
05012224
050121kas
050120919
0501203
05012012
05012003jr
050120001
05012..
050119jose
05011995d
0501199302081
05011991viri
0501199108371
0501199105016
0501199100875
05011990kt
05011990hi5
050119901118415
0501198904049.
0501198807602
0501198806124
0501198704312
05011986jj
050119862007
0501198600184RAB
0501198506399
0501198500278
0501198413067
0501198304843
050119751056121
05011964
05011958l
05011937
05011905
050118smi
0501187421
050118343
050118221
05011796
0501177
05011702
050116899
050116617
050115q
050115545
050115408
050115282
05011503
050114886
050114675
050114107
050114018
050113705
050113109
0501131
05011279
050112215
050112189
05011210
050112029kou
050111936
050111726
050111503
050111102
05011109
05011106
050110986
0501107
0501106
050110503
050110409
05011031
05011016
0501101
050109fdii
05010963
050109535
050109475+
05010915
0501091
050108815
050108649
05010831
05010821
050107stefa
050107pink
050107LOF
05010761
050107502
05010734
050107276
05010710
05010705
050107!
050106d
050106858
050106609
0501062533
05010608
050105_brandy
050105403
050105105
05010509
05010506
050104z
050104eml
050104900
05010475
050104669
050104492
050104266
0501040286
050103aagii
050103831
05010337
0501031234567
0501031
050103048
050102m
050102991
050102834
0501025025
0501022733
0501020044
050101708
0501013
050101104
050101060
0501010484
050100900
05010078
0501007
050100470
050100262
050100094
0501000699
05010003
0500kl
0500999
050099736
050099589
0500992
0500990159
050098933
050098209
0500977710
0500975752
050097006
0500969
05009685
0500966769
050095997
050095350boing
050095232
050095
050094134
050093968
0500936546
050093565
050093184
050093
05009235
050092206
0500920453my@
050091809
0500914775
050091106
0500904483
050090305
050090
050089589
0500891
0500885
050088003
050087794
0500875
050087422
0500866
050085ok
0500857406
0500856232
050085505
050085220
050084724
0500832205
050083080
050082857
050082
050081304
050081061
050080236
0500799750
050079468
050078596
050077594
0500774724
0500771095
050076552
050074841
050074678
050074643
050073866
05007357
05007227
050072010
050071999
050071816
050071525
050071385
050070966
05007059
0500704xavier
0500704199
0500702519
050070030000
050069668
0500691618
050068572
050068089
050067876
050067030
050067
0500669613
050066503
0500662330
050066146
050066026
050066
050065838
050065291
050064714
050064699
05006425
05006396156
050063549
0500626408
050062436
050062281
050062189
050061k
0500618115
050061330
050060617
050060029
0500598739
050059154
050058178
0500572761
050057052
050056sxcbackhoe
0500568
05005674
050056560
050056418
050056339
050056205
050055969
050055688
0500553450
050055015
050054609
0500544535
0500544
050053774
050053596
050053192
0500530261
0500524077
0500520
0500511227
050050953
050050793
050050562
050050298
0500501
050050005
05005
05004wmf
050049527
050049200
050048796
050048742
050048193
050047874
050047660
050047587
0500470898
050046368
050046
050045913
050045340
050045229
050044906
050044697
050044530
050043918
0500435
050042921
050042432
0500423359
050041945
050041617
050041457
0500410997
050040930
050040737
050040703
0500404290nor
05004037a
050040096
050040069
05004
0500394244
050039
050038552
050038352
050037582
050037020
050036799
050036
050035823
0500350446
05003440
050034100
050033518
050033441
050032838
050032698
0500322
050031984
05003148
050031231
050031
050030073
0500300
050029828
050029303
050029
050028801
050028743
050028683
0500283773
05002787
050027336
0500267821
050026317
050026244
050025960
050025762
050025505
050025152
05002460
050024194
0500240533
0500236343
050023559
0500234
050023073
050022900
050022656
050022308
050022070
050021j
050021799
050021674
050021389
050021
050020839
05002055
050020297
05002011
05001987
050019515
050019
0500185009db3
0500183
0500179978
050017567
0500171870
050016907
0500168
0500167005
0500165122n
050016488
050016
050015780
050015651
0500155433
050015246
050015116
050014906
0500142807
0500141050
05001400
050013988
050013208ry
050013171
050013
050012979
050012748
0500124
050012330
050012110
050011697
050011588
0500115
0500113119
050011131
050011
050010920
0500107
05001062
0500102915
050010181
0500101415135
05000992000
0500092123
0500090
0500082894
050008039
050007821
050007489
050006519
050006062
050005952
05000585
050005542
050005148
0500049128lhlhlh
0500047503abc
050004449798
0500043989
0500040077
050003821305
050003323
05000296735
0500028732
0500028683
0500028
05000254
0500022
050002
050001854
050001743
05000140256
050001210
0500008861234
0500007679
050000615
0500000a
050000010
050-gaby-curd
050+925
050
05/355226
05/31/03/2538
05/28/92
05/24/87
05/23/07
05/22/87
05/200jas
05/20/97
05/1991
05/19/1982mxl
05/18/88
05/17/90
05/15/91
05/13/88B
05/12/85
05/12/2535
05/12/1990
05/1142
05/11/1986
05/11/03
05/10/94
05/10/88
05/10/2535
05/10/1984
05/09/90
05/09/1994bday
05/09/08
05/09/06
05/08/93sarah
05/08/86
05/08/1991
05/08/1989
05/08/00
05/07/96
05/07/11/2535
05/06barbie
05/06/89
05/06/86
05/06/1992
05/05/91
05/05/1996
05/05/1990
05/05/07
05/03/87
05/03/39
05/03/2535
05/03/1995
05/03/1986
05/03/08
05/02/86
05/02/1996
05/02/04
05/01/91KATHY
05/01/89
05/01/1991
05///0351
05.rebelde
05.october
05.esb.aad.319
05.cec.05
05.9159150
05.91
05.31.87
05.28.95
05.24.mel
05.12.
05.11.1987
05.10.74.t
05.0991.913
05.09.1991
05.08.981.
05.0782595
05.07.86...
05.06.99
05.06.2006.jyb
05.05.82
05.04.91
05.03.1991
05.03.1990
05.03.06
05.02.07.k
05.01.93
05.01.89
05.01.1996 shahu
05.01.07
05-linda-b
05-dic
05-b2021
05-MARZO
05-Colorado
05-920-6115
05-9033364
05-8753413
05-8607790
05-8441020
05-768
05-5825051
05-319-01
05-30-73
05-28-03
05-26-91n
05-25-93juanc.
05-23-83
05-21-83
05-20-83
05-1992
05-1894677
05-18-84
05-1708085
05-164myspace
05-141-weona
05-13-08
05-12-90
05-12-71oma
05-12-1990
05-12-03
05-11-87
05-11-2006rodrigo
05-11-1984
05-10-87
05-10-74
05-10
05-09-1987
05-08-1992
05-07-91m
05-07-06-30
05-06-91
05-06-1995
05-057-8903
05-05-81
05-05-1982
05-05-02
05-0445059
05-04-89
05-04-76
05-03-1981hermanito
05-0280060
05-02-71
05-01434
05-01-91
05-0088
05-0056
05-0008
05,dik8,
05+dany
05+12+1994*
05+0363874
05*NEVAEH
05*30*
05*16+20+i
05**03
05$jeff05
05!rocks
05!14!05!
05 50007
05 0988
04zx10r
04zwells
04zr6r2
04zoey
04zaye03
04zackery
04yzfr1
04yz250f
04yuli
04yrsclean
04young92
04yomoma
04yeya
04ycmt88
04yarigo
04yankee
04yamani
04y2816
04xx04
04xunn
04xtina29
04xing11mei
04x30x90
04wyatt01
04ww3060
04worsfoldd
04windy
04wills
04willem
04wilchr
04widnes
04wheels
04webber
04weaver05
04watsonh
04warr
04wab11046
04w99006
04w35312
04w17180
04vwr32
04vwgti
04vlefle
04vinh
04viking
04vicky
04vibe
04vejecuje21
04valga
04va02
04v70v7david
04user6407
04ur0095
04udo1957
04tysha97
04twelve
04tundra
04tspei
04trystan
04truck
04trojan
04trisha
04tori
04tookie
04tonjean
04tom26
04tobee
04tkm09
04titoygina04
04tisha
04tim32
04til4eva
04thunder
04thowze86
04thjanuary
04thess_17
04th07
04terrellP
04teen
04tdbynu
04tayjor
04taurus
04tanako19
04tallsalt
04tacpooh
04t87765
04t494
04t17555
04sydann
04suriya
04surfer
04sur13
04supergirl
04sukkah
04student
04ste89
04starkey-b
04ssclhscsu
04squeaklover06
04spray!!
04soxs
04sonata
04softball
04sofi13
04snoopydog20
04smischny
04smcgur
04skylar
04sist1039
04silvercav
04silentry
04sid10
04shorty
04shiloh
04sheppr
04shanon
04shakira
04shadow
04setiembre92
04setembrosz
04set82
04septiembre200
04september
04sept1958
04sept07
04sepoct
04sep30
04sep1984
04seneca69
04seanie
04sdhs
04scooter
04school66
04scharling.
04sc04
04saviola
04satin8
04sarita
04sara33
04santana
04samhor
04saintaj
04sage06jj
04s27a87rai
04s138
04rustom
04ruosbe
04ruggies
04rubi
04rosila
04ronnie29
04ronald
04rodeo
04rock
04robertsa
04roadking
04rinker
04rialto
04rhiannon04
04renzjoyce07
04rei09kan
04reddyholic
04rebelde
04rdking
04rav4
04randy15
04ramos04
04rahmed14609.
04racing
04r4419
04r08e1987d
04qusmells
04pxh78271
04pulou
04ptl
04ps8654
04princess
04potc
04positivo
04pookie
04pony
04police
04play
04pl661*
04pistch
04pirate
04piglet
04phoenix
04peye26
04peres08
04peepjusta
04payton86nicole
04parryj
04pala
04p137
04ov321
04out2006
04os13083
04orion
04on24s
04omega18
04ollie
04ofus
04octobre198
04oct78
04obonaga
04novvicky1990
04noviembre05
04novelisfo
04nov92
04nov88
04nov86+
04nov1993
04nov1960
04nov02
04nottygir
04norly
04nols
04nochie
04ninja
04nieron
04nick04
04niccha
04nguybe
04newport
04neonsxt
04ned12din
04ndnu04
04nathlie
04nathan
04natajuan
04n89n83
04n11m
04myranger02
04mybaby
04murano
04mugi
04mstng
04msherp
04mr1379957
04morgr
04moon95
04monse
04monique
04mon03alfteamo
04mommy07
04mohammad
04mmu19
04mjdm
04mitsubishi
04mistique22
04mimay
04milkshake-23
04milindoperro
04mikids27
04middletonr
04michael
04miangelita
04mh1381
04meteora11
04melenita
04melba04
04meisha
04megaman
04mazda3
04mazada
04mayo896
04mayo2006
04mayo
04may2007
04may1974
04maverick
04matrix
04marzo1987
04marzo1975
04marvin
04mars06
04mark
04marilou
04marie84
04mariaC10
04marea
04marco2009
04mar98
04manuttood
04manna162615
04malibu
04maio
04maggio07
04madelynn
04ma1977
04m81359
04m37189
04m3
04m28
04m1910
04m04s04M04S
04lynnette
04lynn
04lydia10
04lv15
04luver
04luvbug15
04luv15
04luck2
04ltz400
04lowybear
04lovetom20
04love_jalen07
04love07
04love04
04lokaslavafred
04lnsm-12
04llra
04lkm89
04lk1884
04lithium
04lina
04lilly
04lilbaby
04lightning
04lh1090
04lf426420
04levans01
04leslie
04lenis84
04lek23
04lefiti
04ld661
04latbu
04lapaix
04landen0705
04lamar
04lakeh
04ladies
04la10az
04l05a93
04kyli
04kylee09
04kv5s
04kukis25
04koh
04km19ak10
04kl3y
04kito
04kinsey03
04kiena
04kiara
04khoa
04kg04
04kenzieb
04kellya
04kearah
04kds
04kb08
04kasey
04karlita
04kalasahan07
04ka12tya87
04k6hot
04justyn
04junio1999
04junio08
04juni1992
04juni1987
04june1976
04june
04julys
04july93
04july1986
04july04
04julio92
04julio1965
04juli1996
04jul88
04juillet1976
04jtyersj
04jtiger
04joyce
04josue
04josiejojo
04joseph
04jordyn
04joker
04joanna
04jmfigueroa
04jmccle
04jlt1998
04jlbeck
04jk0529
04jjjy04
04jj05
04jhonandr
04jhen
04jetta87
04jett
04jerome
04jenniferlynn
04jema
04jegand
04jeffbeck58
04jd86
04jd17b
04jazive
04jayden
04jay04037
04january
04jan90
04jan65
04jan1989
04jan1968
04jamel
04jalom14089
04jakat23
04jahmir
04jagg
04jacob05
04ja123483120
04j46447
04j2007
04j05k06m
04iy4n
04iulia
04isrrael+04
04isloco
04irish
04infinitiqx56
04indjc
04iluvmysam
04ilovewill
04ilovel06
04ihegba
04iab1984
04hw1606516
04hurtsme
04hunter08
04hunger07
04hugjal
04hubaby
04hottierobby09
04horrorrosa87
04hondacivic
04holic
04hoffman
04hisrc3f6n
04hideki
04hhugrhi
04henn1l
04hello101
04heabra
04hdflhri
04hayden
04hasm21
04hansonh
04hanban
04h3elma
04h07j0689
04gwh30
04gustavo
04gshetri
04greenh
04grandpre
04grad.
04gr3g0ry
04goswans
04gmcsierra
04glide
04giselle
04girl
04gifted
04gf418149
04germaine
04gdl25
04gator
04gar16
04gallukenc42112
04gaby
04g97258
04g79707
04g22c09
04fsbenwelll
04frontier
04friends
04friddj
04free
04fred09
04franklin69
04frankaka
04francis04552720
04france
04foxy
04forunna
04fordf650
04football
04fonseka
04flstfi
04fljwdry87cur
04fla93
04fire20
04fg04p75
04fenwkai
04febrero
04feb92
04feb07
04feb04
04fe9-9
04fatboy
04farthings52
04fantasy30
04faith63
04fabian
04f689
04f573
04f42660
04f26825
04f150g4d
04f08
04eyteen
04explorer
04evers
04evalani27
04estrella05tatto07
04especial*
04escalade
04es63
04erwin22
04erinanderson
04erdd2090
04enero96
04enero61
04enero1995.
04enegue
04eminem
04emilio22
04em14cr29
04elreykof
04elijah04
04elia
04ejh7lgf0bd
04ee127
04economia04
04echo02
04easy
04e65sr
04e22
04e2003
04dyme
04duramax
04duke
04duffeyb
04dublin
04drules
04driosjr
04drama
04dontlook
04dodgers
04dodgehemi
04dm21bl
04dm074
04diva87
04didi
04diciembre1993
04dic06erwinyana
04diana04
04dfb3ad
04dex04
04destiny21
04desetiembre
04desep
04deoctubre06
04demoler
04demarzode1993
04dejuliodel199
04dejulio
04defebrerode1992
04deenerode1983
04dediciembre
04december12
04dec80
04dec2002
04dec1993
04dec1980
04debb
04deagosto
04dave
04dasean
04danny
04daniel19
04dancer04
04dajekgonuy
04daisy
04d8oy
04d56644
04d24m70k
04d109d21990d3
04cwebb
04cute
04cum1laude
04crush
04crazyops
04crayzy
04cradru
04coxcm
04courtNey
04corolla!
04copro
04cooper
04cookiemo
04cody04
04clg04krg
04cl0102
04cindytequiero
04chunkay2
04chsei
04chrissy
04chris
04chochan
04chiquito
04chilla
04child
04cheyanne
04cheer04
04cheech
04chaz
04charlie
04champsarsenal
04chaRms
04cgranr
04cec
04cd0b9f
04cc1987
04cavy
04cat15
04caren
04candy
04camay
04caleb
04cUnit
04cANNON
04c16s555
04byte2005
04buzzingbarky
04butllew
04burty
04bunny
04bs602
04bryan
04brownie
04britney
04bravery
04brandy95
04boo04
04boner
04bmw
04bluegold
04blazer
04blaser
04black3
04bk1423
04bip1
04bigflizowz
04bibles
04bhebz
04belle
04bebo
04bebe!
04baylor
04bakerm93
04bailey
04badbad
04b7qqz
04b56a
04b130071k
04b130039k
04b1203451
04b0114496
04b007
04az459
04ayfj
04avril2005
04aug28
04auburn
04asshole07
04asirb08
04asdfg!@
04arthur
04arrow
04armada
04argentinabt2p
04april88
04april2519
04april1989
04april07
04apr95
04apr02
04ao86
04anne1989
04angie1987
04angel
04andy04
04and07
04ancamaimaimaimaftei
04an157
04amor
04amal1996
04alone06
04aliikai
04alhu04326
04alero
04alberto
04alaiza
04aj13030
04aiden04
04agosto80
04aggie
04adry05
04acuratsx
04acpotter1993!
04acboni
04ac333
04abs21
04abrl93
04abril2007
04abril1983
04abril1976
04abr96
04aasheem
04a756a2123a
04a400029
04a2008B
04a1382
04a13196
04a08n30n=anny
04a06p87
04a02a91
04_revsd
04_life
04_gabo
04_fez
04_Aeric
04_26
04_22
04_12_94
04_09_88_k
04_07_00
04_06
04_04_1993y
04ZX10R
04YA21RE07TZI
04XIXI
04WH569
04VStar
04Tigga
04Target
04TERE88
04Stripes
04September
04Scorpion
04SUBARU
04SINALOA
04SCIONXAS
04S7527
04RomOkaREN
04Redick
04ROMY74
04Pacifica
04PEREAS
04Omega96!
04October
04OCT1967
04Nov@1981
04Nissan
04NANCY
04Monte$$
04Mar65
04Mar04
04MUSTANG
04MAZDA
04MARZO1967
04MAM05
04Love19
04Liana08
04LYNN07
04LOVE
04LCKAYLL101
04KIDSSSFR
04K1onEM
04Juli1986
04JuL@002
04Jcyper
04Jayden04
04JanLuuk
04Jaguar
04JULY91
04JENNEll23
04IMPALA
04Hailey
04HJohn
04HEARTH
04Gabrielle
04FoRtUnAtO94
04F27794
04Darter_Dew
04DONTLOOK
04DB5534
04Cats
04CHEVY
04CAROLINA04
04CAJINA
04Bunnyboo
04BigMac
04BaXtEr
04BROTHERZ
04BCS010
04AydIn123
04ArcticCat
04Angelito
04Aiden05
04AUGUST
04ANGELIS
04ALMA25RUBI
04AGUSTUS1992
04A0890
04@Jackson
04=?l67;1jk
049prepay
049nrevj
049katherine
049c43
04999kfarv
0499992550
049997756
049997262
049996520
049995543
049994530
049993
049992435
049991904
049991238
049990
049988402
049987238
049986
049983099
049982720
049982
049980449
049979845
049978338
049973856
049972219
0499715949
0499713
049968848
049968557
049966867
04996631348824
049966157
049965892
049965108
049962330
049959536
049958400
049956895
049956
0499547
049954546
049952744
049949941
049948112
049946548
049946431
049945801
0499449
049944064228153
049942991
04994223535
049941963
049938462
04993814
0499351676
049933780
049931935
049930023
04992e
049929889
049929
049928463
049927695
049927103
049925934
0499252973
049923045
0499215777
04992112
049919355
049918557
049916849
049916514
049916080
049915591
049913739
049913559
049913179
04991229v
049911214
049910763
049910707
049909912
049908793
049908334
049908
049907631
049905194
049905103
0499049may
04990499
049904369
049903678
049902554
049902
049901340
04990096
049900746
049900530
0499004
04990
0498jane
0498a18
049899822
049899384
049898dw
049897boys
049897108
049896939
049895268
049894791
049894
049893978
049892589
049892
0498916864
049890998
049890490
0498902
049889971
049889913
049889366
049888531
049888268
049886898
049886638
049885733
049885332
049884898
049884718
049882889
04988220
049881196
049880706
04988
049879992
049878926
049878563
049878390
049877812
049876553
049876548
049875445
049875
049874407
049873474
04987328527021991
049872327
049871922
049870774
049870118
049869440
049869226
049867664
049867433
049867227
049866909
049866252
049865206
049864312
049863788t
049863351
049862768091090204
049862189a
04986167020181
049860868
049859629
049859555
049858571
049857749
049856997
049856483
049855989
04985540
04985406
049853944
049851752
04985118
0498499
0498489
049847729
049846152
049844585
0498443301
049843254
049842204
049841
049840270
049839775
0498390642631
049838111
049836877
049835148
049834849
049834746
049834549
04983362
049831606
049831366
049830572
04983
049829593
049829255
049828921
049828813
049828415
049827770
049827359
049825749
049825123
049823410
049821870
049821
049820480
04982
049819197
049817908
049817494
0498172700
0498149989
049814389
049814131
0498137
049812552
049812131
049811
049810270
049810
04980926
049809069
049808900
049807274
049805698
049803772
049803013
04980213
049801852
049801102
049800115
04980
0497qerza
0497mama
049799944
049799
049798034
049797569
049797216
049796843
049795515
049794316
049794164
049793
049790512
049788242
049788048
049787521
049786084
049785800
049785000
049784058
049783717
049781025
049779106
049778394
049777437
049777034
04977450
049773798
049772829
0497727
049771377
049770886
049770
049769309
049767354
049765636
0497654
049763657
049760
049759194
049755148
049754668
049753808
049752188
049750512
049748133
049745524
04974403
049743280
049742239
04974
049739322
049738
04973741
049734713
049733882
049733369
049732808
049732270
049731162
049730669
049730117
049729648
04972759611
049726670
049726
0497253
049724592
04972413
049723329
049721371
049720969
049719549.
049719283
049718830
04971818
04971719
049716497
049715547
049713686
049712309
049711422
0497104
0497096012
049707868
049705
049704706
049704423
049703
049701685
049701
0496star
0496pa
0496dani
0496ale7915
0496990125
049697rey
049696
0496930
049691
049690
0496833
049674
049670
049669
049663849
049663046
049657622
049655911
0496506
049650
049648981
0496478
049647501
049645
049641497
049640323
049638707
049636374
049634
049632151
049629906
049626895
04962616579
049625238
049623795
049622068
049621470
049620436
04962010
049619471
0496185
049618243
0496181
049616743
049613280
049612
049610039
049609980
049609182
049607993
049606576
049605021
049604429
049603872
049602070
049601412
049600957
049600942
04960059
04960
0495iuzi
049599s
049598794
049596991
049596377
049595405
0495951
049593831
0495931
049592669
049590161
0495897
0495882588
049587669
049586
049585585
049584987
049583
04958133807
04957977
049579
049577652
0495768458
049574230
049573754
049572688
049571464
04956az
049569055
049567900
0495673442
049566906
0495664830025324
0495653
049564234
0495632006
049562120
049561538
049559596
049558580
049558500
049557495
0495570199
049555850
049553880
049553214
049552565
049551816
049551229
049551093
049550523
049549703
0495492491
049548684nok
049548153
049546774
0495454080
049544938
049544122
049543367
049543
049542044
049541801
049540545
049540407
049539722
049539097
049537400
0495368768
049536654
0495360082
049535134
0495343202
049533659
049533310
049533117
0495312454
04953
049527699
0495264622
049525853
0495255
0495247
049523840
04952267
0495218234
049521121
04952080
049520359
049519807
049519
049517864
049517749
049517665
0495150
049514
0495128504
049512805
049512542
049512182
049511420
049509
049508031
049505415
049504526
049503305
049502945
049502
049501052
0495
0494pink
0494adgiy
049499821
049499523
049499187
049499
049498232
049497993
049497802
0494976419
049497183
049497123
049496406
049495989
049494939
049494340
049493909
049493035
049492924
049492405
049491311
049491
049490190
049490
04948946
049488426
049488317
049487810
049487721
049487273
049486442
049486329
049486261
049485491
049484650
049484226nut
04948350sm
049483
049481831
049481198
049478789812345
0494785
049475
049468
049467630
049463147
049461077
049459381
049456435
049456025
049455181a
049451145
049449476
049448768
0494458872104944
049444
04944329267
04944042232369
04943510781
0494339
04943343
0494328836
0494323916
049431644
049429099
049426546
04942568691
04942468
049424
049420001
049419349
049416993
049416
04941307
049411571
049411
0494099
0494071186
049406731
049405925
049403041822
049402462
049402198
049402152n
0494003
04940
0493hiert
0493charu
0493NICOYA
049395
04939270
049389109
0493867
04938486
049381649
04937pomsj
049373
049365360
0493600
049355
04934999
049346757
04934121
049331053
0493287
0493282
049324458
04931806
049313
049311
04930506
049304
0492sassy
0492kurt
0492geheim
0492daisy
049298094
049294
0492928
04928549
049283
0492803618
049277
049272267
04926820
049267095
049264
04926186
049261
049257162
0492548107
04925135
049250
0492472377
0492468963
0492430043
0492404924
049238c
0492364232
049236
049232
04922939
0492272
049224593
049223889
049222
049221
049219
049217
0492161a
049213400
049212428
049211848
04921053
04921012
0492099422
04920711mel
049204
049201502
0491sc
0491john
0491@hotma
0491993
049198922
049197068
049195
049194492
049189391
049186020
04918521
049182696
049181239
049174453
0491731037
049170252
049169938
049168245
049165586
0491643
0491636760
049162429
04915z
04915873
049157496
049155415
049153713
049152
049151
04915041
049148945
049146814
049145597
049143843
049140914
049138c
049137177
049137
049135853
049134199
049133
049131050
049130844
049130364
049129497
049127
049125245
049124379
049123933
049123207
049121707
049119764
049118707
049118
049116148
049115772
049115308
049114349
049113920p
049112519
049111899
049110
0491097871
049108891
049107911
049103346
049102976
049101s
049101310
049100630
049100467
0490m.m
0490da
0490aries
0490ROD
049098937
049097472
049096686
049093582
049092286
049090
049087781
049085613
049083246
049083022
049081553
049080
0490780
0490720003
0490710
049069
0490642
049061
04905mmsb
049059051
0490551
04905
04904904
049049
049045
0490417300
04904044
049035513
049033485
049030
0490297
0490267
04902430706
049023
049021979
049020
049017198
0490159b
049015658
0490144102
049012345
0490114964
0490100
04900gxerw
049009480
0490066
04900578255
0490049
049003694
049003516
049000704
0490
048u6nihpf
048mqs
048joel
048camurph
0489lovelife
0489bddk
0489992056
0489943
048991521
04899
048989
0489838690
0489770
048971
048968205
048966273
04896331
0489613
04896040
04895679
04895411
048950495
04894824
048944
048940of.k
048933
0489301
048926
0489233
048921
04891662032
04891423
0489123
048911
04891
048908
048906r
048905457
048903877
048903
048900
0488jcss
0488dvd39
04889mdyne
0488956194
0488940673
04889045
048886208
048882623
04888
048877
048874181
048869288
048867
0488638944
0488634
048859734
048857
0488554786
048852141
04884aecir
048848177
04884643
04884261511
04884113168
0488395d
04882807
0488271448
048824
04882310218
048822
048816
048815
04881416
04881109
0488107053
0488087
048807
048802994
0487wil23
0487oivxi
0487cb
048798706
0487985
048798021
048797432
048795803
048795
048793650
048792344
048791110
04878eav6950
048787648
048787109
048786
048782615
048782
048780
048773
048771231
0487705220
048769
048768678
048767291
048766913
0487642699
048763839
048763
048761378
048760
0487587
0487578
048756
0487550-j
048753735
048749435
048744121
04874098
04874
04873852
04873677
048726418
0487252325
04872225
0487185042230619
048714235
048712
04871012666
04870697
04870478
048702946
048701l
0486slm
0486mc
0486aj
048699
048696241
048693995
04869041
04868kraou
0486892331
048687
0486842940
0486828b
04867soryv
048673131
04866jygs
048669955
048668158
048666213
048660263
04865xmrdr
0486586510
048656965
048648565485
04864622
0486447
048642
04863572250
04863107
0486291
048628480
04862792
048625989
048622346
048621780
048621034
048620985
04862027
048618732
048616
048615
0486143605
048611368
0486099n
048609249
048608rm
048608
048606
04860486
0486041986
0486030585
048601233
048600895
048600
0485mm
0485jv
0485hu
0485c
048599985
048599716
048598987
048594526
048593623
048592569
048590837
048588021
048586785
04858603
048585850
048585461
0485845151
048583609
048582991
048582535
0485820610048588
048581578
0485791326
048578g
048578599
048578
048577019
048576445
048575767
048575096
048572517
048571744
048570640
04856d
048569906
04856873Me
048568210
048567
048565606
048564531
048563925
0485630
048562466
048561824
048560380
048558986
048557100
048555725
048554660
048553824
048553697
048552144
048551930
048551763
048551301
048551
0485492909
048548525
0485474
048546544
048545034
048544416
048543062
048541245may19
0485407623
0485387
048538281
048537
048536302
048535250
048535135
048534
048533567
048531978
04852tcmrz
048526
048525063
048522993
048522
0485213
048520930
048520
048517159
048517
04851585
048515475
048515301
048514636
048513370
048513
0485123
048509552
048509242
048508
048507534
048504942
048503921
0485031
048501ba
048501268
048500
0484vbdoo
0484navy
0484momo
0484defma
0484augu
048499
048498287
04849708+k
048495154
048493792
048490961
048490104
048489885
048488404
048487651
048486710
048485675
048485648
0484844
048483130
048482296
048481466
048481053
048480438
048479986
048479810
04847902
048476646
048475365
048475
048474828
048472418
0484706350
048469327
048467468
048466638
048465676
04846507554
048464793
048463821
048462095
048461250
048459745
048459
04845850
048458
048457712
04845697
048456570
048455042
048454544
048453963
048451864
048451074
04845092carol
048450
048449537
048449069
048447743
048447088
0484466
048446
048445677
048443220
048442931
048442284
0484421968maman
04844192111
04844113123
0484399
048437266
0484365
04843612631
048436072
048435266
048435
0484342905
048433464amm
048431393
048430562
048429674071563065
04842911
048429
048427524
048426651
048426545
048425851
048425
048424417
048424
048423417
04842245037
048420326
048419772
048419297
048418962
048418768
048417165
048416302
048415411
048415301
048412842
048412467
048411975
048411
048410913
048410477.
048409974
048409500
048409
048408720
048408041
048405911
048404472
048404342
048403899
048402942
048402612
048402132
048401280
048400868
0484
0483niltiac
0483HKD
04839974
048398760
0483985
048396214
048394649
048393242
048392551
048391513
04838957
048388906
0483882388
048388050
048387003
048383
048381702
048381571
048379712
048378238
048377514
048377376
048376354
048375794
048375454
048374600
048374197
048373621
048371031
0483683
048367258
048366311
048363604
04836121
048356441
048355122
048352148
048350157
0483470
0483455
048342
048340016
048339410
048339254
048338949
048337086
048337
048335917
0483355
048334399
048333930
048333393
048332025
048331384
048330130
048328565
048327729
048326550
048326183
048325526
048325311
048325181
048325093
04832407
048322962
048322209
048321525
0483213997
048319826
048319
0483174201
04831684
048315808
048315006mai_
048314
048313611
048313292
048312627
048310673
048309401
0483086
048307mari
048307515
048306020597
048304460
048303350
048302748
048301500
048300347
048300
0482mc
0482j
0482=nacimiento
048299
048297702
048297046
048296
048295064
048293976
048292967
048291339
0482907217
04828965
048289163
048288323
048287393
048287276
048286415
048285849
048285484
048284505
048283759
048283326
048283
048281721
048280387
048280
048277502
048277224
048275891
048275520
048274583
048274363
048273615
048272234
048269293
048267684
048266710
048266427
048266381
048265543
048264658
048263126
048262773
04826202
048261733
048260596
048260269
048259676
0482596
0482575560
048255251
0482545926
048254339
0482536
048253533
048253
048252570
048252278
048251929
048251587
048251251
048249635
048247033
048246853
04824619
048245344
048244577
048243817
048242581
048241140
048241090
0482399
048239369
048237350
04823632
048236
048235358
048234162
048232623
0482323416
048231527
0482300zx
048229656
048229102
048228838
048228227
048227822
0482275272
048226882
048226540
048226450
048226147
04822503
048224833
048223802
048223632
048221230
048220432
04822
048219298
048219212
0482186831012532
0482167
048216016
048215356
048214652
048213048
048212704
048212393
048212030
048210487
048210097
048209895
048208369
048208015
048207402
048206820
048205937
048205337
048204809
04820433
048204081
0482039
048202729
048202099
04820160
0482008
048200510
048200433
048200234
0482
0481papa
0481Patch!
048199687
048198574937
048198016
0481973
048195926
048195638
0481946038
048193362
048192887
048192799
048192477
048191917
048191618
048191287
048190018
048189422
048188577
048187645
048187
048186707
048186254
048185162
04818411
048184
048183069
048182766
048182103
048181950
048181335
048180870
048180
048178134
0481773
048176832
048175918
048175037
048172893
048169334
048168692
048168147
048167156
048166998
048166531
048166023
048165753
048165264
048165055
048164818
048164
048163920
048163472
048163068068295
048162159
048160477
048159943
048159265
048159088
048158821
048158
048157358
048156117
04815566
048154672
048154201
048152039
048151611
048151254
0481503i
048148603
048147291
048146589
04814541
048145008
048144963
048144287
048143898
0481431060
048142583
0481424028
048140993
048140277
048139244
048139100
048138049
048137488
048137338
048136861
048135998
048135747
048132583
048132238
048131
048129252
048128628
048127340
0481269751
048126690
048126071
048125
048124390
048123352
048122926
048122507
048122373
048121892+namtan
048121299
048120464
048119473
048119
048118512
048118013
048117708
048117518
04811739
048117129
048116896
048116440
048116253
048115820
048115286
048115079
048114022
048113112
048112d
048112104
048111810
048111650
048111490
048111162
048109686
048109200
04810863
048108271
048107767
048107010
048106348
048105799
048105546
048105319
048105212
048104863
048104541
048103618
048103493
048102572
048102400
048102315
048101778
0481-884
0480smal
0480josnel
048099557
048098705
048097926
048097127
048096952
048096773
048096498
048095485
048095096
048094367
048093625
048093057
048092320
048091935
048091336
048091
048090641
048090
048087945
048087478
048087157
048087
04808644263
04808607273021182
048085751
048084794
048084450
048084131
048083880
048083427
048083119
048082692
048082458
048081901
048081620
048079816
048079322
048079210
048078169
048077417
048076407
048075758
0480751404807514
048074
048072617
048072
048071
048070705
048070659
04807017
048069978
048069877
048069282
048069123
048068785yo
048068694
048068087
0480677528
048067344
048066690
048066423
048066080
048065596
048065330
04806488LJ
048064742
048064346
048064044
048064
04806351
048062837
048061934
048061647
048060339
048060010
048059592
048059434
048059153
048058967
048058394
048058051
0480576csecc25
048056235
04805622
048055898
048054741
048054156
048053280
048052794
048052230
048051915
048049939
048049671
048049413
048049298
048048m
04804856038
048048349
048048045
048048009
048047758
048047360
048046823
048046518
048045456
048045110
048044500
048044281
048043595
048043454
04804289
048042608
048042114
048041440
04804
048039932
048039261
048039067
0480386
0480384001
048038126
048037275
048036422
048035970
048035227
048035163
048034905
04803445
04803400
048033786
0480335
04803337
048033086
048032462
048032362
0480320701
048031877
048031397
048030099
04803
048028584
048028042
048026955
048024480
048024
048023575
048023014
048022366
048021652
048021211
04802064
04801994
048018683
048018170
048016406
048014781
04801404
0480138
048013033
048012500
04801171
048011
04801
048009507
048009004
048008098
04800756
048006431
048005843
0480056007
048005246
0480049203
048004464
048004
04800372
0480034737
048002798097
048002150
048002
04800162242
048000r
047vmq
047teex
047rtsiz
047eca1
047baby
047amyluvsemboth047
0479santini
0479jsj
047999223
047997929
047996065
047994331
047991445
047990991
047988869
04798180808
047980
047979169
047978400
047976a
047976580
047975911num
047974023
047972944
047971929
04797
0479673
047966335
047963975
047963404
047963392
047962404
047961578
047959001
04795823523
047957435
047955874_55
047955564
047954516
047954267
047953712
047952465
04795
047948114
047947126atom
047946926
047945740
047944
047942851
047941243
047940014
047939654
0479381
047936714
047935820
047935020
047931944
047930668
04793027
047928
047926701
0479259535
04792553
04792382296
04792346937
047922679
047921850
047921093
047920772
0479203071
047920057
04791998
047919547
047918369
047918075
047917650
047917579
047916670
047915636
047915
047914245
047913630
047912392
047911920
047911479
047910791
047910064
047909394
047908902
047908365
047907844
047906723
04790517081991
047904967
0479043
0479041001
047902378
047902
0479010789
04790000
0478papa
0478be@p
047899369
0478989375
047898582
0478982524
047897512
047896683
047896540
047895575
047895069
047894480
0478934
047893067
047892553
047892283
047891527
047890
047889816
047889
047888799
047888002
047886955
047886603
0478864
047886
047885201
047883107
047882524
047881442
04788072
047880528
047879335
047878848
04787881
047878070
047875483
047875
04787488
047874618
047874401
047873661
047872928
047872716
047871829
047871
047869134
047868367
047867961
047866567
047865362
047863510a
04786156
047860q
04786
047859090
047858613
047858363
047857830
0478573181
047856809
047855945
04785556
047853705
047853506
047853137
047853107
047852wai
047852347
047851690
047851135
0478505
047849080
047845015
0478437
0478411084
0478401768X
047836712
047836596
047834736
047834044
04783300
0478323
047831101
047830433
047830043
0478284168
0478246
047823
047821
047820792
047819319
0478181
0478156
047815
047813757
047813191
047813123
047812988
0478123
047810bo
04780aodmm
047804933
047804229
047803312
04780182
047801390
047800
0477jg
0477991
047797872
047797595
047796852
0477960
047795781
047795048
047794273
047792998
047791669
047791201
047791
047789754
047789046
047788489
047786409
047785226
047785125
047784754
047783114
047782838
0477749
0477722
047771003
0477706522
04776796
047766hd
04775871
0477526
047751931
0477489450
047748750
047746630
047745470
047744319
04774340
047742717
047742314
047740477
047739381
047737833
047737736
0477375
047735239
047733769
047733368
047733148
047732663
047731990
047731023
047730803
04772911822nok
047727703
047727565
047727100
047726842
047725990
047725254
047724712
047723410
047722762
047722561
047722093
047721381
047721016
047718497
047717721
047716796
047714yt
047713984
047713
047712916
047712482
047711628
047711329
0477109
047710588
047710061aud
04770kaxsn
047707556
047706510
047705075
047704818
047703958
047703287
047700483
