114158
114132
114121
1141000049032
114088
11406
11404
11403
114025
114017
11401140
114006
113red
11399
113941
113912
113911
113860026
11380
113774
113698
1136511365
113620702
11362
11361
11360
113580
11356
1135515
113528
113513
113500
113499
113487
1134666
113384
11337
11335
113340
113324
11332244
113312
113302
11330055
1132love
1132692
113259
1132527
11324
113227
113215
113204
113200
1131977
1131974
1131972
113187
113176
113167
113150340
11314
113127
113119
113113113
1131
11309
1130644
1130612808
113053
113042
113036
1130300055282
1130211
113020
11301994
11301988
11301969
113013
112starr
112feb
1129Mybear
1129900
11297
112962me
112955
112951
112947
112923
11292008
11291998
11291988
11291973
11291967
1129000
11289976w
1128798
112858
112852
1128342595
112825
11281999
11281996
11281978
112819
112805n
1127nick
1127ann
112779a
112765
112756
112744
11273
11271979
11271977
11271968
1127143
1126ds
11267317
11266
112658
1126423
112637
112634
112623k
11262008
11262000
11261996
112615
1126019
112595a
112588j
112587a
112562
112554
112550
1125369532
11252001
11251979
11251977
1125125
1124cc
1124896
112483cj
11246501
112460
112451
112448
112437
112435
11242517
112421
11241978
11241970
112418
11240326
1123love
112395a
11239170
112384143
112358a
112358132
1123513
112348
1123451
11232529
11232001
11231977
11230513
1122tori
1122qq
1122grace
11229900
11226l
112266c
112257
112254
1122534
1122524
1122510
11224861
112237
112233z
112233qq
112233l
112233A
11223389
1122336600
11223346
11223344ee
1122334400
112233..
11221974
11221234
1122113
1122012
11220033
1122000
1121976
112196x6
112192hh
112184102576
1121822
11215td
112150
112140
1121231
1121221
11212003
11211977
11211956
11211211
1120o5
1120mom
112088308
1120711
112049
112036
11202011
11201984
11201973
11201126ko
11200319
112
111nnn
111mmm
111emofuckers
111ast
111FS&HS
111988a
11198211
111960
111952
111940
11192004
11191996
111917
111905k
111887l
111865
111850
11184
111833
111827
11182002
11181996
11181966
111814721
111810
1117ja
1117855
111768
111758
111755
1117449
111737
111724073
111722
11171999
11171971
11169902
11164800c
111642
11161989
11161979
11161976
1116146241
111610
1115959
11158
11156
111555333
111546
111542
111524
11152001
11151997
11151975
111490k
11148481
111460
111453
111444333
111432
11142006
11142
11141975
11141219
11141
1113am
111355
111333999
11133
11132
11131984
11131977
11131969
1112palavras
1112allstars
111270jb1
111254
1112524
1112508
111240
11123477
111233321231
11122523
1112233
111222999
111222333444555666
111222000
11121959
1112118
11121028
111205jason
1112005
1111qq
1111aa
111188880000
1111800
11115678
11114789
111141
1111333
11112538
11112516
11112511
11112004
11111p
11111M
11111963
11111328
111111z
111111qq
111111e
1111116
111111222222
111111111q
1111111112
111111111111111111111111111111111
1111111111111111111111111
11111110
1111000
111092a
111058
111055
1110500029897
111046
11104
111038
11102538
11102516
11102002
11101967
11101
111/469
110scott
110958
11094
110921
1108nv
11089015
11087777
110868
1108576d
110839
11083
11082537
11082517
11082012
11081967
11079473
110767
11076
11074
11072522
11072004
110713
11070
1106859803
110663
110661
110657
110651
11064
11062539
11062516
11061998
11061959
11061951
110616
1105940
110552
110545
11052539
11052003
11051974
11051956
11050
11049219
11048404
110457
11044241598523
11042525
11042521
11041969
1104133
11040226
1103884hs
1103770dc
1103701731818
1103700479
11036184138
1103456
11032514
11031804
1103103
110289g
110258
1102524
110251
110249
11022523
1102201
11021970
11021968
11021964
11020329
1102002
110200158959
1101997
110193trt
110177ca
11015
110145
11014016
1101401321086
1101323
11012548
11012538
11012523
11012009
11011972
11011967
11011102
11010908
11010110
11009
110085
1100800962629
1100701194496
110062
110056
1100500659068
1100500410345
1100500200448
1100400004531
110032
110029
1100200995488
11002003
1100110
110009
11/27/93
11/13/89
11/11/1992
11/10/91
11-07-94
11*8*1988*
10vball
10tony23
10thjune
10ten
10stars
10skings
10shadow
10sep89
10roses
10rockyou
10red55
10qoakzm
10pooh
10pizza
10people
10owen
10oktober
10octerber
10nov2007
10navarjo
10motherwell
10mexico
10may
10manning
10lovebecca
10licks.
10kojima36
10kevin
10junho
10joseph
10january
10isee
10inlove
10inchcock
10imerda_te
10hunter
10hearts
10guru
10geo10
10garfield
10flowers
10feb2007
10e10e
10dic94
10decembrie
10danny
10cris
10cosas
10chipper
10canada
10bumface
10brazil
10bart08
10baller
10avid12
10april1985
10angeles
10abri86
10WARD
10NT240
109991
109905
1098noyes
109811
10980925
109805
109711
10968903
109677
109626
10955tps
109505
109471
109421
109412
1094
109364
109341
10932
109292
1092531
1092004
1091980
109191
10915
109130
109122
109110
109100
109099
109090
109083
109071
109059
109020
109007
108999
10899
108965
108903
108884
1088585
1088221
108812
108807
108794
108787
108735
108727
1087241
1087147
1087
108651
10863
10862
10858
108566
108530
1085265711
108520
1085120a
108500
108470982
108457
108410
108391
1083340645
10832
108312
108310
108303
108277
1082233
108210
108205
10820
1081965
10818
108134
10811122
108083
10807
108056
1080186
108008
107hoover
107995
107981
107979
10796
107943
107913
1078617
107835
107820
107812
10778
107765
1077422731
107671
107654
107630
10758
1075560
107496
1074251032
107365
1073504609
10731073
107280
1072524
10723
107210
1071989a
107138
107123
107110
107102
107070701
107021
10701472
10701
106kmel
10699
106937
106900
106873
10683
106801
106763
106738
106723
106705
106658
106601
106588j
106541
106512
106489
1063923
106369
1063423
106300
106288
106280
106258
106247
106233
106222
1062008
1061kissfm
1061980
1061978
106186
106181
106168
106136
10611936
10611
10610
10608
106051
10603
106017
106&park
105north
105998
105985
105960
105932
1058jlj
105873
105847
105826
10581058
10579
105777
105744
105726
1057157
105706
105684
105673
105656
105631
105620a
105576
10555
105533
105527
10552
105489
105485
105481
105466
105458
105442
105437
105428
105425
105402
105387
105378
105362
105330
105316123
105311
105292
105275
105255
1052533
105246
10524335
105230
105221
10521
10520388
105202
1052007
1052005
1051981
1051977
105170
105150
105141
105132
105128
105119
105094
1050812
10507
105056
10505448
105044
105031
105023
104972
104913
1048576
104834
1047bb
104756
10473
104718
1047034
104668
104628
104600
1046
104560
104541
104523
104510
10444
10441044
104400
104386
10438
104369
104325
10431
104280
104267
1042536
104242
104223
104219
1042111
1042004
104187
104174
104163
104127
104111
1040st
10405669100
104028
104011467
104006
103franklin
10396
103924
103912
103906
103850
10384
103816
103807
103769
103737
103715
103654
103614
103612
103600
103588
103564
10355
10354239
103514
103497
1034877
103440
103400
1033710337
103334
103310
103299
103273
103264
1032534
1032527
1032462
103240
103226
103221
103217
103206
103203503
1032003
1031977
10317
1031532
103151
1031400
103134
103129
10312004
10311998
103115
103111
1031031
10310115
103061
103058
103039
103031
10302004
10301997
10301973
103017
1030023
102dynesroad
102dal
102960
10292007
10291987ss
10291986
10291978
1028abby
102887k
102864
102854
102847
102840
1028282
10282001
10281996
10281971
1027love
102754
102748
1027323
10272002
10271978
1027089
102690nfl
102667
102664
102649
102634
10262002
10262000
10261972
10261970
102615
102612
102603ffv
1025rock
102590a
10257
102557
10252903
10252001
10251981
102513k
1024kk
1024951
102487s
10248500
102459
1024520
102449
1024477178
102445
10244010
102432
1024280
10242004
10241967
10241124
10241025
10240412
102395k
10238
1023654
1023610
102341
10233169
10232saj
1023229
10232005
10231995j
10231978
1023125865
1023067
102302j
1022chona
10228519
1022729
1022538
102249
102236
10222000
10221997
10221975
10221973
10221971
10221954
102217
10221217
102205a
102201lexy
1021rgb
1021979
1021963
10218421
1021611412
10216
102153
102147
10214
10212768
10212004
10211979
10211971
10210623
1020zx59
102095713
10208914
10208
1020664
1020569
102054
102046
10204
1020330
102030l
102030j
1020305
102030405060708
10203013
10201980lb
10201974
1020145
102010201020
101zoey
101pageme
101jesus
101girl
101dalm
101Black
10194
101933
10192206
10192008
10191984
101904js
1019002
101895p
1018586
101851
101847
101840
10181999
10181975
101818
1018101
1017hook
1017953
101762
101759
101746
10174
101734
10172007
10171976
10171973
10169093
1016789
101663
101657
101647
101635
1016326
1016205
10162
10161025
1016079
10158
101568
101559
101554
101549
10154
101538
1015278
10152007
10151978
10151970
10151963
10151416
1015072333
1014939
101462
10145731mb
101454
101452
101444
10144
1014207
10141998
10141975
10141970
1014166
1013dittos
10139
1013694
101342
101334
10132
10131997
101318384
10131455
1013000
101294a
10128915
101261
1012534
101252
1012356850
10123262a
10122704
10122524
10122517
1012220
1012198
10121964
10121954
101214m
10121125
101201301
1012006
1011990
10119363
101183a
10118
1011715
101163
101159
10115
101139
101137
1011320
10112546
10112534
10112230
10111999
10111955
10111621
10111224
10111111
1011101
1010superstar
1010em
1010@exa
1010993
101090s
1010824
1010520
10104127
10103120
1010294108
10102547
10102520
10102504
10102203
10101968
10101960
10101950
10101414
1010110
101010j
10101030
1010101010101010
10101003
10100808
1010011010
100white
100tmac
100stackz
100rocker
100pretuyo
100prebella
100pre=
100pops
100p@ss
100meters
100hours
100hot
100girl
100farts
100emo
100dolphins
100cia
100buns
100books
100PROOF
1009998
1009777
100947
10094
10092538
10092513
10091970
1009148
100911
10090838
10089
100871dm
100862
100860
1008520
100846
100840
10082000
10081974
10081972
10081960
100817
100813
1007tere
10079
100764
100760081
100756
10072525
1007215020
100719952538
100713
10069
10067
10065
100640
1006304
10062523
10062002
10061978
10061970
10061023
1005bitch
10058589
100558
100553
100543
10052540
10052520
10052004
10051973
10051955
100517
10051328
1005061417
1005002
1004946
100454
10043
10042521
10041970
10041965
10041961
1004133
10039
10038
100356
100350
100340
10032538
10032524
10032517
10032001
10031958
100318
1003112000
10030915
10030
100291i
10027
100262
100255
100227
10022532
10022009
10021936
1002099
100200300400
1001whp
1001jay
10018718
10017172
10016
100157
100153
100149
100141
10013
10012527
10011974
10011967
10011964
100116
100112610
10010025
1000grants
10008617
1000697
100064
100038
10002
100011
10000187
100/tuga
100%tiger
100%perfect
100%negra
100%hotty
100%gatinha
100%cheeky
100%arsenal
100%MEXICAN
100$man
10/25/92
10/10/1995
10/06/06
10-19
10-11-sh
1/8/92
1/4+2/7
1.amiga
1.7checo
1.5.hayden1.5.
1.094889652
1-9-1995xm
1-2-3-4-5-6-
1-2-3-4-5-
1+2+3=6
1+2+3+4+5+
1*2*3*4*5
1$hadow
0zxcvbnm
0yomiNmbrpN
0ydir'KN
0wn3dv3x...
0verdose
0travis
0tiydgmv9]vfwx
0tigger3
0ti^hwxmew,
0tgvksivlkf
0t1s14
0spongebob
0smile0
0sammy
0ripkrex5
0racle
0prrfkft221q
0pink0
0pensesame
0oplok9i
0ooooo
0ok9ij8uh
0o9i8u7z
0niner
0nepiece
0n0rina
0money
0mgshoes
0livi@
0ladybug
0kisses
0j3t1m18
0infinity
0ihateyou
0hsh1t
0greeny
0friends
0forever
0ffspring
0ew,jwfh;jt
0eight
0canada
0bo9okdki
0blivion
0b9i4kI6
0atmeal
0P9O8I7U
0Jleslie
09zorro
09virgo
09teen
09senior
09rules
09pink
09octubre
09memo29
09marzo
09king
09ismine
09girl
09dot05
09chivas
09beauty
09999999
0999544963
0999257935
09990999
099894
0998714
099760964
099558987s
099457131
099304352
099215
09916003
099131
099117
099112
099098162
099068
099041
099001
0990
0989kk
098987502
098890098
09883900
098812
098802058
09876t
09876a
098765567890
0987654321asd
0987609876
0987456123
098723
098700
0985KC
098513
098432000
098425737
098356791
0983264585
0983069
098253130
098200
09809
097999
097856
097840092329
097800
097717165
097710
097550852
09753
09748596
09740
09731558462
0972839
097260
097165488
097135926
097008383
096872796
096836253
096785714
096703205
096690
0966603200
096552929
096496419
096410862
0963852
096325
0962237
096185152
096058316
096035698
095940280
095930061
095850
095782865
095716393
095697204
095657796
095619542
0955748606
095556595
095269
095245588
095218
095183127
095147
095090944
095040812
094946
0949038340
094848194
094816012
094803728
094748
094689
09456
094500
094417660
094335502
09433
094269
094207991
094191882
094166472
09410941
094060216
094056094
093725544
093551882
093403688
09335454
0932450132
093173
093117
0930la
093060
0930313233
093029
09302007
09301998
09301991
09301977
093019
093014
093006673
09299765808
09299
09298121174
09297075669
09296828465
0929677213
092964522
09296193701
092957
09295351946
09295088710
09294416751
09293949
09293920817
09293795504
09293421792
09292890414
09292753584
092922
09292001
09291981
09291978
092918
0929134621
0929
09289511357
092879503
0928778678
09287640805
09287580705
09287529311
09287450494
09287410520
09287386461
09287322577
09287220908
09286325481
09286279187
09286137632
092861
09286074918
092859
092856
092849
09284717207
09284492008
09284296523
09284062862
092840
09283880644
09283599929
09283588340
09283429157
09283248363
09283122383
09282854068
09282574772
09282405320
09282307299
09282244282
09282111862
09282083103
09282007
09281998
09281978
092816
092812
09279890411
09279494
0927872953
0927794723
09277303194
09276965865
09276301172
09276247314
092759
09275814339
0927574588
092755427
09275167354
0927499776
0927373944
09273541433
092732
09273
09272513794
09272240985
09272118431
09271999
09271987
092717
09269849899
09268690214
092681165
09267743365
09266796880
09266339478
09264781587
09264250198
0926320363
092630
0926256426
092623
09262183569
09261999
09261995
09261983
09261974
09261024508
092566
092560
092536
0925316556
09252000
09251995
09251981
09251973
092515
0925025881
092461
092456
092431
092423
09241993
09241984
09241978
092417
0923932007
09239
092365697
092359
09235659859
09234999651
09234322583
09233839904
09233543818
09233231978
092329443
092326
0923211873
09232002
09231994
09231982
09231978
09230
09229672164
09229585853
09229340990
09226949108
09226737085
09226647903
09226314421
09225851644
09225657699
092255
09225432894
09224917348
092237057
09223632978
09223370338
09223138561
092226
09222004931
09221991m
09221973
092214
092202j
09220
09219898675a
09219728799
09219628438
09219503169
09219153464
092185nlb
09218151731
09217787356
09217507006
09217333067
09217264212
09216939534
09216689017
09216581152
09216427546
09216289035
09216266945
09216186413
09216054560
09216
092158310
09215787048
09215729475
09215552210
09215451874
0921541256
09215377410
092151678op
09215138715
092150
09214792177
09214632789
09214579808
09214533205
09214483846
09214391058
092142
09214052246
09213961591
09213782902
09213585047
09213536749
09213226386
092131
0921303599
09213021324
09212918728
09212832923
09212733764
09212688758
09212579554
09212442940
09212395871
09212327907
09212184051
0921215189
09212140161
09212098092
09212049840
09212003
09211984
09211974
0921193782
09209239532
09208713361
09208678151
09208598159
09208554757
09208469202
09208379400
0920832706
092083108
09208215420
09208051562
09207997
09207908387
09207626001
09207502025
09207382604
09207225272
09207154303
09206911510
092067
09206611391
092064
09206143986
09206109171
09206036301
09206
092058
09205744765
09205656736
09205606617
092055
09205324784
09205283583
09205161180
09204886218
092048
092047721
09204554835
09204405860
09204307387
09204214252
09204104959
09204053468
09203851788pido
09203604934
092036
092034
09203201759
09203039185
09203012491
09202744473
09202725650
09202626010
09202535568
0920244093
09202356731
0920234818
09202325874
09202143628
09202060790
09202009
09202000
09201994
092019
092014
092011
092000nh
091992510
091990003
09198887062
09198829453
0919871591
0919832086
0919828464
09198161
09198148901
09198
0919796099
09197627162
09197458542
09197289231
09197272620
09196863454
09196789591
09196780857
09196694125
09196652068
09196447748
09196388570
091963703319
0919627404
0919615699
09196145189
09196048608
09196
09195776065
09195682520
09195628010
09195612517
091956
09195348152
09195313929
09195246473
09195230751
09195195893
09195189566
09194955425
09194924
09194894762
0919482+
0919469551
09194657384
09194650704
0919461681
09194569441
09194551122
09194394494
09194368405
09194294553
0919426123
09194097499
09193919992
09193804771
09193727404
09193705070
091936
09193432430
09193227900
09193157914
09192894077
09192758685
09192669044
09192574269
0919253569
09192515074
09192450319
091924460298
0919242613
09192397470
0919236599
0919232529
09192218083
09192165824
09192056706
0919205006122
09192001
09191994
09191964
091914689
091912522
091912301
0919007
09187992357
091879187
09187722686
09187525343
09187291904
09187035146
09186968580
09186787780
09186689691
091866185555
09186598086
09186466947
09186415086
091864
091863
091861844
091859
09185896198
0918584034
09185809380
09185750442
09185736052
09185674658
0918563319
09185607397
09185403237
09185388809
091853
091852
09185069589
09185032557
09184997997
0918494208
09184794693
09184568528
0918432
09184294036
09183911296
091839
0918386422
0918378867
09183592371
09183465507
09183336672
091833
09183236095
09183201785
09183052139
09183
09182882292
09182862408
091827791
09182632307
09182498621
09182328253
09182161725
0918213413
09182019
09181992
09181978
091818
091810
0917lester
09179144788
09179009507
09177573805
09177480172
09176695024
091764
09174941210
09174776379
09174242002
0917279798
09172006
09171994
09171980
09171973
091710315
09169518021
09169093939
09168857547
09168245900
09167888537
09167735139
09167635743
09167547775
09166516784
091664
09166200266
09165679587
0916554994843125
09165471224
09165302342
0916504700
09164519965
09164040206
09163996262
09163708848
09163471028
09162313804
09162063856
091604337
09159869297
09159678581
091591761
0915900824
09158510490
09158184979
09158136013
09157775045
09157463582
09156762100
09156448317
091558938
09155679868
091553
09155043238
09154469423
09154330835
09153997200
09153641345
09153445074
091532
09152477760
09152424411
09152004
09152001
09151992
09151981
09151967
09151
091466
091435
09142536
09142004
09141993
09141976
09141968
091416089
091413
091377334
091370
091362
0913520
0913425
091325
09131988
09131977
091314
0912TIFF
091280723
09127596506
09127
091260
091256043
09125461272
0912387661911
0912365814
09123123
09122524
09122008
09121980
09121975
09121968
0912121
091210
09120101
091165
09115
091140
091137
09112537
091123654789
09111977
09111968
09110
0910983990
09109472135
091093303
09109119910
09108997857
09108812565
09108551797
09108323662
09108229863
09108116598
09107562678
09107517141
09107263026
09107142260
09106921930
09106820071
09106581743
09106531118
09106368199
09106175949
09106047432
09105691048
091055
09105432916
09105125954
09105
09104812989
09104662946
09104460113
09104340336
0910424686
09103853389
0910371649
09103538481
09103426882
09103370291
09103151925
09103015521
09102954112
09102925719
09102815032
09102546047
09102525
09102484870
09102446308
09102381602
09102349263
09102308692
09101979
09101960
091016rona
091014
09101
090991850
09098200241
09097600
09096830093
0909619110
090959
090955
09094958422
09094595709
09094233600
09093579648
09093403202
09093042580
09092860625
090926345
09092540
09092517
0909227653
0909198m
09091970
090917
09091000
09090522
090893649
09089
090861
090834220235
090830
09082528
09082020008
09082000
09081975
09081973
09081964
090819
090810
0908
0907625237
090757179
0907535794
09074961001
09074415979
090734
090725589
09072525
09072508175
090723
09071978
09071971
090711
090687k
09068344
09067077882
09065865
090651
09064916627
090648
09064457836
090640
090639
09063652380
09063433308
09062771396
09062526
09061983a
09061961
090619
090615
090605s
09060418
0906
09058703226
09058538985
090563
0905463556
090542
09053232556
09052707723
09052539
09052531
09052522
09051976
090518
090516078
090509576
09050323g
0905026191
0904840513
090463
090427
09042535
09042524
09041968
09041962
090414
090412
0904
09036905
090359671
090337
09032714
09032529
09032004
09031972
09031966
090313
09028
090252071
090235
0902290123
09022527
09022004
09021969
090211
09020
090177937
090158
090148
090138
090127
09012534
09011975
090118
090110
09009440
090065
090030
090017
09000
09/09/92
09
08september25
08rox
08playa
08nullacht
08lampard
08kevin
08joy44cat
08gurl
08gecd31
08forlife
08dejulio
08cowgirl
08brandon
08ballin
08august
089z0217
08999870919
0899953241
0899758909
0899713976
0899649387
0899515734
0899459564
08994042321
0899207084
0899130247
08990899
0899036339
0898827741
08987654321
0898544711
0898515744
0898308147
0898233041
089820
0898178843
0898020395
089786
089754
0897503841
0897385331
0897181828
0897128212
08970
0896919755
0896808113
0896795033
0896677600
0896574251
0896516536
0896441715
0896396394
0896205208
089606
0895904900
0895878297
0895785833
0895605740
0895391662
0895244353
0895149655
0895027245
089497
0894943831
0894895741
0894807609za
0894767511
0894723931
0894652883
0894602428
0894549589
0894469544
089433
0894185956
0894170053
0894020469
0893571138
0892833979
0892677863
0892655026
0892637476
0892536820
0892250711
0892215078
0892102098
0891964946
0891833693
0891766041
0891599465
0891563773
0891538295
0891484645
0891362680
0891304995
0891279696
0891248110
0891234567
0891227044
0891211759
0891150827
0891141422
0891100347
0890858841
0890732525
0890659994
0890615419
0890392282
0890252059
089010
089009
0890027511
089001
0890002617
089000
088900
088811
0886sexylady
088621
08860886
08830883
088211
088108
088100
088080
0880
0879994121
0879894052
0879772432
0879602158
0879565330
0879524339
0879358698
0879305495
0879256942
0879211177
0878923082
0878753852
0878707027
0878498160
0878428940
0878380325
087830
0878229972
087814
0878021600
0878003043
0877839926
0877783280
0877566049
0877460898
0877407608
087722
0877151553
0877095142
0877012491
0876951454
0876879476
0876820994
0876788289
0876744173
0876723695
0876667457
0876580646
0876543210
0876485264
0876436598
0876403006
0876381595
0876250755
087614924
0876090328
0876039393
0875952895
0875862853
0875732082
0875691859
0875651047
0875506893
0875441297
0875431309
0875383036
0875311259
0875303871
0875299109
0875233736
0875215830
0875069990
0875028179
0874818496
0874759960
0874682744
0874662797
087450
0874475658
0874410763
0874321513
0874276167
0874227749
0874142265
0874074426
0873947382
0873807748
0873795945
0873603047
0873306159
0873282768
0873199266
0873167932
0873112116
08730747
0873029756
0873023077
0872943199
0872863310
0872805624
0872739784
0872700551
0872622833
0872588770
0872427494
0872344773
0872210058
0872155092
0872010364
087200
0871844719
0871797905
0871774762
0871640468
0871600237
0871382218
0871311930
0871260418
087123
0871155660
0871035262
0870954602
0870741232
0870610051
0870528663
0870449606
0870178772
0870074579
0870033667
0869965037
0869828214
0869782113
0869710603
0869657307
0869579004
0869552779
0869544053
0869492282
0869399688
0869339332
0869158864
086909
0868985805boyd
0868888842
0868822405
0868633634
086860
0868446089
0868401529
0868285986
086826
0868220228
0868199228
0868124129
0868089363
0867997998
0867735397
0867668084
0867498972
0867450959
0867391347
0867253486
0867114067
086700
0866963332
0866797186
0866751495
0866726775
0866606480
0866284227
086617
0866139814
08661
0866053676
0865929178
0865806720
0865610895
0865574480
0865547858
0865525133
0865512236
086542
0865292163
0865203376
08651698399
0865061176
0865055167
0864297531
0864068938
0864053352
086401
0863571064
086357
0863399121
086310
0862686216
0862655194selskar
086251
0862432955
0862321285
0862250389
086222
0862142422
0862123243
0862107868
0862099144
086204
086200
086190
0861801884
0861677661
0861641138
0861512081
0861408225
0861328051
0861275410
0861201356
0861108401
0860947322
0860872470
086085
0860761049
0860729276
0860521252
0860341648
0860198834
0860085066
0860001868
0859964252
0859919984
0859898282
085985
0859696396
0859656141
0859597698
0859521048
0859462447
085933
085932
0859301078
085928
0859168201
0859132294
0859103310
0859084313
085888
085882
0858690966
0858679106
0858605819
085855
0858459704
0858445468
0858369209
0858309975
0858277076
0858251790
0858227977
0858120975
0858063882
0858020563
085793
085785
0857782384
0857757760
085774
0857663104
0857629168
0857575190
0857509773
0857447974
085738
085735
0857338477
085730
085723
085711
0857068093
0856970767
085694
085691
0856867568
0856736826
085669
0856677218
085662
0856558650
0856533007
085648
085647
0856423346
085641
0856262268
0856215871
085617
08560856
0856034904
0856018362
0855841006
0855738810
0855579875
0855508892
0855327636
0855282158
08552
0855191510
085513
085510
0855099270
085506
0854971557
0854938937
085484
0854732761
085462
0854580423
0854535848
0854325842
0854301123za
0854223169
0854156885
0854077590
0853982150
085394
0853867030
0853810284
0853581109
085344
085316
0853116930
0853078463
0852992663
08528
0852763877
085273
085267
0852588134
085256
0852513123
085243
0852369
0852312311
085223
085218
0852156990
085210211277
085197
0851913496
0851906070
085177
0851653324
0851572387
0851505188
0851410911
0851386948
085130
0851293929
0851267197
0851213121
0851191237
0851173365
085112818
0851086014
0851020762
0850925114
085086
0850772855
085069
0850607355
0850587399
085050
0850443033
0850355600
085034
0850301540
0850225715
0850177118
085015616
0850060242
0850048929
0850015794
0849891017
0849873565
0849814451
0849776871
084956
0849432781
0849329858
0849254847
084914
084904
0848997843
0848848051
0848545502
0848114154
0848093043
0848009986
0847926850
0847833858
0847716689
0847488157
0847460616
0847437589
0847423395
0847352287
0847115542
0846844415
0846768123
0846695824
0846635824
0846465023
0846371254
0846308537
0846262622
0846247200
0846192946
0846051678
0845973710
0845667153
0845562834
084532214514
0845201041
0845179418
0845153371
0845097475
084505626
0845011320
0844955447
0844837896
0844631274
0844615877
0844369381
084419
0844141802
0843968797
0843889248
0843666367
0843610171
0843422500
0843309489
0843079270
0843068182
084306
084301893
0842968857
0842712389
084260
0842260501
0842174229
084212
0842055698
0842007146
0841891861
0841798599
0841735773
0841548261
0841444606
0841410041
0841324166
0841260620
0841168356
0841141185
084111
0841076744
0840998535
0840968873
0840918835
0840834905
0840744659
0840702638
0840618130
0840552620
0840458757
084042052901
0840384004
0840342589
0840236872
0840192274
0840064007
0839934064
0839729797
0839721564
0839564346
0839525502
0839322459
0839087220
0839020997
0838962024
0838886761
0838878779
0838800241
0838611486
0838547530
083852
0838493006
0838306518
0838222376
0838030839
0837886819
0837840575
0837749447
0837642651
0837524025
0837314415
0837185290
0837143988
0837105207
0836948654
0836770935
0836653383
0836562107
0836434388
0836322159
0836220
0836178280
0836077670
0836020170
0835898455
0835776458
0835709652*
0835615072
0835466307
0835317462
0835182647
0835134495
0835075211
0835045980
0834777140
0834760183
0834723971
0834702637
0834658369
0834492593
0834390264
0834309476
0834100005
0834005992
0833977912
0833797509
0833723133
0833477788
0833407313
083333
0833230090
0833165638
0833107726
08330833
0833050828
0832958046
0832861092
0832810619
0832771567
0832592247
0832562077
0832500468
0832417489
0832185341
0832151006
083211
0832070038
0832036773
0832021761
0831rhk
0831995
0831898054
0831875311
0831779342
0831764560
083169
083165
083163
0831516679
08315
0831451370
0831425068
0831306067
083128
0831247910
08312003
08311981
083117
0831157268
083113
083108
0831038109
0830meg
0830745128
083068
083064
08305
0830336670
08303
0830266438
0830257597
08302002
08301984
083015
08301102
0830080803
082968
082966
082963
082940
082923
08292003
08291998
082912
08288436
082864
0828628440
082857
08285
082831
082822
08281998
08281984
08281979
082813
082773
082764
0827541631
0827480486
082728
082722
08271995
08271987
08271980
08271970
082713
08271
08268
082664
082631
08262003
08261985
08261979
082613
082610
0825727319
082568
082552
0825262732
08252006
08251982
082515
08251107
0825020852
0824945836
082468
0824603889
0824560622
082455
082448911
082430
08241998
08241978
082412
08240207
0823990735
082366
082356
082327
08232160
08232006
08231994
0823146298
0823081686
08227
082263
082231
0822294700
082227
08222008
08222002
08221979
082215
082211
0821887229
0821659601
082161
082157
082150
082147
082138042
08212288
08211992
08211977
082110
0821003624
082089B
082088a
0820765987
0820699908
082057
0820321906
082030
082025
08201999
08201977
08201968
0820105
0820
0819949141
08199
0819714714
081962
0819531156
081939
081933
08192328
08192007
08192002
08191989e
08191977
08191971
081917
0819090070
0818959045
0818844418
081871137
081861
081857
081855
081830
08181995
08181991
0818033625
0817849238
0817780829
0817590389
0817571751
081755
0817446594
0817403
0817270471
08172003
08171987
0817197742
0817173842
081711
0817066306
08170520tp
08169436
081668
0816592374
0816556584
0816529934
08164393046
0816380955
081627
08161987
08161964
0816175557
0816121128
081611
0816081618
0816019352
08159150261
0815759393619
0815699896
081566
0815627088
081554
081546
0815416939
0815384976
0815346866
08152001
081513
0814911453
0814867310
0814759331
0814702121
081464
0814599953
081457
0814386004
081430
08142007
08141998
08141977
081419
0814128926
08141216
081406m
0813956443
0813939355
0813712641
081361
081344
081330540420
08131996
08131993
08131976
081316
081291l
0812722311
0812621006
08125886033
081256
081252
08125
0812477354
081238
0812345514
0812342440
08122535
08122525
0812221977
08121999
0812199118260
08121972
0812073543
0812021951
081192go
0811910883
0811632947
081160
081151
0811463277
0811355619
0811343637
08112539
08112524
08112522
08112519
081120
08111974
08111970
0811145098
081113
0811107823
081105sk
081090j
081082083
0810774918
0810765662
081066
0810635604
081060
0810572735
0810435059
08104
0810333731
08102537
0810225703naja
0810223023
08101974
08101969
081014
0810059979
0810010226
080995joy
0809812
08097
080957
080952
0809325078
08092523
08092009
08091998
08091969
080906ashlee
080852
080838
08082522
08082009
08081967
08081961
080814
08080894
0808
0807937860
080770
0807691073
0807630354
0807529085
080750
0807438962
080733
0807297576
08072001
08071974
08071972
08071962
080714
080711
08070605
0807045430
0806923960
0806633406
0806604993
080649
080639
08062548
08062525
0806247728
08062009
08061976
08061966
080614
080610
08060
0805868981
080565
0805593463
0805529832
0805430693
0805329084
0805304886
08052538
08052000
08051974
0805136647
0805104256
08050
0804954799
0804782022
0804668172
080461
080458
080445
080434
08042527
08041973
08041957
080415
0804053128
08040408
0804020219
0803894841
08038
080366
080365
080348
0803359910
08032534
08032520
08032000
08031997
08031970
080319
080315
0803132055
0803076
0803048055
0803
0802ab
0802970498
0802877735
0802715903
080268
080263
0802563960
080254
080245
080239
0802283356
08022523
0802251880
08022512
0802232883
08022000
08021975
08021960
080217
080215
080210
0801854748
0801676770
080160
0801554839
08015
080147
0801380759
0801335244
08012541
08012536
08012523
0801234567
0801230997
08011999
0801198098
08011951
080115
0801137662
0801079791
0801045182
0800980493
080089
080078
0800603354
080047
080040
0800305805
0800288341
0800241673
0800206011
0800188087
0800179976
0800162800
0800154
080009
0800020506
08/09/93
07summer
07shit
07sexy
07sapphire
07mefm
07kitty
07jesse
07heaven
07grandGT
07football
07enero
07cobalt
07cadillac
07blacktowncity
07april
07Nov86
079974481
079970
079964800
079925493
07990
079885
079846880
07979836418
0796787497
07957766914
079558
079545457
07947922268
079409
07922945674beth
079203066
0791633
079118556
07910791
079054959
07902597874aa
079007
0789654123
07891965438
078910
078900
078879085
07880646051
07879440975lw..
07875666869
078716
078688307
078650
078626
078585859
078566609
078524297
0785095380
07845849243
078311699
07820782
07816605634
07813129353
078030483
077roj
07795576035
07788990
07784889
077816
077770
077755
07772436278
07769624331
077648608
0776081650
077584344
077574
07756328174
07749660240
07746897753
07736684526
07731325881
077234
07721718313
077177100
07716320245
07710416321
07708179139
07706876145
077025
076994767*
076911
076862648
07673296
076377149
076279786
076242857
076212104
075959
07590
075699
075655
075640
075582
075514
075475
075445
075412
075343
075301
075269120
075252694
075240047
075225139
075204
075150
075131668
075104
075071
074ever
0749549
07490749
07489
074789605
07477074
074697
074613622
074558431
0744847420
0744666437
074440465
074438031
074424234
074410
074321
074295081
074252085
0741925675
0741584096
074130
0740610696
0740220915
074002380
073984092
073944
073513417
073312109
073259368
073211
073203726
073164
073132
073127
073124
07312004
07311985
07311981
073118
073085j
073071
0730489819
07301994
07301991
07301982
073014
072975323
072965
072957
072930
07291996
07291986
07291980
072913
072848
072829
07282007
072820
07281983
07281977
07281974
0728062109
072789l
0727784560
072769
072764
07272006
07271994
07271967
0727149947
07271225454533
072711049
07270727
072665
072653
072631
072623
07261997
07261989
0726123
0725mj
072545
07252007
07251996
07251981
07251979
07251973
072470
072467
072456
072446
072427
072424
07242007
07242005
07242000
07241977
072405vb
072374757
072366
072362
0723465711
0723413195
072322
07231996
07231978
072310
0723055764
072259
072233
072226
07222
0722127277
0722
072183386
072172
0721554536
072153
07212107
07212001
07211994
07211982
07211977
072116
072098690
07207207
072065
072041615
072025
07202
07201982
07201976
072013
072002608
071974718
071950
071928
07192002
07191981
071917
07191
07188
07185326
071848744
07182032
07181999
07181993
07181989
07181982
07181978
071777d
071773
071764
071760
07172005
07171993
07171981
07171812
0716whore
0716jheff
071669
071665
071656414
071635
07162003
07161997
07161990
07161980
071619
071614
071580rj
071569
071566
071557
071538122
071521
07151995
07151968
071492j
071480j
071463
071432
071430
071422
07142003
07141994
07141978
07140830
071372
071362
071327
07132004
07132002
07131994
071311
071293j
071277gc
071269535
071261
07126
071253
071246
07122549
07122522
07122004
07121965
07120857
0711club
0711707
071157
071151
071143
071136
07112521
07112002
07111977
07111970
0711111
071109
071093bv
071070600
07106476
071058374
071048
071035821
07102535
07101999
07101587
071012919
0709989
070974
070955
070950
070944166
070937
07093
07092002
070920
07091970
0708cjm
07089
070883290
070863005
070850599
070838
07082009
07081971
07080905
0707991
070786t
070756
070754
070740
070734
07071973
07071969
07071963
070687w
070659
070629
07062538
07062534
07062519
07062005
07061976
07061967
070613
070589j
07057232
070564
070556
070530
070524
07052000
07051976
07051960
07051221
070468
070463
070457
070452
070440
070434070236
07042537
07042532
07042005
07041977
07041974
07041964
07041226
070405729
070365
070355
070340
070336
07032540
07031974
07031970
07031968
070318
07031
070299249
07029
070263
070257
070249
070236101548
07022535
07022531
07022521
07021974
07021969
070211
0702032033
070200007
0701630629
070162
070157
07015
070143
070133
070127
07012521
07012009
07011975
070118
070112
070099
070080
070074
070036
070020989
070020
070012
07/16/96
06toyota
06sweetie06
06soccer
06shawty
06rocks
06rivera
06oct87
06mike
06mazda
06kimberly
06inmar
06gsxr
06gem14
06erc06
06dejunio
06cutie
06cheer
06blue
06amor
069951132
069929134
069763
069745056
069740
069662079
069501
069420
069399359
069294643
069238
069149112
0690435900
069022041
0689299033
068819
068693422
068581k
068468
068388678
068312
068277
0682457913
068176988
06810ct
068094
068044
067927187
067878033
067808681
067771112
067594225
067550164
067501639
067380231op
067325979
067234
067226150
067136
06704
067000671
066870674
066855308
066767184
066699069
066648995
066616165
066575871
066486683
066450
066398447
066390582
06633
066273846
066243520
066166212
066122
066050616
066017975
065955821
065945
065931521
065907100
065905515
065897700
065815218
065806883
065789
065645878
065608
065590
0655877789
065566
065537484
065515584
065500
065477
065351779
065272
065244
065235
065204822
065172
065132
065117
065104024
065100
065089051
06502
065006
064946
064856
064554
0645140
064467
0643467
06430643
064303377
064280
064197232075
064180
064004
0638757165
063772497
063622
063566747
06340634
0633198427
06325rms
063212
063196
063127
063110362
063108
06308
063067
063058
063053
063049
063032
063024
06302007
06301997js
06301995
06301983
06301977
06301963
06301828
063016
0629888
062967
062948
062931
06292008
06292000
06291983
06291970
062910
062869
062848047
062828
06281997
06281985
06281971
062819
062812
062810580
062771
062769763
062755
062730
06272007
06271987
06271981
06271977
062713
06271005
06270
062662
0626364
06262006
06261997
06261979
062610
0625ki
062587938
062564
062555883
062549
062538
06251994
06251984
06251972
062516
062489j
062472
062468
062466
062431
062420
06241992
06241978
062417
062404892
062356
062345
062329
062325
06232007
06231991
06231982
06231413
0622ppzizzaa
062270
062264
062261
062228
062225
06222002
06221991
06221984
06221982
062219
062215
062210
062167
062133762
06212007
06211995
062118039
06209314jv
062068
062063498
062055
06202006
06201996
06201977
06201968
06200
06198804
061962
061959
061944
061926
06192145
06192002
06191986
06190725
06190
061880717
061865
061838
061827
06182007
06182003
061820
06181992
06181982
0617tm
061774224
061768
061764
061756
061727
06172004
06171971
061704015
0616mc
06162004
06161997
06161984
06161976
06161920
061609185
061601052200
061570222
061565
061561
061530
06152000
06151998
061519
061517
061513
06151
061487yg
061456
061446
06142005
06141981
061410
061364
061357
061349
061333
061327
06132002
061320
06131976
061316
061312
061302405
061293857
061290a
061267
061263756
061260
061255
061237
06123456
06122538
06122520
061222255
06122
06121974
0612*0613*dyj
06119366
06117
061153
061146
0611403
06112531
06112520
06112
06111976
06111968
061083superman
061064655
061058
061047
06102553039
06102522
06102515
06101977
06101975
06101964
06098744
06096
060958
060951
060938
06092537
06092002
06091970
060916
060901j
060850
060838
060827027
06082530
06082224
06081998
060816
060788j
060778280
060757276
060750
06072537
06072517
06071972
06070808
060700ka
06068
060662
060654
06065
06062523
06062521
06062001
060618
06061
060566
060560
060555
060551
060540
06052536
06052521
06051999
06051973
060516
060514
06050910
0605044
06050000
0604993
06049
060465
060439
06042533
06042522
06042518
06042002
06041976
060418
0604022228
060370
060366
060356
060350
06032524
06032002
06031999
06031962
060315
06031
06030
060290s
060256127
060223
060222
06022
0602033020
06018
060149
060135
06012526
060122
06011975
06011964
060116
060112
06010
060062
060053309
060043958
060036351
0600023674
060000
06/09/978368593
05wilkinson
05tundra
05titan
05tahoe
05sunfire
05saturn
05oct93
05ness
05michelle
05maxx
05kirsts
05joshua
05holycrap
05december
05cute
05colbolt
05Pealu
059969469
059942733
0599083509
059761873
0597116860182
059632517
0596147
059555910
059486857
059423503
059341617
059310
059201
059196
05915034
05905
058905
058895199
058888
058770953
058705
058686
058651565
05864337
058611305
058562009
058523
05850585
058445668
058363077
058278022
058182727
058138984
058076296
058051017
05800
05793
057897747
0576376
057560
057499
057463815
057419
057204137
057057
057023080
056981061
056911224
05688
0568055
056748992
056745111
0567396
056703086
056622126
056620
056613590
056609
056565156
056412
056333330
056316241
056280
056251442
05623
05620562
056191
0561258
05603607
05600560
05588550
055763006
055721557
055671026
055664086
055622289
055609
05555
055456174
055436012
055411
0554
055324350
055301587
055296
055256
055245050
0552298255
055216025
055215334
055212
055194
05519056635
05510551
055047370
055044
055035
055025
055015
055011
05500550
054asdf
054998587
05490549
05488
054836161
054756135
054632071
054625803
054547601
054524176
054502
054459110
054453159
054427217
054422
054350530
054322807
054291501
05410541
054054054
053979444
05395001380
053889380
053861475
05383584825
0538
053750870
053716421
053699389
053683027
053606178
053593607
053550
05352956280
053504139
053500
053492302ken
05345635480
053386800
053368355
053322012
053251804
05323629
0531taco
053189062
053166
05315
053123456
053121
05312006
05312002
05311996
05311991
05311983
05311969
053111
053067
053063
053028
053024
05302003
05301977
05299
052964
052955
052933
052923
052920
05291994
05291980
052915
05290204
052865
052862
052855
052822
05281996
05281978
052813
05280
052763
05275
05272002
05271996
05271985
05271234
05270527
052644572
052622
052619
05260202
052570
052563
05254
052538
05252520
05252007
05251997
05251978
052512
052490s
052462
052455
052446
0524227399
05242002
05241992
05241981
05241969
05241229
052393s
0523782808
052327
052325
052323
05231998
05231982
052315
05229412
052269
052264
052236
052224
05221996
05221972
052219
052213
05220609
0522
052161
052143560
052128
052125
05212008
05211996
05211993
05211978
052107035
052064
052060
052023
05202002
05201994
05201981
05201216
051992891
051962
051957
051931
05192003
05191985
05191978
0518jon
051871
051864
051862
051825
05182006
05182003
05181992
05181980
051812645
0517atw
051785871
051766
051737435
051724
05171985
051717552
051700282
051662
051637505
051624
05161997
05161979
051615
05160
051565455
051554
051550
051531
05151992
05151982
05151630
051510
051501141
051469
051466
051421303
051420408
051414
05140416
051364
05132529
05132000
05131997
05131994
05131986
05131978
051319193
0512luma
051293bday
051290a
051282l
051279653
051263
051250
051241
051237
05122540
05122524
05122521
05122516
05122
05121977
05121967
051218wc
051206sux
0511990
051179556
051160
051149
051136
05112523
05112008
05111999
05111976
05111968
05111105
051078a
051058
051054
051040
05102523
05102310
05101998
05101960
051016
05101326
051008787
050993884
050979097
050955
050946
050935Jin
05092524
05092008
05092
05091962
05091
05090
050892630
050864
050851
050833483
05082533
05082521
050807720
0507890
050777j
050761
050736
05072526
05072005
050719
050712637
0507
05069
050669
050660
050657
05064
050634
05062536
05062530
05062522
05061999
05061969
050610925
050589j
050577329
050562
050554
050538
0505199503
05051949
050505j
050486ea
050465
050459024
050438
05042534
05042523
05042009
05042003
05041975
050411554
0503lisa
050362
050352
050350
050347
050335
05032531
050321066
05032004
050320
050315
05029
050272725
050253
050251
05022537
050225
0502238172
05022001
05021999
05021976
05021972
05020
050166
050159
05015
050146
050137
05012535
05012526
05012522
05012516
05011973
050119
050115
0501005660
0500910
050072423
050067102
050041
050033137
050014
05000500
05-25-88
04xterra
04poppy
04maxima
04march
04lucy04
04kuk
04june05
04july
04iulie
04grad
04feb91
04cobra
04banshee
04austin
04ap87
049970242
049945088
04981
049711520
049656787
04950495
04942110
04932
049215
049160
049103
049017
04892
0487561
048753776
048686
04850
04840222
048282902
048233
04810481
048048
048013181
04790479
04787
047847
047760
047682980
047579143
047470
047308184
0472814376
047100
04706
047003
046890
04680468
046751950
046707
046600
04658
0465029705
046402643
046348468
0462824613
046172123
046022022
045922
045698
045656
0456123789
045570mole
045470
045441700
0453557
045323591
045288
045266
045256329
045238
045214
045202
045200
045140
045116
045056
045028
045002
044853094
04475236
044701899
044602047
044586002
0445554037535
0445536470610
044551
044519267
044517
044444
04430443
044291580
044261458
0442456
044220
0441713
0440al
044004
04390439
043821
04371527
043530
043432478
0433900662
043342235
043320466
0432723435
04324295
0432032160
0431972
043131
043113
043111
043093mc
043065
04304010nniteamo
04301998
04301971
043016
043011
042d9032
04299
0429669620
042957
042954
04292008
04292003
04291982
042916
042912213
042908329
042873
04286
04282529
04282009
04282001
04281997
042814
04281210
042788k
042766088
042764
042758
042755
042729
042724
042721379
04271994
04271990
04271971
04269411653
042674
042666l
042661
042644
042636
042631067
04261995
04261977
042612399
042610
042566
042561
042555
042541192
042522792
04252001
04251995
04251955
042510
042471073
042465
042456
04243152942
04242005
042420
04241991
04241977
04241969
042419
04241061508
04240415
04240
042363
042359
042341518
042327906
042325
042324
04232006
04231997
04231979
04231977
042314
04230628
042293226
042271
042260
042252
04224
042226
04221997
04221994
04221981
04221977
04221974
042216
042211
04219
042169
042163
042155092
042150
0421370662ss
042123
04212002
04211981
04211976
042116
042110
042062
042050
042030
04202003
04201980
042016
042011
0420000
041964
041959
041946
04193
041925
04192004
04192000
04191991
04191982
041915
0419
041869
041860075
041839
041830
04182006
04182003
04181996
04181993
04181987
041816
041811
04177882foxy
041740
041729
04172006
04171998
04171996
04171981
041670
041666
041663685
04164902356
04163279146kf
041630
041624
04162002
04161978
041611
0416-1880410
0415elgordo
041584334
041560
041557724
04155
041531
0415263
04152009
04152
04151989
04151973
041515752
041514
04148
041461
04144361818
041425
041423
04142007
04141988
04141979
04140420
0414
041395183
041370
041364
04132001
04131989
04131982
04131977
041314
04130413
04129979872
041265373
04125
041243
041232_yui
04122564
04122521
04122009
04121999
04121974
041205j
0411689421
041160
041149
041138
0411323
04112550
04112535
04112204
04111963
0410ku
041066
041052
041049
041039
04102538
04102517
04101997
04101970
041017183344
0410086
04097
040967
040961
040950
040940
040934
04092550
04092535
04092009
04091998
04091979
04091974
04091967
04091012
040902103
0409
040867869
040844163
040839
04082536
04081999
040815
040765
040757
040738696
04072541
04072534
04072009
040710755
040709307194
0407007
040674
040666
040652
040649
04062534
04062516
04062000
04061970
04059
040562
040554
04052009
040506upt
04050608
040488a
040459
040457629
040440
040432
04042536
04042519
04042000
04041966
040417
04040619
0404004
04038
040366
040351
040338
04032535
04032522
040322002
04032009
04031977
04031971LAURA
04031957
040307bj
0403
040292a
040288942
040270
040262
040244084
040232
040225
04021999
04020603
040178478
040161
040155
040152
040147
040138
040128
04012524
040123
04012
04011963
040111
040105483
040097363
04007
040045
040032
040016827
04/10tue
03wade
03tiburon
03ta1djo
03silverado
03sentra
03princess
03november
03ms1268928
03march91
03kr120
03juni
03jetta
03j7741o
03girls
03dkba03
03december
03cnb007
03bullet
03blazer
03baby
03CUTE
039949298
039898
039650
039582186
039575
039544121
039450
039393
039328978
039327647
039250
039199880
03910
038999128
038958041
03887
038822
038820
038791140
038762694
038745300
038720
038527192
038431658
038376632
038240150
03822
038218
037811
03760376
037513513
037311326
037212589
0370080
0369369
036915
03685
036628055
036610376
036510
036431037
036420112
036370743
036341295
036322286
036295
036267823
036204
03618047632
036131932
036068
036033641
036006
0359418067
03591
035814
035803
035800
035794
03570357
035645
03560356
035544
035527
035501368
035439
035416
03540
035335940
035293
035281
035265
035253
035226
035210
035189
035101
0351
035056
035015
0349761
03484738
034846150
034818664
03478
034659122
034612
034579
034551
034513261
034412047
0343690
034324826
034202064
034100
03400340
03389900
033627603
033444811
0332326774
033162
033124
03312002
03311996
03311991
03311982
03311977
033113
0330jska
033066
033045
0330321
03302536
033023
03302005
03301999
03301976
03301968
033013
03299
032968
032959
032930
03292006
03291985
032919
0328cj
032869
032862
032849
032830
032828
03282009
03281998
03281994
032816
0327991
032763
032758
03272006
03271982
03271975
0327
03269
032664
03266
032654
032631209
032627
03262007
03262004
03261983
03261981
03261950m
032611957
032573
032555
032543
032533
03252007
03251973
03250130
032460
032441
032427677
03242000
03241995
03241984
03241975
03241822
032400jd
032393amf
032389s
032366
032358469
032356
032352693
032351212
032345
032321
03232003
03231984
03231978
032318904
032313004
03231043
032264
03226
0322540851
032244
03222002
03221978
032218
03221605
03217896
032170
032167990
032157
032155
0321456987
032127
032125
03212006
03212002
03211980
0321123
03210813
032056
032022
03202008
03202005
03201989
03201979
032015
032010
031987m
031958
031950
03194
03192007
03191996
03191992
03191975
031910
0319
031868
03182005
03181981
03181976
0317vego
031766
031764
031756
031732
031724
03172
03171983
031717
031714
0317
031666539
031664
031662539
031648
031640
031631
031621
03161997
03161981
031614
0315erik
031565
031547
03152326
03151999
03151963
031515
03150926
031491tk
03145
031427
03142001
03141991
03141984
03141981
031414
0314110
0313dp
031387mm
031370
031362
031359
031329
0313199223
03131985
03130223
03126
031255
03124
03122536
03122008
03122000
03121976
031201826
0311990
031162
031152
031146
03112528
03112521
03111974
03110718
031095girl
031061
031051
031036
03102517
03101972
03101957
03100501
0310
03099011
030957
030938
03092547
03092525
03092520
03092003
03091968
030913
03091112
0308970
030867
030865
030859
030850
030838
03082532
03082000
03081988k
030763
030746
03072522
03071998
0307083
03070
030684m
030666
030662
030645
030641
03062523
030622
03062004
03061999
03061997c
03061966
03061957
0306
030562
030551
030546
030534
03052538
03052524
03052522
03052003
03051998
03051972
03051965
030475t40810
030462
030458
030447
03042538
03042522
03042520
03041998
03041972
030417
030407rl
030394march
030387l
030354
030339
030326478
03032521
030322
03031974
03030305
030288maxx
03026
030251
030247
030230
030226
0302231
03022004
030220
03021968
0301744
030163
0301549b
030147
0301321
03012539
03012529
03012521
03012002
03011971
030118
030112
03010301
030095
03009182237
030080
030056411
03003ame
030007
03000
03/11/1994
03/05/1992
03-12-93
02wrbwrx
02subaru
02stang
02mayo
02jun92
02jeter
02israel52
02girls
02freak
02durango
02demayo
02david
02civicsi
02camaro
02BABY
029983076
029962520
029936687
029895609
029870469
029831459
029827382
029765858123
029728847
029655600
029625
029604
029574894
029563
029527
029511
029501669
0294753618
029451876
029439197
029433724
029432181
029417
029333941
029311
029283251
029252012
029243673
029235
029224393
029218066
029178015
029158133
029134
029125939
029105953
0291
02905
029024
029009000
028999
028987144
028981407
028969035
028943868
028930372
028918
028897
028822718
028813084
028762214
028759676
028750435
02871812534
028712
02870287
028672076
028615
0286035579
028555
028518
028507
02850285
028488275
02848208457
028400
028240
02822478
028194554
028186228*5
028171320
028161760
028159
028151863
028149615
028132729
028110228
02810281
028082561
02808
028018p
028008
02790279
027800
027788210021
02776464728
02776363886
02770281325513
02770277
027593637
027586528
027576816
027560431
027556
027546946
027541775
027530019
027506981
027496447
02749
027465493
02746
027435292
027380792
027339352
0273312767
027301578
02729
027275698
027221
027210739
027182599
027120
02711
027077493
027033215
02703
02689
026845
0268155141
026797705
026763527
026751954
026730995
026714743
02670
026680705
026620
02659
0265085j
026443655
026410808
026395
026291552
026260
0262028
026182549
026171974
026159710
026151586
026090
026031
026002
025988
025957
025941
025910246
025897346
02589630
02588
025870
02585203
025849
0258369147
025817295
025814
025812
02581
025805608
025800366
02578963
025741
025730637
025712586
025706
025673548
025662234
025650825
025642
02563
025600
0255aom1g
025569
025563
025542
025528093
025522902
025521
025515
025510
025493
025456
025417549
025390124
025367054
025321869
02530253
025298
025286
025273298/
025265630
025242
025236200
025228
025223
025218613
025213020
025193834
025170660
02517
025150
025137
025130
02512515193
025108
02508
025038452
025024
025012316
025010
025006
025001
024921
0248991
0248620258520
024860
024835
024827135
024810
024790
024771947
0246897531
024682065
024678
024658
024651851
024628430
024611977
02460246
024575833
02456
024553461
024546024
024540365
024518
024512158
024477950
024473406
024436
024362632
024336444
024292141
024285764
024260409
02424
024224328
024218516
024210
024196
024170
024159097
024135
024103623
0240806
024019
024004
02400
023991995
023983890
023961
023915
023870332
023841184
023806364
023741759
023737346
0237217
023690
023613171
02360
02359404
023592
023568
02351
023376075
023341894
023328582
0233065
023288007
023278830
023259
023224881
023210
023201210
023165
023123791
023120
023107
02303002
02302
023007
0230
022993
022951367
022925
022918
022909
022902
022873
022866
022823
02282009
02282002
022820
02281998
02281987
022818
022815
02278
022768
022726
022721
02271997
02271983
02271970
022717
022706j
0226eve
022664
022660
02264
022628
02262000
02261993
02261980
022618
022612
0225jw
02258456
022563
022534
0225208
02252004
02251997
02251989
022512
02250
022492s
022470
022456
022445024
02244
022432934
02241997
02241976
022416
02241
0223926
022366
022362
022360
022356
0223366
022333303
022323
02232009
02232006
02232002
02231980
022316594
022315
022311908808
0223036
022274
022266
022263
022260
022237858
02222009
02221990
02221979
022216
022212
0221sm
0221990
022171
022167
022131
022123
02212
02211993t
02211976
022119467
02211
02207
022055
022045
02204
022033
02202531
02202004
02201997
02201984
02201981
022012
02200918
021llf4
021966
021952
021945
02192008
02192006
02191995
02191975
021919
021913
02187097
021855
021833
021829
02182000
02181987
02181981
02181976
0217rick
021768
021761
0217449
021737iwu
021725
02172001
02171996
02171949
021712
021670
021667
021658
021623
02161998
02161967
021612
021563
021555
02154
021523
02152004
02152001
02151984
02151978
02151975
02150059
021457
021431
021421
02141981
02141976
021418
021403rn
0213858
0213611
021357
021353
021345
02133024
021321
02132005
02131994
02131956
021312
02129
021252
021245
021238
0212345
02121977
02121971
02121969
0212121
0211985
021156
021149
02112526
02112005228261266
02111997
0211189
021110
0210893
021064
0210629209
021053
0210379714
02102551
02102536
02102009
0210111
020994a
020957
020936
02092524
02092520
02092000
02091999
02091973
02091
02088918
020864
02085632151
020850
020845
020837
02082514
020820
0208161822
020783honey
020762
020759
02072547577
02072536
02072521
02072515
02071971
020715
0206mommom
020664
020662
020654
020650
020639
020637
02062005
02062
02061970
02060726
0205983
020557
0205428987
02052006
02051974
02051964
020498j
02049185
020465
020444
0204276
02042535
02042521
02042516
02041972
02041955
020406a
0203870m
020357
020341
020337
020328
02032539
02032526
02032524
02032000
02031968
02031963
02031950
0203040506
0202mm
02028
020262
020251
020248
0202423
02023
02022523
020224
020221
02022
02021967
02021964
02021234
02020303
02019
020169
020166
02015
020133
02012537
02012522
020121
02011999
02011976
020118
020114
020090
02007
020052
020032
0200255
02/09/92
02.20.27.
01xtreme
01vppp
01taurus
01sexyme01
01sampson01
01playa
01nov07
01monkey
01mayo
01marzo
01junio
01jc0799
01hottie
01fluffy
01deabril
01chance
01beetle
01baby
01amber
01aMp01
01Love
019980
0199771634
0199690
01992000
019903
019876543
0198529494
019837
019810
019786064
019770
019740
019731783
01971
01970197
019690
01968
019653
019614720
0195818527
019472
019396476
0193848
0193700
019341363
019321
0192fuck
01928
019273150
01927
01923
01921
0191719646
01915
01911234
0191.la
01905
019033496
01902
019012
018985
018969965
01895
018870
01880188
018798940
018769
01874
0187212
01867170
018632
018600
018510
018481560
0184117
01840184
01839
018312244boy
018300
018290
018259621
018220
018213441
0181989
018180051
0181571752
018128
018114497
01807
018010
018000211000
0179792787
017930
0179093318
01786102084
017847
017817
0177805246
017721434
0176921233
017658
01763
0176070424
017578717
0175410013
0174884963
017477
0174411
017407321
017389
017367
017359
0172843386
0172681878
0172427
017229743
017190
017168
017052
01702012011029
017017345
01701
0169797325
016959954
016897155
016891211
016888
016874
0168505418
0168182269
0168069412
016781330
016769
0167343950
016711
016708
0166985642
016694818
016676824
0166616
016610
01660166
016600
016587
016571006
016557157
0165362267
016533
0165058054
0164890529
016455
016442
0164230991
016399
016363
016343
0163305765
016310
0163022124
016297
01626273895
0162572
01624733484
016235
016229922
0161991
016187417
01618
016167408
01616
016135023
016121563
016104
01608
0160507
016047
016036487
016011031
016009882
0159852
015968
0159510
01593
01592418249
015901590159
015898
015884
015863634
01585
015824
015763234
015755657
015709658
015700
015684369
015664474
015632489
015579782
015552
015523
015518
015502638
015491
015463
015449
015435
015420
01540154
01539
015359080
015349002
015328
015326
015311
015302
01530
015290
015279
015240
015211552
0151988
015171
01516
015121
015110
01506dan
015050
015025
014lyf
014980
014952
014901
0148933727
0148562390
0148411050
014806270
01480
014792
01478963210
0147895
014780
01475410
01475236
01474101
014723
01470258a
014701
014686
014646730
014588
014583
01456987
014561
01453751313
014527
014520660
0145127114
014498
014452262
014420138
014402785aA
01438
014370
014345
014334123
014325
01430
014280
014272609
014260711
014240
0142261963
014221
014200
01417631667
014152
014140278
014131
014043536
014001
013976
01395224412
013927
01388
0138695231
01386
013826
0138228420
013821
013785155
013728
013679
013663475
0136287
013613
0135792468
013576722
0135678
013545901992
01353
013493350
013467925
013451668
013431
0133754
01333
013312
01328
013271
0132675865
01324
0132264
0131988
0131569
01312003
013120
01311993
01311978
013110
0131045
013075601
01307
013055068
013040
01303
013022
01302007
01301994
01301980
01301976
013012
012@bnm
012977516
012964
01294
0129362125676
012933
012926
012921
01291996
01291984
01291969
01291016
0129077346
012903757
0128harrypotter
012884848
012863
0128542312
012850
012847
012845
012833
012821
01281976
0128171784
012816545
012814
012791310
012789silly
01278
012767
0127623427
012754322
0127310725
012721
01272000
01271975
012718
0127148029
012712
012710
012704506
0126969987
0126908804
012686a
012665
012652
0126446214
012631
0126279090
0126271231
012621
012620
01261993
012615
012613531
012610209
0126089824
012605447
01259725376
012591sm
0125849104
0125732520
012566963
0125622903
012560
0125510
012547748800
0125465132
0125455389
012541
012540
0125346293
01253
01252344103
012521
01251980
012507355
0124837476
012469
012457
0124551424512
01245256990
012448
012441090
0124376653
01243
012425
0124233006
01242000
01241997
01241979
0124167487
012414
01241
0124010213
0123848193
0123745818
01237
0123698741
0123696709
0123666
0123654456
012364
012362
01235566
012351
012345m
012345789
0123456s
0123456n
012345678j
0123456789m
012345678912345
0123456788
01234556789
0123410199
01234**abc
012333
0123317103
012330
0123227854
012321034
01232000
01231981
01231975
012317
012313
0123112627
0123020257
01229412
01228548351
012271
0122678541
0122584430007
012255
0122486380
012244
01223948227
01222943
01222005
01221999
01221967
01220240
0121995
0121932601
0121683408
01216208
012161518
0121543982
012153
0121457625
012143
012139
0121341154
01212005
01212001
01211991
01211970
0121123
0121055
01210210
012099930
012081208
012065
012062
012058
012054
012051
01205.
012031
012026
01202008
01201979
01200722
012
011994g
0119665
011963
011959163
011958
011948
011926
01192525
011922
01191986
01191981
011917
01190
011862
011831
01181995
01181992
01181949
011806rm
01180367
0118
011778hb
011761
011755
011736
01172533
01171977
011669
011666
011660
011654
01162528
01162006
01161985
011614
01159
011561
011558134522412
011542
011526
01152008c
01151983
011517472
01150315
0114900
011467
011457
011456
011444
0114227060
01141984
011416
011372
011366
011361
011357
011331
011328
01132007
01132000
01131984
011316
011311
0113003858
01128
01126
011251
01123456
01122535
01122003
01121969
011212
01121089
01119117
01118856
0111862
011156
01114
01112549
01112512
01112000
01111974
01108641
01106
011056
011047
0110310906
01102537
01101973
01101969
011011011
01100000
01099
01098
010967
010960
010955
010945
0109403897
0109289292
010927
010922697
01092009
0109198923
010914
010911067
0108839220
010869434
0108398416
010821601
01081966
01081963
010813
01081010
01078379bn
0107611941
010755
010740701
010739
0107276050
01071998
01071966
010711709
010710112
01070701
01069
010669l
010663
010652
010649
010638
01062540
01062002
01061976
010616
0106000al
010592b
010590eileen
0105713368
010562
0105534963
01055221
0105505457
010550
010545
0105343213
01052538
01052509
01052003
0105127468
01050
010491m
010469
010459
010450
010439
010434
01042539
0104222628
01042001
01041972
01041968
0103829930
0103778832
010364
010359
0103488678
010342
01032536
01032516
010320
01031972
01031964
01031955
0103123448
01030509
010301650156
0102984055
010291hs
01029
01028417
01028
010274374
0102681
0102614251
010258
010257
010254162
010248
010243
010237
010225478
01022519
010221904
0102209340
01021976
01021962
010217
0102053346
010203m
01020304e
010203010
0102024098
01018798905050
01017
0101614892
010156
0101286511
01012549
01012519
01011970
01011957
010117
010114
010110111
0101025415
010102020303
010101010
010098
010088785
010070
0100661
010050
010045
010023
010012330
010012007
010005
01/03/89
00wicked
00tahoe
00princess
00plum00
00pillin
00p00p
00magic
00julian
00hr5n28yz
00gab00ga
00edna05
00dragon
00cam00
00amor
00accord
00CHEF
009999
0099900
009974
009932
00991234
0099100834
00987iesha
00985jba
009811
009756
0097150
00970097
009678
009661
009655
009636
009621
009600
009596
009549
009464
009424
009355
009332
009298
009280
009270
00923
009210
0091b-ball
009191
009173
009161N
00915
009109
009090
0090300
009012
00900090
0089862
008934
00892513040
008912
008889
00888
008868
008833
008802ha
008796
008731
008712
008652
008521426
008498
008462
008417
008303
008283
008210
00819006
008181
008176
008150
008113
00810
008065
008047
00801
008008008
00800233
007taz
007rocks
007matt
007kev
007dan
007bam
007Bond
007989
007982
007921
007916
007913
00789456
007886
0078600
007849
007832
007811
007799
007790
007768
007755
007746
0077007
007677
007654
0075948
007583
007555
007520
007489
007455
007421
007400
007382
007359
007337k
007331
007310
00728
00727
00725r
007253
007248
007227
00722
0072003
00718
0071727
00716
007157
00715
0071478
007127
007110
007081
007062
007045
0070419
007021
007017
007013
0070070
007.com
006973
006940
006848
006812
006728
006705
006675
006658
006623
006606
00660066
006591
006537
006500
006454
006445
006401
006358
00630063
006284
00628
006251
00623
006216
006172
0061623
006145
006138
006123456
00610
00607
006025
006004
00600
00593
00589
005885
005862
005832
005769
005758
005757
005711
005693
005674
005655
005606
005592
005578
005572
0055555
005536
005531
005524
005499
005472
005447
005393
005380
005357
005345
005325
005318
0052972
00526
005258
005238
005212
005206
00520052
005182
005167
0051429
00513
005120
005110
005055
005030
00502
005007
004994
004963
004955
004905
004884
004845
004811010124
004747
004682
0046
0045838
004568
004550
004529
004511
004498
004483
004474
00445
0044332
004384
004358
004338
004328
004312
00425j
00423
004224
004215
0041989
004179
004168
004142
004124
004120
004058
004048
004039
004006
003987
00395687
003940
003939
003917
003905
00388
003833
003826
003822
003816
003791
0037731292
003767
003738
003717
003696
003669
003650
003642
003631
003622
003617
003608
00358
003568
003553
003528
003525
00351
003469
0034653
003454
003448
003439
003393
003386
003375
003351
003345
003327
003319
003303
003289
003278
003269
003260
00325
003221
003211
00320
003185
0031805
003179
003160
003140
003129
003120
003117
003113
003107
0031
003069
003042
003022
003015
003003003
002991
002948
002933
002922
002919
002907
002886
002837
002827
002810
002808
002801
002783
002772
002741
002719
002712
00270027
002697
002685
002624
002621
002616
002607
002598
002588
0025808hot
002543
002540
002523111
002507
0025
002497
0024794
002478
00246800
002448
002444
002434
002429
002413
0024
002376
002373
002365
002348
002337
00233200
002314
00231
002303
0023001
002278
002267
002252
00224
00223344
0022312
002228
002219
002218
002213
002209
002206
00220044
002198
002190
002185
002172
002168
00215
002140
002135
002127
00212232
0021200212
00212
002112
00211
002101
002093
002056
002031
002019181804
002016
002001383
001latina
0019961
0019901
00198300
001952
001945
001935
001922
001918
001904
001893
001890
001869
001863
001859
00185254
001845
001815
001806
00180018
001796
001785
0017763
001751
001737
001730
001726
00170651
001702
001695
001689
001658
001639
001628
001622
001599a
001598
001591
0015701
001535
00152
001514
001510
00150
001479
001476644
00147458
001472
001436
00142536
0014
001374
001343
001330
00132528
001320
001309
0013
001286
00128190
001275
001263
001252
001234567
0012332100
001232m
0012268600
00121200
00121
00120023
00118900
001175
001164
001157
001152
001143c130
001142
001137
00112277
001114
00111100
0011011
0011000
001095
001084
001061
0010450128548
0010286
001020001020
00101401
00101
001001002
000sosa
000kim000
000juanjo000
0009998
000966
000944
000918
000892
000864
000831
000825
000808
000788
000760
000741
000735
000731
00072
0007123
000710
000704
0007000
000688
00067
000615
00060006
0005771
000550
00054465
0005409
000535
00053
00052
000507
000502
000489
000478
000462
000436
000432
000424
000413
000398
000390
000367
000356
000341
000326
000315
0003057
0002jh
000277
000270
000268
0002619
000246
000238
000229
0002221
000209
000202
000200
0001991
0001982
000187161
000170
000166
000157
000148
0001435254
0001299
0001219
000118
000111000
00010819880
0000joe
0000987
000095726
000078
000068525
000062
000058
00004832
000038
0000280000
00002531
00002525
0000216
00001992
00001986
00000ooooo
00000L
00000786
00000777
00000529
0000024
0000019
00000111
000000rtw
000000h
00000025
000000123
0000000021
00000000000000000000000000000000000000000000000000000
0000000000000000000000000000000000000
000000000000000000000000000000
00000000000000000000000000
000.000
00
0.1134
0-==-0
///...
/.,mnbvc
/*-+123
/(20tatianap
.tiny.
.shadow.
.samsung1
.rose.
.rachel.
.password.
.nike.
.net.com
.matthew
.maggie.
.laura.
.jesus
.hearts.
.elmo.
.co.uk
.antonio
.adgjmptw
.6.1.2.ams
.089.089
.//vodka\\\\\\\\.
..princess..
..lynnroxy,,18
...zxzxzxzxzx
...CONNOR...
......l
.............
..*iloveyou*..
-whatever-
-tigger-
-ocampo-
-karena
-jesus-
-hkohvpl,8;i9kp
-eminem-
-colleen-
-bitch-
-ChEr2491
-1987-
,y=Gb,k
,ucaoc]h;
,mnbvc
,imanidiot1992.
,./;\\'[]
+secret+
+951753+
+123456789
++--++
*yourmom*
*yadi*
*wicked
*victoria*
*tyler*
*turtle
*tigger
*taylor*
*sweets*
*sunshine
*stubby
*steph*
*spoiled*
*sparky*
*sophie*
*softball
*snowman*
*snoopy*
*simpleplan*
*shoes*
*sexy**
*serenity*
*sasha*
*samantha
*sabrina*
*rockyou*
*retro
*redhead*
*rebecca07*
*random*
*pumpkin*
*princesa*
*pothead
*player*
*peanut*
*onelove
*niggaplz
*nicholas*
*natasha*
*monique
*mitch*
*michael
*meme*
*matthew*
*mary*
*marikotav183*
*mari*
*magic*
*mZ?9%^jS
*luna*
*lucky
*loveme*
*lollipop*
*liliana*
*light
*laugh*
*lala*
*lagunarox1*
*lIbRa*
*kristina*
*kimble
*kayleigh*
*joseph*
*jorge*
*jodie*
*jenny
*jeff*
*jasper*
*izzy*
*isabel*
*inlove*
*infierno
*ilovehim*
*hotpink*
*hernandez*
*heather*
*hate*
*glitter*
*gabriel*
*friends
*frankie*
*fish*
*eric*
*eminem*
*eight
*dustin
*drpepper*
*dreams*
*diana*
*destyn*
*darren*
*cupcake*
*crystal
*country
*coco*
*christian
*chivas*
*cherry_6*
*cherries
*cheer
*charlotte*
*chad*
*cameron*
*brooke*
*brittany*
*borboletas*
*bobby*
*blonde*
*blah*
*becky*
*beautiful*
*basketball*
*banana*
*babygirl
*baby1
*b@bii@dy*08
*ashley
*andrew*
*alison*
*abbie*
*TinaFerdinand*
*PRINCESS*
*Matthew*
*Gillian*
*963.0
*90417039939*
*777meli
*258136
*2508*
*2006*
*143eddie
*123/456
*100pre*
*0912*
**xsiobhanx**
**steph**
**sexi**
**sammy**
**rosie**
**mwah**
**kisses**
**hannah**
**flower**
**cheese**
**boring**
**askmickie**
**anthony**
**amy**
**aG123
**9985767**--320
**0711**
***star***
***kenzi
******j
*&^%$#@!
*#1345#
)*&^%)
)(*&0987ym
(yuki)1222
(x100pre)
(undertaker)
(tekiero)
(sandra)
(sammy)
(pink)
(newyork)
(mariposa)
(marcela)
(loveyou)
(jorge)
(jessica)
(iloveu)
(hungry)
(football)
(dylan)
(dance)
(ciara)
(chivas)
(bobmarley)
(amo-te)
(abc123)
(L)love(L)
(L)(L)
(ABC123)
(6)amme
()90L33()90
()()()
(((jagmymtht)))
'bebo'
&UJMmju7
&AKMLP
&&iloveyou
%vpr110888
%TGB6yhn
%5stalicemarg5%
$ydney
$weetheart
$trawberry
$shopping
$princess*
$playa$
$parkle
$nicole$
$nemo$
$lover
$lipknot
$lampard$
$jordan$
$isgood
$ilovekurti$
$hottie$
$hithead
$getmoney
$flyboy13$
$exylove
$erena
$dollar$
$cooby
$charlie$
$bubbles$
$bling
$ashley$
$ammie
$alvaro31$
$Money$
$Hak786
$Brandi15
$123456$
$$money
$$hottie$$
$$$money
$!rinakorn
#rdg#3007
#princess1
#password1
#manutd
#iloveu#
#Horse#
#6#h#e##
#2pencil
#21rocks
#1will
#1vuiton
#1trackstar
#1stupid
#1stud
#1soccerplayer
#1shit
#1sexxy
#1school
#1rider
#1retard
#1ramfan
#1raiderfan
#1punkin
#1playgirl
#1pisces
#1pinkgurl
#1passion
#1nerd
#1matt
#1lucky
#1lovergurl
#1loveable
#1loco
#1juggalo
#1jojo
#1jchrist
#1inlove
#1homer
#1granny
#1flyer
#1fatass
#1falcon
#1eagles
#1dream
#1dinijah
#1dick
#1cupcake
#1crush
#1cows
#1chivas
#1chelle
#1catfan
#1butterfly
#1bunny
#1bratt
#1bigsis
#1basketball
#1babymama
#1b-ball
#1armywife
#1andrew
#1always
#1aggie
#1WIFEY
#1PLAYER
#1LATINA
#1KING
#1GhettoFabolous
#1GANGSTA
#1FAMILY
#1BALLA
#1BABYGURL
#14ever
#011885#
#$%&etc
#!pimp
"oneday"
"hardy"
!tinkerbell!
!sweetie
!sublime
!single!
!rose!
!paolina!
!oohay
!minnie!
!luvtheveltris
!lady!
!kelsey!
!jessrip
!iverson!
!ilovehim
!heaven!
!h@t3wh()r3s
!fuckyou
!ejr8!
!chris!
!billabong
!batman15
!ashley!
!amanda!
!abc123!
!QuincY84$
!Q2w#E4r%T
!@#123QWEqwe
!@#$%^d
!234Qwer
!1008eastthirdstreetlockit
!"#$%&/()
!!rangers12
!!!!!!!!
nam
~~monkey~~
~~++al
~yellow
~word~
~vaitai424
~trs#013~
~tosca~
~thumper~
~thomas~
~sunshine~
~starrburrst~
~sexygirl~
~sauce~
~roxy~
~robert~
~rbd~
~rach_babe~
~q1w2e3r4
~pooh~
~petone~
~omg~doug
~ngalam
~monkey~
~maritza~
~loveme~
~lovable~
~liverpoolrkwl~
~lauren~
~kisskiss~
~kennsoccerstar~
~josie
~intelflatron~
~iloveu~
~honda~
~high23
~gostosa
~gold~
~glh1993~
~fuckdatmonsterbitch~
~flower~
~engel~
~dreamer~
~deejay
~cute~
~confused~
~chichi~
~buddy~
~brit~
~beauty~
~arosu~
~andrew*
~ad1min2~
~Sadallah
~Milky~
~M&N4ever~
~GoGod!~
~Chris~
~Cavaleirobranco123
~Alexia~
~@PPIbc
~85~supra~
~*~tongan
~*~autumn~*~
~**REYES**~
~$tna~$
~!joel!~
~!gaby~!
~!@#`123
~!@#$%^&*()
}{uss321
|\\/|a5acar
|1234567890
{}{}025779
{yamliex}
{taz165}
{rainyb}
{dennis}apez
{b9kiupN
{arsenal}r0ck
{Soccer}
{0106860511
zzzzzzzzzzzzzzzzzzzz
zzzzzzzz2
zzzzzz3
zzzzz2
zzzzz.
zzzzcc
zzzz69
zzzz11
zzzxxx1!
zzzxx
zzzlbbbl110
zzzdanko
zzzagnu
zzzaa
zzz666zzz
zzz143
zzz111z
zzz09-=
zzyding
zzxxzz
zzxxccvv1
zzwhffu
zztopzztop
zztop2020
zztop11
zztech1
zzsmommy
zzroakezz
zzr1400
zzppjah
zzoommoo2
zzonie1
zzmp3y2
zzm1025/
zzjjssgg99344
zzimgam3
zzil123
zzgundam
zzeno24
zzebra
zzalmendra1
zzaacckk
zz9wn688
zz9365
zz5Vef6Fksc
zz4662@
zz40teddybear37zz
zz282000
zz2599
zz2007
zz1987
zz1234
zz0sa741
zz066885926
zz0490254
zz top
zyzy10
zyzone
zyy1202
zyxxnx3
zyxwvut765
zyxlxl
zyxhero
zywuwon6
zywell
zyver
zyther
zyskosia
zys1014
zyrusp
zyrrechs
zyropc
zyrillkhyle
zyries
zyrick
zyrhus
zyrenn1
zyrene16
zyree2227
zyrakaye24
zyraarevalo
zyra14
zypxsj8273142
zypaul
zyonzyon
zyonmd
zyon2006
zyon
zynnie
zyness
zymyr
zymone
zymmerz9
zymeir
zymae
zylwing
zylo17
zyline
zylasia
zylah
zykira1
zykia1
zykeriya1
zykeira
zykee
zyire01
zyhkiara1
zygryd
zygons
zygoat
zygiuks14
zyford
zyezye
zyeria
zyeknom3
zydtasha
zydrine
zycraft
zyclone
zycath
zybuheqy
zybkova1
zybers
zyberj
zybel
zyasia2
zyara1622
zyanngf
zyanefaith
zyaleya2
zyaire06
zyad520299
zy9322
zy197794c
zy0506
zxzxzxx
zxzx2769
zxzx11
zxzhangxin
zxz123
zxx557644
zxwb123
zxstyhg
zxsdwe34
zxrd3cxb
zxr750cc
zxp147
zxnoel
zxm6ho
zxl220303
zxh132a
zxf880905
zxdrew
zxdfty
zxczxczx5
zxczxc12
zxcvzxcv1
zxcvnm,.
zxcvm,./67
zxcvbnms
zxcvbnmn
zxcvbnmlp
zxcvbnmasdfg
zxcvbnm_1
zxcvbnm<
zxcvbnm94
zxcvbnm89
zxcvbnm741852
zxcvbnm369
zxcvbnm25
zxcvbnm23
zxcvbnm20
zxcvbnm16
zxcvbnm1234567
zxcvbnm028800210@hotmail.com
zxcvbnm/*-+.0
zxcvbnm,./asdfgh
zxcvbnm+0123
zxcvbnas
zxcvbn_
zxcvbn6
zxcvbn21
zxcvbm
zxcvbd
zxcvb9876
zxcvb23
zxcvb05
zxcvasd420
zxcva1234
zxcv8
zxcv789
zxcv34
zxcv1230
zxcv0123*
zxcv/.,m
zxcmnbv
zxcft1
zxcdsaqwe321
zxcdfg
zxcasdzxcqwe1
zxcarvin
zxc_426
zxc976
zxc741
zxc369
zxc258
zxc159753
zxc147
zxc123z
zxc123vb
zxc1232525
zxc123,./
zxc12
zxc02210
zxbnbnzx
zxasqwcvdfer
zxas12qw
zxander
zxa086
zx98134
zx8452
zx6ninja
zx4926
zx3000
zx268520
zx234
zx1cv2bn3
zx134679
zx1230
zx121212
zx1018
zx069935085
zx026218422
zwpx2d
zwollywood
zwn005781
zwity
zwitlover
zwitfu963
zwipes69
zwinkys
zwinkygirl
zwinky16
zwinky09
zwikzwak
zwijntje
zwiebel01
zwie-back
zwh1992
zwerling
zwerg
zwemmen1
zwelgbast
zweibrucken
zweetdevil
zwc9306
zwartwitje
zwartsluis
zwartepanter
zwart4140
zwarrior
zwapa13
zwaluwen
zwabbertje
zwaagdijk
zvvnol1
zvolen
zvk550
zvjezda
zvify5m5
zvh59m
zvezdicka
zvezde21
zvezda15
zveki10
zveers
zvbxrpl
zvaigzne
zvaigzde
zv5000
zv305029
zv1169
zuzzaine
zuzuz
zuzuta
zuzunod
zuzume
zuzujeab90110
zuzu1967
zuzu11
zuzu09
zuzu009
zuzkitel56839003
zuzita
zuzia2003
zuzeen
zuzarte
zuzan
zuzaku
zuza23
zuwhail
zuwarah
zuwaira
zuvitador
zuv241
zuumarh
zutphen
zutner67
zutill
zuthan5
zutaraa
zutara1
zustertje
zussie
zuskue
zusje
zusanne
zusaku
zury9
zururi
zurra
zurix
zurita88
zurine
zurimar
zurikafu
zurie
zurich1
zuri429
zuri1234
zurfluh
zurelys
zurehhashemi3
zurdo17
zurdo1
zurdic
zurci
zurawski7*
zuranichole
zurami
zuraina
zuraidiafandi
zurah
zura46
zur992
zupzup
zupsva
zuplhada
zuplado07
zupladherah02
zuphista
zupermum
zupergirl
zuperbb900
zupash
zupanat5
zuoziji
zuopengyou
zunzol
zunker
zunisha
zunimila
zunigar
zuniga24
zuniga22
zuniga123
zuni123
zunesucks1
zunerocks2
zuneivy123456789
zune22
zune11
zundapp1
zundae
zunairah
zunade
zumzum87
zumy22
zumozumo
zummy
zummach
zumira
zumiez88
zumiez101
zumies1
zumico
zumbles12
zumbado
zumaran
zumajays
zumadeluxe
zuma1595
zum459
zulzaya
zulyyyio
zulyvan
zulys
zulyliss
zulyka
zulyeda
zuly5edgar
zuly310
zuly1981
zuly15
zuly1025
zuly1
zuly-17
zulunation
zululu
zulufoot
zuludawn
zulu77
zulu2500
zulu1
zulrina
zulpha
zulnabat
zulmisse
zulmari
zulmaa
zulma18
zully34
zully15
zulli
zulkipli
zulkhairy
zuljin
zuliqah
zulin99
zulimar9199
zulihanif
zuliema
zulida
zuli34
zulhisham
zulhijjah
zulhendri
zulhaili
zulfqar
zulfianto
zulfi
zulfaqar
zulfaevisafitri
zulfa12
zuleyma3
zuleyka07
zuleyca
zulevictor16
zulemeresmivida
zulema29
zulema13
zulema10
zuleimy
zuleima1
zuleika16
zuleida
zuleam
zule19
zulayka
zulanis
zulaiqah
zulaikha2
zulaikabatcha
zulaica
zulaaa
zul888
zul280191
zul1968zmr
zul1234
zul007
zuky1233
zuky01
zuko366
zuko1218
zukkia
zukizuki15
zukirae-2401
zukiman
zukie4dougie
zuki2gi
zuki18
zuki12
zuke24
zukara
zujirujiko
zuje03
zuizui
zuikelis
zuigzoen
zuidland
zuicide
zuhurmariamissa
zuhra
zuhey
zuhayr
zuhairy
zuhaha
zuguey
zugisland333
zuggie
zugeer
zufrieden
zuesriley36
zuesdog
zues24
zues2001
zues13
zues07
zues
zuera86
zuely
zuela
zue@amir88
zudomon454
zudjm09k
zudi02
zuddin
zucky
zucko
zuckerschnecke
zuchos
zucety
zucci2
zucaritas.
zubzero1
zubite11
zubin
zubie12
zubian
zubejda
zubats
zubari
zubang
zubair143
zubaidah1
zub15007
zuarny
zuanirc
zualy
zu97mira
zu0092
ztyfxlz123
ztupid
ztuffyko
ztshms33
ztreyita
ztreiita9
ztreiita
ztrak023
ztnral
zties90
ztheafghan
ztephanie
ztennis
zteia
zteff
ztefania
ztea24360bd
ztarpink
ztaremo
ztalove00
zta2323
zt810n
zt2rwe
zt21104
zszszs
zsyfsw
zswitchiq
zsuzsmo
zsuzsana
zsu75
zstars45
zsozso88
zsoka
zsnfootse
zsnascn14
zsiyelah
zsila
zshufrayz
zshien
zshane
zsert67
zsemko
zsefvgy
zsedcft
zsebibaba
zse8426c
zse4rfvcx
zse44rfv
zse1998
zsczsc
zschelle
zsazsa6
zsazsa3
zsazsa14
zsazsa10
zsawq2
zsareinjoy
zsapep
zsani
zsami
zsakira
zsaijaz
zsacoh
zs2qzv
zs123
zrxz294
zrt845
zrrx01240
zrn1zrn
zringa
zrgs634f
zrf99i
zreara
zras20
zra7tesp
zr3m4jp
zr211994
zr129783
zqxwce
zquall
zqk1j48um
zqbjqqdu
zqLbf89
zq4kts
zpzpzp
zpvlek
zpsal57
zpraa
zpnet88
zphib1920
zpeen1
zpdx1993
zp1nd15
zp1220
zozzers
zozozo1
zozopapa
zozoman
zozoloveme2009
zozolier
zozokle
zozoeddy
zozoco
zozo71240
zozo3feb
zozo2244
zozo2008
zozo19
zozo15
zozo100
zozo.123
zozina
zozernanozexziz
zoz1995
zoyunlindokoala
zoyo1
zoyla
zoyiabrija
zoyazion
zoyakhan
zoya1234
zoxter
zowie5349
zowie3
zowie101
zowie07
zowebaby
zouzounita
zouzouille
zouxuemei852.
zoushan
zourich
zoula
zouille
zou1987
zotyki
zoton30mg
zotjes
zotijado89
zosque
zoso5150
zoso1620
zoso12345
zosdg
zorzor
zory1203
zoruyo
zortman
zorryherd
zorrox
zorroteamo
zorros30
zorronegro
zorrohond
zorrode9colas
zorro97
zorro87
zorro666
zorro45
zorro2809
zorro2010
zorro14
zorro07
zorrito21
zorricienta
zorreria
zorren
zorraperra
zorra100
zorra05
zorox2006
zorobabel
zoro31
zoro1980
zoro
zorlak
zork
zorini
zoridezi
zori88
zorgon
zorg84
zorenn
zoren19
zoren11
zorell
zordik
zordich
zorbita
zorba7
zorazora
zorawar
zoras
zorangel
zoran1
zoraima1
zoraide
zoraida88
zorah
zoraa1
zora2005
zora07
zora01
zor1997
zoppini
zoper
zoozzo
zoozoo2
zoozm
zooyorkxp
zooyork69
zooyork13
zooyork104
zooweekly
zootyoink
zoots123
zootie398
zooterwockey
zootecnia16
zoos4mice
zooro
zooport
zoopie11
zoop123
zoooooom
zoonlief
zoonkauj
zoonie
zoomzoomzoom
zoomzoom4
zoomtown
zoomshare.com
zooms420
zoomone
zoomismycat
zoomgirl
zoomery
zoomer11
zoomboom
zoombinis1
zoomastigofora
zooma1973@
zoom96
zoom88
zoom606
zoom5.8*
zoom44
zoom1981
zoom16
zoom01
zoolps1
zoolou
zoolog
zoolcool
zoolander9
zookoo
zookey1
zookazaka1
zook77
zoogirl!
zoogame5
zoof5976
zooey
zoodude1
zoodle
zoocrew87
zoobook
zoobob
zoobear
zoobabe
zooass
zoo=123
zoo45130
zoo2006
zoo13
zoo1234
zoo-04.
zonyda
zonterion
zonriks
zonpig
zonny
zonnetje!1
zonnepit
zonnen
zonnebloem2
zonks2
zonker96
zonique
zonik2099
zonics
zongzang
zongchar
zonethree
zones123
zoner281
zoner1
zonepink
zonenmaan
zoneman
zonell
zonehq
zonebank1
zone90712
zone496006
zone41
zone34life
zone31
zone20
zone19
zone147
zone10
zone01
zone-3
zondria123
zondiwe
zonderjou
zonda08
zonazero007
zonaverde
zonasegura
zonarosada
zonanorte
zonalocha
zonalatina
zonafresa
zonadriesgo
zonaal
zona82
zona313
zona11
zona03
zomzira
zomkey
zomi04
zomfg
zomerdijk
zomer01
zombre
zombix
zombine
zombies17
zombies123
zombielover
zombie99
zombie93
zombie89
zombie74
zombie65
zombie420
zombie35
zombie321
zombie25
zombie187
zombie14
zombie02
zombie007
zombat
zom1309ss
zom108134
zoltron
zoltek2
zoltan69
zolrak411
zolovino
zoloft21
zolman
zollie1
zoljhamgurl
zolivan190691
zolina
zolimarie2
zolikas
zolido05
zolee
zoldix
zoldeck
zolbot
zolathedog
zolano2
zolabudd
zola77
zola23
zola1988
zola10258
zol123
zokote
zoknii
zokizoki
zokied73
zoki123
zojack
zoioriginal
zoink13
zoinelle
zoilon
zoilap
zoilam
zoila69
zoila25
zoila2
zoila15
zoihermoxa
zoiemoxa
zoieep
zoiecat
zoieanna
zoie6182
zoie2005
zoie18
zoie13
zoie07
zoie00
zoidszero
zoids5
zoidinha
zoidburg
zoid123
zohrohk
zohra123456789
zoheb18
zohary
zohaljan
zogzog
zogul44
zoggapower
zofuss
zofinka
zoffavip
zoezyne
zoezoe4218
zoezoe17
zoezoe1208
zoezane02
zoeyzeus
zoeyxx
zoeywoey
zoeystar
zoeysagay1
zoeyrenee
zoeyrach
zoeypose
zoeyoz123
zoeyo1
zoeymay
zoeymae123
zoeylee
zoeykl04
zoeyking
zoeykay
zoeyjr
zoeyjean
zoeygirl15
zoeyfrances
zoeycee
zoeybug
zoeybelle
zoeyarchibald
zoey9639
zoey94
zoey911
zoey85
zoey7552
zoey6998
zoey64
zoey546
zoey5
zoey417039
zoey3500
zoey34
zoey32
zoey3
zoey287
zoey2254
zoey202
zoey1997
zoey1991
zoey1906
zoey123456
zoey1111
zoey111
zoey101zac
zoey1001
zoey062405
zoey-1993
zoey#1
zoey 101
zoewhite
zoevida
zoevanwees
zoetin
zoethehamster
zoeteke
zoesucks
zoesol
zoesmells
zoesiewert
zoeseth10
zoeruby
zoerock
zoerayne
zoerae05
zoepuppy
zoepound1
zoepettle
zoepaula
zoenoel
zoeniko
zoengraag
zoenen
zoenakea
zoemoe
zoemo
zoemilo9
zoemel
zoemaya
zoemason
zoeman
zoelynn1
zoeluna
zoelucy
zoelove1
zoelomejor
zoelogan
zoelle1
zoelau94
zoelandia
zoekimmy
zoekel
zoejordan
zoejoe
zoejer
zoejane05
zoejake1
zoeissxc
zoeisno1
zoeis5
zoeina
zoeiey1
zoei05
zoegurl1
zoegriffin
zoegirl5
zoegirl273
zoegirl2
zoegirl02
zoefreda
zoefobia
zoeeve076
zoeeselmejor
zoeendross
zoeelmo345
zoeeee
zoee22
zoee12
zoedot
zoedolf
zoedny
zoedec16
zoedan
zoedad
zoecole
zoechloe
zoecat22
zoecarter
zoecam
zoeburger
zoebug84
zoeboi509
zoebird
zoebear28
zoebear03
zoebarker
zoeashworth
zoeanne02
zoeandme2
zoeana
zoe9866
zoe910
zoe8784
zoe8226
zoe723
zoe626
zoe555
zoe509
zoe4osian
zoe333
zoe309
zoe281107
zoe2323
zoe22
zoe2020
zoe1994
zoe1991
zoe1985
zoe1921
zoe178
zoe159
zoe1314
zoe1301
zoe1224
zoe122
zoe1203
zoe12
zoe1105
zoe108
zoe1020
zoe1017
zoe0808
zoe07
zoe0508
zoe009508
zoe.girl
zoe-ann
zodyak27
zodie
zodiact
zodiaco022
zodiac7
zodiac31
zodiac273
zodiac15star
zodiac10
zodiac016
zodiac-taurus
zodia
zodeno
zodazoda
zodami
zocker
zochus
zocha81
zoccoli
zoccola1
zoca10
zobra_
zoboo
zobmondo
zobella
zobel
zobbie
zobbel
zobak12
zoazoaboy1
zoanthrope
zoamy
zo3thowD
zo1991
zo1328
zo0kan4e
znzxznz
znz21st
znrx29
znowboarder
znoopy
znojmo
znkur5
znifer
znh8ua9x
zneth
zner08
znd123
znbolg
znasalac7
znarfblue
znabhera
zn500075
zn323u
zn12381238
zmzm2000
zmzgcb7u
zmz23g
zmwm036
zmspratt
zmrzlina
zmp070593
zmoore
zmon12
zmo12aw4mwe6
zmnhuikj
zml42206
zminowbg
zmild1995
zmija33
zmfltm
zmbsbaby
zmaria
zman98
zman1992
zman06
zman04
zmalqp
zmajce
zma123
zm3313975
zm1994
zm1929
zm1122
zm051200
zlrhnr9091
zlp6c6
zloty
zloboz
zljc411
zlink10
zlin1992
zlgwyn
zlfwuwst
zleuj01
zlc420
zlayne03
zlaticabobi
zlatibor
zlata9
zlango2008
zl57720
zkzmgx0
zktt01
zkreto
zkn4620x
zklove
zkld95017mc
zki6689
zkhg6crz
zkeith
zkaa23
zk2f8ica70
zk1409<>
zjy19zy880327
zjv8666
zjonuts
zjlve11
zjgame8
zjames822
zj0023
zizzy
zizzers
zizu3105
zizouwane
zizoo
zizo978
zizo121
zizitop
zizinia
ziziey
zizica
zizi2121
zizi2004
zizella
ziyani
ziyah123
ziyad
zivunu
zivotjekurva
zivka13
zivec33
ziva2006
zitzijany
zittert
zitronentee
zitromax
zitro1991
zitro01
zitlalli
zitinha
ziti31
zithra
ziteiubeste
zitalopes
zita31
zister
zirtaeb2006
zirrah
zirky
zirken12
zirger27
zirenita
zircah
ziranhua
ziram_10
zira9905
zira36
ziqkhal
zipzip1
zipzapzoo
zipzap07
zipvoo
zipso
zippyzip1984
zippyz00
zippym
zippydo
zippybadger
zippy92
zippy86
zippy26
zippy2008
zippy200
zippy170w4
zippy1603
zippy1234
zippy11
zippy08
zippy*
zipppp
zippoo1
zippo7
zippo3
zippo20
zippo14
zippo0808
zippiti
zippi3z
zipperz2
zippers1
zippercat
zipper69
zipper49
zipper33
zipper23
zipper18
zipper00
zippa1
zipota
ziplok
zipitgood
ziphot
ziper21
zipclown
zipagan
zip789
zip250
zip103fm
zip$zip1
zios5067
zionzzz
zionsxlos
zionsari
zionoo
zionna1
zionlee1
zionked
zionista13
zionie
ziones
zioncute
zionbaby8
zion9507
zion7681
zion66
zion61
zion4ever
zion44
zion333
zion31
zion27
zion2
zion1993
zion18
zion15
zion1123
zion1111
zion1015
zion0716
zion0129
ziomus1
ziola
zio123
zinziibiggy1020
zinx112187
zinue923
zinthya
zintgraff
zinsou
zinrunbex74
zinnyrulz4eva
zinny5
zinny1
zinnia3
zinmui31
zinky98
zinkwazi
zinko
zink2201
zink
zinichi
zinia
zingzong
zingy678
zingy123
zingo123
zingger
zingers
zinger454
zinger01
zingbat
zingar1
zing123
zing
ziner10
zinekhwan5951441
zinedin
zine93
zindzi
zindikato
zindia
zindgi
zindan
zinczone
zinco05
zincho
zincgh
zinbad
zinard
ziname
zinaki
zinacef
zina@1000
zina2004
zina13
zina1
zimzimzim
zimzam1989
zimtos55
zimri12
zimpatico
zimnicea
zimmy17
zimmy05
zimmerman5
zimmer483..
zimmer25
zimlover018
zimland
zimini
zimgirl
zimco1ny
zimbre
zimbobway1
zimbet
zimbees
zimbabwe23
zimba2k
zimba06
zimapan16
zimaleto
zim92ray
zim2089
zim100
zilzil01
zilvermeeuw
zilvana
zilphia
zilose82
zilly
ziller
zillar
zilla55
zilla4
ziljian256
zileguta
zildra
zildjian2
zildjian.
zildateamo
zilbert
zilatro
zilahi
zila171288
zil337
zikra
ziko.com
ziklon-10
zikersho
zijo3184
ziibtajl1
ziiNEziiEz
zihasayang
zihah
zigzagzog
zigzag93
zigzag9
zigzag345
zigzag200
zigzag17
zigzag13
zigzag101
zigzag01
ziguneta
zigonk
zigmont
zigmap
zigma
zigler
ziglar
ziggyzao
ziggyxxx
ziggywoo
ziggystardust123
ziggypop
ziggypiggy
ziggymolly
ziggykat
ziggydiggy
ziggybear1
ziggy_12
ziggy97
ziggy86
ziggy72
ziggy666
ziggy6166
ziggy47
ziggy417
ziggy321
ziggy234
ziggy209
ziggy2006
ziggy1man
ziggy1985
ziggy1581
ziggy15
ziggy1234
ziggy100
ziggy013
ziggy#2
ziggity1
ziggie07
zigger1
zigge123
ziggaza
zigg11+
zigfrid
zigen
zigdelantar
zigaroo
zig0b0t
zifiri35*
ziffer
zifah15
ziezul
ziey5656
zieteh
zierras
zieren1228
ziera86
ziemlu
ziemfred
ziemann
zielyn
zielly
zielle12
zielig
ziehan
ziegfred
zieboi
zie993627
zidzid1
zidni
zidneser
zidnei14
zidi123
zide00
zidaya
zidann
zidane97
zidane7
zidane15
zidane1010
zidan5
zidaine
zid9ii8xafcf
zicozz
zicooo
zicomax123
zico1234
zickri
zicke
ziccabot
zicaria
zibute
zibi12
zibby
ziaur1
ziarox
ziaqui
zianna1
zianda
zialcita
ziajan
ziah19
ziah08
ziah06
ziabarby
zia123
zi7nfv
zi0206
zhyt17
zhyruz
zhyrish
zhyrel
zhynh3lly
zhynda
zhymon
zhyland
zhyims
zhydane
zhyboy
zhuzhi
zhuxiong
zhutou
zhutilako
zhuseisno1
zhupladita
zhunga
zhulik
zhukie214
zhui881226
zhubier
zhps2011
zhoutai1
zhoumj
zhoujielunjay
zhou4259
zhongwen1
zhonghua
zholido29
zholido23
zholid09
zhocolatito
zhjkgt82
zhjing285
zhiyin
zhiyaowozhidao
zhiyad
zhivago1
zhirewhin
zhiqian
zhinuevhe59
zhinizhi
zhinev
zhincoh
zhimple
zhilyn
zhilin
zhikamaru
zhika
zhiever
zhiengcoh
zhiel
zheyzaki
zhexyj
zhes08
zheryl
zherrie
zhero4
zherezada
zhenz
zhentong
zhenling
zhenki1026
zhenkai
zhenieca
zhengyuanchang
zhengjiewen
zheng143
zhendy
zhena
zhen12
zhen04
zhelton03
zhellin
zhelk8
zhelie
zhel3
zhel26
zhel21
zhel18
zhekto
zhekel13
zhehara
zheene
zheck
zhebhe
zhean46
zhcdzm
zhazhago
zhayrah
zhayna
zhawiequ
zhashe
zhart
zharome
zharman
zharla
zharis
zharifah94
zhari
zharaa
zhaquan
zhapot
zhaoyanhui
zhaoxin
zhanyi
zhantle
zhantelle
zhanjam
zhangyuanyuan
zhangxueyi
zhangxiaoping;11
zhangsen
zhangqiuhui
zhanglan
zhangjing
zhangfan
zhang3
zhang1
zhaneln2
zhane90
zhane24
zhane123
zhandhie
zhan09
zhamndie
zhamiso
zhamir
zhamie902204
zhaman
zhamaka
zhallemar
zhalbahe
zhakim
zhaisz06
zhairus
zhairo
zhainiz8183
zhaimier
zhai09
zhafra
zhadistha
zhadelle
zha6172
zha-zha
zh1983
zgz010207
zgunja1
zgubidan
zgrob17
zgravity
zgmfx10ax23s
zgirl1
zggziz2
zgc523
zgayon8
zgandemo1928
zg1991
zfreak
zfn1010
zfm7g4d3
zflipz
zfauckz4
zf855h
zezynho
zezuca
zezo_love
zezo2006@
zezo11_6_1991
zezm4.
zezituh
zezinhu
zezinho2
zezinho1
zezima99
zezeka
zeze12
zeze05
zezar
zezanje
zeza5555
zeytinim
zeynonaz
zeynep11
zeyfer0756
zeychelle
zeyadhossam3000
zexylove
zexy12
zextor
zexion22
zex87tlar
zeweirdo
zew027
zeventin
zeveneken
zevallos16
zeuztacles
zeuszeus1
zeusypoo
zeusy1
zeusx
zeusrocks
zeuspat
zeusmanuel
zeuskitty
zeusgoose
zeusgarcia
zeuse3
zeusboy
zeus_ripper
zeus87
zeus84
zeus68
zeus4ever
zeus34
zeus30
zeus2008
zeus2002
zeus2000
zeus1994
zeus1988
zeus1983
zeus1977
zeus143
zeus123456
zeus0308
zeus.....
zeuqirne
zeulzxgu3e99
zeugirdor1
zetzet
zettie14
zetti-z
zettergreen22
zetten
zette6
zetta1
zetsubou
zetor
zeto88
zetnom
zetino1
zetina1
zethli
zethblack
zetdete
zetataualpha
zetapsi
zetamydog!
zetalz
zetaki
zetagundam
zetafive
zetaboxy
zeta7
zeta4life
zeta40
zeta1988
zeta1601
zeta15
zeta1123
zeta01
zet623
zet1158
zesty hennery
zestopak
zestful
zesmin
zeshkane
zesahc
zery01
zerwin
zerro10
zerrickn1
zerramae
zerquiel
zerozz
zerozero3
zeroyuuki
zeroxe
zerowan
zerotolerance
zerotohero13.
zeroteamo
zerostar
zerosete
zerordie
zeropower
zeroplus
zerootso
zeroomega
zeronuebe
zeronie
zeromus
zeromga2
zeroman1
zerol
zerokpc
zeroki2330
zerojade3
zeroid
zerogank
zerofive05
zeroenna
zeroeight08
zerodeck
zerocool6
zerock
zeroboard1
zerobeat_1107
zeroarmy1
zero_12
zero_001
zero94
zero918
zero8zero3
zero84
zero74
zero69er
zero63
zero6
zero56
zero54
zero50
zero36
zero333
zero29
zero254
zero2007
zero1999
zero1979
zero1495
zero1214
zero0zero
zero007
zero-t
zerna1
zerlina1
zerlee
zerks23
zerius194808
zerism1
zerinho
zerin
zerim757
zerica
zeriah14
zerger
zergboy
zerg
zerezitha
zerexa
zerepv
zerepj
zerellie
zereika
zereen
zerdal
zerberus123
zerbert
zeratulkingxxxx
zerang
zerafica
zera97
zera12
zer0zer0
zer0ne
zer0hour
zer09nine
zequel
zepzep91
zeptiembre
zeprut
zeppos
