028062235
028060477
028057569
028057077
028053655
02805
028046826
028046292
028040
02803092
02803
028028707
028028359
028027
028021780
0280207
028020079
028018797
028018765
0280182
0280180939
028016412
028015989
028013894
028012
02800855
028001340
027donald
0279tom
027981
027929
027920931
027890
027858594xp11xf
02782
027793659
02777
02776575769
02776572857
02776565389
02776559459iydot
02776551315
02776543672
02776541917
02776538829
02776524974
02776522243
02776500291
02776490279
02776483202
02776475260
02776461561
02776455739
02776451785
02776444697
02776441239
02776436174
02776431159
02776429177
02776424023
02776413325
02776411484
02776393313
02776389201
02776375737
02776372704
02776359167
02775795
02775331684
027722
0277142
027708629
02770396
02770280987078
0276958847
027653
0276425310
027626031109
0276106439
027596517
027595659
027592529
027592175
027592100
027588319
027585275
027584536
027581689
027580443
027580
027575539
027573
027572123
027571356
027569631
027567896
027566329
027566319
027566143
027565037
027564589
027562880
027561023
027560460
027560397
027560030
027558920
027558541
027557164
027554391
027552025
027548899
027547954conan
027546239
027546042
027545281
027545050
027543374
027542261
027541615
027540848
027539800
027537531
027532757
027532085
027531493
027530551
027530302
027527869
027527559
027524474
027523534
027520162
027517639
027510588
027509116
027507196
027505674
027499884
027498292
027497470
027495496
027494310
027489217
027488812
0274881200
027485725
027484376
02748
027479702
027477128
027474803
027474022
0274730326
027471016
0274657970
027464792CB
027464442
027463826
027459130
027454802
027453825
027453281
027452676
027452199
027451798
027451418
027450968
027448519
027446
027440084
027430092
027423702
027423074
027421985
0274203553
027415676
027411374
027410493
027409440
027403965
027400901
027389
027384202
027383809
027383021
027380109
027374888
027373577
027371425
027369007
027367077
027366265
027356882
0273558685
0273508840
027347454
0273470
0273415216
0273388270hollyz
0273361813
027335360
027335276
027334703
027333507
027331132
027328895
027328184
027325952
027325394
027319889
027319177
027316176
027314
027310939
027305804
02730000
027296564
027295225
027290593
027286073
027278676
027276745
027275827
027275805
027267929
027267606
027265750za
027264118
027263485
027263126
027252525
027236769
027228747
027216
027212246
0272110518
027210908
02721
027207092
0271991
027194098
027184877
027179220
027177214
027172045
027162088
027156111
027140138
027133609
02712312024
0271155
027113571
027111944
027108962
027108519
027108
027105161
027103627
027102303
027099010
027095460
027091751
027090
027089392
027085
027084003
027081984
027081569
027081117
027078040
027073305
027066201
027058966
027054328
027050533
027046359
027044497
027037993
027037796
027034252
027029821
027028104
027025269
027021984
027021206
027018395
027016409
027012033
027011183
02700270
0269sb
02698
026954
02694
026939145
0269359
026931556
026928265
026927504
026927216
026920162
026917902
026910056
026902122
02690
026888910
026887380
026886219
026885
026883792
026881699
026880321
02688
026863985
026854579
02685200
02685
0268420
02684
0268256
0268180955
026815653
026813886
026813406
026794374
026775794
026761614
026758870
026756424
026751892
026749803
026747804
026733370
026728566
026716367
026715313
026711656
026710629
026696927
026694794
026690912
02669
026686433
026684100
026655
026650123
026639
026631717
026626720
02661910829
02660266
026591
0265670
026563225
026558693
026548139
026542670
026541149
026526341
026514mm
02650265
026500
026487952025
026480
026452500
02645
026449612
0264488940602
026445642
026445264
026443387
026436592
026434502
026434314
026433295
026429582
026424441
026422
026416075
02641241
026406146
026401285
026379
026361321
026356
0263520481
026342
026318773
0263146433
026314520
0263121
026304254
0262908
026289590
026280524
0262583
02625
026235739
026226
026222036
026216938
0262127148
026210107
0262028a
026202
026192563
0261868
026169197
026156878
026152088
026129g
026125
026120831
02612
026116lol
026111904
026110356
0261049
0261014372
026074
026068
026042
026040
0260256
026010
0260019
025krito
025Interkey025
025992
025987
025983801
025979
025973694
02596739
025964
025958124
025951899
025950130
025944802
025940141
025932
025931
025919163
02591468
025913670
025913349
025912674
025912313
025912069
025911
02590259
02589l
025894
025893
025892037
025890
025884941
025883
0258794613258dd
0258784512
02587700
0258741963
02587319
025871275
025869
025865549
025861
025859203
025857710
025857036
025853639
025851454
025850
0258471213
025845903
02584562
025845
025844
025843
025841831
025840847
025836050
025835047
025833424
025832081
025831114
025830
0258268
025822429
025820155
02582
025813649
025813367
025813
025812358
025811
025805803
025805283
025803
025802019
025801682
025800367
025798733
025794
025791475
025782372
025776217
025773803
025773
025753
025750
025748130
025745907
025743949
025740888
025737085
025734830
025724864
025723
025718
025713417
025712
025711
025709545
025705
0256987asd
025693
025681
0256798
025676
025675057
025673912
025673
025671223
025665
025663784
025663401
025662336
025659
025655895
025655
025654756
025654683
025652711
025652440
025651611
025650209
0256314789
025631
0256279
025623508
025613544
025612
025610937
0256
025576014
025570298
025561
025555555
02555
025544
025538
0255292025
025526287
025525
025523
025522630
0255171i
025513389
025511864
025500821
0255
025495320
025484
025480820
0254789
025461
025460
025452
025448395
025448
02544
025439
0254317
025430
025423598
025421
025420
025418847
025417790
025412
02540772
025405275
025403876
025403091
025402839
025401639
025401418
025400
025398582
025397659
025397020
025395246
025390
025388109
025386069
025384521
025381471
025380
025378956
025373
025367509
025366135
025364328
025363562
025362618
0253616l
0253612
02536019930
025353
025351
025348
025345
025341
025339752
025336649
025335396
025334190
025333037
025330585
025326
025323972
025323
025320032
025319420
025317
02531689
025316551
025315876
025314
025313162
025310678
025302781
025295
025290876
025285248
025277407
025276839
025271892
025270855
0252693
025267749
02526713
025265957
025262774poo
0252624
025257
025252646
0252525
025252
025245235
025238
025236704
025233454
025230
025229
025226965
02522
025213775
025212363
025211
025210171
02520589
025199317
0251988
025194857
025191156
025186
025183124
025181820
025180855
02518
025178326
025177343
025175165
025172634
025170581
0251671
025163323
025163051
025162297
025161298
025159057
0251589
025156
025148
0251459303
0251415
02513744cj
025136538
025131053
025130040
0251289
025122
0251187
025111416
025111
025108201
025107774
025107285
025105421
025104329
025104
025103266
025102161007
025101850
025101
025100
0250toe
025096695
025095942
025095758
025094076
025093886
025091705
025091079
025090
025080475
025072
025066
025057293
025052
0250497
02504
025039210
025037721
0250368
0250345
025032000
0250309
02503
02502774
0250210
025014
025005
0250025
024life
02499
024959
02494954
024935
024925650
02491539
024908
024888
024882122
024875703
024874
024862
024834
024828
0248234034
0248200
024816
024802003.15
0247861064
024778843
024777
024769876
024765957
024764
024761807
0247500
024743
0247327
0247296
024724681
024722795
024722106
024721511
024707
02468renamon
02468c
0246899
0246897al3cs
02468789852
024684
0246819735
02468100
0246802
024674779
024671323
024670
024668463
0246669d
024666366
024664653
024663636
024661663
024661013
024659981
024658608
024656719
024656316
024655805
024651417
0246451589
024643151
024642425
024640975
024639876
024638616
024637838
024637639
024632836
024628
024625765
024620903
02462
024618359
02461403
024610457
0245daisi
02459
024581429
024580086
024579053
024576929
024575867
024575154
024570172
024563
024557502
024556539
024555835
024555045
024552350
024547171
024546769
024546185
024544
024543764
024542679
024541325
024538114
0245356
024530008
024523509
024519637
024518871qw
024518613
024517825
024517494
024516194
024513668
0245125623
024511526
024498
024492113
0244869596
024482300
024481513
0244789166
024475935
024473755
024472842
024470117123
024466434
02446602
024463485
024461
024460770
024455301
024453481
0244529
024444069
024442838
024442067
024440426
02443227969
024425770125
024413967
02441102792
02440539
024389983
024388563
024383741
024381
024379891
024378693
024377207
024374983
024374068
024372
024369
0243567155
024356038
024353889
024352634
024350372
024345326
024337157
02433677536148
024333491
024332256
024324
024313473
024311141
0243105453
02430
024292454
024289276
024285564
024284640
024281613
024280434
024278947
024275381
024273900
024272622
0242710663
02427
024266850lean
024264593
024263497
024262895
024262596
024260983
024260603
024259512
024258268
024251006
02424o
024246691
024245035
024244197
024243294
02424211
024241717
024238
024230210
024224251
024219851
024219564
024218623
024217100
024216592
024214785
024213629
024212934
024212
024206189
024203769
024203709
024202501
024201735
0241sheba
0241991
024193329
024184638
024182
024181399
024181244
024179330
024177996
024171550
024169179
024165102
024164819
024162218
024161556
02416
024158113
024157651
02415639
024154851
024153215
024151050
02413598
024132714
024129818
0241282479
024126986
024126542
024126088
024125449
024125
024123
024122451
0241211
024120
024114595
024113
024111081
024109099
024107277
024106008
024105021
024103164,bho
024102527
024100193
02410
024096187
024089
02408031
024071
02406
024043217
024026
024014
02401
02400240
023993419
02399320
023991260
023989397
023988468
023985417
023983238
023964
023956118
023953659
023950913
02394800
023945558
023945006
023942379
023935288
023934316
023933022
023928645
023920229
023917
023910953
023910100
023903
023900739
02390
023894983
023893170
023892
023891485
023882875
023882416
023881784
023880348
023870
023859839
023854489
023854063
023851973
023847842
023843
023838129
023833848
023832064
023831382
023830903
023825
023821844
023819362
023816827
023816045
023810249
023805234
023800312
023798910
023798661
023796588
023792849
023782324
023779955
023776861
023774879
023773974
023761948
023758520
023757279
023756811
023755926
023752028
023750
023749320
023748450
023746363
023743868
023737701
023737152
023732811
0237231436
023721235
023714
023708002
02370237
023698412
023696
02368487
023683070
023682298
023681320
02367510
02367136
0236541j
023654
023651141
023646149
023637
023626107
023623
023618752
023616410
023615896
023614
023607651
0236010
023592334
023588
02358
023575
023555
023551
023545ivydene
023539081
02353633
023532
0235303
023529
023510
023502053
023497
0234879A
0234851
02347732
023474452
023465696
023465
0234556
023425
023416
02340505
0233beb
02339
023381135
023376489
02337
023349
023342326
023341417
023340
02333220
023326705
0233246
023319471
023317109
023315457
023314679
023305069
023302
02330156609
023299
023291646
023290289
023288255
023287177
023276
023272
023269813
023266
0232590
0232434
02323840268mine
023236
023232035
023226251
023224248
0232212
023218
023215469
023212
023202
0231996
023197812
023194601
023189401
023182388
023181574
023178119
023173228
023168098
023166834
023164664
023162561
023160814
023157
023147200
023146
02314539A
023142340
023139
023135
023134168
02313
023128019
023127
023124
023122643
023121319
02312023
023118
023117
023114
023112893
023110751
0231020
0231000
023099
0230901
023089
023068
023058
0230502337478
0230421772
02304
023031525
023024
023022
0230209
023019
023018
023003008
02300230
023..mko
02299187205
022985
022971
022961
0229563
02295
022948724
022944504
022941139
022940
022924
022921427
0229199502
022915
022912907
022910458
02290
0228sf
022896485
022894111
02289111
022878mh
022870546
022868746
022862193
022856
022853274
022852539
022849
022838
02283413
022828
02282005
02281992
02281966
02281933
022816
022813
0228122406
0228102512
022810
022806a
02280518
022801058
0227love
022797292
022793g
022791604
022779251
022772604
0227702
022766
022765
022763110
02276
022755916
022755459
022752473
022748818
022746413
022742491
0227363
022727
02272464
022721670
02272001
02271981
022718
02270726
022699d
022669845
022663687
02265821
022657
022637835
022625
022622
02262002
02261983
022619
022610
022608577
02260801
022602RS
02260102
0225jordan
022592671
022589k
022587539
0225791
022560
022558
022556853
022551366
022550373
022547062
0225434
022541
022536333
0225295
022527606
0225221143
0225220
02251981
02251977
02251961
022517303
022516
022513304
0225110
022508565
0225040
0224jo
02249929
022497098
022495Ariz
022494093
0224912534
022486781
022485555
022484668
0224827
02248
022476178
02247
022463279
022461652
022458
022457
022454280
022448
02243639959
0224360
02243214
022431168
022427
022423
02242003
02241996celineq
02241980
02241967
0224188291
022418064
022417424
0224151
022412POLO
022412439
022410694
022404036
022401947
0223jc
0223ab
022392von
022384jv
022378542
02237
022366418
022360888
022356508
022350
022343
022340317
022338232469
0223346
022333318
022331321
02232000
02231969
0223177pr
0223135546
0223088
02230818
0223056
0223010
0222hoy
022285ar
022282bwh
02228
02226
022258
022251221
022248
022244420
02224069
022237007560
022234713
022226
022223
022221424
02222007
02222004
02221994
02221982
022218316
022213840
022210450
02220323
0221rea
0221989
0221981
0221905
02218907
0221812122008
022180508ger
022168
022161
0221602482
02215998
022159
022153787
022148
022145
022141914
022141289
0221366859
022132
022131696
022128686
022128001
022126918
022125233
022123306&064064469
022123084
02212008
02211992
02211981
02211977
02211965
022117119
022110710
022110190
0221008
0220nis
022094637070
02209318
022090k
022086nd
022084c
02208098
022071
02204391
022038
022035
022032
0220301
022027000
0220251
02202008
0220198516969962
02201974
02201963
02201130
02201
02200702
021renu
021jpy
0219jc
02199493364
021990ka
0219899
02198511
0219779652
021955
021953
021946089
021941
02192966
02192327
02192004
02191997
02191985
02191972
02191943
021912
0219088474
02190128690057
0218y2k6
021898b
021889j
0218781625
02187235
021865
021858
02185493
02185
021835
021829280
0218209832
02182003
02181999
02181979
02181975
02181218
02180812
0217lvl
0217ann
02178067
021762
02176
021750899
021744
0217402174
021737715
02172626
021722
02172006
02172003
02172
02171982
02171968
021713
021711
02170
0216jay
02169G
021693j
021692j
021691s
021690a
021680j
02167883
02166120
0216597
021655
021650
021639
021634
0216318566
021629
02162000
02161999
02161983
021616
02161
021607nyi
02160020
0216
0215ed74
02159357earth
02159
021587aw!
0215866844
021581kf
021575p
021564058
021559
0215554446
0215535087
021551
021548
0215425
021541
0215354
021528105
02152113
02152008
02151994
02151980
02151972
0215104
02150921
02150619ry
02150262459
02150113
0214rl
0214jk
0214amor67
0214972
0214890
0214866639
0214795863
0214789
021467010
021462036
021455
0214519
021445
021439
021432
02142829
021420123
02141999
02141973
02141957
0214165700
0214112016
02140910
021405tr
021405f
0214041992
02140355
02140
0213gago
0213ar
02139500
0213902448
021385eb
021368
0213642
021362jb
0213546
02135
021348
0213412
02133751781
021333
021330
02132854
0213231308
02132003
02131983
0213196839
02131521
021311257888
021307b
02130418
0213001
0212mae
0212989
02129753
021293t
021292mga
021288js
021287kn
02128614887
021275599
0212660830
02126294687
021261
021257
021249
021247
021243
021236547
0212361606
0212327488
02123210255
02123123125
02122989
02122537
02122520
02122517
021222c
02122001
02121989trb
02121986m
02121968
02121955
0212160880
0212146050
0212141480
02121317
02120g
02120591
021201k
021199dlb
021196ap
021188a
0211868873
0211767586
0211699503
0211654
021153
0211514
021150
0211498973
021144
02114
0211388073
0211323
02113
021127sa
02112602
02112550
02112535
02112520
02112508
02112009
02111972
02111968
0211172900
021117
021112trixie
0211062533
02110310
0210995
0210951
021091g
021091N
021089d
021083596366
0210827
0210696
02106459
0210610081
0210601137
0210559646
021050
021045dad
021039
0210366907
0210326510
0210311
02102740921teahu
02102661618
0210253515
02102515288
02102413585
02102370772
0210231988
02102275399
02102253724
0210199
02101972
02101964
0210180
021012179
0210073
021005devon
0210041983
0210011
021
020994t
0209911
02098106
02098020
020962
020951
020942
020938
02093415
02092526
02092504
02091993loiraPt
02091967
02091959
02090608
0208me
0208aa
02089834208
020893f
020891neptali
020890duarte
0208856
02088400
02088123
02088000
02086894065
02086681638
02086512791
020861
02085944395
020856
0208537
020853
0208484
02084014
02083788
020836
02082953637
02082533
02082517
0208200402082004
02081970
02081959
02081011
020807ag
02080406
0207twins
0207am
020791j
02079
02078888
0207875
0207803612
0207753554
020754
0207512
0207509082
0207503434
02075
020747
020743
020736428
0207338858
020729558
02072540
02072534
0207215
02072009
02072
02071976
02071965
02071961
020717
020714
020713
0207088
020701m
02070186
02070109
0206fukamari
0206cd
02069611
020690a
02068818
020683jsm
020657
020651
020649600
020646
020644
02063942
02062540
02062511
02062207
02061988lj
02061971
02061945
02061940
0206105102061051
02060707
0206060644
0206026
02060207
0205me031038
0205dd
0205baby
020592a
020590mil
0205807355
020559
02055191090
02055
020544
020541
0205318
02052516
02051993mjap
02051962
02051958
020510Eja
0205092
02050777
02050110
0204love
0204993d
0204926
020491061008
020489020489
02048672
02045524
020453
0204469
020442
02042818
02042538
020425357914755
02042497
02042003
02041999
02041967
02041962
020417890964
02041226
02041
020407ce
02040782
0204060800
02040508
02040315
0204000
0203cl
020394s
020388love
0203719
0203629
020352
02032523
02032001
02031993Paige
02031985yl
02031956
02031410
02031216
0203111226
0203100291
020308lj
020307j
02030524
02030225
020301314161
0203000
0202ss
0202km
0202bh
0202994
020296c
020294star
02029407
0202914
020287amb
020281300804
020254
0202500
020239
0202253ss
02022516
02022511
02022002824
02021956
0202193
02021612
0202123
02021129
02021014
02020909
02020610
020204a
020202xp7
02020207
020202010101
0201lx
0201988
020191at
0201891
02016891
020165
020162
020160
020154
0201510
02014020
020139
020126
02012530_paweena
02012520
020122
02012001
02011996alex
02011968
02011965
02011955
0201178
020113
020112
02010304
020100348
0200brian
0200931996
020084
0200785
020077
020071
020056
02005
0200407
020039
020029
020022me
0200193
020018
0200128
0200075
02000300
02000100
02000
02/28/94
02/12/98
02/10/87
02/09/90
02/06/92
02/05/87
02/03/94
02.07.95
02.04.1993
02.010
02-fev-1967
02-532-2255
02-28-98
02-10-1985eusim
02-06-1993
01yz250
01yellow
01xxii06
01wife
01viper
01trent
01tony
01to01
01thunder
01sweet
01superstar
01sunfire
01so773
01sniper
01sentra
01sassy
01s5056
01rocks
01r07c03y
01q1qqq0
01princess01
01poppy
01pooh
01play
01pimplady
01paola
01p01f06
01okt86
01octubre95
01nubria
01nov197
01nomore
01night02
01nasir
01morphy*
01mint02
01mike
01merlin
01mazda
01manu
01lovers
01love10
01love01
01liverpool01
01linda
01legolas
01kori
01kf250
01junho
01jonara
01jessie
01jan92
01jan493
01jake
01is300
01i01i84
01honey
01haha
01galant
01frank
01ford
01febrero
01er774
01enero1920
01emily
01dukes
01demayo
01dec84
01dagc
01d23169
01cuervo
01cricket
01cougar
01colombia
01chm93
01cheese
01candy
01c12504
01bubbles
01brat
01blazer
01bhie01
01bear
01band
01babytink
01babdsf
01ariel
01antonio
01amelia
01alex
01accent
01_wasps_01
01_aqua
01PIMP
01JACOBB
01FLUFFY
01Calif08
0199999999
0199960510
0199929
019990030
019986874
019983990
0199792729
019976670
019973
0199655814
019962772
0199568250
0199495659
0199375093
019933
019925
019923
019918
0199163984
019912
0199079008
019906741
0199043091
0198991231
0198932857
0198867546
0198861272
0198847984
0198812
0198793934
0198733207
019872
0198638403
019862
0198603802
0198571924
0198561242
019853416
019851165
0198466475
019843452
0198410092
019840878
0198397464
019835
0198303240
0198232303
019818696
019815156
0198109773
0198089050
0198052829
019805
019800
019789a
019779
019772
01976UI
019769510
019762717
019757
019753167
0197503380
019747
019743633
0197348625
019729539
0197180542
019715971
0197115967
0197083
019704
0197019
01970
0196948350
019693217
0196827371
019680
019677724
01967
019666
019661323
01965392622
019649994
019641125
0196362
019632691
019631303
01963
019620
0196119829
0196104
019603
019590
0195885429
019579
01957
019566441
019562380
0195561294
0195521415
0195504425
019547
019541653
01954
019536474
019536
0195348
019530
01952594410
0195201971
019515
019510
019502669
0195
01949861877chloe
019497
019496
019483807
019481888
01947705
019470
0194536104
019443906
0194380629
019432875
0194149940
019413
0194085419
019399442
019383841286
019375
0193657930
019360
01935434905
019352893
01934514196
019343
019337663
0193346
019326
019312
019309072
0193043395
019301132
019299
019291150
019288781
019284732
019282
019269874
019263
019247941
019246209
0192387622
019231
019226607
019223641
01922
019212
0192103193
019207194
019206
019202633
019201
01920
0191919
0191837562
019177851
019174617
01917277294
01917
019165271
019161
019156
0191503g
0191442
01914
01913452
019129084
01912367426
0191209640
01912
019117
019114
019110194
019108
0191
019094959
019087
019080
019070
01906765
019060630
019055607
01905351923
0190500
019044507
019035
019031
019029
019022
01901770
019008491234
019006894
0190
018999
018998105
0189886896
018981641
0189760696
018967556
018966
0189566731
018949562
018943
018929763
018922
018920
018916533
018910
01890781033
018899
018895460
018890
0188869441
018882510
018874883
018869
018865425
018865
018859397
018855781
018840606
018833256
018826700
018819
0188183688ABla
018811625
018808630
018800
018797288
01879503
018781160
018776181
0187757
018768306
018762
018759562
01875
0187261593
018712718
018706048620
018701
018696
0186750063
0186698150
01865747689
01865450153
01864eli
018626
018620
018604952
018601
018592687
0185881530
0185840888
018581876
018571
018565641
018563320
0185570961
0185523
018550
0185486
0185438485
0185323992
0185287945123
018521
018514397
018497022
0184940
018484997
018474095
0184648186
018458
0184404
018436854
01843
018427
018423
0184199480
018400423
018400
0183961792470181
018392459
0183803342
018375762
018374296
0183649037
018347
018340
0183356359
018331
018327
0183213035
0183108636hema
01831
018300554
0182993310
018298412
018288
018282361
0182782933
018266463
018264520
0182601861
018250
0182461176
018237349
01823338638
018230
018229564
018228147
0182267286doaa
018215942
0182137208
018209
018206351
018205
0182002922
0181998
0181986
018185405
018182259
018178451
018171
0181662288
018165291
0181561150
0181519181
018150
0181461155
0181412053
0181385303
0181355866
018134
018132230
0181269345.hero
018119950
018110
0181033589
018100
018086660
018077389
018074136
018073
018064591
0180627366
018045042
018031411
01802e
018029
018026
018020519
018019
018012
018007
0180002110001121
0180
017ayan
017986
017979
0179759019
0179728906
017967559
017966184
017963520
017963133010
0179616050
017957
0179545456
017952
017945745
017942961
017941851
01794
01793495506
0179326912
0179262428
0179241295
01792222
0179207216
0179133702
0179106742
01791
0179002077
017898354
017898
0178906148
017890
017886263
017882806
017881366
017866499
0178626106
017856
0178502611
017849
0178369
017834464
017832
01782code
017828245
01782
017818915
017815822
017809978
017806
0177953827
0177882619
0177878
017785274
017780
017777167
0177710788
017768712
017767996
017767
0177618032
017751698
017744327
017742451
0177415933
017739610
01773831795
017737382
017730279
017728
017725
0177159085
017707
017703981
017701
0176vb
01769641
0176931001
017690866
01768horse
017683
0176822745
0176797675
0176726654
0176676462
0176615142
017659
017652
0176436814
0176363512
0176329319
0176295754
0176275799
0176174341
0176084034
017606
0176018278
0175988355
017596
01759152as
0175887398
017586850
0175838820
017574288
0175703696
017568
017567372
017563732
0175633129
017559
0175582834
017556045
0175548689
0175537586
0175501312
017548522
0175434581
0175428434
01753863389
017535
0175310
0175263595
01752228053
017520
017517
017515849
017513
01751
017505
017500411
0175
017499522
01749679261
0174959146
01749439177
0174931442
0174898272
017489150095
0174871215
0174804266
0174779195
017471
017468564
017467070
017465523
0174560844
017455169
017451496
0174492573
0174455475
017444270
0174404147
0174311901
0174285405
017426894
0174238042
0174194065
0174180671
0174170449
017415894
017415
0174133735
0174106030
0174063371
0174046
0174030339
0174013130
017394
0173874778
017382
0173808675
01737700
01736562205mama
017345351
0173429182
0173404750
017340
017337817
0173329328
017330395
017329
0173251127
0173220026
017320052
017308402
017308215
0173007224
017299
0172939291
01728babe
0172870522
0172839465
0172824431
01728146693
0172800910
017276436
0172732467
017272055
017269693
0172676799
01726666866
017260
0172598058
017258
017253561
0172513096
01724825202
0172426350
0172425
017240260
0172379706
017233359
017231550
0172269431
01722504
01722412057
017220764
017215
017212
0172086602
0172056118
017202
01720
017198220
01719295892
017187668
01718285453
017181
017176802
01717518764
017174071
017169769
017167049
01716
017151919
0171474705
0171438
017142
017131568
017128164
017125272
017122278
017120995
017120
01711973677
0171165807
017114
017110
017109801
01710482083
01710171
017100
017093661
0170890
0170849
01707
017060412
017055979
017034854
0170260
017024
017017532
017013
017001550
016va016
016fiza
0169pn
0169977120
0169929990
0169912335
01698349899
016981794
0169788371
0169771066
016968560
0169569934
016952
016944358
0169420
0169394668
0169386T
016934565
016928
0169201259
0169179221
016916525
016910453
016905774
0169027848
0169013879
01690
01689842387
0168974956
0168968054
0168964514
0168956750
016894210
0168939088
016891a
01689
0168877690
0168850531
0168847043
0168836792
0168826224
01688
0168762048
016875587
016873
0168718536
01686home
0168677725
0168666
0168652594
0168629757
0168619680
016859604
01685522752
016855
0168541298
0168533637
0168501910
01684893156
0168456451
0168420713
0168417031
0168413083
016838418
01683737222
0168357093
0168351
016827042
0168259447
016825586
0168244191
0168223073
0168212582
0168211378
016818423
016813621
016809352
0168080542
016806
0168034949
016801121
0168010523
0168001275
016798
0167952799
0167914435
016791
016781282
0167796776
016776047
0167700486
01676664755
0167612274
016758
0167554834
0167530201
016748
016744
0167375501
016733022
0167319293
016731014
01672601
016724703
016722
016718053
0167102651
0167083572
0167070781
016702109
0167015482
0166980735
01669479712169
0166897782
016687528
0166860746
0166821603
016679
016677
01667493200
0166689558
016666
016665975
016663915
016656069
0166545277
0166526428
016650784
016650261
016646
016641728
016639855m
016628
016625224
016623659
0166206698
01661832113
0166167453
016613162
0166121049
0166111526
0166069430
0166051512
0166010989
0166002481
016598724
0165972255
0165957338
016592226
0165902099
0165894918
016589
0165887014
016587009
0165855096
0165803103
016577173
0165751959
016572828
016572
0165662301
0165646009
016561
016560530
0165581643
016555429
016555
0165474062
0165464134
016544
0165427451
016541391
0165407811
016539775
0165388910
0165386654
016538
016534871
0165346126
0165329290
0165318642
01653
016527950
0165253909
0165191301
016519
0165170171
0165150817
016512806
01651109377
0165107
0165074077
0165056273
016505100
0165047890
0165032439
0165012353
016494388
0164922702
016489196
016488177
0164866251
016485
016482128
016475
0164729772
016469741
0164679708
016467
0164657408
0164654681
0164628
0164584363
0164575661
0164562019
016454769
0164520562
016449
016445379
016444
016440855
0164376K
0164357944
0164356299
0164352
016434700
016431939
01642846285
0164270960
016420601
0164151006
016410184
0164088682
016407
0164057403
0164005939
0163985828
0163945888
0163920042
0163901952
016388
0163856908
016379
0163723280
0163709556
016369
0163673448
0163656582
016364545
016360
0163592712
016356164a
0163541788
0163464034
016344
0163423528
01634022212
01634
0163347374
0163318030
0163313250
016330065300
0163277548
016324362
016323764
016322874
0163199555
016317990
0163178
016315808
0163135385
016311
0163079084
016304
016301
01629825362
0162938667
016292
01628850480
0162881431
0162874741
016284503
0162785520
0162747928
016274
0162715953
01627
016266933
016263762
0162570832
0162561613
0162545938
0162525
016250517
016246
0162415
0162384703
01623766201
016236495
0162353239
01623449489
0162315468
0162304456
016229
016227675
016226502
016224
0162200851
0162186677
016217405
016216
016212166
016209201
016208
016205
01620189
01620162
016201
016199771
01619801960
016188
0161856164
016176
016173708
016170
016165
01616336889
0161613748
016161079
016159702
016158037
016153503
016148
0161464884
016145661
016140559
0161356252
01613441236LOZZ
016132987
01613129
0161227518
016120
0161153609
0161101271
0161075341
016102189123456
016101
0160991
016093
01609
0160886
016072130
016067617p
016064843
016061521
016058540
016055
01605102532
016049
016044318
01604235Do!
016040
016039924
016034819
016032
016027
016025032
016022
016010268
016008
016000
015peewee00
015994
015993
015990321
0159875321
01598741
015986212
015982593
015981503
015979
015978
015975375
01597532486
01597532
01597530123
015974679
015972579
015972056
015964
015962
015960
015954443
015951223
01594842252
015946
015941834
015936844
015936
01593570
015932
0159259357159654
015922530fha
0159159
01591
015906
015900321
015896107
015890
015886
015883
015876204
015863
015859
015858
015852399
01584874337
015844102
015836943
015832215
015832047
015824611
015821
0158192
015816
015812566
015809296
015805026
015802744
0158021
0157h7
0157977
01579530
01579485642
0157910
015789
015784
015781156
015764
015762
015754562
015753655
015749
01574
0157369868
015726488
01571395123
015712567
015706033
015704954
015701593
0156MYA
015689835
0156789
015677518
015676466
015675162
015673007
015671998
015669845
015666991
015666162
015662067
015656538
015653354
015639115
015635
015632
015628
015623388
015621233_
015617754
015611
0156080072
01560156
015599041
015595
015582
015579
015575320
015571298
015563836
015560
015549360
015544736
015530162
015526904
015522595
01552
015517298
015513
015511381
01551
015506
015504224
015500760
0154994
015498
015489
0154878b
015484710
015479
015470119
015466484
01546445056
015463728
015459267
015457576
015455
015449197
015444090
0154394
015438
015434494
015431
01542532
015424768
015423659
015421
01542
015416205
015414216
015405545
01540
015399
015394
015392344
015388
0153815
015369
01536398170
015363470
015363
01536241254
01536
015355
015349732
015349
0153467982
015346248
015342401
015338707
0153357
0153248
015318
01531
015309
015307
015304646
015303
015301746
01530134
015287
01528
015271
015259
01524771
015245611
015242
015224
01522
015210
015202
0151rb
015197
015194
015190
015185
015182
015167
015156
015150
0151441
015138
015132971tommy
015123457
015109
015101
015093600
015082
015077
0150761b
01507
01506636731
01506434286
015051
015048
015035
015028
015021
01501cayo
01501770092
0150134
015013
015012
01500150
015
014joy014779
014f22
0149love
014994638
014990
01498412
014976442
014974713
014967
014958738
014953804
0149522oo17
01494862
014948003
014941799
014939778
01493745581
014933491gg
01493
0149290
014921859
014915498
014912
014909953
014906892
01490149
014900
014896804
014896024
014893346
0148929293
01489
014886564
0148843554
0148802652
0148767976
01487157
0148711073
0148636589
014863
014861502015-0
0148601035
0148584074
0148545602
01485123
0148505060795
01485
0148469813
014846
0148422816
014837
014835
0148321
014830552
014830275
01483
014824715
014815
01481276197
0148071095
0148044248
0148008561
0147triple
0147899
01478963258
01478963250
0147895623
014789+
0147861
014785296
01478523690
01478520cr
01478520a
0147789
0147657890
014760407122
014752825
014752
01475050
01474708096
0147456
014741230
014737856
01473434841
014732449
0147310758
014728939
01472369
014722
014714
0147123
014709317
0147058
014702
01470123
014699
014694
0146909079
0146891109
014687329
014685
014682579
014680
0146785601
0146737612
0146709858
014661311
014656
0146553739
0146541810
0146529398
014652
014650
0146441143
0146415
01463790045
0146268068
0146170764
0146091122
014605
014601
0146005651
014592514
0145920aa
0145897
014585812
01458445864
014581826
014579
014578
014575
014569120
0145645987
014563581
014563.
014562127
0145612789
0145584934
014556
01455444783
0145507020058
014545
014544
0145407874
014533800
014530483
014528366
014526
014525207
0145236
014519604
014515771
014514
014506
014500
014498596
014496
014491
014485433
014481221
014475771ptr
014471
0144690
014460051
014453
014440219
01443rsd
014435679
01443434009
01442300343
014421442
014416120
014412959
014402789
014399554
014393982
014391845
014379175
014375492
014373
0143711400
014370533
014365165
014361
0143575789
014355700
0143526764
014350
014340454
014337995
0143329417
014329005
014326
01432359026
0143223618
01432
014319
0143177730
014315
014310
0143072307
0143039637
014300503
014291433
014288
014277389
01427612501
014275548
0142701821
014264292
0142612823
014257909
014256717
014256
0142538
0142512
0142478747
0142445201
0142427291
0142411416
014239247
0142356
0142314828
0142298579
0142265866
014210
0141981
014186
0141717
0141662
01415851618
014156789
014153979
0141525993
014145
014135572
014126
014123
014121
014120027
014110
0141
01408736
014083477
014076
014070525
01407
014069126
014067
01406
014057730
014055
014049672
014044663
01403270
014030380
014029
014022464
014021
014019
014013960
0140125
014010637
01401015
014007837
014003
013three*hearts$
013kid
013cute
013bitch
013_jj
013997017
0139932180
013989943
013988812
0139858460
013979
013976522
013974268
013972076
0139705090
013968299
013962
013954948
0139542223
0139463870
0139443178
013942
0139359543
013932635
013932
0139294601
0139267
013921450
0139196806
013913
013904
013901173
0139008202
013899
0138963329
0138935131
013890224
013888
0138768979
013875510
0138744
0138726577
013870
013866510
013860644
013860
013858971
0138565026
013854145
0138522106
0138497
0138459600
013842526ary
0138381298
013832623
013828942
013821950
0138196178
0138103187
01380138
0138000751
013795887
013791400
013785s
013780601
0137700
0137674747
01375480005
01375
013739748
013727432
013724296
013722
013716184
013716
0137097591
0137053375
013703134
013698
013695
013691043
013689949
013687
013675463
0136699566
013668390
013664838
013654594
013652920
013644350
013643
01364
013634871
013634113
013625
013622914
0136145308
013610035
013602711
013600
0136
013597
013590
013589
013579g
0135779767
013571138
013569
013567377
0135628876
013559
013555
0135447485
013543
0135425390
0135413142
013538551
013527
0135227482
013516741
013512446
013510
013500
013489697
0134869936
0134851376
013483317
013478
0134705
01346790
01346516112
013465
013462
013461049
0134593103
0134578
013452650
013449
013442108
013440635
013436219
0134344470
013434149
013430308
013428339
0134237
013420
013418
013416405
013414
013412263
0134089966
013407846
013406454
013405
0133ILU
0133988
013393
0133790
013372
013369
013366368
013360
013353455
0133510614
013350598
013346043
0133402
013330
01332574563
013323
013311
013308929
0133059
013301
01329354575deus
013286
0132846579
0132835216
013282172
01327
0132656183
01326341146
01325863974
013255
013253
013250
01324825712
0132460617
013243
013232
013229866
013225350
01322342169
013222
01322
01321005
0132023
013200
0131999
0131990
0131982
013187j!
013178351
01316a
013166
013163
0131623
01316
013159
0131524063
013149
01314776199
013147270
013140038
013137
01313331051
013130
013129
013128402
013124
013121
01312001
01311975
01311955
013114789
01311020
01310723
0131040
0131007
01309558
013092000
013090861
013088b
013088336
013085d
013084982
013081841
013076964
01306969
013065
013061140
013057507
013057
013050442
01305
013046
013038
013036
013027358
013027
013025
01302006
01302000
01301985
013019103
01301234200
01301
01300727
013004834
012x6p/hkp
012three
012nona010ahmed
012john
012diva
012boy
012babi@
0129little1103
0129hwhw
0129baby
012997885
012993368
012991j
012989168
0129867451
012984298
012982886
0129784869
0129714890
012969398
01296918265
012967062
0129650363
0129644128
0129617087
01296
0129598746
0129593425
012955048
012951
0129466361
012945423
0129445077
012944
0129419965
012941724
012941162
012941
012940
012938
01293775046
012936
0129332884
0129295971
012928134
0129271505
0129256563
01292443620
012922
01292056245
01292003
01291999
01291979a
01291972
01291970
012919061
0129189632
0129172691
0129161565
012915439
012914917
012914364
012914
0129113
0129091904
012906love
0129054605
012903219
012901991
0129
0128love
0128993791
0128987149
0128980
0128977299
012892786
012892214
012890038
012888t
0128862633
012885527
0128848891
012884029
0128820417
0128808191
012880080
01288
0128781159
0128779750
012873412
01287121719922006
012871004448ari
0128703231
0128693393
012868ki
0128671158
0128624747
0128616612
0128594
0128570263
012853764
0128520
0128503525
0128493175
012848789
0128474458
012845896
012844074
0128406007
012840026
012838448
0128377399
0128366630
012835425
012835
0128323
0128318621
0128310501
012830532
0128294488
01282843610
012828
012827255
012826
01282532
01282449779
0128238736
0128232831
012820672
01282002
01281999
01281996
01281989O
01281981
01281973
01281958
012816
0128141806
0128106710
012807jrjoy
0128066098+--+
012800@aly
01280
0127983345
012796367
0127936060
012790c
012789683456
01278901596
0127884021hon
0127861151
012784453
0127809221
0127781479
012778034kimlong
0127745456
0127718603
0127685087876
0127669320
0127658432
0127644385heba00
012763329
0127627153
012760
0127582664
012756759
012755495
0127553345
0127552041
012754
0127532517
0127529895
0127509060
0127507221
0127494321
01274661483
01274504611
01274426158
012744
012740637
01274
0127394810
0127371313
012735167
0127340140
0127315499
0127303197
0127299765
0127274532
0127250438
012724650
0127223556
012721699_k
01272002
01271983
01271967
0127160415
0127159882
0127137883
0127131328
01271221
0127106007
0127100206
0127090798
0127082599
0127060675
0127044057
0127009132
012700077
0126991860
0126987
01269825
01269694683924050
0126950666
0126939054
0126911819
012689a
0126873421
0126868997
01268422400121291959
0126823237
0126814344
0126795821
012678005
0126725535
0126723196
0126709315
012667352
0126663513als
012662
0126583713
012657
012654
0126507514
0126494042
0126465108
012645883
0126443357
0126434477
012642
0126402757
012639269
0126364870
012635523
012634922
0126338799
012633
012632
0126316364
0126274255
012627
0126244
0126206440
01262005
01262002
01261996
0126196276
01261932
012618
012617
0126135358
012612600
012611
0126101145
0126081706
012607f
01260607
012605jose
01260538
01260301575
01260226
012600338
0125ky1
012599345
012597573
0125962029
012594linda
012593m
0125929041
01258963
0125874998
012586r4972
01258519
0125846132
0125836096
0125822562
0125799078
0125774628
0125754104
0125735911
01256987
0125698
0125694897
01256789
0125656158
01256470184
012564050
01256388
012562455
0125610039
0125605205
012559
0125585476
012556
0125535937
0125524403
01255210
0125499523
012549213
0125487053
012548573
0125478875
0125467606
0125447879
01254386380
012541616012545
0125383227
0125376789
0125364989
0125351735
0125346
012534584
0125337417
01253316702007
0125305114
0125302718
0125292750
0125284957
0125270++
01252522928
01252510
0125238616
012523491602
0125232720
0125216277
0125207530
0125201854
01252003
01251997
01251981
01251977
01251974
01251967
0125180
0125161773     hpl]
0125157337
01251488366666
0125139922
0125131193
01251203
0125115675
012511003
012510996
01251022
012510048
0125094718
012506935
0125046222
0125033
0125018054
01250126
0124rj
0124987613
0124972434
0124966547
012494k
0124949183
0124940535
012491reyes
012490j
012489m
012489a
0124893324
0124882310
0124870
01248651891
0124853236
0124840696
0124825129
012481691
012480m
0124752245
0124750
0124736503
0124718148
0124712179
0124700906
0124698966
0124688154
01246810
0124647408
01246446042
0124626395
012462438888
0124617409
0124615396
0124599098*
0124587302
01245789630
01245781
0124575844
01245693
0124560204
0124552523
0124545606
01245221
012451
0124501245
0124481492
0124479874
0124477198
012447001515
0124458834
01244546457
012443
0124415562
0124409234
0124401073
012439
0124369952000
012435
0124341145
0124337279teto
0124323917
0124311315
0124274814
0124264370
0124261361
01242501
0124226245
0124208749
01241980
01241977
0124192064
0124177766
012415mitch
0124151581
012415
0124144503
0124138314
012413690
012413
01241220
0124116162
0124103090
01241027
01240925
0124086386
0124066821
0124059166
012405657
0124048131
0124041426
0124033842
0124029720
01240178
0124014414
0124010368
0124006922
0124003356
0123go
0123div0123
012399a
0123981020
0123973674
01239654
0123945687
0123939768
0123922457
01239157
012389a
0123890534
012388nicole
0123864639
012385426
0123852
0123840275
0123832314
0123824215
0123795150
01237894
0123782502
0123770704
012375756
0123753
0123738769
0123716290
0123705226
012370316191
01236953580
0123677812
0123672908
0123662994
012365477
012365230
0123632285
01236177
0123613791
0123609601
0123601236
0123598011
0123589
0123585274
01235813
01235775622
0123569
012356079258
012355388
012354vico
0123527704
0123517531
0123506430
01234s
01234j
01234955
012348901
01234756
0123469190
012346789
0123464542
012345_6
0123459876
01234579
0123456t
0123456k
0123456c
01234567a
0123456789z
0123456789r
0123456789orana
0123456789alex
012345678963
01234567891
0123456789/*-
0123456789*-
01234567889
012345666
01234560000
0123456.
0123454
01234520
012345071
012345*
0123443210
012343210
012342425
0123407034
012339
0123380995
0123379427
0123369
012335
01233421666
0123340132123456
01233283
0123325124
0123310732
0123301212
0123291
01232625
01232581627
012325654
01232525
0123248294
01232345656
012322502200
012321694
01232005
01231986ks
01231974
01231970d
01231957
012318557
012318
0123166546
01231507
0123141426
0123123201
0123110581
0123105467
01230jn
0123093898
01230789
01230587
01230456070
0123023363
0123014423
0123012301
012301210
0123004387
0122love
0122beau
0122999153
0122978204
0122964235
012295227
0122941721
012291c
0122891065
01228624
0122859353
0122826266
0122817341
0122782533
0122767157
0122753628
0122749
0122729023
0122718711
0122696434
0122682508
0122656066
0122654863
012265
0122627374
0122587488
0122578925
0122574838
012257
0122557400
0122537067
0122525444
0122524028
0122512359
012249527
0122488
012248
01224714173
01224621845
0122453913
012245
01224406306
01224314483
0122420878
0122401224
0122387729
012237
01223607092
012235
0122345
0122340880
01223334444
0122328326
0122322771
012232
0122299019
0122293609
0122262412
0122232500
012222222
0122219427
01221994
01221977
01221974
01221705
012216
0122132685
0122123125
0122120
0122114588
012210476
01220813
012201ks
0121katy
0121du1
0121992604
0121987
012195T
012193sg
0121906016
0121894545
0121883952
0121856207
012183nr
01218269650
012181*2007
0121793519
01217473162
01217
0121660840
0121644
012161
0121599226
01215861
012157
0121564285
0121545996
01215301260
0121502141
0121491220
012146
01214408160
0121437
0121397988
0121365988
0121309754
0121302039
0121279703
0121278222
0121269
0121267208
01212533
01212488
0121237606
01212225
01212198
0121210360
01212008
01211998
01211985
01211981
01211979
01211973
012119
012116940
0121151364
0121149
0121120771
0121112
0121102826
01210975
0121094269
0121055537
012104220521
0121029
0121020991
0121008478
0120985
012093k
01209097979
0120899
01208833
012084a
0120816245
0120766612
012075020
0120745325
0120730270
012071a
012071
0120692
012067
0120657k
0120631470
012062232
012061
0120596954
0120558260
0120557050
0120537
012053
01205
0120464692
0120449h
0120442949
0120415339
012040
0120378343
012036
012032
0120302689
01202mic
0120274
012025078782
01202123
01202007cc
01201999c
01201980r
01201976
01201969
0120189
012016mint
01201585
012015088
0120138
0120124021855
01201230
0120100
012008024
012+3967720
011RUNIT
0119gl
011999493
01199110
011989a
011988897
01198420
011979803
011975818
011973025
011970185ausa
011964
0119613629714
011957715
011957
011950649
011947272
01194408
011936038
011931344
011928296
011924
011920948
01192002
01191979
011918801
011915
0119120044
01190301
0118jbpp
01189sa
011899522
011895777
0118935555
0118862179
011877967
011870
011868230
011865013
011864
011862681
011858
0118550533
011849524
0118487569
011840
011839
01182807
01182004
01181994
01181985
01181974
011818
011817
011814
011812229
011810
0118083
011807231
011805go
011805784
011802619
0117lex
011794151
01178940
011783l
01178
01177022
01177
011766278
011765
011764
011759
011754354
011752
011742657
011737899
011732541
011730
011721
01172006
011720
01171975
011715
011711
01170123
01170
0116marlene
0116best
011689c
011685g
011680g
0116760h0nua
0116693
01166100
0116541603
011647
011629
01162516
011624
01162009
01162000
01161978
01161971
011619073
011613
0116106
011607gr
01160
011592he
01158
0115787
011571
011569
011553
0115487
011538
011533
011529
0115255
011525222
0115239940
01152000
01151979
01151977
01151971
01151968
01151965
011512
0115109
011509g
01150505
011503-0238
0114mommieslilgurl
0114967857
011493t
011487h
0114753218514
011463
0114577
0114545878
01145
011439
0114354745
0114341601
011429
011426htriber
01142402720
011421jab
01142
01141998
01141994tg
01141974
01141957
01141520080109
01141105
0114108
0114100100
011409olyn
0114074
01140504
011400lining
01140
0113hotthing
011393m
011392j
01139
0113869
01138101
0113676237
01136
011351b
01134gb
0113467
011345
011343
01132829664
011326
011322
01132
01131998
01131982
01131975
01131520
01131275246
01130306
0113010126025
0112994707
0112901313
01128812
011281bad
0112731939
0112699509
0112608520
011254
011250prim
011248
011242797
0112409093
011239
011236546
0112329
011231349
0112290173
0112261330
01122569
01122546
01122526
0112236
011219821
01121950
011218647
011216
011215
0112111
01121015j
011204h
0112028547
0112013
0112
0111aa
0111976
011193lc
0111927
0111903469
011187597
011184557
011173485
011166
011153
01115
011146
011143
011140
011138
01112830
01112505
01111997
01111968
01111959
011116
01111110
0111071906
01110207EnH
01110100
01110011
0111
011098a
011090a
0110893
011087VT
011064ja
011055840
01105
0110410
011039
01103
01102806
01102538
01102518
01102515
01102485
0110218
01101c
01101967
01101964
01101951
01101940
0110151825
0110125372273
0110120830
01101101
01100780
01100309
01100
010m4430
010allday
0109jc
0109discua
010998a
010996s
0109958648
010995674
0109938676
010991073
010989p
0109894
0109890
0109862
010984gordon
01097970905
0109786131
0109778681
0109725404
0109722558
0109703508
010966311
0109638749
0109621615
0109600301
010958261
0109561668
01095515
010953
0109500463
0109495955
010948
0109438226
0109429632ahmed
0109412450
0109393400
010939
0109360071
0109322551
010930650
010928
01092704912
0109262067
01092551
01092538
0109250866
0109249
0109245824
010922672
01092222
0109219077
0109201881
0109199
01091986green
01091983u
01091971
01091965
01091954
0109189714
0109145387m
010911
010909473
010907bloved
0109071
0109047070
0109030082
0109021457
0109009948
0108gi
010898201
0108960258
01089
0108887
0108825
010879s
0108752
0108698
01086918088
01086889214
0108674284
0108636431
01085943
0108585345
0108570228
010855
010853
010851648
010849991
010847
0108464471
0108440184
010840232
01084
01083605
0108335
010832302
010831194
0108300614
010828098
0108255112
01082550
01082541
01082519
01082516
0108226424
01082203
0108214561
0108202624
01082002
01081999
01081970
01081947a
010817453
0108154355
01081315775
01080801
0108065688
010805m
010804z
0108025231
0108019128
01080143
010800853
010797cv
0107974143
0107959550
0107924352
01079119602435yb
010790257
01078915
010788dj
0107880218
01078728
010786873
01078200816130
0107788990
0107777777
010772145
0107712839
01077
010769174
0107657799
0107633735
010762274
01076055
01076
010758
0107557588
0107533899
010750
0107478923
010746192
0107453483
0107433308
0107387645
0107376652
010737
0107332151
0107309944
0107287075
01072738546012
010726821
01072617
01072537
01072518
0107227445
0107210963
01072004
01071999
01071971
01071965
01071959
01071916
010718
0107173
0107170583
0107153704
01071329
0107130746
0107115976
0107090
0107082954
01070808
0107047793
01070312
0107
010698743
0106974168
010695373
01069314
010690421
01069021
0106890
010685ile
0106841618A
01068313
010680685680890
010678029
010676040
0106728522
0106709735
0106695079
01066711
0106629187
0106599989
0106595778
0106582574
010654852
0106544007
0106536
0106532778
0106520458
0106488126
0106483432
0106462000
010645681
0106440530
0106435129
0106425181
0106422619
0106373393
010635832dedo
010634175
0106327083
010631821
0106289892
0106267816
010626330
0106254990nohere
01062518
0106232921
0106219492
0106212542
010619994
01061970
01061963
01061954
0106190284
01061801
0106168928
010616770
010613
010611629
0106112088
01060899a
0106081580
01060796
010606a
01060664240124922550
0106058
010605276
01060510
0106031305
0106016112
010601080
010600066
010597368
01059522
0105951
010593941
0105932
010591a
0105895
010588925
010587b
010584036
0105820547012280
0105807567
0105797452
0105773399
010576322
010575759
0105751758
0105735123
0105729263
010571054
010570815
0105691
010567989
01056666
01056581612055
010562840
0105620932040
0105599876
0105585973
01055555
010554614
0105543192
0105533739
010551j
0105512592
010549966
01054951765262047
0105464319010
0105447625
0105427155
0105424388ddd
0105401672
0105392789
0105386394
010537595
0105364224
010535987654
0105329342
0105324522
0105310892
0105281325
0105263973186452456
0105259479
01052551
01052537
01052522
01052520
0105223863
0105201721
01052009
01051992JR
0105197928
01051970
01051965
01051961
0105182236
0105180730
01051728
0105166319
010514819
0105113594
01051113
0105103913
0105102954
0105094
0105081227
01050710
0105066090
01050611
01050607
010504569
0105032811
01050285420
010502055
0105015169
010501223
01050104
0105000
0104love
0104hellen
010499wes
0104952789
010493a
010491d
010491110
010489mika
0104891078
010488330
010485117
01048449
0104808798
0104797535
010474832950
010473204
0104680
010467523
010466139
0104653859
0104642220
010462
0104586785
010456r
0104545951
010454078
010452869
0104508933
010449
0104464743
0104451236
0104442541
0104435037
010441992619
0104409106
0104372
01043583
010435
0104304229
01043
0104283476
010426954
0104267657
0104251106
0104245932
0104228313
010422500
010421311
010420525
0104199514_k
01041964
01041958
01041954
01041945
0104175057
01041644627
010415813
0104151564
0104131021
010411083saii
0104109578
0104100109
0104089
0104086350
010407cla
0104074307
010406817
0104061404
01040608
0104049671
0104043380
01040210
01040153
010400495
0104*2505
0103976466
0103926983
010391kjp~
010390jj
010389a
010388y150685
0103887670
0103870863
0103869833
0103864547
010384a
01038384532211
0103818820
0103809863
0103790139
0103785318
0103778716
0103738379
010373782
01037090
01036933
0103672257
0103660283
0103644955
0103634526
0103633180
0103622874
010361556
0103610457
010361
010360024
0103585809
010357870
0103567336
0103548
0103532280
01035214890
010351
01034l
0103487633
010346
010345659
01034
0103383687
010338
0103373350
010335869
010334218
010333289
0103320523
010331615
010330688
010329127
01032710
01032545
01032519
01032515
010321063
01031999
01031974
01031968
01031947
0103181
0103173294
01031518gr
010314440
0103125259
0103119237
0103100347
0103093
01030809
010306974
010305a
01030523
010305051
0103036613
0103027822
0103025175
010301084
01030000
0102stars
0102db
0102991
0102987
0102982480
0102978843
010297022
0102964421
010295783
0102945146asd
0102933301
010292187
0102911594
0102898911
0102893
010288df
010287m
0102868
0102866984
01028517
0102851
010284405
010282jm
0102814207
0102808822
010279610
01027765002712486
0102751145
0102714884
010270187
010268
010266603
0102644745+
0102632793
0102627414
010262510
0102605300
0102590714
010258622
010257911
0102562179
0102525
010252396
010250992
01025080
0102504
010249
010248914
010247
010246835795
01024486
0102444055
0102441656
010243795
0102421168
0102421
010241958
01024135q
0102395932
0102386417
0102368203
0102345721
010234460
0102340354
01023347
010233190
0102316654
0102313023
01023088
010229943
0102293433852
010228867
0102282811
0102264741
0102261522
0102259544
01022551
01022534
010225003
010224909
010222715
0102215687
010220147
01022
01021994tmb
01021992jonathan
01021970
01021963
01021958
01021956
010218722
01021628
010214691
010213558
0102128008
01020991
01020910
0102089224
0102084
010206love
010206082
0102056597
01020515
01020417
0102040
010203y
010203goma
010203654
01020354
01020312
0102030666
01020305e
010203030201
010203000
010203+
0102021269
010201ty
010201124
01020102a
0102006096
0102000
0101nd
0101hh
0101995195MO3TAZ
0101977200
0101959581
0101955790
0101943659
0101931141
0101920713
0101910
01019
010189521
010189-278n
01018813
0101874196
0101866dw
0101852275
0101816262
010180cr
0101801587
0101786
010175993
0101754094
0101745
010170876
0101698599_m_
0101694
0101686900
01016854
010165625
0101639
0101628838
0101620776
0101613
0101601996
01016
0101596992
0101594
010158144
0101549759
010152361
010151974
010151633
0101486645
010148
0101445976
010143
0101423674
0101405
0101394
0101390pm
0101385755
0101380687
01013636
0101358444
010135387
010134637
01013313
0101318599
0101307301
0101305266
0101301422
0101281038
0101269481
010125774
01012520
01012513mum
01012501
010123a
0101223
010120275
010120053
01011967799
01011962
01011959
01011950
0101191
0101176918
0101141179
0101135442
0101104126
01010j
010108kb
010107909
0101064332
0101057368
01010427
010103rj
010103241
0101023412
0101022
010101z
0101018066
0101012
01010101010101
0101002947
010100110100
0101001000
0101000000
0100966
0100948
010092692
010091
0100888598
010088
0100821z
010078514
010078
01007599
010071569
010068039
0100677344
010067
0100635190
010060
0100575253
010055569
010055
0100517187
0100511870
0100502331798
0100472295
010044926
010043137
0100421206
01004014
0100394629
010038
0100366456
0100364212
010036345
010035491
0100344381990
010034
010031553
0100296534
0100274462
010025635
010024822
01002401
010022024
0100217613
0100193298
010018087
01001678
0100160166
01001479
010014
0100129539
0100122010
010010860
0100100
010004115
010003013
0100015201
010000000
01/20/81
01/12/97
01/10/96michelle
01/06/97
01/04/06
01/01/01
01.09.1990
01-28-89
01-17-91
01-12-96
01-1-18248
01-0893
01-004877
01*08*
00znrsv
00zack
00xterra
00wfyj
00wardle
00valeria00
00u812
00tomaat00
00tink
00thung00
00star
00spart00
00snoopy
00shane
00sep24
00saturn
00ryx029
00rules
00rosinha
00ranger
00purple
00pp12
00pooh
00pokemon
00play
00pepper
00ozzie#
00oo00oo
00nike00
00nick
00neon
00murphy
00mook00
00millsni
00midori
00meme00
00martha
00m0708
00lexi
00latina
00laino
00kidd
00josh00
00jhosmar
00jbk00
00jack
00iloveyou00
00ilfree
00iamnew66
00hugo
00hie00
00happy
00h081
00gilb
00five
00erjm00
00ee28c01
00dro00
00dodge
00dios00
00dammer
00cuteisme00
00cool
00coco
00cinderella
00chevy
00cerdo
00casa
00c00l
00booty
00bolivia
00bear
00baseball
00asian
00andyme
00aikalam
00adam
00aa00
00_okanagan
00MAZDA
00BOSU
009nzw
0099ASH
0099888
0099876
0099786
009954
0099353
009928
009924
009921
009917
009909
009903
009889
00987654
0098611
0098533142
009847
009833
009826
0098237615
009819087620820
009811kl
009789
009754
009746
009734
009733
0097200970
00971505
009714
009692
009689560430
0096876
0096795
00967711
009670
00966562133031
00966521039989174886102
00966508890407
009665
009657936985
009656715071
009656203795
009647504780743
009645219297
0096394083222
00963115142288
00963
009627959593730777614533
009624759085
00962
009616
009613247225
0096078
009592
0095815
00956@apt
0095672
009555
009546
009531
009523
009517080
00950095
009495
009475
009465
009455
00945120g
009445620471
009423
0094132471
009397
0093626
009343
009333
009321
009312
009300
009297
009289
009282
0092707
009256
009254
0092528
0092485
009246
009244
009238
009236
009227
009224
009222
009212
00921
009205477824
00920060110
0091971460
009190
009186
00918
009169
009160
009134
009130
009119
0091100
0091082
00910091
00910
009077
009071k466
0090636
009062
009058
009048
009045
0090385216
009034
009025
009018
009011105010
0090096
009003
008america
00896r
00895613293
008954
00894
008930
008914
0088pimpy
008883
008863
008858291
008853
008848
008844
008829
008821621130798
008819
0088002
008798
008787
00876616ht
008749
008727
008711897
008706
0087028
008699
008692
008691
008688
00867233402
008655
008642
0086314270
008625
00862334172
00861082
00859530
0085730
008553
008551884411
008537
008532
008528
008526
0085225763302
008516
0085040
00850085
008485
008466
008454
00843998115
00841015
008402600
008393
008387
008380
008369
008361
008333
008323
00830328
008291
008281
008276
00827
008265
0082583
008256
00824699
008232
008225
008211
00819013057
00819
0081717
008163
008160
008154
0081456
008132
008123
008117
0080920878
008088
008081646
008080
008073
0080640
008057
0080380
008035
008030
0080277
00802-02
008012
00800597
00800226944
008000
007vlb
007uva
007swordfish
007style
007spy
007spf60
007seven
007saulo
007sammy
007returns
007paladin
007oidualc
007ninja
007mp
007monkey
007mini
007mannin
007lover
007leicester
007jones
007jesus
007hol
007heaven
007grad
007goldeneye
007franlo
007ferrari
007e008
007dmx
007che
007burley
007boy
007bmw
007ben10007
007baby
007asd
007ami
007agente007
007_marco
007LOVE
007@hotmail.com
007997
007973
00796
00795589017
007950
007941
007936
007910
007900
007896
00789456123
0078910
007888
007882
00787784
00786785
007860078600
00786
007859
00785620
007844
007828
0078224
007821
007813
00780091
0077915
0077899
0077805
007778
0077711
007719823
007716
007711
007698
00769644
00769
007688
007679
007667
007660
007651
007637
007624700
007623
00759508
007589
007576
0075674
007561
0075516
007542
007541
007539
0075321
007521
007513
0075068414328
007502
0075
0074953
007492
007474
0074692
0074668
007461
007459
007452
007437
007425
007406
007395
00739225
00737373
007369
00736685131368m
007356
0073444
007332
00732509
007320
007313
00731
007296
007290
007285
007267
007261
007257
00724844
007241
007234589
007226
007220
007216
007208
007201
0072000
00719867
0071983
007185
007184
0071789
007173
007163
007156
007154
007151
0071471460
0071414
007137
007133
007129
00712507
007124
007120
007116
007111s
007104
007098
0070895755093
007082529
007078
007068
007056
007052
00704c
0070443
007039
007034
007024
00702156
007019
007009001
007007t
00700794
00700777
0070072
007005007
007004001
0070013
006vineomulnostru
006topz
006may
006ANGELA
0069BULLET0069
006994
006990508
006990
006976
006970
00696900
0069487823
0069457
00694
00693215755126
0069000026847204
006889
006883
006874
006843
006839689
006824
006814
00680598123054
006787
006771
006767
006756
006737
006726
006717
006714
006706
0067
006696
00669008ab
006686ed
006660
00665
006635
006632
006629
00661985
006612
00660066ee
006599
006583
006573
00654
00653
006525
006512
006502
0064jackie
006494
006477
006474
006464
006456
00644700
00643525
006427
006423
006418
006411
006408
006395
006381
006378
006369
006363
006355
0063458
006334
006318
006312
00630237
006283
006275
006267
00625600
006235
0062336
006226
006225
00622
0062178
006210
006207
0061jw
006189
006179
0061682
006160
0061423291280
006137
006129
0061188
006115
00610061
00609178d
006078
006073
006066
006056
006042
006036
006018
006015
00600608
005992
005966
0059620
005960
0059332
005925
005915
0059086
005901
005897
005888
00588
005864
005842
005823
005812
005799
0057949
005787
00578
00576101
005759
005745
0057414
005726
005722
0057130
005711a
00570300
00569400
00569042
00567806
005669C
005661
005656
005653
005647
005642
005635
005633
005627748581
005621
0055noi
005592m
005587
005582
00558
005571
00556494
0055500
0055430
005528
005521
00551177
00551100
005506
005492234976207
005487
005480
00547547
005470
005450
00543800
005432
0054263
005424
005422
005418
005412
00540623
0054001
005399
005394
005388
005377
005368
005366
005332
005328
005304
00530
005292
005287
005283
0052800
0052789
005267
005264
005261
005253
00524000
005236
00523
00522400
00521793
005211
00521000
005207
005199
00519
0051889
0051824y
005178
005171
005170
005166
00516
00515600
005151
005140
005128
005121
005115615305
005114
005111
00510078
005100
005098
00509483
00509
00507131
005069
0050636456
005059
005050
005048
005046
005043
005033
005029
005026
005017
00501287
0050106
0050051
005002
004bob
004a0052
004989
004985
004973
004972
004960
004937
00492264
004919
004917
004913
004906
0049035
00490049
004898
00488
00487247
004862
004858
004844
0048294
004808120892
004795
004788
004781
004777
00475
0047315
004722
004715
004696
004691
00468500
004678
00467300
0046700
00464600
004645129
00463463x
004619
00461792
004611
004600
004592
004591
004562
004548
004546
004532
0045243
004523
004517
004512
00450137
004492
00448
00447772391526
004477
004475
0044707
00447
00446699
004466
004457
00445232
004445luv
004439
004432
004423
00442103
004415
004408
0044052
004400406
004399
004397
00439476
004393
004378
00437034
004367
004356
004331
004326
004316
0043087
00429sjuhl
004292
004285
004277
0042720823
004270
004265
00425417
004254
004248
004232
004219
004208
004193
0041922
0041806
00417
00416692
004162
004158
004148
00414
004136
004125
00412
004105
0040kt
00409
00408010
0040740
0040722865393
004066
00405405
004047
004038
004012
004004004
004000
003sexy
003dhapte
0039913
003974
00396
003948
003942
0039399
003937
003934
00393298409505
00393
003922
0039143
0039040224139
0038joha
0038975827980
00387997
003874
003869
0038548711302
003838
003827
003808
003801
003783T
0037823
003774
00377028
003753
003741e
003726
003710
003705
003692
00369
003681
003678
003673
00366920
003652
003646
003628799011
003615
003609
003598
003592
003584
003580
00357642
0035725338116
0035656487
003560414
003551
00354
003523
00352
003514
00350035
0034afff
0034741
0034666237189
0034600718144
003453
003450
003438
003430
003415
0034100341
003409
003400
003396400
003391
00337755
0033684
003366HEMA
003363
003347
00334
003336
003334
0033323
003330
003321
003317
0033092
003306
003300360
003299
00328462
003282
003276
003265
003257
003252
003246586
00323774
003231
003222
00321654
00320489
003202
0031983
003196
003177272
003170
003165
003154957822
0031534
00315160
003146
003139
003133
0031316458
00313
00311297
003101
003086
003081
003077
003067
003063
003056vera
00305305a
00305
00304
003033
003031
0030259
003021061189
003016
003008
002sam
002molly
002993
0029785
002972
0029700297
0029567
002944
002926
0029228406
002916
002913
002908
002901
00289900
002893
002891
0028895
002883
002870
002866
002851
002848
0028415
0028335
002831
002820902
002819
002816143128
002813
002806
002803
00279891
002794
00277
002762
0027589
0027554
002747
002731
002725
00272377
002708
002704
002702
002687
0026842
002675
002670e
002664
002655
002648
002638
002633
002631
00262204
002617
002603
002591002591
002581
00257nosi
002574
00256431
002562
002559
002554
002548
00253400
0025321
0025317
0025291
00252500
00252084
00251900
00251400
002509381
002504
002499bh
00249522
0024910
002486
002473
00247
0024685
00246532
002456
002454
002451
00244923757099
002437
002431
00242233
002418
0024147
0024090300
0024065
002404
00240024jl
0023933
002392
00239
002388
002384
002374325
0023696
002364
002359
002355
0023455
0023428
002341
00233246815103
002325
00231993
002313
002308
0023058814
002304p
002298
00229510
0022895
00228800
0022791
002276
002274
002270
002263
002250
002246
00224488
00224466
002239
002235
00223300
002226
002221
002216
002213413
00221100
002202
00220011
0021998
00219432ej
0021891
002182
002180
002179
002171
00217
0021622654906
002157
00215449
00215062
002148
00214314
002141
0021353.2
0021310
002128
00212100c
002116
00211055
0021061
00210400
00210054
0021
002095
0020840275378
00208
002075
0020688
00206519
002061980
0020587
0020553350167
002049553.
0020472565260
002044
002040
002034
002032
0020309
00203
002027
00202020
002017
002016.foreva
0020127515736
0020106898417
0020101
00200300
00200200
0020010
001qaz22
001eliza
0019zx
00199400
00199191800000
0019891022
0019876
00197345
001965540
0019613
00195244
001949
001944
0019415871958
001939
001936
0019246
001921x
0019133
00190450
0019001
001889
001883
00187182
001864
0018534
00185
001841
001833
001830
001813
00181200
00180982
001805
001798
001793
001790
001788
00178
001776
00176182
00176
001757
0017549
001753
00174
001738
00173144
001731
0017273
001724
001716
0017145739156
001709
0017
0016iamhavenlight
00169735
001694001
001687
001681
001677l
0016767
00167460
001672
0016512460374
001642
001638657
001634
001630
001627
001621
001611
001608
00159766b
001593
001584
001581
0015799
001576
001573
00157157
0015632610
001559
0015543545
001548
001539372
00153367
0015307590
00152431
00151456
00151227
0015013
001500a
0015
0014938
001491714944898
001480
0014785
001473
001468
0014648
001458
0014565
001451559
001450
001449
0014466
0014442112
001441
001438
001434
0014329
001431
00142800
0014254
0014252415
001419
00141523833443
001413
0014088
001406
0013ouppt
001399
001398
001392
001389
00138639
00137mj
00136787
0013645
0013579
001356
0013489
00134679
001340
001334
001325ktn
00132003
001315
0013103082062
00130o
001300512725
0012jr12
001297
001294
001293
001290
00128842
001282
001277
001276
0012698
001269
001262
001258456
001256am
001255
00125347
001250
0012477
00124536789
001238
00123654789
0012365
0012358
0012341066
0012299
00122814
00121800
0012158
001210292
00120230
001201600
0012008
00120034
00120026
001199175
0011988
0011956
0011920
0011852
001183006mapi
00118235522
00117788
0011738
0011691
001167TG
0011669
0011649
0011611810018d
001161
001158
00115599
0011526
001151
00114571
00114477885522336699
00114
001135
00113
001128122209
0011254
00112400
001122mt
00112233a
00112200
001119
00111111
0011052531
001100220033
00109798
00109588791
001093
001088
001083
001080
0010786
001076
001073
00106621652
0010652985
0010576-6
001054
0010512
00104935
0010473
00104525
0010420120051
00103811444
001032
00103100
00102010
00101503
0010140136718
001010p
0010100
0010070133530
001006
001005007
001003898
001002003004005006
00100200
00100100
001000077
001
000x000
000trymore
000tekelo@
000sam000
000racwil
000nutty
000momentum
000m123
000kevin
000hqstced
000gt111
000eirton.-
000colombia
000ass
000_000
0009995130
000998
000994
00098u
000984
00098182
0009790
000976
000960
000958
00095261
000951
000945
000935
000930
000926
00092096
000919
000913
000908
000905
00090
00088900
00088833
00088776
000881
000879
000878
000872
000869
0008579
000850
000844
000835
000828
00082688
000819
000817
0008030
000801
0007maria
00079000
00078925
000786000
0007807
00077879
000777000
0007758
000770
000765
0007642730
000762
0007506
00075
000746
000742927507
000737
000730
000727
00072371
00071991
00071082
00071
000705020
0006tnp
0006961
000691
000690
000676
000671
000669
000657
000651
000643
000637
000634
000629
000626com
000625
000622
0006212
000620
000618
000611
000607
000600
000597
00059
0005876
000585
000575
000570512
000566
000563
000556
000552
000545
0005391
00053683899
000533
0005327
0005252
000516
00050738
0005029
0004DM@
000497
000492
00049000
000486
000484
000479
000471530
00045123
000448
00043f
00043456468762
000415656z
000414
000409
000400
000388
000381996
000373
0003687
00036415
00035
000348
0003394
0003336669
000327
00032598
000321654
000319
00031400
00031276
000309
0003040721
000302
0002ac
000298
000295
0002901
0002871
0002855
000282
0002805
000274
000264622
000264003
000262533
000257
000255
0002539
0002536
0002534
0002532
0002525
0002519
0002507
000248
000245
0002426
00024000
0002356
0002303
0002233
000222555
0002222
00022000
000207
0002030
0002008
0002004
0001996
0001992
0001983
0001978
000195
0001907
000189
0001718
00017000
000165
0001605
000159753
000155
000153247
000151
000149
000144
000139
00013879
0001357
0001347d
000133
0001304
00012718913
00012533
00012369
000123456789
0001231000
0001203
000113
0001123
0001121
0001110
000107
00010269
00010006
0000zero
0000tiff
0000o
0000nana
0000jj
0000bos
0000ae
0000aa
0000=j
00009276
0000874
00008426
00008369
0000825
0000805165
00007895
0000764
0000710
00006982
000068
000064dcs
000060529
00005460
00005186
000050
0000447040
0000427
000040
0000369
000033335555
000032609
00002912
000026693a
00002538
00002522
00002323
00002255
00002151
0000211
000019950000
000019890
00001982
00001974
00001971
00001967
00001962
00001717
00001622
00001496
00001330
00001307
00001257
00001212
00001125
00000z
00000x
00000qwe
00000aaaaa
00000E
000009947690
0000071914
0000069
00000618
0000056
00000424
0000033
00000314
0000022
0000014
000001111
000000i
000000f
000000J
00000069
000000374
00000029
00000027
00000022
00000020
000000111111
0000000m
00000004
000000013
00000000a
000000004
000000000p
0000000005
00000000002
0000000000000001
00000000000000000000000000000000000000000000
00000000000000000000000000000000000000
00000000000000000000000
0000000000000000000
00000-
0000**
000+000
00/00/00
00.0016
00%sexy
0.3857854
0.321654
0.3+0.6+0.9
0.123456789+
0.+123456789
0-8-18-
0+1473k
0',6j'sohk9jvwx
0%angel
/under/
/teodio17/
/sophie7
/p/12687
/oojkiyd
/o74171ps/
/miflaquita
/manutd1#
/karissa\\3
/il892/
/hkp8jt
/globe\\
/dopey//1993
/dani8824/
/cosmo/
/bryan/456
/Bigmone2
/84625rosa/84625
/5670565/
/39icehot
/1t2amo/
/04yudi15mj89/
//vivi123
//sentra
//de-von-280
//86necro1801
//12345//
//////pc1775
///***---
//..,,
//**--lon3
//**--
/.,mzxcv
/.,m';lk
/.,MNBVCXZ
/-*-/*/-*-/*
/*alone*/
/*7894561230
/*-ctm789
/*-/*-/*-
/*-+0850850982
/*-+/*-+
/(4ness)
.yamssej.
.x100pretuya.
.wildcats
.vulpix2.
.unomas
.un1xr00t
.trixie.
.sweet.
.strawberry.
.soccer.
.smackdown
.simple
.sergio
.sarah.qwerty.
.samantha
.s9117007
.roxy.
.rhea
.rebel22.
.quiamo.040108
.purple.
.playboy.
.pepper
.peace
.orjeff
.nothing
.nknfejo
.nany1908
.msbss5412
.monkey.
.michael
.mhaa.1997.
.manuel
.majjuc.
.lucky
.love.44
.lore.linda.
.lollipop
.llamasare
.liyahna421
.larnfc
.kuroi18.
.kinoteamo666.
.kcd@clp.
.kal9.
.jordan
.john.
.jebby1995.
.jazz.
.iroambabii.
.iloveyou.
.ihateyou
.hotmail
.happy.
.haile
.goodbye
.gangsta
.forever.
.filipa.
.enjoy.
.eminem2
.dud28
.drummer
.diamond
.dance6
.d.j.zomer
.cupcakes.
.com
.cirilo.5
.chevys
.chazey.
.callie
.c204544
.brenda.
.boi18
.bluebirds
.bitch.
.berenie
.ballaz.
.avril
.aspirina
.anna.
.amor.
.airmax
.a.a.a
.TEADOROPAPITO21
.CUPCAKE
.;c3th3r3n3.;
.:Tiggs18
.91391
.8ilyd8o
.8i.sPjl6f
.7madariaga7.
.6174614...
.50f14ir
.369458
.3413.0
.3260841
.2v1alor
.291993slb.
.20calle
.2002.c
.16paxton
.123654.
.100pre
.09.07.1992.
.0322982
.029458060
.0123456789
.0,yoiyd
..the..cure..
..star..
..socaholic..
..notratedyet..
..mylove..
..midios
..lucyeya2k7..
..lardav77/..
..l..
..kenziebaby..
..ilovehim..0
..green
..chocolate..
..cashman..
..74821
..259772
..1991
..12201988..
..//jane.eyre.
...rfc...
...pinkfluff...
...ong...
...mimi...
...love...
...jc...
...cloe...
...belgin...
...abc123
...9693628carlos
...456
...10
...///...
....97110370687
.....r
............
.....,
...,,,123
..-luca==
.-,z<%&9835500
.,==.8G2,.
.,.,wq21
.(coldhamslane).
-zinco5-
-yrneh-
-xoxo-
-x-pink-x-
-x-lozza-x-
-x-kate-x-
-x-enya-x-
-x-chez-x-
-vero-
-unknown
-triplea-
-tomas1
-taburisuu-
-summer
-spongebob-
-smile-
-shannon-
-sexyback-
-sammy-
-sGupIM
-repick
-princess-
-pom-pom-
-pedro-
-o,5h;p
-morgan-
-mimi-
-memory
-mada04
-ls13-
-lover-
-leah-
-kayla1992-
-jay50n-
-iloveyou
-homboy-
-hk;gsoup;[^f
-hk;ajk\\'
-hk8nvgmrlkpahk
-henry-
-harvey-
-goy140788-
-forgotten
-evie-14-
-eeyore-
-dolphins-92
-dil-123
-daisy-
-chocolate-
-cheesehead-13
-celtic-
-carlos-
-candy-
-bubbles5
-blood-
-becca-
-barbie-
-babyape-
-atai-
-arsenal-
-alem-
-Yellowbeetle
-Cris-
-=exel=-
-=-sum87-=-
-;yPo4k
-8i26100
-4403-
-23-03-1990-
-1995-13
-159753.
-12abril
-09876
-0812-
-.,mnb
--xaz0ue5--
--roxy--
--nana--xula--
--engel--
--d0da--
--angel--
--1234567--
--11alaska
---oroszlan---
---jit---
---000
---------
--*5j4*--
-*--*-
,ystikall
,ymiupk
,yjp[vd
,volcom1
,v'wi8y[
,tutvjn
,sklo6d
,oyl0y\\\\\\'
,mn,mn
,martha
,love.
,ko^=b
,kinlk
,ki6Fdt
,kf[fij
,jk,UkiydFfoym
,greenday_1994
,exico
,e,e,e
,december25th
,bj'rA<b
,bhovkifk
,ark0012
,aggie
,5mgydy,
,123456
,./gina,./
,./;'[]\\
,./753
,./,./,.hetal90
,.-nininazeus123
,.-123
,.-,.-
,.,.,.,
,,qwing..
,,..//
,,,,,.....
,,,,,,,,
+visualc++
+toonay+
+rck*h0ny
+qvencedora
+p+.w.
+nge-Dance
+magickk+
+h3hulk..
+dlkti
+david+
+bahli+
+_)(*&
+HoTt++StUfF+
+987654321
+987+654
+9650187peru
+880172025559
+6/4i#
+37744
+20125227953
+1200900142941+
+09202950614
+-22704692
++werder++
++p++6969
++35reilly
++0801763497++
++/baby/++
+++73938287+++
++++maddie987
+++++++++
+'0987654321
*~justin~*
*zach*
*yuliet%
*yoamoacarlos
*xtreme*
*xaiodaio
*witheringrose*
*wink*
*whatever
*wetbabe*
*wen15star
*wedding520
*walmart*
*volleybal
*vivi*
*vernen
*valerie*
*urwhour
*uanl*
*tyson*
*tusabesjavi*
*troy*
*tricky*
*trendy
*tr8047*
*toby*
*tita*
*tinker*
*tilly1*
*tilly
*tiff*
*theused*
*tekelomuxo*
*teamomuxo*
*teamo*Bb
*tazz*
*tasha
*tanner*
*tama*
*sweetie
*suzalicea7*
*surf*
*super*
*summer
*studio263*
*stella*
*starry*
*star1997
*star*5
*sporting*
*spongefreak*
*spitfire*
*speed*
*sparkle*
*songeuse22
*soccerchick*!
*smirnoff
*smfmhe*
*slatkica*
*skate*
*single
*simpsons*
*silly*
*siemprejuntos*
*shumardii
*shezyk*
*shelby
*shawn
*shannon*
*shadow1
*sexy69*
*secret*
*seahorse1
*scott*
*santee*
*sammi*
*sallybell
*s5925873
*s1e2x3*
*ruth*
*russell*
*rudeboy
*rossytoto*
*ronnie
*ronald*
*rockstar
*rocker
*roberts*
*rmd*13893
*richard*
*rich*
*renee
*rebecca
*rayj*
*raw!)!*
*randy
*rainey2*
*rain*
*r5ncesscc1
*pyro69*
*puddy*
*princesa
*pouts*
*popcorn*
*polo*
*player
*pkfolife*
*pinoy*
*pink07
*pimpin*
*pilchard*
*pichu*
*phoenix
*pepper*
*penny*
*penguin
*peaches*
*pdd0916
*patrixia*
*patric*
*pass*word
*party*
*painite*
*paige*
*owow*
*osiris40
*oops*
*omar*
*ollie13*
*odoniyyo*
*october*
*oaer*
*nyentik*
*npcccpl*
*nosilla
*nike*
*nicki*
*niamh1998*
*newme*
*netcom*
*nena1
*needingyou*
*naughty*
*nataxa*90
*nat*11
*naenae*
*nAnInO*
*myspace
*mustard
*musicool*
*muniira18
*mrgizmo*
*morzitoporco*2
*morgan*
*moreno
*moon*
*monica*
*money
*molly*
*model*
*mj538*
*miranda
*mini*
*mickey15*
*mickey
*mexico
*meow*
*melina*
*meggielee*
*mayeverlast*
*maui*
*maryjane
*mark8
*marissa*
*mariana!
*marco*
*maps*
*malibabe*
*mai18*
*madison*
*lyssa
*luvcook77
*lupis*
*luke*
*lucia*
*loveyou
*lovers*89
*lovely*5
*lovebirds
*love
*louann93*
*lollipop*123
*lokito*
*lmjo4!x
*lizzyloves-x-
*lizzie
*lisa*
*lina*4384182
*life*
*liar*
*leigh*
*leblanc*
*lauraisabelm*
*larryboy
*lalo*5
*l0qu1t0*
*kswiss*123
*krcarr*
*kitty
*kitten
*kissme
*kirsty*
*kinkyb
*kimmie
*kika*
*kiara*
*keywest
*kelsie*
*kaylee*
*katieee
*kathleen
*kate*
*karamel*
*kacy*
*kabus*3
*justin13*
*june1980
*juls*
*julio*
*juicy*
*jtlover*
*jordy*
*joker*
*john*terry*
*joel*
*joanna*
*jessika*
*jess1994*
*jerry*
*jeny*
*jenners*
*jazzy*
*jared*
*jamskater*
*jackson*
*j35u5*
*irok*
*imsingle00
*iluvyou*
*iluvmymomndad*
*ilubu*
*ilovetrent
*ilovesaul19*
*ilovenano*
*iloveme*
*ilovekyle
*ilovejoe*
*ilovecj*
*iloveboys*
*ilovealex*
*il2mimi*
*iamthebest*
*iamfree*
*iamasexygirl*
*howdy*
*hotstuff*
*hotboy*
*horse*
*honda*
*hola*
*hippo*
*highlight
*herkules*
*hellokitty
*hector*
*hazel*
*hayley*
*harvey*
*happy111
*hailey
*gucci*
*gregory*
*grassi1990*
*gr@z11
*goodluck*
*goddess*
*ginger*
*gerardway*
*georgia*
*genesoto*
*gazer0626
*gastone*9
*fuckyou
*friavida
*forever
*fluffy*
*flopsy*
*flavia*
*fizzo*
*fishing*
*fifaw16
*fefe*15
*fatima*
*familia*
*fabulous
*fabfan
*evan*
*estrella_159*
*erica*
*emo123
*eminem17*
*ellie*
*ella*
*elijah*
*eleanor*
*eddie*
*dumbass
*ducttape*
*dragons*
*douglas*
*dooce*
*dominic*
*dogs*
*dixie*
*diore*
*dingle*
*diego25
*diabrete*
*devil*
*denise*
*decadence
*debbie*
*dawn*
*dany*
*danielle
*damir
*daisy*
*dabadd3st*
*cutters3*
*cupcake
*cplina*
*cory*
*conyara
*colems*
*coelho*
*cinderella*
*chuck
*chrisbrown
*chompoo*
*chingy*
*chester*
*chanel*
*cena*
*caution*
*catfish1
*cassie*
*carnell*
*captain*
*candyfloss*72
*candies*
*camila*
*callum*
*caca*
*buttercup
*burstposse
*bumblebee*
*buddy*
*brunette*69
*brittney*
*britt*
*brinarox
*bratz*
*brad*!
*bowser*
*boricua
*booboo*
*bones*
*blonde
*blanca*
*blah!
*black*
*bird*
*bigdick*
*biatch*
*bia*
*beyonce*
*bethany*
*beth*13
*benchimol***
*believe*
*baybee*
*basketball
*barbie1992
*bananas*
*bailey
*badbitch*
*baby*girl*
*babigurl*
*babes*
*ayesha
*awesome2*
*austin
*asterisk*
*ashlee*
*april29*
*antony*
*aninha
*angelus*248
*angels
*angelica*
*angel1
*andres12345
*andre500
*ana1640*
*amute*
*amigos
*america*
*amanda*
*alvaro*
*allen*
*alexis
*ale4you*
*alan*
*adzu*
*adolfo*
*actress*
*abc123
*abby*
*a122488*
*_p31x1nha_kida_*
*^0^*mpsp
*[[abz]]*
*Westside*
*Tuffy*
*T0P_S3CR3T
*Sw33ti3*
*Shai*
*STARS*11
*SEXY*
*RosieDog*
*RennYLou*
*RAY420*
*QUEEN*
*PaLaKsI*
*Ozzy33
*NM4eva*
*Monkey6
*Miranda01*
*Miguel*
*Macey*
*MUSIC*
*Lilac
*Lauren*
*La*87
*LU263*9
*L1berty*
*Knights*
*Julie01
*Janet*
*JMartin58
*JESUS*
*Ilovedolphins*
*ISAIA*
*ILOVEJUAN13
*Hillwood*
*Hamster*
*HOME*
*GregoryS*
*GINA*
*Evaluating*
*Em1ly*
*Dreamer*
*David*
*DAHLIA*
*CandyCane
*CHARDAZ
*Bubba22*
*BabySal9*
*BORICUA*
*BABYFACE*
*Angel*
*Alina76
*ASDFGHJKL;*
*ALONDRA
*@#%you#
*9999*9
*9889*
*9791_60lee
*963852
*963258*
*963.*963.
*9615083abcd
*953219*
*91549335*
*9112724
*8may8*
*8Buggerman
*8671.a
*7monono7
*7777
*71006kt*
*64Ben*
*5gls/Ma
*5689140237
*5555*
*501*608*
*4ever*
*46260631*?
*3mily*
*37433743r*
*332bcknghm*
*32200*
*31018191*
*2cD6h5!
*2809*
*27689*
*260595kg
*258971*
*25222522
*23/11/2529*
*2220847504969
*210786290687*no
*20818
*2010*
*2005*kerem*
*1Tommy
*1994*
*1993*nazrullah
*1984*
*1982acrh2004*
*181818*
*17Somehu
*159753
*1529900498309*
*1404
*1326*yl
*1314183*
*123qwe
*123abc
*123*456*moni
*123*
*1209500006517*
*1150*
*107*ramvihar
*1018488t
*1*2*3*4
*0me0*
*0879597157*
*07760413344*
*0604*-*5422*
*055452093
*045630*
*043633685*
*036313780*
*025311*
*02142sc589*
*019646433001
*010203
*/sucrerie*/
*/90890040483*/9
*/*3719kk82
*-/xyz*-/
*-+17021994
*-*7029328
*+-57818337
*+*raul*+*
**yolis**
**vanessa**
**tia**
**still**
**soraya**
**soph**
**slut**
**simplygorgeous**
**salad**
**roge**
**rblind
**punk**
**primo**
**ok**
**nicola**
**nena**
**nania**
**miranda
**me15**
**marie**
**mari**
**linkin5
**lei**
**lauren**
**kels**
**kathy**
**karma
**kapeesh
**justin**
**jujitsu**
**joshua**
**jen**
**jackie**
**iloveyou**
**hugo**
**hello**
**hearts**
**gruve**
**emo**
**ear**
**digby**
**dean**
**dark**
**coll12**
**charlie**
**catarina**
**bryan**
**brett**
**brad**
**benz**
**beachlands**
**b7ebaakloaai**
**anna**
**amoree**
**adan**
**abby**
**TOBY**
**Sammy
**KIBBLE**
**ISABELA**
**Catie054
**BB**
**9976876
**99**99
**930624119
**77**88**99t
**512**
**462813**
**29522321616**
**242david**
**1gustavito**1
**1994**
**1986**
**1562001**
**1422468**
**1331**
**10**12
**/13**
***tmfh***
***tenz***
***sam***
***princess***
***pamelaxxone
***lucky7
***kokido***
***jordan***
***ila
***dingy***
***amavel***
***_misty_***13
***LABELLA///15
***99
***888***
***779*
***38mar
***32993985***
***1690jessy
***///
****taffy****
****15
*****9
******r
******c
******11
*****************
****
**#~Spurs~#**
*()&poo13
*#lfc123
*#100#
*!nm18*!
*!biteme!*
)OKMmko0
)()!*$
)&_)#_*&
)$@!#*@**$bb
)!@!(@))#*mylove
(yo)robot5
(yanci)1
(xxsexygal1994)
(winnie)
(widget)
(walkmycat)
(vicky)
(twinkle)1
(tweety)
(triufante)
(tottenham11)
(tommyhyland)
(tkm)1
(tinker714)
(thotsie)
(thisbeat7654
(tekieromucho)
(tashabby)1
(tJLw-57.)
(summer)
(star)
(sparky)
(sok_366)
(smudge)
(singapore%)
(shelby)
(sexymaxsi23)
(sebas)
(scllsjm7)
(sassy07)
(samantha)
(s101g)
(ronaldo)
(rolly)12
(roderick)684392
(river)94
(random)
(princesa)
(present)
(poohbear)
(photo)
(peluche11)
(parkview0
(pacey)
(onlypunki)
(nuno)
(netball)
(monkeys)
(mine)*
(mi)perro
(meandyou)
(mates)
(mariaelena31)
(mainy)
(lovme)
(loveit11
(lol)
(lilly)
(ledzeppelin)
(laura)
(l0willy
(kisses)
(keygabychris07)
(keelan)123
(kakolo31)
(justacas3
(jorrit5)
(jonny)
(johana)880717
(jetty)
(jessie)
(jemma)
(jason)
(jamie)
(jackie)
(iruleye)
(inter)
(iloveme)
(ikhouvanjou)
(hunni)
(hr!5t1na
(honeyz)
(hermosa)
(harrypotter)
(haha)
(graham)
(girls)
(gabriela)
(friends)94
(francesca)
(footy)
(feLis030107)
(f0rasp3c1alfr13nd)
(estrella88)
(emaxtkm)
(electrika2008)
(eeyore)
(dude)
(draco)
(doggy)1
(diana)
(demi11)
(davidxxx276)
(dancer)
(dago)
(corcaigh)
(cookie)4
(comaskm22)
(colt45)
(clems88)
(clara)
(chula)
(choc)
(cerys.w123)
(calulo)
(byj)123
(bratz)
(boo2801)
(bobby)
(becool)
(barney)
(b)(b)(k)
(ashlee1991)
(any)21101992
(andy18cfc)
(alison)
(alessandra16)
(ale)_3248
(abbie49)
(aDAM)
(^!&*(#
(Tonga)
(SiSePuede)
(SOAD)
(Peepshow)
(PANCHAOMAROMARLUIS1994)
(O)jess(O)
(NGAELMKENNA)
(MITZI)
(L)yazhaz!
(L)tom(L)
(L)maverick(L)
(L)joel(L)
(L)inlove(L)
(L)cyril(L)
(L)ben(L)
(L)MCR(L)
(L)(K)rach
(KITSON12)
(K1a9t9h1i)
(JBjb2007)
(Get$)
(GAB&DAN)1%
(F.D.G.A.)
(County)
(Aymee/Miller)
(9darien)mc
(786)c67012093
(6voltios)
(558569)
(50405743)
(50)cent
(3558193)
(300868)
(29oct22)
(27)agit(89)
(2468)
(22101983nuri@)
(1w2e3s4t
(15march)
(14MuudeAries03)
(123mini123)
(1234567890)
(123,mhm
(123)
(1,2,3)
(-x-honey-x-)
(*ilovehenrick*)
(*BlAzE*)
(*)billabong(*)
(*)ana(*)
(*)(*)
(*&^jenn
()johnmark()
()$@#&%
((kylie))
((gmail))
((123lamejor321)
((.visi_ale.))88
((((((
("1994-2008")
(!)((!)(
'sam1997'
'password
'lilfizz
'dthg.ufd
'chelsea'
';lkjhg
';';amidalas2108
'/;.l,km7965959
'',kd,kd
&stripes
&seany
&quizas16
&nn13f0r35t1
&mousehinds
&hearts;1
&hearts:
&dishes
&daniel
&beats
&YGVvgy7
&YGV6tfc
&7ujm*8uhb
&22hv[,hkt
&&iiloveelmo123
&&Loves1
&&22!!0)4
&&&&&&&
&#8238zxcvbn
&#1491;&#1504;&#1491;&#1493;&#1513;&#1496;&#1493;&#1500;&#1497;
%orangeisorange%
%ni14037
%mencar1977%
%hecyles
%emz%
%barcelona89+
%TGBbgt5
%IMENA!!!
%Calare123
%5200422m
%259QAce
%)PMDF
%%zephyrin
%%t&@MO
%$#@!
$yasmin12$
$xcjordan
$weetne$$
$victor
$vandongen$
$uzanne
$upergirl
$upacutie
$ugars
$uccess
$tunna
$trap$
$topgunace
$tinky
$tiara
$tephaniE4
$teph123
$tarbucks
$taffa
$tacey
$t7(o)6
$superstar$
$suckit$
$strongent
$star$
$soccer$
$slick05
$single$
$sexystar$
$rupe$
$robert$
$qwertz$
$porno$
$ponge
$pink$
$pimpin$
$pears.o6
$password
$overbitches
$ophia
$ollie$56
$of!@c
$november
$noopd0g
$newmoney$
$nakes
$n**py
$mv540$
$monkey
$moneybags$
$money$R
$moki$
$mojarra3930
$mmb4eva
$missn8vthug$
$milliondollers$
$melissa$
$mboyle
$mak3r
$maca101
$lucky13$
$lovers$
$lovepug$
$lauren$
$l4$h.d4$h
$kyline
$kuristapu
$kull$
$kordaleperry$27
$kitkat$
$kevin$
$juicy$
$jomjom28
$jaz$be100%fine
$imp$on$
$imone
$ilvadolla
$iloveyou$
$ie@e$
$hrimp
$hottie
$hortney
$honey$
$hollywood
$hitFaCe
$helby
$hawty
$hannen
$hakoush
$haggy1
$h@rn3)(@
$h@m@y@
$h0rty
$gpspaid
$gangster$
$fuck$
$freddy$
$football$
$family$
$exybitch
$exy1993
$exweed
$erenity
$eeyore$
$ederk$
$ebastian
$ducks
$dollars$
$dollar
$dickies
$destiny95
$dells_avon*$
$danca$1966
$cott06
$corpion
$coconuts$
$cheese$
$carface
$cameron$
$buttercup$
$bugzy$
$bryce2204
$born2shop$
$bobo$
$bitch
$bigv$
$bartspicesnoop123$
$barbie
$bandit$
$baller$
$babyblue$
$atan1
$arah!
$angels$
$anchez
$amuel
$america$
$alguod
$alex$
$achibaraju%
$abc123
$aLeNaM
$a$$y08
$X%cXw5
$TRETCH
$Riley05
$PuShCuRaZ
$PIMPIN$
$PIELCANELA2
$N**PY
$Marcus$
$LiiL skuXxz$
$KING$
$JUAN$david
$HELLY
$E632637
$E532396
$DyD100%
$DAVID$
$C00ter!!
$Agent34
$AWeSomE3#!
$@W@MuR@
$@(*@!%
$>uCAireSTL25
$8213841b
$50cent
$4tana
$40bottle
$3xihannah
$3XYL@DY
$24ismine
$2$diesel
$1234567
$100pimp
$0fyb313n
$0977466
$*sexy*$
$%*GBHS$%*
$%&LUPE5582
$$sam$$
$$rangers$$
$$monkey$$
$$mike$$
$$ladders
$$jack$$
$$dan$$
$$cash
$$besmile$$1392
$$arsenal$$
$$adam
$$@$hley$$
$$22twotwo
$$$uzie
$$$mama$$$
$$$$$m
$#da@$&%^Y
$!&*@#
#vincent#
#trust#
#thirteen
#sunshine#
#srshsj#
#skata#
#sanicka
#rossi94
#rlth7
#pukemogagoka#3
#pole5man
#pimmy#
#password#
#orange#
#onecutie
#october
#newyork#
#na1968
#moo#
#mard#
#lolz#
#l0zzy#
#kizzy1
#killers#
#kaewnarak35966#
#joaotiago1993
#jennifer#
#iloveme#
#h3a8l3:
#gr33ny#
#friends#
#expert
#elizabeth#
#courbevoie#1985
#charlie#
#bustbaby
#bulldogs3!
#brown
#beefy#
#ant#08
#akim0826#
#NIK17$
#Jer6main
#GR@fton
#EDC7ujm
#@64maplest
#9west
#98 rocks
#8trapstar
#7football
#5sporty
#55rocks
#4runner
#411026#
#3manzanilla
#3forlife
#33333
#30brittany
#2wildcats
#2poopy
#2hottie
#2daddy
#2burtfan
#2angel
#23shaun
#23ismy#
#21ishot
#20luck
#1yeyo
#1yankee
#1worker#1
#1winner
#1wetback
#1wench
#1wanted
#1vettech
#1vampire
#1uncle
#1troll
#1transam
#1toyah
#1tita
#1tigirl
#1terry
#1tease
#1tammy
#1sweetness
#1superman
#1superchick
#1summer
#1stripper
#1steven
#1stars
#1stargirl
#1squad
#1sport
#1spice
#1soulja
#1sniper
#1sirhcr
#1shotta
#1sexyred
#1sexyjemima
#1sexybeast
#1scout
#1scorpion
#1sarah
#1samoa
#1s41m41#
#1runningback
#1roper
#1rizzo
#1redhonda
#1rebelde
#1rat
#1rangersfan
#1rams
#1quen
#1puppylover
#1puma
#1preston
#1poonie
#1playmate
#1pixie
#1pimpette
#1pimp_21
#1person
#1peach
#1pablo
#1ontheblock
#1nybaby
#1nina
#1nigger
#1navy
#1nathan
#1music
#1moomoo
#1money
#1mommi
#1missy
#1milf
#1midget
#1mcrfan
#1mccabegirl
#1mario
#1marine
#1marcus
#1manager
#1magic
#1loverty
#1loveedson
#1losers
#1lilsexy
#1libra
#1leon
#1latoya
#1lala
#1laker
#1lady-g
#1kugaaruk
#1korn
#1killah
#1justice
#1jose
#1jiem
#1javier
#1jamieadam
#1jacob
#1islander
#1hydee
#1huchi
#1hotthang
#1hottest
#1hotbabe
#1horse
#1hitman
#1hellokitty
#1hearts
#1harley
#1haitian
#1guard
#1greenbitch
#1grandpa
#1gpfan
#1goofy
#1goddess
#1giggles
#1ganster
#1fungirl
#1fullback
#1foxxie
#1ford
#1flattsfan
#1fire
#1filipino
#1fashiongirl
#1fanofkk
#1esiappiah
#1eblaster
#1dylan
#1dragon
#1dork
#1dolphins
#1dodgergurl
#1doctor
#1diamond
#1deby
#1dawgfan
#1dany
#1danielle
#1cute
#1crybaby
#1country
#1cooter
#1colts
#1cock
#1chrisb
#1chocolate
#1chicana
#1champion
#1chactaw
#1catdog
#1captain
#1cameron
#1bullrider
#1bulldog
#1bryan
#1brownie
#1brother
#1braves
#1brandon
#1boxer
#1bossbitch
#1blond
#1bisket
#1bigred
#1bigbitch
#1beto
#1best
#1bellydancer
#1bella
#1bebobi
#1beautyqueen
#1bballplayer
#1bassplayer
#1badazz
#1babyphat
#1babiboi
#1babbie
#1aunty
#1attitude
#1ashley
#1aquarius
#1animefan
#1angelicangel
#1andrea
#1american
#1allah
#1adrian
#1Welder
#1Tweety
#1Tink
#1TIGGER
#1Supreme
#1Spurs
#1Sister
#1SEXYLADY
#1RICO
#1RACER
#1Queen
#1Nana
#1MONEY
#1MAMI
#1Lover
#1LilAK
#1LOSER
#1LATINO
#1HOTTY
#1HATER
#1GOON
#1Diva
#1DANCER
#1Cutie
#1Candy
#1CHULA
#1Brad#1
#1Babydoll
#1BOWWOW
#1BATTER
#1BABYG
#1AQUARIUS
#18colts
#1800casiflower
#16294a
#15tay
#14so((er
#13rocawear
#123abc
#1234#1990#
#123#
#11_07
#1#1#2#2
#0917sw
#$%&SHA
##w3bby##1234
##sosearn28128##
##nat35
##lemon##
##beth10
##2345#
###mackz
###96
###$$$
############
#!jocker
#!PEACH
"toba"031105
"teamo"
"r"bni1991
"mayb2in"
"love"
"jesus"
"ihy"12
"familia"
"cat"city
"babygirl"
"around"
"airjordan"23
"a801844"
"Erua1$"
"ANDREW"
"2"fuckingsexy
"%10()
"""Pirindongabb"
!zgirl
!yiyo!
!yecal!
!xoxjadeangelpreciousxox!
!xMikol
!x.ellie.x!
!wicked!
!volleyball28
!uxxiqi52!
!ushtastic
!ugly!
!tymmy!
!tweety-pie!
!trish
!topshop!
!tina!
!thislove!0609
!texas75
!sweety!
!sunshine
!stars
!srtafk!
!spacemy
!smile
!shorty!
!shit!
!sherbert!
!shai!
!sexcliljazz2468!
!sense23
!ryanlover!
!roach
!ricky!
!rainbow!
!qwerty
!qazXsw2
!qaz2Wsx
!qaz1QAZ
!q2w3e4r
!please!
!pinkpockadots93!
!perfect
!password2
!panic
!nuteL.com
!nothing!
!nats!
!narnia9
!mydreads
!monkey!
!momo!
!mo22par
!marmarita1
!marie!
!manny_
!luvyou
!luvp3dro
!luvjad35
!luv!456
!loveyou2
!lovecandy
!lovJoe
!lizzy25
!lilone!
!likeomg!
!levi!
!leigh!
!lauren!
!l4a5m1b
!kyle!
!killer!
!kevin
!kaitlyn
!juni"vero
!jose!
!jessica
!jared
!jacob!
!husser!
!hodson1
!hellokitty!
!guitar!
!gracie
!godiosa
!gflp980
!gN0m3
!friskeys
!flower$
!fea956!
!exmoorheather!
!eric!
!ellie!*
!eddie)
!ebabaloh
!dumbcat
!doki90
!david!
!dancer1
!danahunter!
!cutiepiepaigey!
!criddle
!cool!
!cookie
!colby!
!christmas
!cheese!
!charleston
!cerdan!
!candy!
!bubble!
!brit9981
!bowwow!
!blueberries!
!bitch!
!becky!
!barbie!
!baby!
!anthony
!andrew
!alyssa!
!alexis
!abc123
!abbie!
!XxX!sukikarn!XxX!
!Teamo!
!QAZxdr5
!QAZ@WSX
!QAZ1qaz1
!Q@W3e4r5
!Q@W#E$R%T^Y&U*I
!OhmyGod!
!Munchkin!
!MARINA
!LilLauzi!
!Kodabear01
!Kaede2003
!JOSE!
!Gordon25!
!DID!12
!Corbin
!Buddy1103
!BRITT
!@sex12
!@e@7$K__5
!@QWaszx12
!@34QWer
!@)*!(*%
!@#latin3
!@#abc123
!@#SURpric
!@#BbM789
!@#456
!@#)(*!@#
!@#$1234qwer
!@#$%^qwerty
!@#$%^&1234567
!@#$%^&*()123
!@#$%&
!@#$%$#@!
!@#!@#!@#$
!95jwchs
!606290.woah
!3Spoiled3
!251fer
!234Asdf
!1poiubvcxZ
!1love
!1@2#3$4
!13evil13!
!123aA!
!*nia*!
!*&&dean!*&&
!(nov1988
!$&*@e5
!"smellyegg"!
!!willIE13
!!sunanCHAI
!!stan!!
!!sami!!5
!!rebecca!!
!!pink!!
!!matthew18!!
!!lipgloss!!
!!lala!!
!!jordan!11
!!helpme!!
!!eloi$a13
!!ben!!
!!bbymac!!
!!alex!!
!!aa22##
!!WeRnErSaRa!!
!!BANG!!
!!@@##123
!!??3323
!!22AguadA
!!11betoJR
!!!sezza!!!
!!!love!!!
!!!hi!!!
!!!dramaqueen!!!
!!!Junk
!!!???
!!!$$$
sophia
freek
5 15
123
9101102838
13610109
>#<#5556121#>#<
0124271876
~~~~~~~~~~~~~~~~~~~~~~~~~~~~~~~~~~~~~~~~~~~
~~~~~~~
~~~~~s
~~~~~
~~~~Ffff
~~~yakub1
~~~oil~~~1234
~~~lorna100568
~~~kir~~~
~~~hey~~~1
~~~barbu~~~
~~~ali~~~
~~~KYR~~~
~~~42~~
~~~,1eh
~~vbchic20012
~~suzie~~
~~sophielyon1~~
~~sex~~*
~~rylan~~
~~red~~
~~qwerty225~~
~~petsrus~~
~~peanut~~
~~muah~~
~~matematika1996szept12
~~marie~~
~~liljon~~
~~lebo~~
~~khristalsierracofer~~
~~joshuajohn~~
~~jecca~~
~~imahoe~~
~~ilcheer~~
~~hill~~
~~fabivo~~123
~~elle~~16
~~dream~~
~~dj031105
~~dec29~~
~~chaza~~
~~bri~~
~~bommel^^
~~bdarab~~
~~babo~~
~~amphil1~~
~~ale*686814495
~~aSD#@9oo
~~_EL_~~
~~Tumadre~~
~~T!T@~~
~~OR~~
~~ME~~
~~MA83m3plz
~~LOVE~~
~~LILMISSY~~
~~Dominic973579
~~CINDY~~xxx
~~BeN~~
~~Anat8mia~~
~~@@ane
~~<>R$M!R#Z
~~9394_442
~~876gaymo~~876
~~4539~~
~~3Gifts30
~~1kus~~
~~1983~~
~~1234~~rca
~~092593akthlene
~~*shelley*~
~~**special4u
~~**MikeY23**~~
~~##love75##~~
~~!@MANgo
~|deea|~
~{M}onster
~zues~
~zorba
~zepeterg7838
~zantu~
~zack~
~yummy~
~yummy1~
~youngk~
~ygaclan~
~yessica~
~yawbo~
~yafet~
~x~lozi~x~
~x~hello
~x~carrie~x~06
~xxxx~
~xtenshix~
~xnicx~
~xcube8~
~xandy4eva~x
~xander
~x-tremstar
~wrdeidpa
~winnie~
~winky88~
~wings~
~wifey~
~whitesnake
~westside~
~wassup~
~warpath101
~walkbyfaith~
~w.k.d~
~vms69
~violins~
~vicky45313
~ventura~
~vanny
~vanessa88
~vampire90
~valy&*~
~v1~d5~
~united~
~typhlosion~
~tweety~
~turtle~
~trw10~
~trombone~
~tristan~
~traviesita~
~tr@visb@BY~
~tornado
~toolband
~toffee~
~tink_lover~
~tina1994~
~tiger~
~tiamo~
~thomasishot1705
~thisishott~
~thatzmaname~
~terrance~
~temoc8
~teixeira0
~teddyness
~tdcclc~
~tazbabygi
~taoyan~
~tanner8~
~tampon~
~taew_num~
~taby~
~sxei~
~swim~
~sweet~
~sweetic~
~sup~9
~summer23
~sumergirl
~sugar~
~sucker4u~
~stinker~
~stevenson
~stephsawa7~
~stephane
~squooshi~
~spunky2monkey<3
~spongeb~
~spike~~15
~spiderman~
~sparks~
~southside13~
~sooter
~soledgreen~
~soiaf9
~soeiro
~soccer~
~snow~
~smw249168~
~smoky~
~smily~
~smelly_ell1e~
~slb10
~sl33py15~
~skulls<18>
~skittles~
~sk8er~
~sismeiro
~single0422~
~simpleplan1~
~silly~
~silent777~
~shyanna~
~shorty~
~shinobi
~shel~
~shedevil
~shaz~
~shaprinchicka~
~shaniece~
~shane
~shakem~
~shadow#
~sf4184~
~sexyhunny
~sexy_hott~
~sexilewis~14
~seth414
~senior~
~securitas
~seans girl~
~scrumpy~
~scotland~
~scooter~
~schsblondie09
~savarrah`
~sauske~
~satan
~sarah**
~sapphire9
~sapito
~saofernando
~samsung~1979
~sammy6~
~sammy123
~sam510~
~sam123~
~sakura~
~sajana~
~sahaydi~
~sadness~
~sadie~1
~s671sms~
~runbaby
~ruger~
~rsdl26
~roxy*3~
~rosinha
~ronaldo~
~romans1619~
~roi$in~
~roerstqudr1~
~rockyou~
~robot~
~rize~ditsy~
~rissa~
~risha_9~
~rick~
~reveur~
~renea~
~renay019
~reloaded
~redfeet~
~rebelde702
~rdvl730
~razz8~
~raul~101
~randy~
~raggedyanndoll1
~rach~
~r3n3gad~
~r0b0tech2
~quicalarosa
~queenjo~
~qila~
~pylee6371~
~puppies
~pumpkin~
~puchurrunguin
~prince~
~princess09~
~preston01
~power1~
~portugal
~pookie~
~pooch9~
~polkadot
~pizza
~pirate_heart~
~pink~
~pinkteo
~pinkie~
~pimp9~
~phy0001~
~phoebus~
~phantaz
~perola
~pepe~pepe
~pelican12#
~peechez~
~peaches~23
~peaceandlove
~patrick2
~password~012345
~password
~paranoia~
~pantherboy~
~pancho~
~pakika
~paixao
~pInSoN~
~p!nK0!~
~oreo*
~onlyme~
~omar^munoz+-
~olivia
~oimz~
~nurliyana1506~
~nothin~
~noonecares
~nirvana
~nike~2011
~nicola~
~nico23
~nf~am~
~newbie
~nessa1~
~nemofish~
~natural~
~nativepride~
~nastazia~
~nala~13
~n8o1e8l~
~mztweetybird96~
~myzipper~
~myspace~
~myro~
~myjesussaves~
~muhammad~
~muffi001~
~ms.wong~
~mrkeller
~motn05
~mory557
~morgan~
~monkeys~
~monis))&
~monica
~mona~
~modeloaxel
~mocha~
~mizzie~
~missy~
~mir7~
~mimi~
~millerbaby~
~miestudi~
~mickeymouse~
~michael~
~mest~
~meruge
~memory~
~meagan
~mbflove
~mauro`
~mattjeffhardy
~mater09~
~mashed~
~martin
~marquel~
~mariposa~7
~mariah~
~marco_leila
~manutd4lyf~
~manoiki
~mandre
~mandie88~
~mamin~
~mama~
~malmute~
~malibu04~
~makkgonna~
~mahal*17
~magillmiller~
~magenta1
~madayloamy~
~machibacat
~lynn~
~lydiarosa~
~luvnme
~luvinJOKER~
~luvadr~
~lupita94~
~luke~
~luismeza~
~lucky~
~lubbsyou~
~ltasgsrtb1108
~lovinu~
~love~*
~loveyou
~loveruben
~loveliy
~lovehim~
~love1~
~love11~
~louise424~
~lorenz~
~lolohea
~logan~
~llyod~
~llorente
~littlelucas~
~lininha
~lilp3ch3~
~lilmoe~
~lilma~38
~lilmama~
~lilkelly~
~lilbadazz~
~liko~
~liebl1
~li5lenve
~leonorb
~leigh~
~leesha~
~learah
~leWis4
~lazza~
~lauren92
~latinoprincess~
~lareina*
~lapuffy21~
~lambchop
~lalo~
~lala~troy~
~laiton~
~ladymini
~la'mol~143
~lUcAs~
~l.0.v.3~
~kyou_man~
~kyler~
~kumar637~
~kristy~
~kresta~
~konkamon
~kodeynb~
~ko0ky~
~kms~
~kix5vin
~kisses~
~kinslee~2007
~kimmy~
~killer~
~kid~
~kenzie~
~kenneth~
~kenmdogy
~keller~
~kbritt~
~kaylee~
~kaykay~
~katy~
~katyst_04
~katie478~
~karyna
~kaniya~
~k93et7~
~k3298h~
~justme
~justins
~jumped
~judy0613
~joshua~
~jose~69
~josephine2011~
~jorge~
~jordan~
~jonnique~
~jona&greg~
~johnny~
~johnice~
~joey~
~joe4058
~jodie1~
~joaogato1[
~jmari~22
~jiggabooboo~
~jesus7~l^
~jesse~
~jeska2745~
~jenn~
~jeffrey~
~jbrown~1802
~jazzy~
~javar~
~jassy16~
~jaoricardo
~jangoko
~jajocrew~
~jahnesa
~jada~
~jackkung7789473
~j.angel~
~izzy123~
~isabelle~
~irock2012
~inuyasha~
~interior7
~incubus~
~imnluv~
~iluvu17~
~iluvpink~
~iluvluis~
~iluvjordan~
~iluveaj~
~iluvdave~
~ilusfm_o2
~ilovezac~
