5293112
5293097
5293076
5293047
52930358
5293012
52930089
5293001
5292scot
5292ry
5292mgfc
5292lmfao5
5292jm
5292girl
52929eLIA
5292972
5292970
52929428
5292939
52929245
52929079
5292890cp
529288
529285
5292827
52928
5292799
52927850
529277666
529276
529274221
5292704
52926psxj
52926838
52926770
5292665
529263299
5292606285
529259427
529256
52925415
5292540
52925000
529244729
5292430
5292414
5292410
5292400
529239
5292351A
5292341
52923232
529232
5292303
5292299
529229
529226toy
529223
5292225
5292220
5292209
52921N
5292191
52921857789928
5292143
5292132
52921268
52921219
5292121
52921
5292065
5292049
5292046
5292030
5292029867
529201307
5292011
5292000luojun
5291sb
5291mjh
5291g
5291as
529199998490798
5291996s
5291992
52919910
5291979
5291967
5291951
52919478esteesminumero
529193
52919191
52918910
5291867
5291843
5291822
5291805
5291789
5291772
52917627
5291738
5291694
5291685200
5291670
52916646
52916421
5291638740
52916320
52916315
5291626
52916159
529161
5291599
529157389
5291562
5291531
52915163
5291509
5291481
529147
5291434
52914254
5291409
52914053
5291387
52913515
5291321
529131
52912946
5291288
5291262
5291260
5291253
529124
5291235
529123
529122
52912110
5291204
52911957
52911931
52911788
5291144246
52911294
52911202
529110
529109
5291084
5291080
529106
5291037
5291026
52910252
529102
5291012
5291001m
5291
5290sg
5290mom
5290love
5290do3
5290b5290b
5290_08
5290996
5290954
529094
52909
5290885
5290837
52908197
52908
5290772
5290743
52907214
5290705
5290690
529068
52906413
5290630
5290622
52905monkey
52905a
529057
5290548
5290546
52905290
529052
5290515
529051
529050
5290494
5290447
5290418143
52903mm
5290352
529033
5290323
529031
52903014
5290295
5290278
5290262
52902590
5290245
52902
5290182
52901648
5290155356r
529014
5290125
5290120
5290104834
5290079
529004
52900305
52900246bogota
5290010258995189
52900081
529/1529/1
529-7808
528yumothy
528todas
528sexy
528ricky64
528pyh&
528morris
528mara34
528mal
528luc4
528kjay
528kamilah
528jay
528jag
528hillers
528hemi
528fuckthis
528evalu
528e7ffc528
528darkwood
528cnl
528chit
528cheer
528cash
528cami
528bible
528beebe
528auflove
528Kitty
5289tf
5289r
5289nng
5289ki
5289gl
5289cb
528999838l
528999
5289962
528993780
528993104
528992
5289907
528990
528986
5289856
5289848552
52898369
52898266
52898
528979782728
528979
52897661
528975TS
5289731
5289720
5289719
5289711
52896ezt
5289680m
52896624m
528965398
52896325
5289629
52895n
52895ae
5289592
5289574
52895586
528953
5289518
5289514
52894897
528947Nmpo
52894669marcus
5289446
5289437tif
528942
5289408
52893imani
528937561
528937
5289347
52893425
5289315
52893
5289296
5289290
5289285
528927
528925
52892426
5289238
528921
52891y
528918
5289165
5289149123vip
528913836879143
52891234
528912
528910
52890Tr509
5289081
52890665
528903012
5289016eyt
528901
5289#s
5288t290180
5288love
5288fyg
5288dr
52889eaac
52889995
5288968
52889590
5288932
52889191
5288913
52889
52888may
52888931
5288876
5288848
52887vrido
52887633
5288724
5288717g
52887122
528870834
52887008
528870
5288697
5288688
52886691
5288664
52886527
5288640
528861up
5288610
52885909832
52885889
52885837
52885741
528856136
5288530
52885284
528852337
5288503
528849
528846
52884
52883921
5288334
5288328
5288300
52882h
5288289
5288277
528825m
528824
5288225
5288222
52882006
52881996
52881804
5288172
528815813
52881314
528812
52880979
5288074
528806
5288044
52880
5287kels
5287dionne
5287a1
528799
5287945
5287930
528791b
5287915
5287907
528790
5287899
528789
5287878
528784
528782
5287804
528779wd
5287789
528778
528777
5287750
5287739
5287708
52877
5287696j
5287680i$
528767c
5287656lenin
528765
5287649
5287629
528762 abcd
52876126
528759ruby
5287587
52875777
52875673
5287548
528754
5287525yair
5287518
52875108
52874954262
5287472
528746ka
52874625
528746
5287451
5287433
5287416
5287412
5287397
5287385
5287366
52873612106
5287338
5287325
5287310
52872ljm
52872k893
528728
5287279
528725292
528724
5287225231
5287223
5287220
5287216
5287203
5287200
5287188
528715
528713ri
528712
5287111
528711
52871
5287078s
5287073
528706735287067
5287046
52870401
5287029
5287018
5287003
5287
5286ptty
5286juan
5286jason
5286bong
5286979
5286961
5286959
52869400
5286911
52869
528689
528688
52868746
5286860
5286834
52867iinmi
528679
52867784
52867564
5286747
5286738
528671
52866p
52866naylorb
52866993
52866838
5286666
52866334p
5286611
5286606
5286590
5286562
52865589
528655
52865351212
5286519
52865110
5286500
528649
528646
5286437
52864282475
52864277
528642
528641001
52864093
52863d
528639
528638
5286369
528634854
52863243
528630
5286293
528628
528626
528625
5286238
5286202
5286189
5286153
5286134j
5286118
5286110
528610
52860968
5286063
52860609
5286044
52860261
5286011
5285stana
5285patience5285
5285kg
5285fresno
5285dundee
5285ac
528599
5285981
528590
52858742
5285866.hot
52858583
5285836
5285821547481
5285816
52857kdg
5285784
5285761
52857461juank
5285733
5285716
5285690536*
5285670
5285665
52856394
52856143
5285609
5285597
5285593
5285588naty
5285573
5285554
528551jsn
5285494
5285465195735
528544
52854211
5285416
5285403500
52853825
528536
5285354
528533
5285323
52853
5285294
528528528kokomg
5285285
5285236514
5285223000
5285214
528521
5285187
528514
5285124
5285120
5285105
528510
52850axsa52850
528507
5285041
52850377
5285015
528500
5284suradet
5284pmjpo
5284ktb
5284javi
5284JavI
5284979
5284969
5284952849
528495
5284933
5284930
5284905
5284896
528488
528485170
528484222
52848255284825
5284820
528481
528478
528476y
5284768
5284755
528475
5284742
5284711
5284699999
5284691370
528467913
5284679
5284668
528466
52846546
528464
528463547
5284627
528462
52846123
5284605motita
5284598
528459
5284569
52845555
5284545
5284533646
5284532
5284526
5284507
5284495
528448789
528446quir
5284460emily
5284450
52844389
5284422
528441
52843ktgnbm
52843kd
52843D
5284390gab
528437yvicko
528437anc1
52843782742
52843746
528437119
5284353864
52843507865306
52843298
5284316
528430528430
5284285
528427
5284268
52842563
5284252
528424
5284229
528421
528420
52841994
52841763
5284149
5284134jb
5284128
52841170
52841016
52840oimau
52840895
528408
52840757
52840605
5284053
52840458
52840422
5284003
5283nmh
5283kt
5283kate
5283jepc
5283j&p
5283flu
5283chris
5283998
528398054
5283971
528396
52839520304
52839439
52839332
52839279
5283911
528390
5283892
52838700
5283869
5283853
5283834
5283829
528380858
5283800
52837968
52837912
5283766
5283758
528375341
5283745
52837356324
5283726
5283721
52836yderk
5283682
5283678
528366mm
528366
528365
52836451
528362
52836047
5283593
5283588
52835596
5283532
52835283
52835
5283495
528346
5283438
5283430627
5283414
5283405
528339
5283377
5283364
5283339
5283329
52833217
5283315
5283281
5283268
52832618
5283245
528324246
52832279
528318
528317
52831560
5283144
52831314
5283119
528311
52830hbpxr
5283072
5283061
528302
52830063
5283
5282vd1
5282nczva
5282kc
5282java
5282a
52829t
5282996
528298
5282949R
5282908
52828915551906
5282890
52828776
528286
5282842
5282834
5282827
5282815
528276469
52827462
52827397
5282702
5282692
5282662
5282631erick
5282624
5282608
52825573
528254
5282529
5282520
5282511
5282501
5282494
52824856
528246babe
528246917346
528246
52824433
528241005
52824064
52823979
5282382838
52823718
528236
5282344
5282325
528231313
52822613
52822529
52822471
5282210
5282209
52822000
5282195
5282188
5282154
528213
5282105
52820870
528207
5282026
5282018
5282006cook
5281sdw
5281mn
5281am
5281Justgurl
5281996
5281989
5281984
5281981arredondo
5281979
5281974
5281971
52819668
52819600
528193
528190lva
52818685
528185luisi
528183
52818152
5281807
52817934
52817790
528176
52817281jorge
5281716
528170AO
528169
5281672
5281660
5281651
52816322203
5281626
5281621
5281606
52816
5281583cel
5281550
528153901
5281530
52815281
5281515
5281505
528148440
5281473
5281438
528142
528141325013287
5281406
52814
5281398
5281361
52813460
5281336
5281325
5281315
52813134
528130
528128
528126
528125
5281226
5281215
52812106
52812
52811a
5281198
52811874
5281176
5281173
52811616
528116
52811518j
528114
5281135
5281124
5281123
5281118000
52811120
5281098
528109
5281065
5281046
52810325
5281026ybm
5281022
528102
528101229
5281010
528100
5280s
5280lofe
5280jorden
5280eh
5280INC
52809960
5280989
52809617
528096
5280929
52809157892703
52809032
52808891
5280881314
52808489
528084
5280822
5280819
5280816
528080AQZSED
52807geo
5280785
528077vs
528077
5280744
5280726
528070923g
52806rvk
52806993
5280685
528065C
5280649
5280631
5280622
52806
5280589pr
5280584
5280575
5280569
528055
5280543
52805367
5280533
528052805280
5280508
5280507
528050216
528049
528048
528046
5280458
5280448valderrama
52804314
528042wjj
5280399
528038
52803764
528033
5280314
52803064
5280304
5280297
5280291
52802813
528026
528023
5280200
5280183
52801811
5280173
528016
528014
5280135
528013104
52801240
5280117
5280108466
528010090
528009
52800859
5280053
5280047123
528003
528-sxh
527zoeae
527vx101
527thirdave
527sexc
527pss527
527poj
527pachin
527nzzlk37
527nmc
527mjt
527medusa1308
527ljled24
527lcvjp66
527katie
527jrc
527jal13
527imishuyou
527hip-hop
527girl
527forever
527etnia
527dodge
527charm
527boyz
527bff
527TRKIM
527SFE1W
5279srp
5279jt
5279hary
5279emsc
5279biffle
52799933
5279968
527995404
5279946
527992
52799
5279882
5279874
52798186
5279791
527977
527974
5279723
527971
52796995
527967
5279645
527962011601
5279590
527957641
527955
5279528
5279507za
52794hj
52794661
527945
5279428
527942155
5279416
52793sja
52793ea
52793942
5279382521
527934145
52793140
52792s
527928
52792413
5279230
52792228
5279214
5279202
52791ca
527919
5279185
527916483emo5
5279156
5279144
52791391
52791314
5279122
52791153
527907
52790438
5279039
5279036
5279022
527901
5278kart
5278ASh
52789ash
52789775
52789444
52789189
5278904/*-
52788lp
5278876
527883
5278823
52788176
52787MAG
52787966
527878
527876
52787535
527872121
52786911
5278688
5278679amaninlov
5278662
527864kasu
5278616
527861
52785990m
52785826
52785600
527855
527854
52785072
5278501
5278488
52784740
527846
527843jr
527841535
5278406931
52783v
5278396
5278387
5278384
52783536
5278333
527832392
52783000
52782dn!
52782725
5278227
527820al
52781dw
5278191
5278181
5278172650816384
5278167
52781489
52781440
52781278
52780daseo
527809604
5278070
5278049
527803872
527801747
52780058
5278004
52780
5277cocjp
5277SNST
5277999
5277990123
5277978
5277969
527796385
527796
52779355
5277931
5277926
52778899
5277878
527787
527785
52778340
527781oo
52778
5277791
527776
52777370
52777102
527766k
52776293
5277627
5277622
527761
5277580
5277579
5277545
52775346
5277520
52775026cw
5277466
5277450
5277430145
5277420**
5277419
5277398
52773823
527738
527737191
527737
52773595
5277357
5277337m
527733123
52773207
5277316
5277295
527727
52772672
527725sa
52772547
52772482
527724
52772291
52772109
527721
52772022
52771987egp
5277198
52771868
52771703
527714
52771314
527712043
52771120
52771059
52771
527709
52770440
527703636
5277025
52770227
5277013
527700
5276rae
5276luer*
52769js
52769628
5276934
527691
5276883
527688
527685685
527684
5276824k
52768190
52767zpv
527679
5276745
5276716
527671
52766w
52766jv
52766bbg
5276688
5276679
5276676
5276654321
5276626443
52766211
527660643
52765S
527659
5276563
5276519a
527651314
527651065
527649212
52764844846725
52764722
5276463h
527645
527643
5276426
527642
5276416
527641
5276353s
527632
52763025
5276292
527628
527625B
5276242
5276222
527621
527620
5276194.7261491
52761800
527618
5276161
5276136
527612
5276110
52760jp
5276090
52760885
527607
52760430
527601q
5276010663
5276004
5275kd
5275dede
5275971
5275965
5275941669494
5275939
5275907
5275884y2162246
527587
527586
5275842
527582
527581
5275804
52757616
527572
52756vayriy
527568
5275675492
5275651
52756177
52755pkkef
5275599
5275586
52755685
5275562
527556
52755275
5275520
5275501
527548
5275426
52753952
5275383
5275374
5275336
52753268
52753045
5275300
52752kys
527528565
52752784
527527527
5275271+5297897+5270404
527525614355
5275250
5275247
5275244
527523meamomucho
52752347
52752312K
527522
5275202
5275193
5275187
527515
527514
52751290
5275126
527511
5275099
5275093
5275086
5275055
5275049339kc
527504
5275020
5275007
5275
5274mew
5274kv
5274helen
5274eric
5274ae
5274a5274
52749me
5274998
527498
5274963
527494
5274935
527493
52748909995733
5274876
52748484
527481KAS
5274800
52747928
52747744
52747720
527476
5274752x
527474
52747087
527468848chicho
527468
527465
52746443
5274632
52746282
5274623
527462.poncho
52745e07896
527458/*.
5274568
5274556
5274533
527451
5274497c
5274477
527446789
5274451983
5274449
527443
52744
5274393
5274373393
52743493026135
5274327
527432
52742martha
527428betty511
5274283
52742794
52742686
5274265
52742562
527425
5274222
5274213
5274202
52741sa
5274191
5274179
5274155
5274142
52741195
5274102
527409
527408
527407
5274047
52740000
5274
5273lisa
5273gily
5273ar
52739kasey
5273993
527397707021989
52739533
527394666
527394
5273925
5273917
527388
527387083
52738561
52738321
5273823
527381
52737874
5273748
52737326
52737225
527370hg
52736Li
5273694824gum
527369
5273683
52736799
5273673837
52736660
527366
52736556
527365288
527365
527362a
527361605
527360921
52736021
52735464
5273532
52735273xxx
5273504
5273496
527349
52734531
52734462
52734400lili
5273439
527343
52733star
52733emi
5273384
5273346
527334
527333
52732pbbmn
527327
527325
52732487
527322
527319a
52731907
52731787
5273168
52731524
52731315
5273116
52730919538270
52730647
52730382
52730125ae
52730099_adrian
52730
5272stewart
5272pmgr
5272magoo
5272efpdn
5272beamline
5272amd
52729810
5272978
5272965
5272958
527293roxyg
52729322
527292ehbt277
52729169
52728976
5272890yuli
5272884
52728667
527285
5272835
5272832
5272829
5272812
527280ash
5272796.
52727674
52727526
527275
527274
5272727
5272718
5272705
527270
52726983
52726945
5272685
52726348teamod
5272629
5272596l
52725894
52725848ata
5272572
5272545
5272540
527253
52725253
52725203
527252
527250989*
527250
5272497
5272483
52724783
52724717
527246
5272450
527243m
527242
5272417
5272408
52724069
5272395
5272360
527235
5272347
52723318
527230
5272292
5272280140
5272276
5272261
52722426647
5272236
52722151
5272199335
52721901
5272181
5272174
5272165
52721618
527215
5272143
5272125
527211a
527210y
5272107
527210
52720990
5272053
52720329
5272013
5272005arj
5272004
5272002
527200
5271jm
5271danmoo
5271992ciy
5271983
52719812
5271979
5271972
5271966
5271956
527193366C
5271923
52719076cu
5271905
52718797
52718620
5271859
52718263
52718108
52717taksan
527179
5271770
52717513
5271745
52717138
527170
52716z
5271684
5271651
527163
527162
5271604
5271596
527158
52715695
52715308
52715288
5271526
5271502
52714931758
5271482av
5271474
5271437
5271426
5271412
52714064
52713712=)=)
5271365
52713403
527132466
52713160
527131420
52712nlj
527128c
5271277
52712702
527126
5271213
5271207
527120527120
52712005
527119
52711851
5271174
52711611
5271151
527113m
52711265
5271117
527110d
52711039
52711
5271094
527109
52710732
52710425
527102kik
527102833
52710038
52710
5270harbor
5270egg
5270ayam
52709940
5270918
5270912
52708Love
527089
52708817
5270868
527084
52708343
527081
5270804
5270784
5270738
5270712
52707
52706scozi
52706calliealexis
5270675
527066jf
5270636
52706112
527059
5270560
5270532leslye
52705270
52705203
52705155
52705138
527050
5270492
52704689_91
5270456
5270446
5270440764
52704
5270365
5270357
527035
52703252
5270311
527030
52702wtj
5270287
5270271
527026
5270249
527022
52702116
5270201
527018
5270168cuadra
527015
5270121
5270107
52701
5270083354
52700492
5270022
52700150
527000
527*669
527&1002
526yhnnx77
526vfg1998
526tsb
526tori
526suwei
526scott
526q95
526pimp
526no5
526mgbmgb
526lukedarrien
526ll92
526kirky
526jrw
526jam
526hrk426lzj
526hoffman
526hat526
526emily
526dadsick!
526cj5
526boys
526ancargl526
526PinkMJ
526FJ975
5269mbsxn
5269hardwoods
5269andreia
5269TX
52699p
5269994
5269977
5269961
52699463
52699219
52698millie
5269879
5269859
5269842
5269836
526983
52698008y52738144
52698
5269797e
526978539
5269780
5269758
5269744
52697195p
526970
52696k
5269691h
52696777
52696242
526962
5269598
5269588
52695734
5269556
52694w
526948397170820
52694555269455
5269439482
5269428
5269406
52693jl
5269389g
5269376
52693454
5269328
5269314255
526930182
52692mw
5269291
52692721
5269261
526925
5269232
526921110
5269206
52691mybday
5269187
5269175
526916
52691448
5269132
5269126
5269120
5269116k
52690may
526907
526905
52690455
526901
526900H
526900
5268ysol
5268lmh
5268hc
5268cb
5268apr
52689h
52689cnp
52689991
52689902
526898
52689540
526895268
5268944
5268922cy
526891314
5268907
52688946
526888
5268843
52688366
52688289
526882525a
5268813
5268765
5268735&z
5268724
5268710
52686pqcje
5268655
5268651
5268628
526861
52685ignaslopas
52685743
52685531391
5268542
52685337
5268517
5268471
5268453971
526843791
5268414
5268413
52684005
5268361423
526835258
526831227
52683
52682819
526827915
52682544
52682512h
5268247
5268225
52682185
526821314
526819139
526818
5268172
526816
526814795
5268134
526812
5268100
52680851118
5268030
52680260
5268.85134@
5267seven
5267laops
5267eli
5267ar
526794138
5267926
5267912
52678964
526788jj
52678768
52678655
5267834
526781k
52677j
5267793
5267768
526775
5267734
5267727
5267710
5267701
52676Z
5267666
52676468
5267638
5267617
5267594
5267575a
52675732008
52675674
526755
5267522
52675100
52674j
5267455
5267429111
5267403
52673914
5267360
52673286
5267309
52672you
5267283
5267266
526726
526725
5267228
526720
52671993314493
526717824503
5267171
526713
526710
5267072
5267040
5267024
52670
5266990
5266972sn
5266929
5266912
5266900
52669
52668815261127
526684
5266828
5266823
526680
52667873
5266772
52667524
526675
526674
5266732
526673
5266716
5266698
52666652
5266656
52666479
526662q
526658
5266565
52665535266553
5266548515
526654
52665233
52665115
52664807895123
526646
5266458
526644
5266435
5266423
526640122
52663boo
5266384
52663748
52663459
526633fido!
526632627
52663
5266287
5266279
5266272
526627
52662582
5266252662
5266239
5266232
526621
526620
5266196
5266189
5266174
526616143
526615602
5266132162
5266131l
52661292
5266123
5266079
5266044
5266040
52660307
5266020
526601338j
5265jo
5265demon
5265arii
526598
526596429
5265956
5265934
5265923
526591782
526590
526589
526585
526584
5265830
5265816
526578
5265775
5265762
52657568
52657261
5265711
5265699
526569
526566
5265648
526564197837837k
5265634
52656249
5265616
5265609
52656040
5265593
52655815eve
526556
5265540
5265539
52655256
52655080
52654977k
5265486
52654709
5265451
5265433
52654221091
5265417
5265404
52653emj
52653943
526537
5265358
5265353
526535
52653234
526526p
526526alonso
5265268
526526526
5265262
5265261
5265241
526523
526522
5265214
5265207
526519
526518
5265176
526517
526513
526511d
5265113
526511
52650987
526509175
526508
526507
526505505198
5265031
526501
5265005
5264wm
5264rd
5264lhm
5264l
5264jrh
5264dilo
52649kew
52649949
52649634
5264951
52649153
5264913
5264908
5264896
526489
52648749672805
52648670
5264852648
5264833
5264821
5264809
5264795
5264785
526477
5264711
52646jpl
5264693
5264678
52646675
5264664521
5264660
5264647
526463526463
5264610jr
5264606
5264586
5264581
5264571
52645636
5264553
52645439
5264534
526453
5264523
526451502
526450529
52644jgcye
52644875
5264484
52644539
52644433
526440
52643me
52643jh
52643ARNOT
526439
526437
52643627
5264357
526435
526433067
52643258
52643180
526430
52642lamita1nour
5264245000
5264243
526423jenz
526422143
5264189
526418
5264150shasha
5264139
52641329
5264110
5264108
5264104x
52641
5264090
5264071a
5264066
526406
526405055
5264036
526401
5264004
5263why5263
5263tleh
5263jane
5263harry
5263catt
5263ael
526397397903190
526397
5263955
5263947
5263912
526390
52638ll
52638912
5263883.mb
526385
526384762537
5263832
52638151
52638
52637waldo
52637l
52637james
52637iLy
526379w
5263772s
5263758
526375
526374286
5263728
5263723hkf
5263701
52637..
5263688
526367
5263659
526365
5263634
526362744
5263610
52635grejn
5263593
5263575396
5263568
526355
52635397
5263524
526350rd
526350
526349
52634670j
5263464
526346
526342
5263416
52634025
5263398
526338
5263367
5263358
5263342
5263323
52633132
526330
52632wellscarey
526329464
526328
5263275
5263267
526325m
526325
526324280790
52632160
526321
526320
52631976
5263179
52631459
5263132
5263124
52631043n
5263104
5263079
526306
5263047
526304
5263035
526302
5263011
5262e1
5262cg
5262Barkwood
526299
526297
5262943
526291
52628975
526286k
5262852
5262817
52628
526279
526278
5262768
5262748
5262722
5262701
5262692
5262659d
52626439
526263m
5262621
526261
5262601
52626
526259
52625859
5262578
5262567
5262556
5262534
5262532
52625267ra
5262526
5262519
5262506
52624tm
526249
52624710
5262463
5262459
52624500
52624344
526242a
5262422
526242
526241
526240
526239848
5262382
526237422
5262370
5262362
526234em
5262316
526227r
5262262
52622570andrea
5262218
526220
52621987
526219192
5262189
5262170
5262157
5262140
5262137
5262131
5262100
5262094
5262086
5262081
52620524elegido
5262046
5262043
526204
526203
5262017
52620123
5262006md
5262004
5262001
52620
5261luvmaster
52619pldrtw
5261999
52619934
52619889
5261986
5261984
5261982a
5261981Dd
526198
5261974
526197
5261964
5261959
5261949
5261904
5261892
526186374
52618489
526183
526181298962018
5261805
5261797
526174
526173
52617113
526171018
526168
5261676
52616570
52616464
52616232
526161
526160
526158
526156va
526155
5261530
5261526
52615026
5261500
5261480
5261475
5261466
526145j
526145
5261435ge
526143
5261417
526138lai
52613866
52613724109
526136
526134859467
526133
5261314
5261301
5261299kj
526129
5261286
5261274
5261264
526124
526122
5261212
52612000
52612
5261196
526119063
52611794
5261169
526116
5261153
5261143
5261123
5261106
526110
5261089
526107
526106
52610412
5261024woaiwei
5261023
52610113
5260monkey
5260Pine!
5260997
5260991
5260978
526096l
5260944
5260936
526092
52608ily
5260893
5260887
5260880
52608715
526087
5260862
5260855
5260851
5260838
52608224438
526081688
526080
526078
526077582
5260761
5260754
5260737
5260726
52607120
52607
52606jb
52606CF
526069
526067
526066
5260650
52606344
526063
5260622
526061
5260601
526059
5260581aT
5260570
52605325
52604970
526048
526047
526046
5260451
52604434
5260425
5260415
52604
5260394
526039
5260367
526034
52602821
526028
526026
5260255
52602421
52602271
52602121
5260209
52601iowa
52601983
5260185
5260154
526014
5260119752607004
52601103
526009
52600804
526006
5260048
52600249
526002
5260011
5260
526-3964
525wnplp25
525vbm
525thia
525tafur
525sxs
525susana
525sol
525shalom
525raj
525patten
525ntq
525mss
525mk111
525michiganave.
525mckenna
525mano
525love
525loco
525kn
525k12l0v1152
525jouet
525hlv
525haha95
525ftfhu29
525erick
525dani
525crazy2
525case
525bmw
525basketball525
525audrey
525ag25
525KONEJA
525Anims
5259tuna
5259gm43
525999
5259978
5259961k
525996
52599494
525993
525992
525991
52598wa@
525988
52598682
5259858
525984
5259818fg
525981
52598002
52597832
5259768
52597477
5259742
525973610
525971471
525970
52596j
525967
525964
52596350
5259614314
52596088
52596002
5259598
525959
52595741
5259565351
5259558
52595487
52595344
525952177
52595151cica8905
5259509
525950
52594lg94
525948
525947
52594558
5259445
52594342
52594162
5259416
52593891GOLONDRI
525937
525935
5259331
52593269
525931545
5259304tln
5259296
5259254
52592399
52592389
52592078
52591864
525917a
525916849
5259140
52591388
525913051
525911973
525911
5259105c
52590v
52590m
525909
5259051miguel*
525904
5259013
5259003dane
5259.DGY
5258smw
5258kk
5258ekips
5258camaro
5258ar
52589l10
52589dqpfc
5258990
525897116x
525896320+
52589623
5258956e
52589525SARA
5258932
5258929797
525891916
5258908a
525890
5258899
52588900kp
525888885555555555
5258852588
52588499
5258835
5258830123
52588122w
525880500
52587p
5258792
5258785
525876329
52587413
5258722608807020
5258714
52586g
5258687
5258677
5258666
52586527
52586476
525864
525860popo
52585vhqqo
52585ek
52585928
5258589
52585872
5258565456
5258565
5258555256
525855428
52585456
52585259
525852585258
52585255
5258523
5258519
5258510
5258500monte
525850
52584nak
5258491
5258464
525846
5258456
525845
5258413
5258404
5258399030506nt
5258394
525836
52583510
5258349maca
52583427
525834
5258338
525831648
5258306r
52583031582
52582nin
5258296
5258286
5258281083
525828
5258238
525822cm
5258228
525822
5258211
525819907
525819
5258171
525815
525812078
525810n
5258104
5258086
52580617-921215
52580220
5258012c
5258%@%*ftfe
5257jk
52579ali
5257992
5257986
5257963
5257955
5257948
5257939
5257923
525790
52578nmb
5257888
525788
52578692
5257864
52578341
5257822
5257813
52578
525779123
5257770
525776
525775
525773717P
525772636
525771340
525770165z
52577
5257682701
52576704
5257669
5257662
5257644
5257639
5257633
5257624
5257616
52576
5257597
525759123
525757
52575658
52575568.ch
52575542
5257549ma
5257542286969
52575320
525752451
525751h
52575097
525747h
52574749
5257473979
525745
525743
52574215
525739
5257371
525735
5257325
52573046
52573
525729406
5257285
52572768
52572436
5257226
5257210
52571960
5257166
5257154c
5257141
5257135
525712268
52571170
5257115
5257104
52570princes
5257083
5257058
5257054
5257033
525702
52570025+stephy1
52570
5256ton
5256nb
5256max
5256dhet
52569ampcs
5256995
5256987
525698
525697107
5256959652569596
5256925
5256912
525690
52568764
5256861
52568586950310
52568398
5256825
5256811
52567884
5256786532
525676
525675
5256745a
525672
5256709
5256696
5256680
5256677400
525666
525665
5256633
5256630
525662
5256606468
5256592
525658547391
5256580
52565692
525656369
5256562
5256550
52565458777
5256541
5256519
525650
52564smookie
5256467
525645683968
5256438
525643
5256411]
525641
5256400037529064
5256390
5256387
5256380
5256375
525636749864s
52563635
525635
5256342
52563374
5256314
5256304
5256290
5256259
5256245
52562000
52561l
5256184
5256176A
5256167
525615583
525613
52561211
52561116
52561016
52560lja
525606
5256040
5256023
525600rent1996
525600minutes
525600luv
525600525600
52560
5255nina
5255loli
5255jall
5255cinderlane
5255991
5255980
52559714
525597
525595
5255940
525593
5255907
52558999
52558888
525587
5255866
52558082
52557raj1
525579
5255777b
5255768
5255758
5255746
525573
5255713
52557091angie
525567
5255664
5255661314
52556544
5255636
5255617
5255600
5255590
525558
525557519
5255570
52555593
5255556
5255554
525554
52555256
5255525
525552
5255513
5255510
5255505
5255502
52554apr
5255487
5255474
5255463
525545663
5255454
5255447
525544
525543
52554164
52554059
52554002
52553bzaua
5255386
525535
5255344
5255330629
52553297009371
5255323j
525531420
5255303
5255280
525527
5255257
5255249
52552317
5255229
525521366
5255207
52551998
5255172
5255146base2006
5255142
525512nanna
525511ab
5255113
52551068
52551
525508
52550646
52550480
5255042
525503
52550
5254will
5254tin
5254tata
5254sick
5254sarah
5254rr
5254rm
5254rg
5254py
5254phl
5254nice
5254neil
5254morns
5254mod
5254mike
5254math
5254maica
5254ma
5254lust
5254love1
5254liza
5254lala
5254kevin12
5254jr
5254joseph
5254joey
5254jk
5254jhenny
5254jezamae
5254jennebeth
5254jeehad
5254jayson
5254jason
5254jali
5254j9
5254iche
5254huntergreg
5254harvey
5254grace14344
5254gerone
5254florraine
5254erlou
5254do
5254dee
5254chareng
5254cc
5254ca
5254buso
5254beh
5254babe
5254awie
5254ashlei
5254amore
5254always
5254addn4u
5254VMDJ
5254LENZ
5254:)
525499725
525499
525498
525497
525496257
5254961
525494
5254928
52549184
5254897
52548833
525486v
5254865
5254859
5254855
5254851
52548452
52548277
525482
5254814
525480899
525480
52547933
5254782
52547666
52547583
5254756
5254748
52547417
5254716
5254700
5254693852143
52546789
5254670
52546542
52546452
52546398214
52546376
52546325
5254631
52546264
52546143
52546098
5254600
52545j
5254587
5254585653515759
525458565
52545658lj
5254565851535759
52545640
52545544
525454eb
52545447
52545314
525452J
52545254vj
525452421
525451
525450
5254478
52544752
525447
52544398
5254435
52544153
525441434
5254413homephone
52543989
525437
52543282
5254327
5254315
5254308A
52543033
52542ko
5254279
52542729
52542712
525426kazumi
5254265
52542626
52542545
5254244534
52542425
5254238
5254228
5254222
5254214
5254203
52541980lovejelvin
5254194
52541899
52541693
5254163
5254153
5254143love
5254143i
5254143eveyhanella
5254143davebryan
52541438
52541437
5254143652
52541435416
52541435254
525414321
52541432
52541430178
52541421
52541416449839
5254131j
52541285
525412369
5254121219829
5254112
5254100907
5254091
5254072813
5254069
5254052509
52540498
52540418
5254035
52540287
5254016368
5254013
52540110
52540086
5254000
5254 143
5253smith
5253scso
5253pt
5253pici
5253lovejustin
5253lah
5253kh
5253jq
5253ehhu
5253dp
525399
5253982
52539766
52539595
525395
5253934
5253915
525390693
5253884
52538635
525384
5253827
5253821
52538
52537960
5253771
52537556
5253744
5253740
5253736
52537273
525372
5253703
52537
5253689v
5253662
52536581
5253654
5253635
5253626410
52536223
5253614
525359
52535858
52535721
52535711501
5253563
5253552
52535457
52535455
525354061
52535352
52535232831
5253517
525351
525350256
5253484
525347javis
5253461
5253449
52534152
5253399
5253391
52533865
525337389
525336esha
5253357
5253353
5253346
525334
52532B
5253280
52532688
5253265
52532599
5253255
525325
5253239
5253215k
52532004
52532
5253199
52531981
525318925
525315477
525315
52531314
5253127
5253123
5253120
525311509
5253106776649
52530xxx
5253089
5253055
5253045
52530223
525302
5253012
52530055
5252xx
5252ua
5252sosomis5252
5252rafael
5252popo
5252ntoumi
5252ms
5252lala
5252jp5
5252jaja
5252fall
5252eb
5252cw
5252bt
5252apex
5252a
5252=9
5252991c
5252980
5252966
52529599
52529477
525293
5252921
52529031
5252896k
5252883
52528552
52528363
525282802
5252820
52528150
52528055555
5252789
5252775
52527647
525274
52527314087
525272588l
52527220
5252715
5252689
5252687
52526761smdf666
5252669
5252659
52526313
5252621
5252617
52525p
5252593
5252584
5252570
52525665
5252554
525254knive
525254398
52525377
5252530
525252m
525252e
525252bz
525252T
525252A
52525256
52525252R
52525230e
525252252525
525252123
525252.COM
5252516
5252512
52524939
5252470
52524652
5252463927
52524634
525246
525245
5252441
5252432
52524241
5252412
525241
52524049
52523t
52523816
525236sb
5252368
5252359
5252356
525234
5252334
5252324
52523140
52523048
5252294
5252292
52522674g.
5252243
5252231
52522280
525222
52522131
52521993jd
5252188
52521721
525217
525215152
52521485
5252144
525213521
525212P
5252126322
525211Z
52521164
5252110
5252105695
5252102
525210
5252096
5252088
525207
5252055512612
52520410
5252034
52520198620
5252017
525200gf183
52520098
5252008j
5252000
5252 5
5251lw
5251fei5251
5251ccmh
5251bacc
5251996
5251991d
5251985ren
5251984
5251981
525198
5251977
5251973
525197
5251964
52519369
52519177
525191
52518y
52518803
5251874
525187070123
525186
525185
525183
525181
52517978
52517789
5251742
5251720
5251708
5251704387
5251692
525168
52516679
5251659
5251640
5251636
5251626
5251620
525161
525160
5251597
5251578
5251566
5251548vii5okD
52515401
5251526
5251525
52515135
52514leeboivin
5251490
5251485
5251472
525145223
52514494
5251442
5251439
5251432w
52514305
5251427/estef
5251415
525141
5251377
5251360
52513530
525135
5251322
5251314525
525130159
5251294
52512719
5251264
5251250
5251227
52512131
525120890
52512006
5251194
52511919
525117
52511615i
5251152
5251143
5251137
5251131
5251127
5251125
5251110588
5251106009
52511
525109179
52510706
5251069
5251060
5251056
5251040
525103martin
525103
5251027
5251012
5251
5250rmp
5250mmwj
5250jw
5250gore
5250bre
5250NAY
5250999
525098a
5250970
5250936
525093
5250924
5250913
525091
5250903
525090
52508jym
5250887
5250868
5250856
525085
5250828
5250816
525078
5250764
5250756
5250741
5250731
525071218maria
525071
52507
52506860
525068
5250668
525064ever
525064312
52506260
5250622
525062
525060LR
52506002
52505jbf
5250596
5250555t
5250535
52505315
5250528
5250525
5250513
52505069
5250497
52504854
5250456
5250440
5250433
5250426
5250417carlatkm
52504057808019
5250400
52503989
5250347
525034
5250328
5250323
5250289omg
52502732
5250252502
52502500
525024
52502166
52502143
5250203a
525020
52501iaott
52501920dc
525017j
525017
5250156
525015
52501314
525012
5250111092
52501100
525010200075
525010
52500T
5250093
525008
52500689
52500250
525001038jordyn
525001
5250008
5250000
525..furkan..525
525*melek
524yk50
524vr
524vacta63
524solej
524ronald
524rmz
524pabz
524makemeblush
524life
524lewisangel
524killer
524keturah
524keera
524hg4
524grays
524frk
524envy
524e6cc6
524dea
524dad
524cheer
524brybry
524briscs
524boi
524ayj
524NYD
524JaBaRi
5249bob
5249badz
5249_ugur
5249PHARMACY
5249993
52499797
524996laiy
524995
5249926
5249894lopez
5249880
524987518240@liz
5249860
524983
5249809
52497789
5249765
52497255
5249713
524970
52496YDDUB
524968
5249639
52496150
5249603
52495jm
524955549642
52495454
52495266
5249506
5249500
52494s
52494880
5249469
524946
5249451
5249446
524942
524940
52493A
5249396a
524939
5249380
52493669
52493630
5249357
524935*
5249335
524931jt
52493011
52492LtDvorskiy
524928987
5249279
5249275
52492469
5249237
5249224
52492184
52491j
5249192
5249169
524915cb
52491306
52491111
52491
52490hj
5249084
52490740
5249046
524904
52490188
524901
5249**
5248wissen
5248saul
5248ireja
52489trw
52489797
5248953ALnasha
5248939
524892
5248919
5248914
524891
5248889
5248886
524888
524886
52488450
524883213724
52488196
5248810
524880
52487jm
5248799
52487883
524878
5248758
5248750
524871
52486pat
5248697
524869
524866jj
5248667
524865a
524864132
5248625123
5248613799
5248612
52485C
5248584
524852636539
5248506
52485009
5248474
524846
524844148
5248425
524842
52484062l
52484
5248399
524837m
524835
524832
5248305
524830
524828
5248262214
52482588
524825330587354
524823722
524821530
524820
52481jps
5248198.0
52481913
5248185
5248174
52481648
52481585
5248147
5248136
5248119
52481110
52481010
52480kay
52480940
5248088
5248080
5248068
5248047
52480004
52480...
5247rivera
5247k
5247craig
5247Mucden
52479802
524798
524795
524790
52478957
5247884
52478779492
5247875512
52478610
524786
5247859
5247842
5247830
5247821
5247805
524780
5247789
5247781
524774677c
524773
5247720
52476jxwat
5247695892
52476792
52476627.crimen
5247649743
5247609
5247588
5247578puerta381
524756a
52475596
52475481
524754632
524754
5247522
524751
52474cemp
5247491
5247471
52474594141093
524744
524740
5247385
52473604
5247344
524733
52473186
5247316
5247275
52472626
52472473
524723
5247221
524722010m
524720yamin
52471988
524719-5
524718
524715
52471144098
5247110693*
524710
524707
5247045
5247023
5247021
5247000
5246rae
5246mari
5246edgar
524699
524697543
5246969
5246944
524693547
5246918
52469
524689137
5246860
5246852468
524681379
5246810121416ju
5246799
5246789
5246779
52467571
5246746
524673
52467213134679
5246691
5246687
5246665222527
5246632
5246607judi
5246599
52465876
524657kr
52465721
52465546
5246524
5246501
5246495
5246466
5246461F
524644
52464077
52463love
524639814327
524639157
5246385
524637869
5246355
52463385427
524633269
5246325
524631990
5246312
5246300
5246299
5246291
5246277
5246269
5246265k
5246256
5246255
524625
5246238
524623
52462222e
524620tia
52461mjk
52461988
52461934
524618
52461688
5246145
5246133268/*/erick
5246113migorda
524611
524610123
52460jpl
524609
52460716
5246051
524601034
524601
5245wgladys
5245ee
524596
52459516
5245916
5245861
524585
52458343
5245814
52457T
524576
52457408
5245723
5245671
52456696
5245650
5245631
5245618
52456074
5245601
52455cirjy
5245564
524555
5245527
52455177
524549
524548
524547
5245464
524546
5245451
5245448
5245446
52454269
5245378
524537
5245360
5245338
5245323
5245303257
52453
5245278018
524527269
5245264
5245254
5245252
5245249g
52452426
524523
5245223
524521
524519
5245177
52451610
5245153813
524514
524513
5245123
524510a
524510
524509
52450731
5245060
5245055
524505
52450333
52450214
524502
5245010048
5244md
5244fuse
5244arq1977
5244997
5244966
524491maze
52448900
5244879
524486
5244839hasan
52448073
5244795
524477129
5244763
524471
5244699
524468
524466
524465
5244638
5244628
52445gzzge
5244587
52445802
5244574
5244554
5244541
524453
5244507
5244496
52444885545798
5244473
5244458
524443
52444**
5244386
52443775
5244371
5244366
524435
52443266
524432146
52443
524428457
5244265
5244236
5244205
524420
524418921
5244180
5244171
52441665
5244153852
52441511
5244141
5244136
524413
5244126
52441092
5244100ako
52440947
524408a
52440539
5244046
5244035
52440104
524400
5243wer
5243jemci
5243984papa
52439522
5243947
52439084
524390729
5243891
524385
5243845
5243823
52438
52437773
5243711008
52437073
524369
52436845245235
5243668
5243662022
5243650
524364
5243633
52435kanis
5243582
524358
5243556
5243536
52435298
52435158
52434964
524348
52434429
52434414
5243426
5243421
524339954
5243381407
524337
52433601048
5243345
524333
5243324
5243305
52433013
52433
524329b
52432916
5243288
52432795
52432517
5243247
52432279
52432225
52432112
5243211
524320105
52432
5243196
524319
5243178
52431620
5243158679
52431520
52431477
524314
524313471
52431333
52431303
52431203
5243114
5243109811461
52431014
52431
5243082
524307
5243063
5243061
5243058
5243049
5243034
524303
524302
5243
5242man
5242king
5242ic
5242bf
52429w
524295
52429042
524288c
5242856
524284
52428026
52427785
524277061
5242765
524272
52426979
5242682
5242681
5242675j
5242662
5242652426
524264
52426210
524261
52425990
5242582
524257
524255824
5242547tt
5242535h
5242530
5242528785
52425143
524251010
5242501
52425
524248231
5242473
52424512345
524245055
5242448
524244
524243
5242427
5242425
5242419
52424
5242382
52423661122
5242362
524235
5242345
52423366
524231J
5242314a
5242312115
5242299
52422815
5242275
524227
52422556
5242245
524224
52422209
5242206t
5242201
524219
5242174
5242157soccer
524214a
5242130
5242128
524211
524210524210
524207
5242060
5242049
524203
5242005k
5242003
52420000
52420
5241tmt
5241liuleiming
5241999
524199
52419863
52419809
52419789
5241976
52419733169684
5241968
524195k
5241950
524193259s
5241920
52419131
52419
52418eaf
52418963isaiah
524189
524187
5241868
5241854
524184545
524181
524179
5241773
5241768
5241750
52417408
52417214OVrqB9Q2
524170
5241689
5241656soco
524163wem
524163987
52416352
5241630
5241629
52416153
5241598
524158
524157
5241550
5241533420Just
5241531
524153
52414ever
52414alfred
52414941
5241476bird
5241440
5241436
524137
5241360
52413423208
524132
5241315
524131
524128
524127
5241257
5241229
524122
524120
52411989
5241185920
5241181
524116
5241152
524114
5241137
52411314
5241123
5241120
5241115b
524111
52411
524108
5241071
5241064
524105
52410319
5241022
5241018
52410142
5241010017
52410
5240wu
5240tiff
5240lotte
5240duxce
5240ce0323
5240baby
5240DG
5240962034
5240950
5240921
5240915666
52408UP
524088pr
5240854
524081
5240794
52407891
5240777
5240748
52407098
5240702
52406iloveu
52406_ben
52406830
52406735
5240661
524065
5240617
52406092
5240591
5240579
5240564
5240548
524054
5240522
5240515
52405103
5240505440
5240494
524046556489
5240434
524042
5240410355
524040
52403919
5240374
5240360056
5240347
52403214
5240310515
5240309
52403041
524030
5240253
524025
524023131
5240221sabi
524021
5240192
5240167
5240163179
5240152401
5240144
5240119
5240112
5240108
524010
52400979
524009
5240088
5240081
524007
5240067
5240049
52400323
5240024
52400067
524/4.loan
523west
523vicky
523teranic
523t2048
523sojn
523simone
523rjl
523quevivaelska
523paper
523nwrkt36
523mylove
523mody
523maba
523lsa
523klh
523jul
523jb4eva523
523golddust
523emmanuel523
523dragonfly24
523delta
523daj
523cheryl
523car
523by1962
523artist977
523anaiss7155
523ach
523WSNUY67
523Tp
523LYN
523HOLZM
523@Ssp
5239syn
5239awkw
52399math
5239995w
523992
5239913
523991
5239880
52398706
523986
5239858
5239845115
5239843695I
5239811
5239794
5239772
5239752397
52397262
5239716
5239711
52397036025
52396hp
5239678
52396666
52396528
52396341
523960
52395rose
52395942001
523957
52395409
5239534
523951
52395025
52394gj
5239491
523948659
52394650
5239447
523943681
523941
523940
52393L
52393637
52393207
52392quin
52392j
52392918
5239284
523927
52392663
52392613
523924012s
52392296
52392248
5239216
5239212
5239211
52391kk
52391ap
52391Mgrunewald
5239184768
5239181
52391765
523917
5239152
523914zk
523914191c
52391366
52391302
5239119
52391058
52390dred
52390LJ
5239077
52390641
5239047
52390318abc
52390224
5239011020
5239010008
5238of
5238AM
52389m
52389d
52389b
52389904
5238973
523896jp
52389678
5238961994
523896
523893
52389118
523891
5238899
52388926
5238888
523887
5238855
5238844
52388104
52387932
523877344j
5238752
52387462
5238732
5238726
52386a
5238671
5238669h
523864
523863
5238602
52385r
5238599
5238596
52385803160873
5238541
523853432
52385299
52385232
52385034
52385
523849479
52384641
52384316
5238421121986
5238410
523839da
5238375
5238360
52383375
523833
52383199
5238309
5238301
5238292
5238286
523828
523826
52382343
523821012
52382
52381838
523815168
5238135
52381234
52381079
52381
5238055
523802648
52380113j
52380
5237tre
5237sv5770yy
5237ploy
5237neto
5237mike
5237abc91125
523798492
5237971
5237965
52379539852
5237950
5237944
52379261
523792
523791
52378jp
5237883
5237881
523786.3
5237852378
5237825
5237814
5237783
523777
5237763
52377350
523772012
5237712
523769
523767
5237663
5237643341
523764
5237631i
52376196
52376012
5237575
523757
523755
5237533
5237529
523750794
52375
52374884
523748
52374698
523743jg
523743
5237410
5237382
5237363
5237355
523732
52373023
5237281992
5237277
5237252
5237234
5237232
52372189
52372
5237185
5237177
5237159
5237152
523715
52371374
5237123
5237115201314
523710989
52371
5237088mm
52370571
5237044
52370209
5237#
5236winn
5236franck
5236a5236a
523699dk
523698e
523698741ferhat
52369841
5236971
523697
52369513
5236946
5236935f
523691y
52369093
523690
5236898
52368789206devil
5236873
5236858
5236841
5236826
5236816
52368084
5236798ff
5236793
523678862
523677
523673995
523672
523670020
523667878
523666m
5236661
52366464
5236633i
5236632H
5236589
5236580
52365730
5236564
5236551
52365433
523654
523653
523652852365
5236524
5236523
523652114
5236511
523650069
523649
523648
52364789xg
5236477
523647
523645j
52364525
5236447
52364425
5236432
52364057
52363p
523638213lt
5236379
523637
5236367
523634745
52363295
523632
5236303
523629
523626385997
523625
5236243
52362325625
5236224061991
5236208
5236200
5236199lol
52361908
523617790
52361619
523615131259milk
5236151
5236146
52361314
52361269
52361245
52361171
5236108
523610
5236098
5236091
523607
5236064
52360478
52360415
523603
5236018
523600g
52360002
5235tehran
5235nicolas
5235gfbhy
5235dk047
5235chrissy
5235am
5235972
52359435
52359400
52359389
523593
5235913
52359009
52358923
523587780923
52358574
5235849
5235839
52358309
52358192
5235794
52357814
5235775a
52357374
5235732
52357245
523572
52357
5235699
5235666
5235628
5235626
5235617
523560
5235592j
5235580
52355665
5235541
52355358
523552300
5235510
5235498
5235477734
5235476
5235469
5235466
523545440
5235432
5235410116
5235408
5235399cr
5235384
523538153
5235378
5235361
5235350
523534
523533
5235324
523532
523530910
5235305
5235299
52352724
5235254
5235243
523523654
523523523
5235231
52352105
5235201314
5235195
52351852
52351744
5235172
523516
52351495TATI
523514
52351036
52350dadloveu
52350761
52350697
5235049
52350477
5235040
5235014
5235
5234mom
5234beca
523498780e
523497
5234965
5234957
5234939
5234919
523491
5234897
5234892
5234889
52348755
52348718
523485
52348327
52348020
5234793
523479
5234784
5234766
52347565
523474
5234714
5234707
52347
5234694
5234677
5234669
5234661
5234652
5234632
5234619780
52346137
523461
52346
52345954
5234589*5
52345860144441
52345842
523458
52345588
5234546
5234545
52345404458
52345371lesly
5234532
5234530.
5234525
523451lillou
5234515
52345017
5234492
5234484
523447
5234450
5234431j
5234420
52344103
5234402
5234386
523438
52343543
52343454
5234321
5234319
52343134
5234303
52342967000
52342632
52342590
52342501
5234249
5234243
5234241
52342395123
5234220
52342008
523420
52341967
5234190
523417
5234162
5234150
52341442
5234134
523412968
523412303p
5234117
5234111
523410
523409
5234081696
5234071
523405561
5234053123456
5234032
5234028jv
5234022
52340068
5233viuda.mia
5233rdavenw
5233nick
5233m
5233jw
5233jade
5233fAbian
5233agnes
5233_plk
52339one
523399
5233961
523392571
5233914
52338731
523386
5233856
5233834
5233821
5233819
52338141153
52337820
52337695hardcore
523376
5233754aA
5233728
52336l
52336d
52336903
523369
5233669
523365
52336428
52336200
5233618
5233602
52336001
523359
523358
5233551
5233536ms
52335256
52335216
5233512
5233505
523350
5233488
5233463
52334530_guti
523344
52334284
52334143
52334
5233372
52333666
5233351
523330
5233297brian
523328555
523326774
523326
5233248
52332398
5233225
5233201132
5233198
52331822006
5233166
52331481
523313
5233123
5233113
52331100
52331006
523310
523309J
5233091
523308
5233077
523305
5233018
52330123
523300j
5233000
523300
5232srhhx
5232rockyou
5232lpc
5232lls4tt
5232kacl
5232iqhbu
5232bud
5232bada1
5232TJ
5232995
5232989
5232961
523294
52329323
5232920
5232898
52328941
5232867
5232861
52328566
5232834
52328265
52327879
5232754
5232750
5232745
523274
523272
523270494l
52327
52326867
5232667
5232654
5232639
52326356335240724
523262
5232589
5232578
523257
5232554
5232545
5232534
523252asdf
5232527
5232522
5232513
523251
523250
5232487m
5232483
52324719
523247
5232456
523245
523244
5232423
5232414
5232412
5232403a
52323894
5232372
5232366
5232363
5232347A
5232333
5232332211
5232323
52323190
523231020
5232305179
523229g
5232292
523228
5232241
5232223
523222
523221
523220029-8
523219m
523219
5232176
523216852
523216
5232152321
52321234
52321221
5232109874
52321087
52320mw
5232063
5232040058
5232036
5232031114
5232020053
5232020002
5232010107
5232008
5232003
5232001_
5231xxxx
5231wd
5231tt
5231sgat
5231jlb
5231hwa
5231e
5231Bob
5231999
5231997m
5231995tb
5231994c
5231991j
5231990j
52319875639
52319788
5231971
5231965jdh
5231960abh
523196
5231957
5231952319
5231932
52319134
5231910
5231908
5231894
523188
523186465
5231850016
52318405
523183455
523183
52318191
5231810mish
5231803055
5231789
5231767
5231758
5231746v
52317425231531
5231718Rams
52317
52316843
5231674
5231666
5231644
523162wfs
52316200
5231613
523161
5231601620
52315x
5231593
523158t
5231581621
523157
5231560
52315517Q
523152T
5231526
523152
523151320071989
5231511
523151
52315
523149753
5231483
5231470
5231457
523144
52314228
5231420
5231411
5231410
52314028jys
52313as
523139
5231386
5231383
523137
5231361
5231356
52313435
523134183215
5231337
52313262482
52313214749
523132
52313132463299
523130606ibo
52312t
5231290
5231288411
52312820lyhr
52312540
52312513
5231250
52312344
5231224
523121687y
5231205
5231203161
52311a
52311981
5231191
5231182
5231170
523116278
5231144
5231133
5231127
52311111
5231101
52311
52310934812959amor
523108
5231060194
5231054
5231050015
5231046
52310384807
52310289
5231021066
52310205
523101006b
52310066
5231006103
5231000
5231#8
5230rnsj
5230good
523099
5230956
5230944
5230934
5230930nas
52309201
5230916
52308888
5230842
52308266
52308
52307courtney07
523078
523075l
523074gud
5230743
5230740
523073
5230711
523070
52306forever
52306853691407
5230665
52306611
5230654
5230630
5230611
5230601773
52305jlm
52305810
5230580
5230572
523056
5230541
523053j
5230523052305230
5230515
5230504785
5230501460
52304968
5230474
5230466
523045422
523045026
5230409993
5230404rb
5230381
5230366
5230344
5230336
523030LIMF
5230300337
5230283
523028
523027097
52302490
52302375
5230228
523021766
5230212006
52302009
5230200033319123
523020
5230191
5230188
52301800
523017
5230163712
5230160
5230157
5230131499
5230127
523012
5230113
52301
523009
52300716
5230062
5230056how
52300417
523004
5230024
523001
52300000
52300
523.973
523-9528e
522zeuvd
522whitie
522wawa
522stoneblvd
522ruddell
522rAL0bdkpo2534
522pm9
522mickey
522mcm
522lpbpw43
522lcq
522knapp
522jen70
522jacob
522dt2hhfh
522chef
522c87205
522baldwin
522b9
522amy
522a493
522STEEL
522Metro1978
522Manila1978
522LACHIQUI
522ALIYANA
5229yo
5229msu
5229et
5229aee3
5229994
522996
52299564
522994
52299338877
5229929
522992
522990
52298a
522989
522987
522986203
5229849
522984
522982r
5229816
5229807
52297k
522979
522977
52297411990
5229731
5229711
52296may
5229695
522966
5229633j
52296221
52296139
5229610
522960
52295tNt
5229597
5229582
5229566
5229528
522950
52294as
5229491
5229459
5229427
5229404
5229376
52293585
52293400
5229324
52292j
52292925
52292770
52292667
522923953
522922
52291yay
52291ford
52291amab
5229191
522918
522916
522914light
522914
52291200
52291143
5229100
52290taqiu
52290k
52290alc
5229087
5229079
522906
522904
5229026
52290107
5228mll
5228JCCU
5228996
5228985
5228982
522896
52289483
52289336
5228924
5228920
5228918
5228907
52289030
52288911f
52288666
5228857
5228835
522882004
522881
522879
5228758
5228749
5228728
5228719
52287104
522870a
52286JG
5228687
5228674
5228661
5228659
522863d
5228628
5228623
5228619
5228616
5228604
5228596
5228576
5228562
5228555
522853
52285032
52284slaw
522848
52284716
5228461
5228454
522845
5228422
52283SDL
52283522
522833
52283188
5228309
52282uzbqd
522828
5228271011
5228262
5228247..
522823775
5228226
5228219
5228202
52281j
52281A
5228188
522814
52281346
5228100j
522807s
5228061
5228051
5228025
5228020
5228011
5227teamo
5227rcg
5227nina
5227dog
5227999
522798255
522797266
522796
5227944
5227922456
5227920j
522791
522789
522787521704
52278511
522785
5227842
5227835463
52278202
5227810
5227803
52277hrnp
522779763
5227773
5227752277
5227746
522773
5227704
52276reqb
522768
5227669
52276476
5227630
52276230
52275d
5227582
5227544323115509132900255
522752488
522752275227
52275171
52275020
522749a
5227494
5227489
52274732
522744
522742
522741
52274
5227399
5227397
522738
522736
522735
5227339la
5227327
522731
52272982
5227296
5227255xxx
5227251
522724a
522724
522722
5227200
52271d
522717
522714821118214
5227124
522710919
522710
5227063
5227052
5227031
52270023
5226prs
5226992
5226983navidad
522696
5226937libertad
5226920052545940
522691
522690
52268946
5226860
5226836pepe
522680
522679042
5226782
5226756
522675049
5226746
5226711
522670
52266c
522669
522666
5226623
52266044
5226591
522658396
522657918
522657
5226568
522655769
5226555
5226542
52265383
52265226_._e
5226521
52265184
5226503
52264945
522648
522646
52264415j
52264397031976
52264123
5226395sara
52263693
5226361297
52263528
5226347
5226326
522630
5226294
522629
5226273
522627111987
522626239
5226257
52262526
5226250
52262425
5226230
5226227
522622329816
5226221990
5226214
52262
5226172
5226166
522616489
522612
5226108
522608gvd=yp
522607
5226052
5226030mo
52260181
52260115
5226008l
5226
5225x
5225tb
5225sb
5225rh
5225pphoa
5225ms
5225kari
5225jmilo
5225gra
5225ev
5225dj
5225bigboy
5225OAK
5225LH
5225EZ
52259m
5225998
5225986
5225978
522597128
522595492
5225940
52259224
522591
5225900s
5225896
522587
5225842eli
5225822
5225810dd
522580
5225780
5225776
5225769
5225757
522574987
5225715126
522571
5225692
522569
522567m
5225673
5225637
5225631221997
522563
5225626 5227086
5225614
5225611
5225608JUANA1993NOEMI
5225605
5225591
52255886
52255840
52255802082535
5225568e
5225568
5225562a
52255475
52255362
522552le
522552225
522550990i
5225486
52254789
522547
5225464
5225456
522543jrl
522543522
522543212865
5225416
52254130
5225394
5225388h
522537
52253546
522535
522534
5225331m
5225315
5225304kb
5225297
5225279
5225271
52252525
5225251640
5225246
5225232
522522522
5225224
52252222
522521
5225204
5225197kitty
5225197
522518jma
5225185k
52251820
522517285424
5225167
522516
5225152
52251478741
5225147
5225136
5225129
52251234
522512
522511
52251072
52250826
522506
5225054
522505
5225035
522501282
5225007
5224xw
5224life
5224j
5224eas
5224aj
5224ESGK
5224999
522496
5224958
5224952249
5224948
5224937
522488lksj
5224877
5224860
522483
5224810
5224803
5224799
52247841
52247782
5224762
5224757
5224753
5224741
522473
522472
5224707
522469
52246766
5224668
5224661
5224656
5224652
5224636
522462
522460
5224590
5224576
5224572
522455106
522453
52245216nU
5224512
5224486
5224473
52244696
522445
52244390
5224428
5224424
5224413
522441
52243855
522436
522435
522434
5224326
522430535
5224291
52242823
5224266
5224261
5224248
52242330102214199
5224227
52242224
5224219
5224199
522419
522418177
522417
5224167
5224146
5224139
5224136
52241277
5224125
5224104
52241
5224085
5224082385
52240748
5224072
5224067
52240623
5224037
52240135
5224008
5223sawyer
5223pk
5223him
5223dlp
52239m
5223987
522397
5223947
5223921
522391
5223908
52238KRCH
5223888
522386000
5223844
5223826
5223819
5223786
5223771
5223759
522375
5223711
52237
522369j
5223697
522368129453181
522366
5223647
5223624001
5223622
522362
522359c
5223576j
5223568
5223548
522354
5223523
5223512
5223500
522349
522348
5223475
5223465
522346
5223450
5223439
522342233a
522341
52234
5223384
52233764811644
522337
522336
5223359
52233491
522334
522332j
5223321986
5223311
5223306
522330
5223296f
5223285
5223278
5223258
5223236
5223229
52232246
522322
52232121
5223201
52231985
522317bb
5223177
52231767
52231730
522313aj!
5223133qq
52231314
5223128
5223120
5223103k
522310213620690
52230958
5223086
5223061
522305
52230
5222lemus
5222ct
5222ac53
5222994
522299
5222979
5222943
5222935
52229109
522290m
52228g
5222895
5222887
522287
5222869
5222852
522284804
522284
5222825
522281
5222808
5222793
52227743
522276
52227326
52227125222712
5222710
5222700
5222695
5222680
522265
52226310
5222623338
5222618
5222609
5222591
5222583
5222558
5222548
52225395
522252226
5222512
5222506
522249
5222483
5222463
522245
5222434
52224070
5222397resul
5222350
522234229
522233
522232
5222303
522230
52222901
5222279
52222539
5222236
522222522222
522222222
5222221
52222116
5222205
522219
52221744
5222153
5222144
5222132
522211
5222101320
522210
522209
5222070
52220576@
522205
5222042
5222030009
5222029
5222023
5222013
5222010423
5222010155
5222010073
5222003
5222000
5221sukver
5221silver
5221lannoo
5221hao
5221bw
5221adn
52219992
5221995j
5221989kf
5221988
5221984q
5221982
5221975
5221974ABC
5221970
52219613
5221958
5221955
5221951
522194dhungana
52219375
52219283
522192
5221905
5221900
5221881
5221879
5221856
52218483
5221839
5221830
522181
5221792
5221753col
5221751
5221744
5221738
5221723
522172
5221710J
522170028
5221699
5221692
5221681
5221655
5221644
5221639590
522163
5221623
5221617
522161
52216
5221592julian
522159
52215875
522158
5221577
5221567
5221563
5221552
5221547
5221536a
5221530s
5221525
52215137
522148
5221477
5221472
5221469
52214608
522146
52214564
5221449
5221425
5221419
522141149
522140555
5221385
5221364789
522136
5221346025
52213210
5221317092
5221314iloveu
5221308
522130
52213
522128
5221263
5221254
52212504
52212436
522124
5221229jp
52212234
5221207009
5221202
52211993
52211913
5221188
52211789
5221167
5221159
522115
5221140
52211314
52211285
5221125
52211225
522111
522110204
522110
52210eee
5221090LI
5221085456
5221066t
5221060306
52210507
5221045054
5221040310
5221040112
5221038j
52210159
5221012
5221010
5221003
5221
5220ymqto
5220winter
5220lupe
5220gc
5220987
5220973
5220962
5220945
522094
52209131
52209099
52208love
52208891
522088
5220873
5220868
52208564
522084Kw
5220825
5220803
522079
5220782
52207645
5220738
522072
5220713
522070993355967
52206together
52206996
5220694
5220689834
5220684
52206816
522065
5220642
5220633
5220614
5220595
5220590123
5220555
5220543
5220524
5220513wys
5220510
522050416090
52204jo
52204hm
52204clk
52204933
52204907
5220469
5220455
522045
522043
5220428
5220421
522041159
522041
5220405
52203891
5220382
5220374
5220360h
5220340
52203344222
5220322
522031firn
5220310050
5220298
522029
5220287
522025
5220243
52202355
5220227
5220221
5220214
52202102ac
522020
522019800momo
522018
52201550
5220148
5220131reem.leb
52201314
5220130
5220119
52201166
52201127
52200tinajero
52200m
522009
5220086
52200829
5220078
522007
5220065
5220051
522004324
5220036
522002
5220010
5220000
5220
522***karen
521yulin
521yefer
521xsiempre
521xiaxue
521x100pre
521vampiro5
521tqm
521tdJD
521t833
521sylas
521sunboy
521ssb
521south
521seokkyu
521rules
521rito
521pumas
521piojito
521parkland
521osiris
521naomi
521moon00
521mdg
521mariana
521lym
521love
521lkjh
521lea521
521laogong
521klg
521junior
521jmj
521jennifer
521ily
521ihateyou
521huang
521gemini
521fyl
521flr
521febrero
521elderdelao521
521ecirtoh
521e831
521din632back
521dear
521david
521corazon
521ch76
521brent
521bgv
521bere
521belioa
521bb
521babe1970
521aztec
521aquien
521angel
521alan1314
521XSYPSAYA
521Tam
521MELI
521JCW~~
521BBANAHY
521=vin
5219t
5219pe
5219jj
5219bb88
5219alice
52199M*A*S
521997rjd
5219973
521995frog
5219951
5219944
521993k
521992530
521991feb
521990241988
52198s
52198683
521985717
5219846*y
5219842000
5219841014
521983memi
5219831905
5219819
52197a
5219754
5219728iou
52197
5219687
5219674
521966
521964h
521964123
52196139
52195cc
521958
521956
521954
5219520
5219509
52195036
52194edsa
52194MURPHY
52194718
521945219452194
521942
5219416
521941
5219406
52193c
52193843
5219370
521935
5219321
521931
5219302
5219300
52192luif
52192741
521927
52192521
5219241
5219232
52192263
52192127
521919tall
521919
5219178
521917
52191591
5219146
52191328
5219125400
521912130
5219112005
52190ta
5219034
52190247
5219014
521901018
521900123
5218lf
5218ev1
52189may
521899
52189757
5218961
5218953
521895
521893
521892
521890
52188mm
52188jon
5218894
521889
5218879
5218874
52188703
521884601
5218832leslie521
521881240670
521880
5218795
521878236
521877
5218759
521874de
52187369lmy
5218727
5218709
5218700
5218695
5218676
521866
5218648
52186230
52186103lp
5218592
5218578
5218559
521855
521852new
5218511
521851
52185
52184883
521843N
5218424
5218418
521840
5218384
5218331l
5218317
52182c
521829
52182581
5218247
521824
5218224j
521822
5218214
52182
52181913
52181852
52181783
5218176
5218174
521816673
52181489
521814320
5218127
5218123
5218121
521811
52181032
52181020233
5218102
521808435
5218073
5218055
521805033
521805
521804
5218026
521802
521801045
52180085
5217white
5217hz7e
5217986
52179775
5217962
521795
521794058
521794
521792p
5217914
52179052
5217899mj
521789080
5217882
5217877
5217871
5217860
521785
5217838
5217822
5217816
521780
5217775
5217746pasa
521772
5217702010812
521770178
5217694495
52176878tuzi**
5217680
5217658
52176470
521763
52176194
5217609
52175ab!
5217598
5217581
5217579
52175567
5217545
52175317
521753
52175217963
5217520
5217507
5217490
5217484
52174613
5217454097
5217432
5217425
52174216
5217411137
52173r
521739
52173731
5217348
521734
52173139
521731009
521730
5217291033
5217273
521724828
5217228772
52172111***
521719
5217181
5217166s
521716252b
521714861
5217140
521713
5217122
5217110207
521708899
521707
521706007
52170535
52170426
521703111
521702203452
5217018638
521701
52170000
5216wmh
5216dre
5216997
521698a210697
521696471
521695
5216931
521692337c
5216915
5216907
52168ch
52168901
5216885
52168803
521688
52168633
521685
5216839
52168169169
5216811
5216808e
521678
5216768e
521673
521672
5216701c
52166839
521668
52166777
521666533
52166396juandiego
5216610
521660
5216591
5216584
521656
52165247
52165216a
521650
52164n
5216455
5216449
5216447
5216434
521642
5216407
521640
521639560
52163846
5216372khar
5216355
521635241
5216345
5216334
52163158
5216311
521630a
52162n
52162802203200
52162540
52162530
5216237
52162287
52162202
521621314
521620,
52162
5216172
5216167
52161628888
5216156
52161538
521613991
5216114
52161
5216082493
521608
521607
5216051
5216033SC
5216029
5216012
521600471
52160.
5215vb
5215julie
5215chapleau
5215997
5215992
5215971
5215961888
52159563123456789
5215946
5215936
5215927
5215915
521591
52158mj
521588
5215869
5215836
52158
521579817
521579
5215780
5215734
521573
5215725
521571
5215692
5215675
5215668
521564
5215629
52156260
5215611
5215599
52155867676283
5215585
521557
5215564
521555njy
5215542
5215521
521552
5215514
521551
5215495
52154896032771
521548
521546
5215446
5215438
52154321ji
5215422
521541
52154
5215371
521536423liseth
52153557
5215345215345
521533598
5215320
521531882S
5215308
5215304
5215287
52152816
5215276h
52152690
5215265
5215251
5215243
521523angel
5215227172
5215223
521522013026
52152194
521521421
5215213521
5215207
521520/*-
52151n
521519
521517363
5215170
52151479
52151314000
521512915
52151258
521512340
5215106
52151005
521509
521508
52150737
5215053
521503
5215026
5215021
5215015
521501
521500
5214town
5214flaco
5214cA
5214Ph4125
5214=tae
5214998k
521498kja
521498356
52149797
521497
5214966
5214938
5214933
5214920
5214910
5214898
52148936
5214889
5214878
521487044
5214864
521486
5214854
5214836
5214817
521481314
521480
5214793
521478jm
52147896325191
52147896.3
52147866
521477
521476174
5214757
5214736
521473264
521472emel
5214719
5214714
5214686
52146829
521466g
521463789
52146330
521463051
521463024
52146200
52146123
521461
5214600
5214585
521458
5214577
5214566
521455
521453
5214519
5214504
521450
521448
5214476ani@@
5214452
5214449
5214420
5214410959
52143xx
52143930
521438
52143785
52143638
5214354
521435252
52143480
521433099
5214323
521432
52143134
521430209
521429478737
5214278
521427005
521426384
52142519
52142353
521423
521422
5214208
52141991
5214199
521419060
521418jj
5214185
5214177
521416+
5214151
52141430
5214120
52141094
5214100
52140jm
5214093
521408hh
5214084
5214072
5214055
521405
5214043
5214025
5214020
5214012538
5214002denis5214002v
52140
5213rs
5213le
5213kst
5213bs
52139hdck
5213993
5213978
521396a
5213964
5213960b
5213947
521394
5213933
5213926
521392195508894
5213899
5213890
52138847
52138723
521385c
5213841
5213814
5213803
5213792
5213779
5213766
5213732
521371568
5213701
52136cla
5213698
52136884
5213677
5213671sayuri
5213640
5213621
5213614
52136
5213588
5213578900123
521356
5213558
5213533a
52135123
521350030
5213489
5213479
521346qq
52134697
5213468541230919
5213464
5213460
521345678
5213450873
5213432
5213421
5213412
5213396
5213387
5213372
5213368997
521336
52133520
52133447788
52133347
5213312512
5213312
5213303
5213292
521329
5213284
5213276
5213271458651
5213270
5213266
5213260
52132510
5213223
52132182
521321321
5213212
5213211199
5213209
5213196
5213190
5213185
5213177
5213169
52131581
5213152
521315
521314dj
5213146865
5213140
521313580
52131314
5213123456
52131221
5213116
5213107
52130lez
5213093
5213088
5213075
5213068**
521306
5213053
5213052
5213041
521304
521303414
52130240
52130178
5213012
521300011
5213-+
5212m
5212k9
5212TANAKA
5212996
5212977
521297
5212949
521294
5212924
521291
521290000502
5212864
52128501
5212815
5212802
5212789bkh
521278103
5212772
5212760adr
521274
52127321080
5212711
521270
5212691
5212680
5212675cc
5212668
52126613033
521266
5212649p
52126470
52126311
52126225
52126186
521261
52126004
52126
5212587
521257273
52125659
52125601
52125532
5212540
5212538
5212532
52125273
5212520
5212517
52125144
5212501
5212498
5212481
521248
521247
52124636
52124497
5212432
521243
5212425
5212416
5212413
52124
5212396
521237
521236234
52123578415
5212357
5212352123
52123500106
5212349
52123456
52123431021
52123390141
52123312037
5212329
5212320m
52123070117
52123000
521229
5212285
521228
5212270ay
5212268
5212259
5212236
52122354
5212229
521222476
5212204
52121983
52121844
52121796
5212171
5212164
5212158
52121500
521214
52121331
521213
5212122
5212119
52121171
5212111
52121020
5212073
5212065
521205
5212042
5212034
521203
5212014
521201
5212000
5211peterpan13
5211m15$5c1
5211dv
5211bori
5211FER
52119975211997
5211996
5211995l
5211990a
52119873161314
5211982
5211979jc
5211979
5211978
5211977
52119738dj
5211962
5211958
5211951720fer
52119408
521193
521192179593
5211919
521190
521189111
5211878
521187
521186
5211850
521184257
5211832401552
5211822
52118032550009
521177
521176
52117399
5211711678910
5211702
52116940207
5211689130846250
5211675TKM
52116720023
521166058
5211658
5211648
521164
52116361
52116252
521161089
52116100
521161
5211602
5211592.a
5211561
5211547
5211537
52115302
52115289
5211526
521152190
5211521
5211512elmer143
521151
52115029
5211501
52114935
52114726
521146
52114522040
5211443101
5211439
521143
5211423321
521141789
5211410011
5211402
521140001
521138
521136
52113344
52113231
5211316y
5211314xzq
5211314king
5211314jrx
5211314darlingx
52113147900
521131417
521131410189521
521131400
5211312599
52113
52112910
52112895
521127
521126219
5211258
52112517102
521124587
5211244
52112402023
52112315
5211223507
5211217024ice
5211212
5211209
521120
52111928
5211174
5211169
52111586
5211152
5211138
52111320041
521112809
52111257
5211118
52111125
5211110009
5211107air
5211097
52110930
521108232
5211070
52110667
5211052110
5211052
52110248
52110215
52110203
5211019
5211012rbk
52110102033
52110011
5211
5210sk
5210piccola
5210fer
5210ee
5210ad
5210a4
52109851
5210930
5210925210
52109010265
521090
521089
52108799
5210862
5210855
5210851mn
521084
5210837451
5210826
521082
521081
5210800
5210797
521078b
5210786
521078
52107644077394
521075km
5210754
5210746
5210728
521071820v
5210717
521071530
521071260
5210707
52107022105861
5210681
5210676
5210671023
5210652
5210648
5210642
5210634
5210624
521062
52106150
5210610131
521060
52105nm
52105harel
5210595
5210590
52105885
521058
5210573
5210567003
52105610
52105580
52105523/*
52105280
52105219
521052
5210510
521050220
52104jta
521049
52104800
5210461
5210455
5210440
5210422
521042
5210403149
52103:8
5210391
5210389
52103748
521037
5210358
52103344
5210329
5210326
521031j
5210312
5210294
5210274
521026110
5210257
5210251
5210221
521021
52102010932
52101990
521019
521018130
521017
5210163647
5210159
521015521015
5210150
5210144
521013diana
52101345
5210125427001
5210123418066
521012
521011726
521011499
52101123
5210110331
521010130
5210101005
5210101
52101
5210081
5210075
52100617
5210051
5210042993
5210025
52100127
521001002
52100076jin
52100022dmsu25
52100015
5210.
521-6042
521 531
520zz
520zjqtm
520zhuzhulg
520zhousheng
520zhenmejin
520yzc19891011
520yup
520yuetlin
520yt1314
520you
520yno
520ying
520yern
520yee
520yang
520xin
520xiaomi
520xiaoching
520xia
520wyx
520winnie
520wei3344587520
520wdpym
520wangzi1314
520victor
520twb23
520tricia
520threat84
520taylor
520tan
520sxma025
520stephy
520sokii
520sockyee
520small
520sing=]
520sickoz
520shuctz
520shen
520shan
520sfinest
520scott
520santuario
520s9th
520ronald1314
520rocky
520rice1314
520qq~!@
520qfz
520puppy
520puimun
520ppp
520playa
520ping
520pimp
520piggy
520pig740
520onlyks
520of81
520nujlee520
520nikka
520nflnba
520nero
520nail10091014
520mylovelily
520mpk
520mon
520mm1314..o
520minfei
520milky
520me520
520max
520massage
520mah
520machi
520lzh520
520lvjiemin
520low117
520lovemax
520lovebaby
520louis
520loco
520ljh
520liwei
520ling
520lilu
520lgl
520leeskim
520lcw
520ktm
520kkhcwz99
520kimmi
520khw
520ken520
520kelly
520kame
520jweve
520jun
520joycelyn
520johnny520
520joey1314
520joan
520jj1314
520jiro
520jie
520jiangxinyu131
520jerry
520jay1314baby
520jason
520jaguar
520jade
520ismydob
520iloveyou
520ice5202
520hunnie
520hou
520hmping
520hin+2
520herdez
520happy
520gins
520galaxy1314
520fullmoon
520fub
520frankie
520fish
520erik
520enu
520elmen
520egypt
520dylan1314
520doodi
520dia
520den
520dde
520davidteamo*
520cyn
520cue0219
520cs99
520cripgang
520cloud
520clearwatercr
520chunwei
520chun
520chenqianwen
520cheehoong
520casa
520c97l
520bwayk
520bride
520bmw
520bky
520benny1314
520bebe
520babe
520arizona
520annie
520andy
520aleck
520ahcai
520adan
520abc1314-
520aaron
520a73yes
520`13141
520_loveu4ever
520_0013762
520WOAINEWNEW
520TWS
520RBD
520PRINCE
520ME=}
520LJH
520Jf31Yin
520Hangeng
520GUCCI4ever
520Dylan
520COLORSPECIALIST
520BECO64
520@522lv
520???
5209x1n
5209mom
52099914503
5209985
520997
520995
52099313
5209914
520991
5209903
5209899
520986
5209838
5209819972
52097k
5209797
52097758
52097681
520975222
52097270
520970
52096m
52096899166
5209662
5209622
520962
520960802
52096
5209582
520956
5209553
520955
5209538526
5209522
52095044
52094j
520949
52094783
520946546
520946
520941205
5209399
5209392
520937
520933
520931
52092ss
5209294
520927
520924
520923693
520920222
520917
5209168qiang
520915b
52091314
520912
520911108
52090sr
52090bonethugs
52090914
5209088
5209073
52090559
520904
52090282720
520901213
520900a
5209001
5208as
5208aden
52089lmc
5208994
5208981818
52089757
520897
520892az
520892
5208913
5208911
5208905
52088z
52088birth
5208895
5208857
52088502
5208822
52088123
520881024
520880608
52087yi
5208774
5208767
520875
520870718
5208700917
5208690
5208684
520867726
5208659
5208633
5208625
5208599
5208588
52085641
5208539
5208520
5208496
5208479000manu
52084639
5208445211
5208434
52084111
5208403000
5208391
5208384
5208381
5208371124483123lego
520835pwl
52083380
520833
520831s
52083148
52082sm
5208290
52082872p*
52082849
52082810+
52082740
520826199712
5208232
520823129
5208203
5208199
5208185
5208173
520816
520813
5208114*
5208113
5208109
5208103
52080hvuip
520809
5208071
5208055
520805160519
52080418
520803ns
520803
52080229
52080101035
52080000
5207what
5207sn55
5207chopo
5207UM
520799a
52079911
520798
520796
5207943
52079326
5207920
5207874
5207858
5207848
520781314
520780918
5207804
5207799
5207794
52077766
5207758
5207747ZAL
52077152
520771314
520770881140
520770581
520770
5207691
52076634
5207656
520763
52076210
5207597
5207578
520757130300138
520756
52075057
5207465
5207450325
52074420
5207411dn
5207410
52074007
5207399
52073928
5207374
520737
52073544
520734
5207333
5207319
520730
52072901003
5207285
520725
520724763
52072299
520721
52071931
52071892
5207186
5207165
520715
520712
52071
5207085
520708015
520706
520704
520702js
520702
520701018
5207
5206qighz
5206jing
52069ss
52069473
5206903937
5206886
520687
5206841
520681
52067fsmok
5206793
52067840
520677
520675
520673119
5206717
520670753357
5206692
520668
5206656
5206633
5206625
5206603
520660
520659652601314
52065881314
52065671
520652065206
5206517
52065
520648
5206465
520644lxx8915992
520644
5206413
520640
520636320
520636
520632098
5206312
52063
520626568
520626
520624
5206226
5206216
520619
5206188--
520616635smu
52061234
520612079
520610jua
52061040422
5206101079
52060909
52060660
5206050
52060420
5206031314
520603
5206020
5206017
520600045211
5205ML%%
5205991
5205987
5205981
520595
52059416
5205935
52059251
5205889024
5205845201314
5205830
5205819
520577
5205759
5205747123
5205712
52056t
520569
5205678
5205665
520564
520561314
52056013
5205600125
520558
520557
5205558
5205551314
520554
52055305
5205486
52054661314
52054604
5205439
5205421
52054137
52053954
5205390
52053770
5205357
520535
5205338549
5205333
520532
520531
520530hugo
5205305708388
52052910
5205290124
5205286
52052719
520526
52052403sd
520524
5205221808
520521522523524
520520zw
520520leo
520520baby
5205208
5205205
5205204
5205203
520520214
5205201215
5205200giki
5205199
520518
5205157
520514E
520514496b
5205134
520512160
520512
5205108
5205102325
52051010
52050889
5205077
5205051
5205035
52050240
5205018
52050134
5205011018
5205010n
520501
52050020
5205000114
5205000
5205
5204mim
5204geek
5204eva
52049785
520497
5204931
52049206
5204912
5204896
520487729
5204850
5204842
52048
520478
52047631
520473
5204685
52046749
52046650012
5204646
52046391
5204622
520460
520459600
520458520458
520457
52045676
52045556
520454911
52045393
5204528
5204526
5204514709556783
52045
5204498
520448
520447
52044531
52044460
52044
520438
520436r
520434
5204310019
52043
52042935hazel
5204285
5204264
5204255920
520425
52042348
520422
520421
5204199077745
520419077
52041811
5204171
5204170
520415
520414520414
52041314
5204115
52041003
52040995
5204095245
520407
5204060099
520405
5204040
5204030
52040281113
52040175
5204011
52040046
52040029
5204
5203carmen
5203btb
5203a
52039love
5203979
5203971
5203950
5203917
520390bg
5203901
52039
5203893
52038758
5203852873
5203838
52038271
5203796
5203774
520374
52037321314
5203725
52037
52036952
5203686
520365886
5203629a
5203606b
5203598
520358a
5203582779980312
5203580
52035593
5203554
52035409
52035328
520353
52035203a
520350503
520350
52035
5203498
5203470
520344
5203438
520340
52033978
5203376
520334499
52033445201314
52033443344
5203334
52033027681
520329
5203280
520326119
5203250
5203244537
5203217154
520319
52031806
52031710
520314265
5203134
5203125001
52031243
5203111
5203100172
52030feilunhai
52030867
520306922passion
52030518
5203044727
52030379
52030297
52030175
52030000
5203*41314
5202pni026
5202kck
5202bryce
52029925
520299
5202973
52029485241670mk
520292
520291650h
520291
52028BMUS
520289465
520288
5202840
520283246
52028215
52028131
5202801
5202797
520278724
5202767
5202750
5202736
5202722
520270
5202690
5202652026
5202633
5202629
520262
5202590
52025856
520257
5202569
520255d
52025545
520255
52025288
5202522
5202510039
52025025
52025
52024l
520248
520245
5202423
5202419
52024117
5202405
52023nghsd
5202387
5202350
5202340
5202334
52023170
5202312
520230137
52022990
5202293
52022888
5202270
52022615
5202244
5202236
520222520222
5202221
520221@%$^^v
520221
5202205267133041
5202200626
52022
52021993
5202198
5202190021668
520218
5202172
520216392
520215
52021482
52021303
5202118
520211288
52021122
520211017
520210159
5202101
52020crgpd
5202092
52020810
520206lj
52020595
5202047433
52020425
520203118t
5202031
520203
5202024
5202021167
5202014105
5202013
52020116
52020101008
5202007
5202003
5202001
5201ucra
5201ss3
5201house
5201ball
5201999
5201992
520199000
52019880920
5201987
52019866
52019851012
52019831109
5201980
5201975
52019724
5201969
5201965
520196
5201946010022
520192dream
5201924
5201919
52018g
520189104
5201883
520188
5201822
5201809123
52018044
5201797
52017892
5201753
52017518
5201741
52017300623
5201721
520172
5201714
5201710
520170
5201693
52016825
5201657
5201646r
5201640117829
5201615
52016123
5201603
5201598
5201579
520157
52015522
5201524
52015076darkemo_13
52015
520149
5201480
5201478963
52014772
520147218
5201454
520145
520144151819dx
52014373945212
52014314
5201424
520142
5201414
5201401
52013955
5201388
5201379
52013686417878
52013600
52013543323118
5201351
5201349
520134679
52013331
520132156
5201316
5201314zxq
5201314zhu
5201314yuki
5201314yijingrox
5201314ya
5201314xunxun
5201314wwy
5201314wjq...
5201314wei
5201314w
5201314vivi
5201314valerie
5201314tri
5201314tiffany
5201314soki
5201314san
5201314rebecca
5201314r
5201314o9
5201314mrschen
5201314menh
5201314marukoyinyin
5201314lovenow
5201314loi
5201314lieh
5201314lchnn
5201314kyky
5201314koh
5201314kk
5201314jtl
5201314jou
5201314jkit
5201314jiahong
5201314iloveu
5201314hoe
5201314h
5201314gg
5201314eleen
5201314dennis
5201314cool
5201314ci
5201314ching
5201314carol
5201314bad
5201314aiko
5201314aaa
5201314M
5201314K
5201314C
5201314;loveu
520131499881128
5201314926
5201314916
5201314912
5201314886
520131487776058
5201314861220
520131484
52013148087
520131478cht
52013147799460
52013147193
520131466
5201314611
5201314588
5201314578
520131455
5201314530
52013145138
52013145
520131448
5201314444
5201314427
5201314422
520131438
5201314370380
520131433
5201314318
5201314310
520131430
52013142729
520131425
5201314222
5201314213
5201314199526
52013141991
52013141989
520131418
5201314178
5201314143342
5201314131
5201314129427
520131412192006
520131412109
52013141117
52013141021
520131405
52013140330
520131402
5201314000
5201314.1988910
5201314-belle
5201314++
5201313vanilla
52013126371162
5201312
5201311
5201303133172
52012lma
52012a
52012944
520128
52012652
520126
5201252012
52012346
5201234
520123032
5201221
52012138987
5201212
52012101314
5201208
5201203
52012021
52012004
520120
52011950
52011820095
5201181314
52011789
52011711207
5201170740
5201164
52011533
5201142324
520113822only
52011321190
5201132
52011313226
52011310208
5201129
5201125a
5201123012504
520112285002
52011225106
52011211242
5201121
5201115
52011123
5201109
5201108047
5201104
520110289
5201102
52011011442
5201101
5201098
52010916364
52010911815
52010911666
52010810254
52010710073
520107010011
52010633
5201061camila
5201055
52010520015
52010516037
520105010088
52010406
520103344
5201032
5201031
520103
5201028
52010245
52010216032
52010212093
520102051993
5201020
520102.520102
520101omps
5201016
520101366
5201012
520101040008
52010103
520100841126
52010065db99b
5201002
5201
5200wls
5200serge
5200pnl
5200nigga
5200loc
5200kk
5200jason
5200hoho
5200gdrs
5200free
5200block
5200beawuty
52009909
520098
52009747
52009679
520095
52009322
5200922z
52009121
520091
5200887
520086
520085638
520084758
52008410
5200835
520083
5200825
5200820e
520082
5200808
5200806
5200797
520076
520075
52007251
5200720
5200713
5200711
520071
52007061314
52006john
520069783
52006959j
520067298602
5200652
520065
5200632
520063
5200624
52006209
5200614
5200609
5200600041548
52005bjh
5200582
5200576
520057
52005634
520055
5200546
5200533
5200529ling
520052526
52005200a
5200505
52005
52004823
5200470
5200467
520045
52004394r
5200429
5200422
5200417j
520041694
520041567a
5200411
52003996
5200374
520035mom
5200343emma
5200333n
520033
5200323
5200321
52003172
5200311
5200304
520030
5200299
5200296
5200285485782ali
5200283
520027
520026
520025941314
52002539
52002522
52002505
52002347
520023
5200225
5200222
5200212197
52002107
52001xam
52001awm
52001875
520018
52001714
520016
52001525
520015
520014576
520014090645510
520012a
52001213
5200119
5200114
520010547
52001047
520010
520007M
5200073
520005j
5200051459
5200040
520001856b
520001450
520000b
52000025
5200001856
5200.1572
5200-3338
520/iloveu
520.y.13
520-faj
520-2045492
520*90*7530AAzz
52/13
52.933
52.254.15118
52-5412secrets
52-3571
52-0002-499-8-b
52*242899*1
52*236942*2
52*188499*13
52(dumbledore)oxim
52
51zimbabwe
51z70160
51yrslove
51yoshiki
51yajima
51y615
51x23ml
51wr4f
51willie
51westbourneave.
51warrior
51wadet
51vow6
51vegas31
51ul132007
51ty7u
51truco
51tobie
51tl21
51tigerhawk69
51tele
51tank51
51t1myl1ve
51svva
51ststate
51stone
51steelers
51st&oak
51softball
51snoop1
51sno1
51smitt
51sister62
51shauntee2050
51sgirl
51seven736
51sena
51sdhhvc6cg4
51scan
51santeliz51
51samuel
51s36024
51roz
51robgub
51ringding
51renee9
51rawlins
51rainmayday
51r3n4
51queens
51qfm945
51pqve
51power
51phantom
51pepes
51paula
51parkave
51pablo
51oo233!
51ohys457ik
51nzYana.
51ntia
51np4r4r
51nizTER
51newmagician
51nd1k
51nanygaby
51nag@
51n9l3!
51n94
51n1st11
51mustang
51mpl3pl4n
51mpl3k1d82
51mpka
51monas
51mm0nd5
51mjjj5
51midway
51mercury
51meatball
51marion
51malu88
51ma542
51m40
51m10nt3
51lwins
51lv3rta10n
51lv3r
51lv1uk4k4
51luvpie
51luisp
51lm1
51leam
51layne
51l7l8ofhwd5
51kx07
51klugiewicz54
51kh4m
51kathydorsey
51kGOr0Dmx5T
51k54kubu12
51jvvxul
51jojo
51j322k
51ipknot
51incounting
51ihsus
51ichiro51
51hzcemxlp
51howelane
51hoodnut
51home
51hmoin
51highstreet
51higg1231
51hawn
51hahaha
51guns
51grant
51gigi
51gew34w
51georgearthurroad
51galterio
51g178
51furian4
51flatt
51firestar978
51fattone
51fa3f0e
51f328ea8
51erra5kin
51enipla
51ellep
51eeyore
51east
51e2e8
51dunes
51dulcecondena
51dt99
51drum
51doodoo
51dodside
51dmg51
51diamonds
51desoto
51denise
51dde3e7
51danielle51
51dJ3n
51cucho
51criaghall
51crack
51coplandquad
51clarice
51cartas!
51cap26
51camera
51c87
51byrd
51bpc8
51boogy
51bitbit
51bibi
51bethune
51bello
51baw278
51barre
51banana
51bailey
51b5b6
51b3l1u5
51ayd001
51assilem
51asd561
51ank
51andup
51andcountin
51allyfab
51allen
51ale25
51akdemia
51aj11
51ac3d2
51a99e1c
51`01982
51_51_51
51Xq5417
51STSTATE
51STJOEYS
51SAISAIKA
51RZ415677
51PGMicro
51NUy_NUy
51N15T3R
51Mehrazar50
51MINERS40
51Lv3R
51LV3R@P@R@DI53
51LAWNCARE
51JUNE
51ID86
51GODARD
51FATBOY
51EWBO
51DV829BAGKO72
51C#evy
51BeBe08
51BULLET
51BABYGURL
51AN49I
51@irod
519z15m123
519wpratt
519vekol
519tms0066
519taba
519star
519rally
519phani
519nigga
519missy03
519manors
519mahalkitah
519lucky
519kw
519kgs
519jfb
519inane
519hammcourt
519god
519empleo
519coucou
519chapel
519carlitos
519booger10
519alison
519ab6816
519ESD
5199tity
5199nike
5199may
5199indio3
5199ert6215
5199969
519995
5199928
519988
5199834808
51997n
5199790
5199751997
5199741
5199670021
51996552
5199623
5199600021350
51995jp
51995723
5199543
5199515
51994plo
51994953/*
51994713
5199451994
5199425
5199381
5199368714
5199365467
51993344
51993250
519931
5199301323
51992sdb
51992rous51992*
51992cas
5199286
51992784-l
5199266
51992566
519925
5199230
5199214
51991matt
51991899
519915wing883
5199134
5199118
5199114
5199107
519910
519905kris
5199054
5199027
51990240
5199019
5199009
5198sg
51989k
51989db
519895z
519891362
51988sps
51988D
5198852
5198813
519881
51988.
51987kal
5198796
519878301
51987665
519875
519873101
5198712
519868
5198663189
5198647
5198622
51986001k
5198565
519853
5198519851
5198509052528
51984tchoo
5198471317
519845
519844046
5198433
5198424
519842
5198373
5198345
51983191
51983
51982anibal
5198292
51982767
5198260
5198230
5198214
5198211
5198208
5198198423
5198178
519815
519811825*
5198116
519810964
5198074**z
519804
519803254
519800
5197tc
5197dolphins
51979jorge
519797
519793
5197891-gusrud
519787
5197827
5197810
5197805
51977K
5197786
519777
5197721
5197664
519765
51975ncs
5197550
5197498
5197468
5197464
5197453
5197435
51974152811
5197399745
5197374
5197352846
519735
5197346825
519734
5197327
51973
5197224
519721
519714
5197132
5197117
5197062g
519703
5196caroline
5196LUVBAB
519698
519696
5196942j
5196902
5196895
519686t
51968686
519686
5196846
51967896
519672b
5196700
51966Mg
519668
51966612
5196651987
5196643
5196632+
5196610
51966028
5196594992Sasuke
5196567C
519653
519652
5196492327
5196474
51964682
51964575
519643089_percy
51964259
5196400
5196391
519635698476
5196348544
51963194
519628753
519623
5196203260
51961994
5196185dad
519616806hks
519615
5196106
5196027
5195va
5195sjm0210
5195nar
5195kt
5195jackass
5195ayden
51959682
5195952
5195918
519590
519588
5195859
519585659532013
51958448
51958277
5195820
5195812
5195802
51957865linkinpark
519574
51957354643
51957148luisa
5195709762
5195675183
51956423
519561723
51955bl
5195580
5195555
51955387
5195527
51955
519547
519546
5195441
51954273
519541
519538
519532
519531
5195230
5195220590
5195199
51951973
5195194
5195159
51951449191
519514
5195109
519509
5195078
5195066
5195055
5194slg
5194family
5194angels
5194982
519492|||txc
5194902
5194854
5194794
5194771
5194751rn
519472020102000
519471
51947
519468
51946707706
519466
519465
5194638
519460
51945884
5194578
519456668
5194546
5194531380
5194513c
51944329126904
5194427
5194375843
51943064
519426
5194252
51942218
5194218
519419zm
5194157
5194147
5194141
5194116
5194097
5194084
5194036
5193pavan
5193ds
5193alma
5193_5241
5193AR
519396
5193933
5193880
5193867
5193837
5193828
519381
519380
5193792
51937795
5193766277
519374879rb
5193743
5193731
5193709
5193672603love
51936447
5193631
51936105
51935876
5193586
519356157cv
5193553
519355
519354
51935193
5193508
5193505
51935000
5193499l
51934846
51934772
519345
519343099625
5193419
519341
519339627
51933359
519332928
519331
519329
51932645
5193255
519322tko
519321
5193180
5193172611
519314502
51931321
519311AS
519306
519305818
519304
51930251
5193
5192sr
5192rugby
5192jim
5192eot
5192burny
5192aim
5192999
51929870p
5192959
51929428
519291688
5192907
51928ld
5192881548
5192876
519286
5192838
519281
51927934n
5192765
51927333
5192706
519269
51926700
5192651
5192612
5192573372
5192572
5192549
51925268
519252592178
519252013
5192507941
519250
519249rp
51924773212
51924535
51924365
5192417
51924
51923801
519237
5192365
519236
519234874
51923456
519233vc
519232red
519231
5192284
519222
519221
519220
519217
519215
519214
519213
519212287
5192112
51920l
51920823
5192062
51920551
5192044
51920202
5192008lida
519200258
5192000jas
5191troy.
5191sjfpri
5191karen
5191icsr
5191fjar23
5191alm
5191LH
5191996bdk
5191992slim1
5191989141989rosemell
5191987
5191980hrd
5191978
519197578
5191970
519195icg
5191932
5191922
51919014
5191901
5191887
5191866
51918255
51918
5191776
5191764r4
519175i
5191708
5191695
5191666
519165
5191622
51915818
51915646
51915548
5191547
5191546
5191530
51915253
51915186
519151290
5191485
5191477
519143
5191410
5191394
519138629
5191379
5191377
51913548s
5191347
519133R
51913292
51913202
51912e
5191251
519122pl
5191221
5191207
5191189s
5191166
51911522
519112
5191117
51911141935
519109212
519108
519100
5190pc
5190lcb
5190jinx*
5190d3
5190bdg
5190ajl
51909958
5190950
5190948121
5190928
5190922
519091
51908wem
5190884
519088
519087283
51908630
5190845
5190838
51908341
5190811
519080
5190796
519077
51907361
51907211
5190702
519070
51906@hj
5190648
5190630
5190612111WRNFCO
51906089
51905850
5190536
519052I
51905190d
5190519
5190506x
51905046
51904msm
5190496
519047796
51904574
5190421
51904
51903966Renzo
519034
5190331
5190321
51903018
51902954
51902848
5190260
51902468
5190214d
51901u
519018j
5190111
519010
51900ayse
51900937
519009
5190053
519005
51900421
5190035963
5190030394
5190027953
5190019
5190014810
5190007
519-4401
518wunluv
518vas
518twinn
518tootie
518shop
518rory
518reco
518quimica
518pami
518mpm
518mic
518l0v
518kano
518hardcore
518gers
518ely
518carol
518bdo
518ash
518Derian
5189sanborn
5189ruiz
5189ljrk
5189jd
5189brb
5189988pimp
5189981
5189961
5189919
518989722bitch
5189863510
518984a9
51898
518979
518977
51897426
51896b-day
5189672
51896399
51896
5189585zz
518956
518953692343
5189513FC
518947911
5189437786parklane
5189414
518933
518931lp
5189314
5189303
51892r
518925352008
518922
51891989
5189182
518914ekh
5189123
51891139
518911
51890mll
518909
5189051
5189036
518902
5188psl
5188kms1
5188ep
5188andy
51889766
5188970
518895
5188918
51889092
5188897
518887z
5188871
5188840
51888274
518882
51887a9704
51887740
5188735i
5188726
5188712
518870
5188655
518863
51886
51885647
518853
51884866
518847
5188455
51884161
518840
5188393michiwichi
51883577
5188315
51882wck
51882343
5188224
5188215
5188207
51882
5188180
518815
5188128
51881127
518810
5188099
5188090N
518804cs
5188031r
518802
5188000
5187sb
5187ne
5187jm
5187for
5187ael
518799
51879805
5187958
518794698d
51879320
518790
5187883
5187865
51878561israel
51878166
51877923
5187764
5187738996
518770
5187668
5187611
518760
5187592
51875512536
5187540
518751
518748
518745785
5187449
51874341
518740
518737024
5187349
5187309
518730
5187283
518727
518724
5187233roro
5187222071
51872111
51871lmm
51871957
518719
51871684
518715
518706
51870005
5186pg
5186kbp
518699
5186964196
51869592
518692761
5186916
51868klr
5186896
5186863t
518682
518681
5186778cherryniko_babe@hotmail.com
5186745
5186730
51867189
518669
518667
5186658
5186648
5186616
518658
5186546
518654
5186527
518651
518638
5186331044
51863249
518628651
5186263
5186245l
5186235
5186226
51862
51861a
5186175
5186135
5186079
518604c
51860
5185semlas
5185nolzey
5185bc
518598
518591
51858843
518586781
518585
5185824
5185815
5185764
518572
518569starb
518567johnny
518566
518565
518564
5185625
51856
5185564
51855554
5185548
518554
518551
51855
5185491lg
5185480
5185467
5185452sep0922
518545
518543146
51854191
5185411
5185356
5185318
5185313
51853007
51852612
51852532
5185247
5185202casa
5185185k
5185185185918
518518123
5185140
5185117
51851
5185068
5185058
518503064l
5185002
5185-76675
5184lrjqng
5184b36dw
5184942
5184925
5184917
5184882
518488
518486
51848511
5184847
518484
51848172985184817298
51848126
5184777
51847433
518472
518469
518468
518467
5184643
5184631
5184620
51846185
51845678
5184521
5184511
5184509035
518450
5184499
5184493
518447
51844185
5184407
518440
5184377
5184366
518433
51843035
5184269
5184243
518419993
518417968
5184147
51841155
51841070
518407
5184025
518401
5183mchs
5183bjm
5183998w
5183947
51839
51838822
51838445
518383
51837ctown
5183785
51837462
5183711
51836970
51836677
518364
5183628
518362
5183595
51835579
518355332
518354
518352
5183463718A
51834414
5183422327
5183415
518337025
518336924
5183342e
5183316
51833
518329
518326
5183218
518317
5183168
5183157
518312MAMA
5183110
5183089
518306
5183050eto66
518302135531
5183020
5183
5182eh
5182bb
5182991
5182985
518297
5182963
518296188
5182956
518294388
518291564
51828xe
518284ss
518283
518281t
51828
5182773
518275
5182727
5182678
5182621
518261
5182603k
518260
518255
5182536
5182524
518252
51825182a
518251
51825
51824993
5182487
5182460051
5182454
51824441989
518243l
51824287
5182418217041989
51824
5182382
5182376
51823664
518234
5182333
51823
51822ss
51822914
5182270
518226
5182238
5182225
518221
5182199
5182187
5182170
51821644569654
518214
5182130
518212453
5182102
5182096
518208041994
5182037j
5182009a
518200831
5182002
5182
5181na
5181dania
51819venus--1978
5181998
5181995J
51819913292005
51819909
5181989a
5181984
5181982
5181975
5181969
5181951
518193
5181913
51819
51818785271844
51818700
5181847l
518183b
5181822
518181
51818
518178
5181749
51817288
5181699
518166dottie
518165
5181616
51815928
5181585
518157
5181553
518154
5181532
51815192015
51815135
518151133
518150
51814j
518148
5181472
518146
51814501870
518144103
518141
518138z
518136
5181326
5181301
51812944
5181284
5181270
5181248
5181234
5181218
