45822001
45821987
4582197
4582193652
458217e
4582173
45821611
4582145693
4582139
4582133t
458212
458210jj
4582104
458210
4582087
45820804
458207
458206
4582024
4582020
45820161
4582014
458201
45820051
4582&77
4581jag
4581bob
45819963
4581961
4581917
45819
4581861
4581844
4581801
45817ILU
4581790
4581771
4581755
4581746
4581730
4581724
4581700
45817
458168
45816570dni
458164785236
45816235
4581618
458160
4581590
4581569
458156
4581547b
4581534
4581527
458152
4581505
458150
4581473
4581440043
4581434
458141627
458139
4581387
4581382l
458136709286371
4581362
4581353
4581333
4581329
4581322
4581282
458126699
458126376
458125k
4581244
4581226
458122
4581211
4581209
4581202
4581191
458119
458117
4581138
45811290
4581124
458111458111
4581079
45810423
4581041
4581036
45810276
45810223
458101716
4581016tlv
4581005
4580w105
4580mr
4580liverpool
4580hola
458098
4580956123
45809051
4580895
4580878juana-
4580852
458083
458081
4580796612
458078
4580773
4580762
45807409
45807372
45807281
4580714
4580700
45806a
4580692
458069
45806580
45806570
458065
45806415
458062
4580601
458059
4580562
45805421
4580536
4580502
45805
4580466
45804433
4580440
458041345
458040
4580395
4580384998602355
458034
4580336
45803011
4580298
4580284
4580270
4580253
458024301
45802343
4580230
45802169982
45801911
4580190
4580189
4580170
458016
458015
458014
4580135J
4580124333
458012
4580106
458010
45800911
4580081
4580068
4580058
458004016
4580022
4580000k
4580-104paredes
458-dasi
458-3355b
457zoeamira
457u71
457taichung
457rtyfghvjg
457orinoco
457magic
457leosmam
457kr27
457karov??
457jkl
457hemi
457dbs*)
457cole
457blue
457blood
457X8tw
457Asd3av
4579samet
4579joy
4579chris
4579annie
4579DUFFstranger
457999nj
457998102
4579969
457995930
457994
45799190
4579896
4579889
4579853sc
457985
457984
4579833
457981085678
4579801
45798
4579791
457978509
4579777
45797620
45797202
4579697
4579667johana
4579645796
45796388
4579603mc
45795989
4579592884
457958499
457956
457954086
4579537
4579518
457949a
4579493
4579487
457946
4579425
4579411
4579382
457934287
45793345tahi.
457931251
457930
457929*
4579273
4579252
457924
4579222
45792150
457919752
4579190
4579146666
457914207
4579123
45791014
4579032
45790015
45790
4578y4578yhm
4578lp
4578jess
4578DOGG
4578996
4578975
4578964875
45789621
45789562
4578952
457895
457894
4578928
4578921
4578913
4578909
4578895
45788754
457886
45788580
4578837
4578829
4578825
457881
457879655
457877m
4578763
4578756
4578746
4578729
4578715
45787
45786969
4578694
4578692
457867
4578654
45786329
457861
457859752
4578581
4578569
457856
4578554
457855
457853414
45785080
457847
457845a
45784578705
45784505
4578428
4578416801
457840t
4578386
4578352
45783301
4578328
4578305
45782hhpys
4578283
45782511
45782329
4578223
4578216
457821
457820
45781977
4578187
4578167
457816
4578145
4578140
457812568923
4578124578
457812288
4578111maayany
457811
4578097
4578086
4578079
4578072
4578027
4578019
457801
4577tvwildstar
4577rsgww
4577mariposas
4577FW
4577988
457797044
457796693
4577961olga
457795697c
457790
4577889
45778869
457788
457787
457785
4577827
4577811
4577793
45777899
4577782
4577771
45777600
457773621
45777175e
4577691
4577684
4577675kb
45776681
45776512290607
4577636109
45776110
45775t
4577578263
45775766
457756
4577558
457754457754
45775393
4577535
4577529
45774HOT/
4577421
4577390
4577371
457735rockyou
457735644
457734221g
45773269
4577323
4577301
45772819
4577269911
4577246
4577240
457723
4577221
45772179a
45772074
457719379
4577171
4577152r
457711v
4577111
457711
4577100
457709
4577087
457707
4577041
4577033
457702
457701
45770
4576ri
4576mykids
4576kbb
4576helen
4576beta3431
4576al
4576a12117
4576994
4576981
457696thuis.
45769651
4576956
4576930c
45769015975346
45768958
4576864
4576816
45767ab
4576795
457678976487687667
457677792
457676574
45767520
4576738
4576729
4576722
4576696
457669
457668
4576653
4576650
4576628
45766152
45765hqayn
45765973
4576591231
457658
457656
4576549
457654
457653
4576513s
4576482
45764597
457644
4576410
45764
457639ccm
4576364
457634
457633109
457630
457628
457627
4576251o
4576222
457620
4576191
4576189054
457618
4576166
4576159
4576147
457613958
45761234
4576116
457610
45760919
45760775
457606h
457605510
4576000425
4575rt
4575pick
4575jp
4575@roc
457598
4575969
4575960
4575957
4575949
45759420
4575928
457592
4575908
4575900
45758725
45758585
4575834A
45758
457579
457577
457575
457572
4575706
4575688
4575678
457567
45756585
45756471
4575646
4575630
4575621
45756
457559
457557659
457556789
4575563
457556
4575547
4575544a
457552
4575505
45754vhphc
457548110790
457547
4575462
4575447
4575445754
457544
4575396dsr
4575384
457537
4575367
4575357
457534
4575328
4575325
45752901105
4575279
4575275
45752598
457524298
45752213
457522
4575210555
457520m
4575195
457518794
4575182
45751784
45751641
4575157
457513
4575111
4575102455
45750913
4575069
4575048
4575032
4575021
45750015
45750
4574r07h
4574mt
4574ma
4574chi
4574L0o
4574986
457497
457496
4574929
457491
4574882
4574867
4574857
457482
45748033
45748
45747964141
45747774
457476676
457475226
4574734
4574714
4574703
4574689
45746787
4574673
457466
4574629
4574596
457458
457456875
4574558
457455
4574544
4574535
457451163
45744abc
4574494
4574486
4574475
45744625
4574457
45744465
457444
4574410
4574399
4574388
457438
4574365
457434
4574328
4574302
457429
457428
4574272
457424
45742155
4574176
45741694
45741220
457412
45740qpdqq
4574069
4574064
4574041
4574028
4574008
4574001
457400
4573xx
4573tt*ag
4573photos
4573monkey
4573cqvce
4573989
457396
457394
457393
457388
4573854
4573830aa
457377592
457377
4573758
4573749
4573702
4573675
45736588
4573627
4573585
457357577
4573561
4573557
457354
45735366
4573504D
4573451
4573434
4573403
4573392
4573372
4573335
457330956
45732866
45732796x
457327
4573259
4573220
4573204tiger
45732
45731566
45731213
4573101
457308
4573065
4573026
4573010
45730
4572zfquq
4572mgfcvc
4572kkk
4572gratch
4572btyc
4572977
457296JCR
457293
4572913
4572904
4572870
457284103
4572829
457282
4572778
4572767
4572732
4572717
45727
4572666
4572650
457260645726064572606HESHAMKIN
4572604
4572589
457258
4572563
4572562
457254
4572520
457249
4572484
4572479
457244
4572411
4572397
45723819
4572368
457230123
4572294
4572254
4572237v
457223
45721b
4572189
457217mierda
457216
457215
4572136
4572130
4572085
4572070
45720404
4572031
4572001
4571rr
4571MMB
4571994
457197d
457197
457195583
4571921
457191bee
457190460123
45718946
45718624y
457183an
4571815
4571789
4571779
4571776
4571771
4571742
457174
4571720a
457169
4571664
4571617cw
457159
45715641
4571540
457152
4571510
4571498
4571481
457147245
457146k
4571461
45714571
4571446
4571432
4571425
4571418
4571396
4571368
4571359alexandra
45713472
4571332
4571313
45713085
45712wl
457128574
4571274
4571265091S+
4571242
4571230
4571220
45712160
45712110
4571200365
4571192
4571163j
4571148
457113
457112
457111a
457111
45711
45710920
4571063
457104346
457102kb
45710209
45710197
457101114
45710
4570ukkcp
4570sucks
4570nef
4570kats
4570govt
4570c3nc0m
4570bf
457098
457097
4570944dell
457091
4570899
4570883
4570869
45708457e
4570826
45708
4570799
4570777
457076254
4570752
457072
4570706
4570696
4570673
4570655luis
457064808434
4570629
4570626
4570614
4570605
4570599
4570554
457054397126738
4570531
4570518
4570484
4570464
4570437
4570426cpu
457040
45703DC
457038
457036
4570329
457031
457029104
457027
4570263
4570248
4570225
45702109
45701bm
457017
4570159
45701431
4570132
457012cm
45701159
457011
4570095
4570080
4570073
45700505127
45700457
4570039
4570025
457000000000000
45700
456zaa
456ytrt5
456you
456yom56
456wsx852asd
456wokf
456winter
456weakcrap
456was
456wan
456vqcmk82
456veron
456vbn
456val
456usa
456ubeezy
456tyron
456tuco
456tt
456tris
456tontita
456tito
456tesoro
456tbird
456syg
456swc
456stuff1915
456steph456
456star.
456ssor
456sparkle456
456soria
456smile
456six
456sha
456sewp
456sdet
456say
456saputo
456sam
456sade
456rubi
456rt78
456rosario
456rne123
456rich
456rene
456red
456railson
456racing
456qwe
456qmpz..
456qaz
456prince
456pra
456pol
456pks2
456pipe
456pink456
456picupsticks
456phill
456peace
456p&g
456orl
456open
456oiuy
456of
456o456
456nsipp
456nok
456nico
456nes
456nbv
456naythin
456nae
456n24
456mvm
456msfhkt456
456monkey
456mnb
456mmoonniikkaa
456miriam456
456mimision
456milelove
456miamore
456memories
456mayela
456maximo
456maryhill
456maribel*
456man
456maj
456madeulook
456m89
456lovezuza
456love-
456loopy
456lol%
456lips
456leslie
456leer
456laceci
456kylie
456krishnarajkumar
456kkkZ
456kkb
456kk
456kimou
456key
456katty
456kate
456karla
456kad
456jtv
456josua
456jonta
456john
456joao1
456jlo
456jg123
456jesus
456jce
456jason
456jaguh
456j69
456irmmap
456init
456iluvhotchiks
456iLOVE
456hospital
456hindi
456hellobo
456helen
456hbc0264
456hause
456hater
456hannah
456hall
456gurl
456guine456
456grange456
456gkv
456girl
456ggg
456geo
456gee
456gayGAY
456gabriel
456fuz
456frankiee
456fiber
456feyfchgci
456feliz
456fci
456f123
456evander
456ert456
456ersa
456elyse
456elliehume789
456edy
456dvesta
456dsa
456drift
456dogbat1876
456dice
456dfg
456dd1
456dar
456d0g
456cvhc
456culo
456cron
456cpr
456coo
456coach
456clow
456chula
456china456.
456chbc
456ceci
456cars456
456carl456
456byebye
456broad
456bnm640
456bloods
456belkin
456bedar
456beb
456bal
456b789
456aykuth456
456ash456
456asd456a
456asa
456arl
456apc
456anet4e
456and7
456allstars
456agt
456ada
456acma
456abcdef
456abba
456aa789
456_wlwlwl_456
456_anotherth
456_88
456\\\\\\'\\\\\\'dyo
456TREE
456SHELLY
456QUA
456POOHBEAR
456PIRU
456PACM
456MK
456KLT
456KANDY
456JESUS
456Iluvu
456ING.
456H123
456Elerys
456DRAGON
456DEF
456ASD
456@urservice
456@456
4569yu
4569stbdsir
4569pr
4569lore
4569kids
4569jsr
4569ia
4569gris
4569df.
4569cintronj
4569aa
4569BR
45699d
45699652
456996
456993a
4569929
456992
456990448
456989654
456988
456987lol
456987jn
456987Q
45698787
4569877
456987527463
45698745
45698741123
456987159
456987123ac!
4569871230
456987000
456987*
456986
4569856753
4569852.eli
4569833
4569832
4569825
4569821
456980812
4569798
45697895
4569782130
4569763
456976
456975504429mac
456973
45697064
45696wghru
45696l
4569685
4569661
4569654102
4569645
456963rrkk
456963d
456963741852
4569633
4569632
456963123789
4569630414
4569630
4569610
4569592
45695458
456953
456951321
45695121
4569510
4569500
4569495
4569445
4569406
4569399
456938911
456937417
456935490
456934730
456933
4569324tom-
45693217
4569319
45693100
456930876
45693
4569287718
45692694
4569262
456923r
45692311
456923
4569210
4569200a
45691906
4569151212199
45691441
4569130887
4569123c
45691230
456910jj
4569104
45691010712
45691
45690FlW23
4569083
456908
456905
4569031/a
45690254570995
4569016
456900721
4568xavier
4568sandra
4568mom
4568lbm
4568kimrod
4568dmnj
4568az51b
4568ac
4568999cma
45689826826
456897b
45689781
45689721555
456896_mahoro
456896486
4568962
456896
4568956
4568946
456894
45689185
456890709
45689+
4568899
456889320
45688726
45688660
456886
4568852
4568840
4568824
456880
45687zen
456879n
4568792
45687910
456876
456874b
456873677
456870654
4568690
456868
4568654
456862alt
4568616
456860
4568599
4568586
4568575
4568558
4568551christ
45685456854
456854
456853646
456852z
456852va
456852sr
456852pablo
456852ms
456852lolb
456852ll
456852daniel
456852abc
456852M
45685296
456852951
45685291
456852852852
4568527931
456852789852
456852776
456852741852963
4568527235
456852619
4568525505
456852456a
456852369852
456852364
4568523456852
4568523210
45685225
456852159456-ec
45685215
456852130
4568521237
4568520a+
456852013
4568520123
45685200258
456852000000
456852+-l
4568514
45684gh
4568473
456846248263
456846
4568456846
45684562
45684265
4568415
45683u
45683mariah
45683luci
45683jns
45683ivan
45683andy
45683Tony
456839k
456839884
45683968km
45683968iloveyou
45683968a
456839688
45683968662
4568392933
456838oli
456838m
456838e
456838akc
45683866
45683856
456838471
4568382883
45683821
456838/
456837926
456837662
4568374725
45683739
4568372688
4568368
45683644835
456836425
45683622233
4568361
4568359
45683567374
45683563
4568354JESUS
4568353846
45683533539
45683529321
45683487
456834559
4568342
456834
45683391
45683338
4568333427
4568330
456832a
456832723j
4568326
456832523
456832419
45683210
45683153
456830845904645
4568303
45682kk
456829310
4568289
4568286
456827193
4568266
4568254
4568253
4568245682
456823130
45682193755
456820vclok
45682012
4568186
4568181
4568172
456816733
4568146
456814
456813204
456812aa
4568123zazaza
45681189
45681188
456810699
4568101
45680b
45680883
4568083
4568031
4568003
4567yul
4567y
4567tmbr
4567tania
4567skl
4567rh@/
4567nova
4567nick
4567mlm
4567mari
4567la
4567kd
4567jp
4567jkl
4567iyd
4567ice
4567gh
4567ec
4567chocolateamargo
4567cbg
4567bigg
4567asd
4567abcd
4567NIKON
4567A
45679999
4567989
45679824
456797292cp
4567958
45679507
456793
4567916
45679095
4567907
45678z
45678por
45678n
45678k
45678j
45678ge
45678a
456789yo
456789ten
456789t
456789q
456789po
456789op
456789lien
456789kd
456789jk
456789jean/*-
456789hola
456789g
456789dick
456789cihat291200
456789bj
456789al
456789abc
456789R
456789O
456789K
456789BIGBOM
456789A
456789987654
45678996
45678987
456789852456*)cv
456789846
4567897897899
456789666
45678962312
45678956
45678949
4567894
45678933
456789321,
4567892530
45678923
4567891w
45678918
4567891283
456789123k
456789123erickvj
456789123d
4567891235
4567891234
4567891230+-
456789123+0
45678911
45678910NATUREs
4567891011
45678901a
456789/*
45678888
456787_05364568565
456787654
4567857
456785321
4567839
45678321
4567828
45678219
45678123
45678110
456780bb
45678+
45677a
4567799
4567789
4567788
4567782542
45677778
4567762
456773569
456771629
45677058s
45676955404072016gazza
4567682
4567669
456766
4567654
45676241
4567613
45675t0
456759616
456759435v
456759123
4567589231
45675785
456757
4567553
4567546123456
456754432
4567539
45675382r
456753654
4567511347751m
45674910
456748205
456745flame
45674531354
4567443
456742g
456741luv
456741963
456740mm
456739972
4567377n
45673712
456735i
45673479
456734
456733821
45673274
456732
456731758
45672pven
4567291
4567245610
4567236m
45672307
4567218
45672103084
45671oniemawby
45671938
4567188
4567174
45671633412
456715450489
4567144
456714
4567130
45671211-4567121
4567117
4567106n
45670gwyda
4567089099
4567049
4567046
4567042
4567032
456703
4567028
4567.courtney
4567+=
4567*9
4566scfki
4566pr
4566lmw
4566dg
4566994
4566990
4566987
4566967
456696030
456695157
456694263
4566919
4566907
4566897
4566871
456687
456686
4566834
4566815
45668
45667899
456676117
4566751
4566741k
4566720
4566694
456669
456667899
4566678
45666645
4566654
4566643
456663
4566617
456661230
4566600
45665m
4566594
45665885
45665858
4566579
456656531
456655665
456654z
456654tt
456654sHobe
456654lol
456654l
456654CAIQUE
456654789
45665477
4566545p
45665456
456654546
456654465
45665445
45665433
45665428
45665421
4566541221
45665411
4566540127
456654...
456654*/w
456652a
45665233177
4566518
456651450
456651
4566493
4566489
4566467
45664566f
4566446g
4566445
4566422145236
4566410
45664
4566396
4566366
4566347
456631133
456631
4566305
45662lkbff
4566284
456628051991
4566277
4566266
4566263341
4566261022
4566248
456623bsw
456620jl
456620433124
45662002
45661mcs
4566180
4566175
4566156123
45661360
4566124
4566123
4566121
45661162
45661082_J
45660jdub
4566097
456607
4566059
4566052
45660479
45660370
4566026
4566013
456601
456600as
45660
4565saron
4565love
4565dc
4565Brady
4565987654
4565956
4565951
4565946
456592399
45659066
4565892
4565879
456586877772
4565859angel
4565858
45658525
45658520
4565847
4565843
4565836
4565832
456580
456579
45657898321k
4565777clc
45657647
4565758
456571133196
456569
4565685
4565675
4565657
4565655
456565431
456564645546645
45656456
456562d
4565625814
4565618
45656026
45655tzjyk
45655791
4565574
456556552
4565557
456554646
456553z
4565530
456552
45654mjt
45654jei
4565490mk
45654845
456548
45654666
45654654
456545rb
45654565c
456545646
4565454
4565445654
4565444
45654310679
4565431
4565425123
4565422
456542
456541223843pupu
4565399
456538porky
45653669
4565352515
4565351
45653221
4565321m
4565316142
456531
456530
4565293
456528
45652626
4565250320
4565247
45652397
4565236
4565221
4565200
45652
456518b
4565177
4565162
456515
45651232
456512
4565109
45651012
4565099
4565093
4565082
456507
4565064
4565052G
456504
45650272
4565006
456500012
45650
4564sp
4564mh
4564lucky
4564ever
4564ais
456499778835724
456498
456496
456495
4564949
4564944d
456491
4564897
456488
4564867979
45648645679426
456485446
456485
456483
45648272
456481
45648074670211
4564804
456480
45647997
4564787
456477764
4564765486
4564745647
456472
4564702
4564695
4564688
45646789785
456467
456465463
456465446
4564654
4564645
456462
4564617789
45646
45645a
456459
4564571
456456q1
456456mii
456456jf
456456hmb
456456blue
45645692
4564568kk
4564568
4564567897
45645665421
4564565645
456456458
456456456s
456456456l
456456456b
4564564566
45645645645645645645
456456456123
45645645609105499973
456456455
45645628
4564562525
45645623
4564561237899
45645612
456456++
4564558dg
4564551
456454539
456453453
4564530
456452456
4564519
4564512003
4564505
4564494
4564464
456445644
4564446
4564432
4564423
4564361
4564349
456433
456432700911907
4564309
4564279neshterr
4564276
4564273
4564264
456426
4564242
4564227890
4564227
4564193
45641674
4564147
45641453
456414
456412
4564109c
45640919
4564081
4564069
45640646
4564048
4564021
4564014
4563zxcv
4563sjpr
4563kadyn
4563el*
4563bug
4563ap
4563JORDAN
45639bjhi
456398
4563974
4563962
456396
4563954
456394
4563923valentina
456391245639781258
45638ac
4563869
4563860
45638"@g
456379256
4563780
45637630
456375
4563729
456372
456369kltm
45636987
4563679
456367
45636532
4563642
4563633
4563624
4563587
45635791
4563574
45635485
45635289a
4563517
456348
4563461
4563459
4563456
4563444
456343gp
4563432
45634253
456342
456340god
4563401
45633910
4563378
456337
45633656
45633645
456335s
45633537
456333456
4563321
45633192
4563313b
45633
4563295
45632897
456328741
4563279
4563274123
4563265
45632563
456324879
4563242
456324
4563235
456321xd
456321thebest
456321sb
456321rai
456321q
456321ivy
456321eme
45632199
456321879
4563216
45632154
45632147
4563214
4563212468
4563212
4563210n
4563210009
456321..*
456321#
4563206
456320
456318027
4563171150
4563153
4563149
45631431
456312ZAck12$$
45631231
4563120
4563115
45631026
4563060
456305503654
4563046
45630373
45630216
456301423939
45630099
456300
4562sdf
4562m
4562iloc
4562biberist
4562aa
456298838688
4562976
45629635969
456295939f
456295924
4562959
4562955
456295
45629362serseri
4562936209204121706
4562927
456292165a
4562920
4562903
45628klk
456289p
4562897123
4562894
4562891
45628789
456286
4562859
4562836a
456283
4562814
4562803
45627895
4562789
4562768
456275
456274107
4562727
4562711085
456270
456268
4562655
4562639
4562633
45626121
45626045
456258yes
456258cj
45625897
456258951
4562588ngo
456258654
4562585
456258456
45625845
4562582
4562581937
456258159357
4562580d
4562580
45625795
45625654a
456256456256
456256236
4562552
456255
45625456
4562536
45625247
456252426
456252
4562503
4562487a
456248
4562474
456245e
45624566
4562456
456243
456237z
45623653c
45623589641223
4562332
4562313
4562310
45622957
4562291
4562282
456228
4562272026
45622468
456224
4562222
456221232
4562212
45622098
4562201
45621gtkpfk
4562194
456217
4562169
45621587456
4562141
456213taba
4562138
45621312
4562130
45621064
4562104asd
4562103
4562097
4562076
4562062
456204
456202o
4562014
45620110
4562009
4562005
4562003
4561ujnm
4561pts
4561id
4561as
4561KENYA
4561995
4561991
45619872
456198543
4561973
45619678
4561957
4561945
4561934
456192876
456192
456190h
456189723654
4561889ee
456187932
456186
4561851
4561846
4561821
4561809
456179
456178
456175
4561733
4561728390
4561720lol
4561720
456171
456169563lolgirl
4561692
456167
4561658
4561646
4561632
4561623986HERB
4561622
4561613
45616
456159951
456159753brenda
4561594565
45615893
4561574
45615640
45615423
4561532648
45615309
4561524
45614ca
4561495187557mari
456147369
4561471230
456145t
456145028
456144444445678
456144
456142536
4561417mom
4561410030
4561390
45613783
4561374
4561369
45613545664
4561335
4561330
456132bbrj
4561325
456132132
456132
45613123
45613093
45613063
4561303
4561302
45612s
45612m
45612c3
45612890
4561284
4561282t
4561271
456127
4561266
45612589
4561257
456124814
456123zx
456123xx
456123von
456123uba
456123tc
456123r
456123qwe
456123pio
456123nanna
456123mb
456123lola
456123lilmoe
456123kw
456123gr
456123gene
456123ere
456123edwardqu8ir
456123cmc
456123az
456123ab
456123SA
456123K
456123Drp2u2
45612398
456123963
45612388
45612382
456123798
456123789MJSR
456123789852
45612378900000
4561236y
45612365
4561234890
45612344
456123415263
45612329
45612325
456123124438
456123123456
4561231119
4561230zx
45612307
45612302
456123000
456123.com
456123-=asd
4561223
456121e
456121A
4561212
45612026
4561200132
4561200001
456119a
45611933
4561188a
4561166
4561155
456114
456112j
45611080
4561100042
45610888
4561066
456106
4561045610
4561031445
4561012
45610100
45610086
4561005
4561!c85
4560va
4560siro
4560kimmienouher
4560crisco
4560997
4560991
4560975
4560970manuel
456097
4560934e
456093
4560915
45609112
4560890853667
456088
4560867k
4560856
4560846
4560822
45608
456078366191
4560770
4560743
4560739
4560731
4560712893
45607099
456070
4560698456
45606914
4560653
456063
4560623
4560614
4560609
4560597
456055866
4560542
456053
4560500
4560472
456045600
456044
4560429
4560407
4560399andres
4560363
4560350/6lafaby
4560335
4560330
4560303
456028
456026j
456025
4560232
4560225
4560217
4560205
45601badass
45601815
45601755
4560169
4560160
4560151
4560147
45601456
4560131
4560123321
4560120789
4560113
456010203789*8a
4560100
45600s
4560096
4560090
4560084r
456008
45600711
45600654
4560064
4560045002089315
4560027
4560016
456001122
4560005h
4560003
4560.0
456/cola
456/5*9+-58k
456/*singh
456.ripcurl
456...pau
456-ht11
456-81299
456-666
456-5586
456-456
456-.,
456+yka
456+852
456+123qaz
456+123
456+-*/eny
456*456*
456**654
456 dogs
455wool
455ssake9596
455rocket12z
455ninja
455kt6
455k3011
455hole
455hawk
455h013
455ford
455e2708
455df2
455cutlass
455badal
455archie
455americanista
455LOL
455HO4SPD
455BOMBILLO
4559fpvbd
455999946
455997963
4559968
455993643
4559927
4559916
45598zxg52
4559892
45598321
455980
4559787
455978
455976856
4559762
455974915
4559705
4559696
4559664
4559660
4559652
4559642
4559630123
455961
45596
4559574
455957198
4559555
4559540
4559522
4559519
4559494
4559445594
45594389
455942
4559406
4559400
455937244
4559361
455933255
455931873
45592d
45592890
455927
4559243
4559214
455919
455916426
455913
4559119
45591014
4559080
45590619
455905
4559046
4559040
4559024
455900
4558ngvwu
4558faqqo
4558dj
4558979
4558967
4558954
4558928a
4558924
4558910
4558899
455887
4558859
4558854j
455884
45588286
4558813
455879127
4558779
455877
455875194
455874513
4558741
4558710
45587
45586ondj
4558689
4558666
45586449
45586199
455861
4558599
4558585
455857
45585655
4558542
4558532
455853
4558524
45585226
45584xgq
4558474
455844
4558418
45583PT
455838
455836311
4558356
455835
4558345
455833466
4558323
4558321
4558308
455829
4558254
4558233
4558224
4558187
455818
4558178
4558172k
455815639
4558126
455810869
45580972
45580904panda
455808085208520
4558061-
4558051
4558017
4558009
4558
4557uc
4557rthph
4557lee
4557iim
45579zwpud
4557991
4557973
455796
455795
4557944
4557937
455791431
4557900
45578N
4557899
455789
4557882
45578639
4557862
4557859ann
455784
4557807
4557805
4557787
4557784t
455777
4557764
455776198
455773995c
455772490
4557685
4557675
4557613
4557611
4557608
45576
455759342
4557575
4557568
4557563
4557550
455753635
455752570
455751
4557470
4557456
4557451
4557432
45574254
455741
455740
455738945l
455736
4557338
455732223
4557312
45572831
4557279_CMD
455727
4557238m
4557226
455721
45571932
4557180
4557171
455716
455714b
4557145
4557132
4557125k
45571189
455711026
45571023
4557094
455709
455704heM
4557042
4557022
4557005
455700
4556spiro
4556sas
4556osueku
4556boss
4556ariel@
4556993l
45569823
45569663kl_=
4556943a
455692214
455690
4556892a
455689
45568844
4556878
4556864
45568319363
4556823
4556818
45568134527654
45568047302
45568
4556799
4556796
455679377
455679
45567893
45567789
4556774
455671
4556695
4556688
45566778
45566632
45566554
4556651
45566224
45566137
4556591
4556587
45565711
4556569
45565650
455656
455654789
45565446
4556536
4556529
4556520
455651
4556501
4556490
4556479
45564556yh
4556436
4556424a
4556410
45564
4556398
455639
4556373
455635
455634
455632161
455631598saud-
45563076
455627
4556267
45562616aaa
4556249
4556230
4556215756
4556211
455619home
45561985
455619
4556184
4556181
4556154*******
4556143
45561384
4556123123
455612059
4556107
4556087
4556071
4556051
45560307
45560019198813
4556/4556/4556
4555home
4555cr
4555995
4555987
455597
4555962001543695
455596
4555940
4555935
455593
4555923
4555858
4555830
4555825
4555811
4555805
45558
4555790
455578t
455577
45557523
4555741
4555738
4555718ld
455571
45557030
45556969
4555681
4555663t
4555629
455562
45556105
4555606
45556
4555595
4555580
4555574
4555568
4555556
4555545
4555537
4555526
455552
4555513
455551
4555492
4555475
45554664
45554458
45554291
4555409
4555394
45553818
455535
4555315
455530
45552849
455528
45552643
45552555
45552338
45552321
45552220h
4555205
4555199
4555194
45551893
455517183s
4555161
45551554
455512
455511
4555100
45551
45550rypec
4555087
4555076
455505
45550444
4555035
45550001
455500
4554zyfn
4554teamo
4554spike1626
4554rurb911031
4554pop1
4554phone
4554kill
4554ggjm
4554clm
4554[mark01]
45549985200258
4554974
455495
4554937
4554902
4554891ng
455488s
455488
4554874
455486
455485
45548448
455484
455481
455478
4554767
455475
45547289190
455470937
45546ap
4554688
45546842
45546829
455468
4554675
4554669
45546654
4554661965
4554656
455465
455463ok
4554629
4554618
455461
455460
45545803
45545732873072
455456854538
455456500
455455455
455455181
45545445
4554528
45545230845736405
45545204554520
455451882
455451
4554502
4554500
4554491022
4554487
455448
4554467
4554464c
4554462
455445544
455445540
455444bbbn
4554447
45544389
455442l
4554427
45544203
4554411
45543jwajb
4554397
4554369
45543585
4554356
4554344
4554334
455432672
45543207
45543188
4554302
455430
45542987
4554287
4554272abram
455426
4554253
4554251002
455424jg
455424
4554221
4554215
4554201
45541854
45541665
45541550
4554152
455414534
4554144
4554123rom
4554122
455412
4554112
4554104
45541
455407
45540594
455403
4554013
455401
45540044
4554001
4553=
4553993k
4553986
45539689
4553958
4553950
4553927W
4553922
45538913503213
455387
45538079
4553780
4553779961
4553773
45537696
455376
455375
455374
45537301
4553727
45537
4553687
455367
455364187244
455363
4553615
4553611
4553609
45536
455357
4553560
455355
45535405
455353drea
45535261
4553480
455346
4553454
4553443
45534378
4553432
455342alb
45534112002
455335
4553333
4553319
4553294
4553292
4553281
4553271248
4553259
455324
45532331
4553213
455321
4553200
45531a
4553171
455317
4553150
45531435
4553130027
45531272
4553120
45531011
45530boca
45530955
4553065
4553051
45530322
4553024
455302218
4553016
45530091
45530072
4553
4552neppo
4552kg
4552jaa
4552dmk
4552Ab
4552987
4552939400
4552937
4552922
45529133
45528922
4552876775
455286
4552815
455281
45528079
4552797
4552767
4552761
4552755
4552687
4552663o
4552654
4552637
45526130
455260
4552599
4552584lj@
4552583
4552581
4552567912
45525536
4552541
4552534
4552511
45525
4552482
4552458
4552454
4552447
4552444
4552440
45524202
4552419
4552410090
4552410067
4552410014
4552410003
4552359
4552343
4552333
45523210123
4552310b
4552305
45523
455228
455226
4552257
4552254
4552250a
4552246
4552222
4552219
455220
45521riw
4552175508
45521613
4552151
45521423
4552138t
45521145
455210123
4552088
45520721
455206
45520518
455204P
455204431
45520210123
45520160
4552014
4552012s
45520092
4552002
4551west
4551avukat
4551AA
4551982
4551976
455197
4551907
455190
4551888
4551851
4551822
4551820
4551807
4551804
4551798eo
4551785
45517641237
4551760
4551757
4551733
45517126
455171
4551692
455169
455168110146
4551667
4551659
45516488
4551620m
4551613
45516111
455160
45515947
4551590
45515888
4551573
4551565
4551554
45515494
4551545
45514968
455147
4551462
4551458
45514551
45514535
4551443
455144
455143
455142659
4551415
45514072
45514066
45514015
4551386
4551351
455133
45513121
455131
455130041
45512929
4551287
4551282
45512661266
455126
455124
4551234
4551226J
4551221
4551212
45512075795
455120
45511914319
455117
4551160
4551125
4551120
455111
4551101
4551097
4551075
45510715
45510605
4551039
4551037
45510300
45510288
455102775056
4551025
45510219
45510177
455101016
45510050
4551002415
4551001656
455100
4550max
4550fer
4550ZW00
4550971
4550951
4550916
455089
45508810
4550848
455084
4550818
455081
45507760
455077
455074
4550733
4550721
4550715
4550701
455069moni
4550697
455069
4550686
4550674
4550667
4550646123
455063
45506156
4550609
4550593
4550578
4550571
4550557
4550545m
4550526
45505096milton
4550497
4550485
455048
4550456
4550442
455042
4550406
45504
4550394
455036ema
4550354
45503509bl
4550343
4550331LB
4550326
4550315
4550309
45503
45502msrb
4550294
45502754557
45502705
4550260110
4550252a
455023621bangie
45502264
4550221
45502
455018
4550174
45501663hhh
4550156
4550145
455013620
4550123
4550118
4550104
455010065
45500z
455009n
4550087
455007
4550052775
4550044
4550027
4550023
4550016606
4550015
4550010
4550004628
45500
455-mine
455*6739*j
454uqg
454supercharged
454ss1
454sil**
454scott
454roach454
454reper
454park
454nmzyq26
454nice
454mollz
454ltd
454ls6
454korn2420.
454kcr
454k7362
454jhgvlkj
454hsh
454gonz
454flowers454
454f13v4
454dog
454crate
454ci450hp
454casull
454can
454bigblok
454bib
454bcd
454austin
454aaaaaa
454Mummy
454KARS
454HsM
454FG7260
454Denise
454B78F057
4549sandy
4549jf
4549WL
454999
4549985
4549969
4549945499
454991648
4549914
45499071993
4549894
45498811
4549860
454984
45498182ps
45498
4549789789
454978366
45497648
4549754
45497344
454973
454971
4549698
4549691m
4549682
4549671001
4549666
4549660B
4549652
454963bh
454962051
454960
454959696
4549586
454955064
45495230
454952
4549505
45494855
4549462
4549433
4549407
4549393
45493751996
454936
4549353
4549349
454933413
4549327
454931
4549286
4549273
4549221
4549208
45491s
45491988
4549197
454919189
454918126
45491769
454915
454912487
454912291
454911346
454911
4549101
454910
454909
4549076
4549067
454906
4549054
45490471
4549022
4549003
45490
4549
4548pmrc
4548hjr
454899618
454898
4548976
4548964
454895246n
454894487
454893406
454890087
454889j
45488901
45488626
4548852
4548836
4548806
4548794
454878
4548767
4548752
4548725
454871893
454870608
454869lova
4548693
4548685
45486795
4548668
4548650
4548632
454863
4548612345
4548594222X
454859
4548577
454855
4548532
454852780
454849ss
4548491
45484844
454847
4548431
4548424
4548416
454838677
4548369a
4548347
454832
4548303
4548301st
45483
4548298
4548266
4548236
4548217
4548201
454816
4548156
454814
4548138
4548114
454810747
45481
45480907
454807
4548062
4548025
45480031
4548**
4547roc
4547home
4547SK
454799
45479835
4547975
454794347
454794269S
454794251
45479244
4547902
45478806
4547866
4547852
454781t
4547811
45478014355460
454779763
45477871
454778
45477702
454775051520
454773234
4547720
454771
4547680
4547645+4547645
4547629k
45476
4547593
45475803
4547574
4547566
45475599
4547556
4547544
454753291
454752
4547516
4547504
45474854
4547482032525
454747
454745480
4547445
4547435
4547425
45474180
4547409
454738706n
454738
4547367
454735jyl
4547325
4547314
45473034
4547268
454726
4547257
4547247
4547223
4547219kanra
454720
454719
454718503
4547172
4547166454044200
4547154
454714
454713
45471214
454711
454710
454709
454708
4547072
4547068
45470564
45470382
454703
4547027
4547021
4547000
4546th
4546p
4546martin
4546karabela
4546be
4546al
4546994
4546973
454697
4546955
4546943
4546924a
454692
45469061
4546900
45468mcp71
45468alan
45468714
4546862
4546856
4546827
4546815
4546800
4546799
4546789
4546777
454676
454675
4546748
4546719
45466ghg
454667f
4546669
4546658
454664
4546627
4546618
45465kedpim
454659302143
454659
4546584c
4546581
454656
4546555
4546546
4546544
454654135
454654
45465274200529
45465225
454651167
4546474849410
45464710
454646a
4546465624803982
454646
45464547654
4546443
45464321
4546423
454641gh
45464150
45464113
454640
4546377
454634889
4546339
454632l
4546321
45463134
45463102
45463022
45463015
454630
45462642
4546253
45462506
4546231
45462300
4546225
45462151
4546211
4546201569
45462005
454620
4546189
4546179
45461614
4546151
4546145
4546136mm
4546126
454612
4546117
4546113
454611
45461012*36
4546087
45460706
4546069
4546063
454605793040607410
45460508
4546048
45460425
4546031
4546020
4545ykc
4545willy
4545tm
4545swood
4545superstar4
4545r
4545pf
4545ngocok
4545miller
4545m
4545luis
4545ll
4545king
4545jb
4545jar
4545hoes
4545ght
4545fuka
4545fats
4545ent
4545ea
4545dess
4545cyn
4545cc
4545cassie
4545broadn
4545ba
4545agate
4545WILLY
4545AU
454599vee4646s
4545992
4545987
454598
454597
4545954
45459510
4545935
4545925
45459191
45459101
45458lm
454589731
4545885
4545874587
4545870
4545866
4545862
454586
454585859595
45458565
454584mrc
4545839
454583-toy
4545824
45458068
454579r
45457896321
45457878ddvw
4545781
45457777
4545774
45457676
4545754
4545741sl
45457268243
454572
45457152
4545706
45456p
45456Cat
4545688
4545678m
454567678989
454567419
45456677
4545665
4545660
4545658
4545654a
4545652
454564564564
45456455
4545645
4545638
4545629
4545621
45456155
4545615
454561123
4545608
45455vybj
45455j
4545578
4545564
4545560
45455445
454553
45455262331745
4545522241068
4545514555
4545510
4545504
4545489
4545483
454546b
4545464612
454546123
454545p
454545kh
454545es
454545d
454545angusSHOWM
454545G
45454585
45454567890
45454566
45454556
45454545w
45454545454545
4545454454
45454522
454545123
4545450123
4545445455
454543544
454542788
45454217@htmlrna
4545414
4545406
4545402269
45453944
454539
454538227
4545370
4545369
454536288
45453599
4545353565
4545349082204
45453453
4545338
4545335
454532
454531
45453071
4545304
454530
4545291
4545288
454528280
4545274
454527
4545256
45452541
45452526
45452515
4545245
4545243
45452403
45452276
4545213
4545211
45452083
454520156
45451971
45451945miki
4545174
4545169
4545164431
45451588
454515151616
4545145
454514
45451374
454512mp
4545129
4545123avi
45451214
4545119b
4545116
4545115
45451123
454511
454510
454508123
45450721
45450600
454505a
4545055
4545053
4545045
454503
4545023
4545012
4545010
45450099
45450062
4545005
4545002
4545000
4545**45
4544marie
4544emo
454497308
45449689
4544948
454494
454492060s
454492
45448996
4544891
45448890
454487920
454486
4544855ez
45448353
4544825k
4544809
45447964
454479
4544780
454477770
4544763081
4544741
45447347
4544729
4544719
4544700
45446874
4544683
4544678
45446691
45446589974
454464
4544634
454462
454460
4544589
4544585
4544570
4544562
4544546
454454545
4544540
454453
454449
4544478
454447
454445444
454445
4544421
4544418
4544405427
4544387
454437
4544358
454435
45443492158
4544345
454433008
454432l
454431
454429
4544268sh
45442589
45442515
454425
454424
45442380109
4544229
454422
4544217s
4544216
454421
4544203
45441921
4544186
45441620
45441531
454414684
45441400138
454414
4544123
4544120
4544114
4544091dr
4544085
4544060
45440525
4544047
454403129
454402068
45440183
454401336
454401007
4544003jla
4544000
4543bajada
4543995
4543986
4543979
454397
4543962
45439512
4543936
4543907
45438exuuk
4543893b
4543879
4543857
454384
454381
4543781
4543773ce
454376
454374
4543725
454371
45436s
454368
4543673vinlec
4543671
454366
4543641
454362
4543598
4543590b
454357123
45435606
4543559227
4543555
454353
4543524
45435184
4543509927
45435026
4543490
4543478n
4543469
4543454
4543442sr
4543434
454343
4543426
454342106
4543395d
4543379
4543366
4543350
454334328
454334305
45433379
4543315012
454331021
454330121
454330022
4543300
45432ya
454329149
454329041*-*
4543290104
4543290070
4543281
4543279s
4543279
454327111
454327005
4543265
4543250
4543244m
454324
4543234
454322
45432144
454321016
45432018
4543200026
4543190
454318141
454318078
4543180
45431711LESLY
4543170311
4543170248
4543170013
4543156
454315032
4543150094
4543150020
4543140066002122
4543140
4543134
4543116
4543111
454310028
454309
454308777
454308109
454307
454306509
45430584
4543050
4543035
4543030024
4543029
454302244
454302136
454302107
454302039
4543006
4542sharingan
4542jh
4542abi
454299
4542965
454292814
45428956
454289
45428798
4542871
4542863
4542853
4542843
4542830
4542814
4542811
4542809
4542800c
4542796!
45427861
4542780013
4542767
4542747
454274395
454273019
4542727
454272021
4542717926
454270
45426975
4542693
454268579
4542678
454266abcd
454264619182
4542634
4542628
454261364
4542604
454260
4542594
4542586
454258004
4542569
4542559
4542539
4542533
4542489p
4542488
454248211
454248124
4542478
454247139
454246kendry
45424571
454245120
454245
4542445424
454244145
454244107
454244012
4542440056
4542440
4542432
454243022
454243
4542423
454242010
454241108
454241
454237
45423655
454236
45423495l
4542341
4542336
4542315948
4542314
454231116
45423027
4542302011
4542290065
454228
454227213
45422689
454225469
4542243
45422225
454221018
4542209
45422007
45421c
4542195
454219
454218
4542164
454215454215
454215
4542143
4542139
45421234
4542116
454211
45421024
45421
4542098
454208
454205600
454205
4542031
4542025
4542016
4542010053
4542005
4542000
4541shay
4541mc
4541998
4541987
4541970
4541955
454195020
4541934541
4541924
4541907
454190
4541895
4541885
454187120
45418677
4541849
4541833
454182
45418109
454180060
454180
454179
4541780
4541776
4541735
4541725
454171372-+
454170006
4541696
454169
4541685
4541664
454164a
45416464
4541621
454160
45415946918
4541585
4541565
4541552
45415451
4541541541
454154
45415300
45415157
45415125
4541511
45415077
45415043
45415
45414949318338
454148122
45414769320296
454147032
45414657
4541460789
4541454
4541447
454144191
4541440012
4541431144034
4541429424713750
4541400035
45413955594779
4541373
4541372
454136
4541340
45413335
45413287
4541313
454130
4541287hp
454126
4541258
45412454
454123re
454123A
4541239Abygal
4541238
4541236
45412294
4541227
4541218
4541216
45412003
4541194
4541170
454116310210425
4541155
4541150
454114bonn
45411436
454114
454113258
4541123
4541120013
4541110
45411064
45411009
4541100134
4541100030
454110
4541091
4541087
4541077
454106666
4541066
45410630
45410623
45410613
4541058
454105119
45410486
454104111
45410361
454103027
45410255
454102124
4541020037
454102
454101009
45410065
45410046
454100296
454100
4540tyree
4540sayangku
4540gb
4540com
4540Arouca
45409jtkjk
45409933
4540978
4540964
4540956
4540947
4540870
454085
4540831
4540824
4540807
45407o
4540794
4540763
454075
4540732
4540712
45406969
4540670
4540669514
4540669
454066
4540652
4540634
4540621
4540608
4540606
454060
4540580
454057
4540556
4540545
45405440
45405412
4540496
454049
4540477
4540469782
4540463595
454046
4540445
454043yml
4540424
4540416
4540414
4540410
454040stin
45404
45403S
454039
45403816
45403764
4540367
4540363258
4540361
4540358
4540353
4540349
45403444
4540334
4540319
4540317
45403064
4540300
4540294
4540271
4540268
4540251
4540249
45402410
454024
4540219978
4540203
4540198
4540181410
4540175dg
45401718
4540169432
4540167
4540163187
4540162221
4540159
4540151
4540146
45401420
45401401
4540139
4540135
4540131002
4540127222ann
45401072
4540103123
4540100
454009h
4540091339
4540087
4540079
4540065
4540056
4540053511
4540047
45400307
4540028
4540021322
45400156
454001
4540.arouca
454/202
454-SHANA
454-8287
454 hemi
453xHU.
453v543
453sdm
453pou768
453orellana
453nij
453mer
453love
453jos
453gzg
453eueqp
453dd1814
453chinar
453birthd@y
453NKBTMC141
453CXBTC76
4539vv
4539pato
4539no
4539fjgga
4539bryan
45399new
45399877
4539974123
453995300
4539940
453993
4539918aaa
4539914
4539899
453987
4539817
4539804e
453978m
453978612
453978078
4539779
4539754mierda
4539749
4539718
45397131
453971
453970
4539665
45396493
4539636
45396222
453960
453959735
453957
4539545
45395170836
4539500
4539493
4539468
4539457al
453942535
453938891
45393715
453936445
4539320g
453930
4539270
453923
4539220
45391kudai
4539184yo
4539177
453912
45391
4539088
45390789
4539061
45390247
453902
4539005405
4539
4538kmw
4538hnxr
4538genk
45389js
4538985
453898
45389654
453895
45389364575567
4538929
4538911
453890667
453889
45388504
4538836
4538831telefono
4538802
45388
4538790
4538777
453877
453875
453872381r
45387190666
453870
45386643
4538647
453863
4538622
4538592
453857637
453856509123
45385554538493
4538550072123456
453855
4538531
4538519
453847
4538453869der
45384
453839
453838364
453836
4538355
453835
45383285f
4538322
453831615
4538312
4538291
45382773114
4538270
453826
453825178
4538247
4538233a
4538208
45381c
453818233
4538178
453817
4538156
4538146
4538135
453812596
4538123
453812160
453811
4538101
45380819
4538030
45380294461346
45380212
4538019
45380169
45380160
453800adh
45380
4537reds1234
4537dy
4537ardiente
4537982233
4537950
453794
4537906
4537901
45378900
4537886
4537865
4537848
4537815
453781
4537802
453779994
453779924
453777513
453775536
453773
453771453097
453770
45376828520
4537652
4537612
45376022
453759423
453758487l
453755
453752
4537487
4537453
4537432
453740
4537361
453735268
453734158
4537277
4537250104
4537240
4537227
453722
453717606bec
453716
45371453
453713898
45371184
453710
453709
45370806
45370717
45370465
45370236
4537018436
4537005db
453700198
45370
4536sean
4536loco
4536glenn
4536bpiri
4536a123
45369b
453697a
4536961
4536941
4536930
45369126723
4536909
45369
4536895
4536867
4536860
453685
45368453
453680
453678943
45367812
4536757
45367401
4536721
4536719
45367143
453670461
453669h
453669
4536674
4536664
4536661
453665
4536634
45366141
4536609
45366012
45365dm
453656j
4536562bbe
4536552r
4536547
45365361
453651518
453651
453650
45364qjtwj
453648591795264
45364712
4536450
4536448
4536409chichumoteamo
453637070
4536333ggg
4536321
453631637
453631077
453630326
453630
4536292
453628
45362734463
45362718
45362616
453625412
45362510022
4536245
45362373
45362332
4536230
45362277
4536202
453619945
453619
453617
4536163035
4536155
4536153
4536145
453614
453612g
4536123
453611004
45361086
45361042
4536101
453610
45360997
45360955
4536089528
453608
4536056a
4536051
4536037
453603
4536022_
4536010473524
4535mo
4535kh
4535jc
4535echo
453599D
4535988
453597steve
45359738
453596
453595001
4535939
4535920
453590458811
4535894
4535869
4535853
453582274
4535817
4535808
4535784demicasa
45357780
4535771
453575r
4535746
453573
4535722
4535715
4535711
45356r
4535690
4535689
45356809
4535678901
4535646
453563449311490
4535622
45355k
4535583031
453555
453553
4535510092
453551
4535505
45355
453547
4535463
4535455
453545
4535435t
4535418
4535410043
4535410032
45354
453537
4535358
4535350s
4535345
4535329
4535316
4535311295lupita
4535303
45352889147
4535243
4535234
453522
4535217
453521
453520047
453520016
453520
4535194
4535191
4535185
453518
4535175
4535169
4535166
453514569
4535132
4535120
453511
4535095
4535088
4535087
453508
4535073
4535053
4535046
45350310
45350179k
453501
45350
4534trut
4534pj4534
4534miguelangel
4534aberarder
453497783
453495
453490ray
45348z
4534887
453486cnm
4534842
4534823
4534805
453480
453479
4534785
45347652083015
453474
453472358634
453471172
453470
4534671
4534643
4534626
453459159
4534573300
45345554
4534540
4534537
4534530dq
453451623
4534506
4534471
4534467
45344545
4534440
453442933
453441
4534391
4534369z
453436
453435672
4534338
45343140
4534302
4534287
4534270382
453424
4534218
4534214602aommy
45342
4534170
45341646
453415120
453413
45341224652408
4534112
45341015
4534083
453405
4534046waya
453404
4534012CALLAO
453400199
45340000
4533sa
4533nightcrawler
4533gt4533+
4533crmen
4533SB
4533Bmac
45339a
453397
4533965
4533948
45339378
4533914
4533888
4533873
453384owain
4533812
45338
4533788
453376
4533756
453374a
4533738
45337143225689
4533702
4533694
4533686
4533651
4533633
4533605
453360
4533574
453357
45335495.kj
453352
453350
453349
45334320
45334230
45334201
45334
4533384
45333452-s
4533323
45332@fmh453
4533292
45332808677
4533279natalia
453325
45332483
4533234
453323
453322
453319566
4533187
4533158
45331508
4533143
453314
4533122
453312
4533110
453309m
4533096
4533091144084
4533091
45330794
45330660
4533057a
45330500
4533047
4533045
45330232gt
453302025
45330191
45330144201003
45330124
45330121
45330092
45330033
4533/facu
4532sa
4532love
4532dad
4532blitz
4532am
4532JIN
453299
4532978
453296934
45329650p
4532947
453293
45328a
4532882008
4532877
45328630
4532859
453285
4532815
453281
45328012
45327594
4532744123
453272
4532707
4532700
45326798
45326563
45326443
453263
4532621
4532610080
4532603
4532602
453259
4532581
4532550102
453254
4532511
4532488
4532482
4532466
453246
45324570
45324532
453244063
453244038
453244022
453244019
453243123
4532409
45323995
4532393
453238
4532359
45323534
4532343
4532337
45323274
4532317
45323136
45323037
4532302271
4532301681
453230118
4532295
4532293
45322732
453227
4532260264
4532256
4532251
4532246
453224
45322311
4532220192
4532216
453221
4532207
45321ll
45321a
4532198
45321904095501
45321876
453217p
45321689+
4532167
4532160282
453216
4532153506704184
4532136
45321254
453211534423
453211
4532103_0
453210321-1
453210318-0
4532101332
4532098
453209
4532084
45320754
45320694
45320643t
453206
45320466
453204
45320348
4532028
4532021
453202
453201209
453200e
45320082
453200628
4532001609
4532
4531san
4531lm
4531dp
4531a390
4531=4531
45319860302
4531971
45319434
4531930
453192
4531902
453190
453189
4531885
453187412
4531863
4531831
4531818
4531810
45318023
4531800
4531794
4531783
4531760
453175
4531741
4531710
4531707
45316986
453169650
45316868
45316513
4531631
4531626
453161
453160229
4531601054
4531600626
453160
4531598
45315926
45315777
4531576a
45315622
4531557
45315496
4531546
4531537
4531532
453153
453152
4531515
4531510061
4531501377
4531500224
4531497
45314864535425
4531479
45314662
45314616
4531441e
45314390
4531416002
45314150
453141
4531401003
45313964647903
4531386
4531369
4531360164
45313574
45313566710
4531334
4531304
4531301081
453130047-0
4531299
4531287
4531271024
45312659
45312576
45312535
453125
4531244
4531236
4531221
45312154
4531213
4531207
4531205024
4531203055
4531203006
4531202096
4531202021
4531201123
4531201076
4531201053
45312
45311d
4531192
453118
4531172m.
4531164820
45311578
4531153
453114
45311354
45311339
45311231
453112
4531117048103
45311133
45311057
4531104023
45311025
4531100943
45310968
45310919
453109
45310872
45310800292
4531075
45310717
4531065886
4531060301
4531060001
453105ag
4531054
4531050123
4531050069
4531050041
45310500
4531047
4531046
4531041202
45310403
4531040179
4531040069
4531040045
45310399
45310306
45310263
45310218
453101580
4531013
453101191
4531010391
4531010079
4531010023
4531006017
45310018
4530mashi
4530jose
4530cmo
4530a7919b
4530975
4530950
453094
453093
45309123pw
45309004522522
453090
4530880
45308585
4530844
4530834
4530821
4530815
4530801813hotmail
4530796016
453077km
4530771
4530758
453075
453072
45307032
4530701097
45307
453067
45306462
4530628
4530601962
4530600
45306
4530596
453058
4530566
453054mmg
4530533
4530509
4530496
4530453
45304432
45304417
4530413
4530408801
4530408
4530406875
4530403429
45304021r
4530396
453039
45303753
4530367
4530362
4530346
4530326
4530319821
4530304659
4530304031
4530303433
4530301
4530300760
453030
4530298
4530294
4530284
4530273
4530265
453026
4530238
4530223
45302210
4530214
4530204972
453020226
45302
4530177
4530168
4530158
4530148
4530140
45301207
4530113
4530109
4530101m
45300jazz
4530092
4530054300
45300506
45300472
453004
4530037t
4530037
4530014321
4530003mina
452zghghks
452xe05by80
452woodrow
452w69il96
452thors
452rrb
452rls
452o96
452msi
452mary
452loveu*
452jlmbja
452ixb
452hg41
452flia
452ffo
452ei452
452ccu
452c87114
452bboo
452COCO
4529tx
4529kai3506
452999840
4529983
452998
4529978
4529965
4529953
4529945
4529936
452992g
452990513lm
452988
4529863
4529826
452981
4529797R
452979
4529778
4529761
4529756
452975
4529735
4529728
452972414z
452970759
45297
4529687
4529679
45296606
45296460
4529639
4529599
452958670
452956287
4529547
452953083
452953
4529507
4529490
452948
4529453
45294311
452941
45294031
4529397
452938
45293586
452934561
4529331
452932243
452931992
4529297
4529294
4529277
452927
452923
45291794516517
4529143
45291278
4529118
45291146
45291140
45291136
452910ithi
45291057
4529104
45290983
45290952
45290940
45290872
45290819gatjang
45290733
45290653
45290621
45290601
4529053
45290383
45290303
45290165172382
45290123
452901
45290002
45290
4528sha
4528ni
4528kj
4528ggvc
4528abxz32
452899689
4528985596
4528979gaby
45289703
452893534
452892703
452891
452890082
452889
4528881
452887
45288627
4528851
4528810
452878952
452877
4528757
452874
452873
4528720
452871
4528699kc
4528694
452869
4528682345
4528672
45286528
4528636
4528618
452861
45285wuuee
452859li
45285925
452857
4528555
45285286
452852
4528516
452851150jp
452850217
4528488
4528480
4528467
45284414
4528426
4528413
452838611
4528374
4528362
4528347
4528339
452831
4528303
45283
452828
452827
4528250
4528243
452823
45282010
45281963
4528180
452817001
452815342
4528138
452813
452812303018
4528106
452810318
452810
4528094
4528071
4528045
452803
4528010001
4527sbsn
4527mmm
4527cg
4527_analeonor
452799106
452798
452797
452795157j
4527936
4527922
4527921
45279
4527869
4527853
4527841
45278123
4527808
4527800
4527798
452778782
452777606
452776413
4527760
452773205
4527727
4527692
4527690
4527663
4527654
4527646
45276327
45275989
4527593
452757592
4527555
4527547
452754
452753651
4527505768
452749m
452748
452747aa
452746866
4527452
452743
4527405
452740
452739
452736678
45273430
4527339
452733
4527327
45273174
4527311
4527300
452728819954528438
45272804
45272655
4527262J
4527258123
45272530
4527251
452725
45272408
452722
452721
4527203
4527191
452718960k
452717787
45271638
4527151
452711580
452710p
4527101
45271
4527096a
452709
45270836758441
452707289
452707
45270642
45270502
4527035
4527021452021
4527018
45270071
45270025
4526xrbrv
4526lyn
4526guam
4526bike
45269x9I
4526995
452698
45269600
452694life
452693
4526912
4526897
45268700
452686
452685
4526836
452681992
452681
452680
45267912
4526789
452676l
452676
452675
4526740
452672
452671652
4526712
4526703
4526690
4526683
452667687
45266732
452667
452666
4526628$xman
4526627
45265541
45265488
452653854
452652985
452652458658
452652213
4526516
45265126
4526507
45265
45264728
452646155
4526452
4526447
4526425
4526423LR
4526407
452639597
4526378
4526374
452637360
452636524
4526349
452633
4526326
45263119
452630057
4526288
45262691895d3zst9ed2efc7p5joydos
452626
4526245
4526236
452622766
452622
4526209
4526201
45262
4526198
4526189
4526156a
45261491
45261286.YABDHA
452611601988
4526103
4526088f
4526087
45260834
45260744
45260650
45260634
452605987
45260563
45260542
45260534
452605
45260490
4526048
45260445
45260420
452604
45260389
45260365
45260341
4526029
4526021
45260168
45260114
45260069
45260054JOOm
4526.56
4526
4525shaffer
4525pone
4525lsn
4525l
4525elbi
4525angel
4525986
4525965
452596
4525948
4525933
4525929
4525923
4525922
4525918
45259077
45258964
452589000
4525889
4525877
452587
4525853
4525835
4525831
452582
4525817
4525811
45257902+yessi
4525787
452578
452577
452575g
452574674
4525735
452572
4525704
452568kj
45256870
4525673
4525665
4525658
4525654
4525646
4525631
4525625
452562
452561
45255uwdvx
4525581
4525575s
4525542
4525535
4525521
452550
452549
45254789
4525468
4525465
4525462
452545a
45254533
4525452
452544
45254374
4525431
45254121
4525403
45253B
4525399
452538556
4525373
4525368
4525362a
452535aso
45253585
4525344
452532loveyou
4525325
452532015
45253123
4525280000
452527481
4525272
4525264
4525259
4525250
4525242409
45252359
4525231
452522
45252154181164
45252149
452521
4525190
45251751
4525157
452513900
452513
45251288
4525106l
45251!!k
45250732
452506
4525054
4525048
4525042
4525038
45250308792
4525012
452501
45250063
4525004mhela
4525*gfu
4524vgxhy
4524river
4524lion
4524idmck
4524FB
4524984
452497sas
45249600A
452492pgrk
4524900
452488gizem
452488
4524870000556501
4524866
4524856
4524848
4524837
45248284
4524814424752608
4524800
45247877
452477
4524765r
452471191
4524701085
4524700863
4524700749
4524700087
45246962
45246881
4524671
4524654
4524649
4524646
452462452462
4524619
4524618
4524605
4524597
452456356123
4524563
4524548
4524542
45245367
452453053
452453
452452452452
4524522
4524512112
4524512060
4524511025
45245
45244957eddy
4524468
4524460
4524459andrea
4524456
45244507
452444
4524374
452436
4524350
4524328
45243148
45243029
4524301
452429
452427
452426
45242510022
4524243
4524232677
4524228
4524205
452420
4524185
452416
452413018
4524126
452412278
4524110
45241070
452409701919
45240829meli.
4524074
45240364514240
4524021
45240179
4524017
45240004
45240
4523von
4523staff
4523mb
4523lh
4523john
4523headboy
4523girl
4523ch
4523avondale
4523aa
4523ML
452399
4523981
45239620
45239529
4523939
4523922
45238974
452388999
45238821
4523879
4523869
45238265
4523817
45238073
452380
45237881q
45237798
4523766
452375zaz
4523737
4523725
45237175984
4523709L
45237060
452369tr
4523696
45236897
45236885
452368
45236751
4523670
4523665
4523663
452365s
45236521
452364
4523638
452361789
45235cs
4523591
4523573
452355
4523545235
4523527
4523518
452348
4523464
4523459
4523454
4523448
452344
452343143
4523425
45234185
45234116
45234065
45234010
452338d
452337jac
45233723
4523355
4523345233
4523341
452334
45233260
452330
4523294154321
4523281
45232774
45232740
452327
452326
45232545
452325
45232469
452323jjjj
45232345
452322rn
4523215
4523206
45231lolc
45231986
4523194
45231851
4523180389
45231735
45231628
4523158
452315320
45231525
45231509
452315031
4523145
452314
4523133hc
4523133
45231321035
452313050
45231248
4523123
452311789
45231055
45231019
452309mj
45230927
4523075
45230646
452305048
452304289
4523037a
452303557
45230141
452301029
4523-tt
4522wwbb513
4522sylvan
4522oil
4522jdm
4522dc
4522boo
4522bd
4522994t
4522989
45229826
4522975
4522964
4522957
45229333
4522912
452290455
45228992
452289732458
4522896
45228693
4522848186
452282
452281
4522790
4522784
4522774399
4522771155
452277
452274
4522736
4522722
45227161
4522705
45227
4522680pj
4522669
452266
4522645
4522623
4522612
452261
45225803
4522577
4522569
4522559
45225445
4522544
4522536
4522522
4522503
45224897
452247
4522458
452245224522
4522440
4522438
452241
4522405
452240
452238b
4522383229123
4522362
45223468
4522337717
45223350233
4522331
452231015
452231012
452230aishiteru,
45223041
45223024
452230037
45222c
4522297461993410
45222914522291
45222892
452228
452227
4522268
452226156
4522259
452225
45222423
45222420219
45222395
4522223
45222205
452221
45222
452218mta
4522187
4522185
45221819
4522177
45221702
45221611
452216
4522157
45221501
452214j
45221374
4522133
45221261
4522123
45221211011
45221140
45221116
4522102
4522100025
4522099
4522085
4522074
45220639
45220530
452205
45220423
452204
4522036
4522032
45220308
452202
4522019
4522010424drum
4522010255
4522010141
4522010080
4522010063
4522010048
45220100
4522009
4522006968
4522
4521skra
4521og
4521miami
4521lt
4521jm
4521gm
4521at
4521alyvia
45219alex
452198
45219737
452197
45219612
45219484519225
4521938670
4521935
45219276197
452192174
4521918
4521905001
4521904
45219
4521886
4521880
4521865rodzmy
4521858
4521831
4521820
4521803
452180
4521798
4521790
4521789
45217705
4521745
452173
45217223
4521707
45216m
4521680m
4521651hm
4521644
452164
4521631
4521620gh
45216090
45216039
4521597
4521593
452159
452158
452157
4521547
45215367854869
4521531
4521526
45215181
4521508
45214rody
45214880
45214804
4521476
452146j
4521456
4521453
452145213366
45214426
452144
4521430
45214171
45213984
4521396pateamo
4521390
4521372
452137009
45213698
45213678900
45213671
45213650
45213621
452135
4521340
4521334
45213331
45213318
4521329lm
4521326
4521322TH
452131
4521308
45213066
45213054
45213
4521295
452129019
4521288
4521283
4521261
452125632
4521254
452125
45212456
4521240
45212389
4521234
4521230
45212248
452121
4521208039cp
4521205k
45212
45211978
4521187
4521180ss
4521162783nabor
452116134
452116116
45211567
4521151
45211451
45211415btficacs
452114
4521136
452113399687
452113
45211254
4521123125
45211217
4521115
45211110022
45211102044
45211089
45211062
45211040
45211032
45211003
4521100040
4521100005
45210z
45210984
45210943
45210936
45210929
452109
45210889
45210819
4521080015
45210794
4521075770
452107
45210665
4521061130
4521060045
4521060001
45210556
45210552
452105033
4521050120
4521050094
4521050072
4521050065
4521050045
4521050027
4521050023
452105001129
4521050001
4521041040
4521040427
4521040206
4521040156
4521040144
4521040086
4521040083
4521040067
4521040042
4521040033
4521040025
4521040008
4521040
45210392
4521035
4521032
45210300
45210291
4521028
45210264
4521022
4521020221
4521020035
4521020021
4521020005
4521015131
4521011748
452101034
4521010131
4521010061
4521010013a
452101
4521008682
4521007864
4521007
4521006515jeab
4521006078
4521005128
4521004520
45210042
4521003311
4521002897
4521002757
4521002587
45210009
45210005
4521.4565
4520rock
4520nic
4520k120
4520holm
4520friona
4520ball
45209811
45209763
4520958
4520940
4520931
452091
45209046
45209
4520882
452087z
45208792001
4520874
4520872
4520862
4520846
45208410
4520831
452082
452079
4520779
4520762
4520750
4520742
452074
45207345
4520733
45207255
4520717
45207115
4520700339
4520690
452067lr
45206720
45206660034
452065399662830
45206414
45206405
4520630
45206265
4520623
4520615
4520606
45206000
45205578
45205555
4520544365
4520543
45205426
452052946
4520526
4520524
45205077
4520499
45204955
4520489
452047420
4520470
45204583
4520447
4520441
45204290.chibola
4520411
452041
45204
4520394
4520379
45203710
45203585
452035
45203353
4520322
45203182
45203130
45203116
4520284
45202771
4520264
452025
45202490344
45202490231
45202404
45202399
4520232734
452022
4520216
4520214
452020452020
4520202
45201885
452018
4520172
4520160211
452015johana
4520154
4520148513
45201438
45201412
45201314
45201308
4520124
45201223
4520120691
4520119
45201120
4520108
45201019
4520100003794
45201
452009At
4520092
4520071
45200620045
45200581
4520047
45200312
45200254
4520014
452000nueva
45200039
4520
452-amor
452-4249
451yanoteamo
451tincar
451severushp
451pl203
451nisha
451lol451
451lex
451kmtapia
451kco
451glx0x
451fandasddsa
451cynthia
451cute
451booty
451L797
451ADR2047ian
4519yarine
4519srockford
4519bankcard!
4519KIDS
45199a
451998750
4519982
451997a
4519972
451996451996
45199555
4519954
4519945
4519944
451994048/
4519930508
451992-promo2009
451991T
451990j
4519908
45199
45198981
4519886
451987justin
4519879
4519873
45198545
45198480103
45198300
451981ht4485
45198185
451981
451979kki
45197842
45197784
451977106
4519763
4519747
451974197
451972t
4519702
4519694
451968
4519671
45196580
451965
4519633
4519593
451958
451957
451956
451955626
451954708
4519539
4519519
4519491
4519481
4519473diana
451947115
4519471
4519468
451945r
451945
4519448
451944
451942bg
4519426217546
451941
4519401
4519393
4519377
451934
4519315
45193033660084
4519300232
45193
4519289
451927
4519263
45192530079
451925
45192480097
45192480012
451923479l
451920d
45191925
4519180
451917443
4519161
451913je
4519132
4519123
451911499
45191098
4519102
451909
4519089
4519075
451906xxx
451903
4519028555295903
4519028
4519019650655190
451901212
45190000
45190
4518overvad1234
4518mack.
4518ac
4518Gumbie
4518998
4518990
4518989KILO
4518974
4518967
4518949
45189341f
45189267
451891176d
451890128
451889
4518871
4518867
4518853
4518843
451884
451881
4518805
451880
4518799
4518783
45187751
451876014
451875665
4518744X3
45187307
4518724
4518720
45187008
451868
4518669
4518645
4518636
45186187
4518606
45186
4518578
4518573
451855594c
4518550
4518535
451852468
4518511187
4518500
4518498
451848gaby
4518482
4518468
4518466
4518464
4518454
4518426
451840s
45183969
45183922xl
451839
451838
4518374
4518359
4518350
4518320
451831419
4518280
45182773407
45182773168
45182773161
45182773086
45182772156
45182772080
45182772064
45182771087
451826
4518251
45182428
45182401
45182255
45182198
451821
45181996
4518189311de
451818
4518178
451817683
451816
4518155
451814659s
4518142
451813614s
451813015
4518125-l
451811
4518100515686
45180991
4518077a
4518059
4518051aj
4518045
4518026
45180212
451802
45180141
4518012
45180098
45180049
4518003
4517tr
4517en
4517VESTAL
4517998
451798604R
45179760
45179710
4517963
451794323
451794121
451793s
451793514213
4517919
451791121
4517900
4517880A
4517870
45178654
451785
45178435
4517842
4517831029
45178307
4517829
4517820
4517811004
451780
451778469
4517772
451777
451776532
451774
451772249
45177182
451770
4517671
4517669
451766
451765
4517645
451761a
4517613
4517606
4517594*x%%
451757135
4517569
451756
4517545175
451754142
451754117
4517541
45175358
451751836102285
451750932
4517500978
4517498
4517487
4517464
451745131
4517442051
45174375
45174198
451741139
451741107
4517389
45173523
45173405
4517338
4517332
4517310
4517282
4517272
451725220
451725136t
451725121
451725106
451725
4517246
451723
45172278
45172219
45172123
451721
4517188
4517180
451717141
4517159
451714301
451714
451713
451712
45171124
451710067
451710004
451709v
451709102
45170870
4517068
45170583cb
4517045170
4517040097
4517030628
45170246
4517020665
4517020541
451700384
45170031
451700156
45170000
4516zip
4516pc
4516hm
4516_1953
4516998
4516991
4516978
4516959
451695252
451692212
4516918
4516914
45168fm
4516865
4516851
451683
45168145
45168
451679910
451678928589
451678
451676
4516748
451674
451673215
4516725
45167113717865
451670884
4516705
4516691110
4516680016
4516658
4516650
4516623
4516616
4516594
4516590
4516581
4516558bc
451654bb
45165454254
451653
451651090
451650410
4516501
4516479
451645
451642121
45164026
451640
451638
4516365
451634111
451634091gdo
451634
45163260
451632469
4516321kib
4516320
45163179
4516315
451631
45163086
45163026
45163013
451629244
45162857
45162764
45162746
4516273
45162711
4516267
451625rw
4516256
45162514
451625
45162451
45162371
4516231
45162305
45162233
451622
4516213
4516200
45162
45161j
45161866
451617nata
4516170
451616707
4516162123
451614485k
45161395
4516133
451613012
451613
4516123as
451612
45161098
45161038
451610
4516096
451609
451608
4516072
4516067
45160488
45160389
4516020
4516010
45160066
45160045
451600007
4515rnt
4515moxahala
4515mariposa
4515fern
4515cat
45159965
45159724513370
4515941
4515935
451593
45159252
45159185
451590
451589
4515866derde/
4515855
4515848
45158400
4515836
451583
451580
4515789
4515777
451577
4515759
4515752
4515728
4515711
4515694
4515682
4515679
4515656
4515654
451565
4515647
45156396243609
451562btm
451562
4515617
451561
451558749
451557
4515563
4515552
4515547
451553019
451553
45155236558
45155045
451550233
451550099
451550065
45154943
451548252
4515477
45154562650
45154542544512
4515445154
4515431
45154175
451540y
451540047
451540
451539ny
4515374
451536063
45153433
4515338
45153099
451529
4515281975
4515270
451526
451525.
45152470101
45152470031
45152446345459Ay
4515232
451521m
4515216
45152100
45152076
4515203
45152019
451520132
451520084
45151R
4515190005
4515180
4515172
4515161216451094
4515142
451514
4515130
4515125
45151088
4515108
451510111
4515099
451508
4515075
4515064
4515053
4515050
45150449
4515034
4515032572130
45150285
4515024
4515016980
45150123
4515003
4515
4514nis
4514m1n
4514gumgum
4514IL
4514985
4514951
45149195
4514902
451489
4514875*-
4514856
4514850
4514831
451482
451480
451475
4514742
4514718
4514712
45146810
4514678D
451467295
451467
451464
451463131
451463123
45146294514629
4514610155
4514604
45145m!
451459125
4514585
4514576
4514556
4514540m
4514526m
451452107
451452
45145123
45145100
451450
4514485b
4514472
4514466m
451446
451445144514
451444
451441122
451439
451438
45143637
451436
45143494131
451434320
451434075a
4514332za
451432
451431
4514294
45142880
4514264
451426
451425542546
451425425445145
45142523
45142450
45142346
451422544
4514221101
4514201j
4514201
45142
451419113
451418418
451417101
45141570
45141543
4514153241
45141444
45141400
45141392
45141364
45141316
451413105
4514125
45141225mut
45141221529
45141208
4514115c
451411
45141006
45141
4514092
4514078
45140712
451407
45140628
45140604
4514059
451405
4514043404429
4514036
451403
45140249
4514017
4514014
4514008
45140065
4514000
4514
4513rr
4513love
4513995
451397562347
451397268
4513964
451396
4513938
4513913
451390128
451389ronald
4513867
451386
4513842
4513839ak
45138342
4513822
4513815
45138
4513796
4513778
45137710*
451376
451375
451372161
4513714
451370113
4513687
4513671friend
4513649
451364
451363123
4513616
4513610263
451360009
4513599
45135930
45135911
45135744
4513554
451354
451351
451350060
451350026
451350
451349
4513470tknaidu
451346
4513451
4513438
45134364
4513432
4513426
451342
45134111
4513410017
4513405
4513371
4513363
4513350
451333a
451333437
45133311
4513329
45133260442
4513323
4513298
45132790685
45132790513
45132790411
45132790123
45132780131
4513272
451326044v
451324
4513233
4513229
4513224
451322127
4513218
4513210
4513205_04
451320141
45132005
4513199020
45131943
4513192021
451318A
451318173
45131703
451316
4513151489
451315
4513148
45131440245
4513138
45131323
451313
4513125
451312211
45131190
45131135
4513104
45131013
4513100
45130948
451309
45130877834617
4513075005
4513065
4513063r
4513062
4513056
45130443
451304
45130339
451303211247
45130271
4513016
4513001
4512teamopta
4512sl
4512sa
4512manu2
4512kdcb
4512jm
4512eli
4512crew
4512af
4512MY
4512CASA
451298
451297ETERnal
451296712951741
4512963
4512958
451295451295
4512953114
4512943
4512931
45129236
45129126
4512909
4512901028
4512896
4512892
4512871
451285625
4512850
4512846
45128240
4512810
4512805
45127962821
451278a
45127845
4512757919032513152897
4512756
45127255
451270197
451270182
451270014
4512697skull
4512691
4512687
4512680
4512678
451267
4512651
45126430
45126398
4512632
4512621
4512613456789
4512610819
4512610413
4512603
451259539
45125911
451259
45125816
451257klda
45125784
45125780
45125776*
45125737
4512567
45125606ok
451256
45125545
451255
45125460137
45125451
451254254
45125415
451254
45125392
4512537
4512536
45125346
45125303
4512527
4512522530
45125216
45125185
45125141d
4512512
4512508
45125034
45125
45124811
4512475
4512473000
45124722
4512468
45124621
4512457
45124520
4512451245124125
45124510
4512450
4512442
45124251
45124152
45124112
45124100
45124020
451240046
45123987
45123910
4512387
451237896lu
451236k
451236987
4512368
451236357159jose
45123614
4512356
45123506
45123456
45123395
45123330448
45123330326
45123330210
4512331655
451233
45123260250
45123260119
45123250115
45123226327
45123215
45123206
4512319
4512316
45123150138
45123130121
45123123
4512312
451231004
45123080138
45123070130
45123020103
45123002
4512294
45122860134
45122840126
45122813
45122760441
45122760270
45122760141
45122760108
45122709
4512265
45122632
45122600
4512255
45122505
45122500101
45122453
4512244116720142
45122420217
45122420138
451224
451223595
451223527p
451222t
45122204
45122199
4512218
45122147
451221248
45122118
451221101
45122102
45122067
45122021
45122002
451220
45121967
45121936
451218tantan
451218e
45121828
451218
4512178
4512172moise
451217239
45121664
45121575
4512154
451215345
45121526
45121514
4512150
45121464
45121455
45121443
4512143
4512141
45121404
45121400122
45121400107
45121383
4512132668
45121260118
45121245
45121225
45121221
45121161
4512114
4512112151789
4512111147
45121108
4512109
4512103
45121019
4512100008
45120M
4512095
45120904
4512080
4512068987
4512065
451206
4512055001
4512051
4512045120
451204399
45120342
45120329
45120302
45120259
4512021.
45120200
4512018
45120116
45120086
4512006
4512002
4512000nyo
45120.
4511zz
4511sim
4511n10054
4511app
4511994
4511988266
45119812
45119666
4511953
4511937
4511933
4511932HOMIGA
45119312711282
4511921
45119180
4511906
4511903
45118mds
4511892
45118890
4511877
4511867
4511859
4511849
4511837
451182
45118127181274512
451181
451180
4511779
4511774
4511768
45117509
451174
45117249
45117240
4511722
4511716113
4511710
4511708
45117071
45117018
45117
4511683
4511673
45116680034
4511661
4511657
451165
4511641
45116336l
4511622
4511617
45116063
451160139
451160
45115825265607
45115714
4511564
45115474
45115384
4511536
45115311
4511530CR32
45115290
4511522
4511519
45115174
4511516
451150a
45115081
4511503
451150126
4511501028
451150
4511491
451147ohs
4511454
4511446832
45114365
451143
4511426
4511418
4511414
4511410004
4511408027
45114077
45114070aimmy
45114042
45114032
45113911
45113890
4511378
45113719
451137126
45113677
45113639
4511363
4511360
45113560da
4511350
45113432.301
45113426
45113416
45113402
45113379
45113302
45113294
4511323
45113188
45113181
45113163
451131313
451130s
45113094
45113063
45113056
4511304055
4511301233
4511301012
45113001
45113
4511295
45112927
45112850
451127453725
45112666
45112623
45112615
451126123
451126
451125754548565745857445566544587565
45112550138
4511255
45112539
45112524
45112470187
45112460187
45112432
45112363
45112326
45112292
45112280
4511223
45112212870
4511220159
4511220075
4511220054
4511220
45112167
451121214
451121192
45112115222
451121042
451121002
45112082
451120755
4511207156
451120503
45112034
45112004
45111aa
451119
45111838kiko
45111804
4511176
4511174
451117239714
45111713
451117
451116695
45111545
45111520
4511151
45111465
451114,./
45111374
45111355
4511133
45111325
45111310040
45111310025
451113
45111251
4511120125
4511120047
451111o3o
45111161
4511114
451111037
451111017
4511110098
4511110007
45111058
45111012
451110000
451109m
45110921
45110841
451108342
4511070
451106t
451106528
4511060271
451106
451105653
45110553
4511053
45110500
4511049
45110417
451104152
45110404
45110383
4511033
451103075
45110292
45110271
45110245
45110207
4511020158
451102
4511017bam
451101714
45110166
45110129
451101182
451101116
4511011015
451101045
4511010063
4511010
4511008
45110052
451100437884
451100340984
4511001
4511 dexter
4510taylor
4510mama1351
4510jump
4510dp
4510cab
4510aurel
4510DMJ
451099654
451098
4510977634
4510975330
451097281
451097
4510963210
45109547
451095
4510947
4510938
451093
451092
451091236
451091203
451091112
451091106
451091010
45109
4510882
4510878
4510860
4510852
451085
4510846
45108346
451082597
4510820133
4510819
4510816
4510810171
4510810121
4510810
4510801002
451080
45107927
4510786
45107596
4510754
4510749
451074365236
45107414
4510724
4510718
45107166
451071038
4510707
451070068
45106945
4510689
45106747
4510666
45106572
451065
4510637
4510632
4510628
4510613484
4510612346
451061064713
4510610290
45106100
4510606
45106045+34106061+
45106
45105940
45105889
4510586
45105832
45105673
45105624
4510557
4510550
4510548409
45105392
451053
4510520051
45105194
451051231
451051113
451051052
451051007
4510510021
4510509
45105018
4510490
4510474
4510449s
4510446
4510433
45104274
45104166
4510416003
451041078
451041024
451041
45104031
45104019
451040064
45103fab
45103926
45103899
4510383
4510382
451038
4510376
45103710615
4510370032
4510363791
4510363130
45103579
4510355
4510352296P
4510343159
45103408
4510338
4510326
4510323
45103140
451031368
451031308
451031285
451031279
451031165
451031146
451031095
451031073
4510310097
4510310037
4510309
451030160
451030
451029
45102837
45102704
4510264395
4510262258
45102605
451025843
45102532
4510248
45102363
451023
4510226
4510220100
45102142
451021398
451021319
4510213
451021281
451021240
451021184
4510211
4510210338
4510210240
4510210208
451021014
4510204
4510200969
45101987
45101961
45101803
45101797
4510173
4510168
4510164322
4510162
4510161013
4510157s
451015141992
45101482
45101447
45101441
4510142522
451014
4510132
4510123a
4510121234
4510119
451011472
4510114400
451011361
451011333
451011232
451011162
451011020
4510110165
4510110121
451011010
451010133
4510100110
45101
45100r
451008493
4510082
4510072005414
451007
4510064167
4510063250
4510062
4510061346
4510060173
4510060
4510057
4510050
451004960521
4510043
4510038
4510030
4510029
4510026
45100245
45100229
4510018chris
45100146
45100142526
4510013
4510011
45100070
4510001
4510
451,shnb
450zf521
450w29
450sha
450red
450r311
450r+atv
450piedmont
450nympho
450mobley
450marie
450kt
450horse
450girl
450firefighter
450e7125ppp
450dias
450cezar
450caro
450black
450belgamrisla
450bad
450angel
450_splash
450SHINGRIND
450NANNIE
450@6411
4509rocky
4509lynn
4509jane
4509em
4509EZ
450998309
450996
450994657
450993573m
450992
45099054
450986
450982d
45098231carlos
4509820
4509812
45097edf
4509787586
450978379
45097631
4509749
450974013
45097345
450972416
450971k
4509711364
45096tkwvn
4509655
4509640
45096279
450961ma
4509614352
45096078
4509595
4509585
45095739
450955743
4509520138
4509490
4509444
450940
450933766
4509321
450930
450929
450926
450923
450919708
450918771
4509176
45091417267
450913435
4509124
4509123
45091066
450910
450909
45090859
4509078
450906nc
4509068
450906
45090537
4509046
4509040
4509034
4509021
4509017
45090087
4509001
4508ty
4508me
4508fa
4508cp
4508bramers
450899976d
4508993
4508971
45089313
450891
4508906443
450888
450887
450882
4508808
4508799
4508797
45087926
45087799
450877157
4508747
4508711
45087
4508688
4508665
4508646
4508614
450860993
45085896
450858325
4508561552
4508541
4508520048
450851
45084yxrm
4508490
4508481m
4508471
4508455
45084508
4508449
45084007
4508380
4508363
4508353
4508345083
45083358
450832639
450832
4508311
450830602
4508289eman
4508277016
4508265
45082455
4508241
450823
450821035
45082075
45081a
450818511g
4508179
4508168
4508164
450815858
450815443b
4508145
4508136
450812450812
4508117
4508111
450810
4508091672
4508079
45080733
4508036
4508027
45080121
4508003
450800
4507yuki28mn
4507wrr
4507ex4mgbeabam
4507ac
450799m
4507990
450798
450796luigi
4507954
450794774
450793759
45079250
450790
4507893706526576
4507870
4507849
4507810546
450780924
45077970
450778716
4507759
450775
450773068
450772
45077002
450767
4507647130
4507611517
450761
450759882
450758
4507573
45075555
4507533_mami
4507520148
4507520
450751
45074kim
4507483
4507456
4507426
45073929
450736j
45073552
4507348p
4507334
45073231
4507306
45073
4507299
450728lms
450728
450725stw
4507243
4507223
4507211
4507206
45072000
450719d
4507183
4507151
4507149
450714631
4507142
4507135
4507129rmt
4507124
4507109
45070747
450707
4507061
4507051
45070418
450704
4507036
4507028
45070216
4507007096
4507004861
4507001099
4506tqynmc*****
4506stigall
4506frank
4506csk
4506Nestor
450699048
4506989
4506975
4506922
450691774
450691151
45069
45068940
4506893709
45068798
450685cm
450685
45068313
4506822
4506814
4506801526
450678276
4506779
4506762
450674
450673618
450673
4506710542
4506707045
4506684911
4506671045
4506638
45066343
45066188
4506617701
4506614785
45066124246641
45065921
450657
450656
4506552
4506541061
4506537895
450652g
45065201490
4506520024
4506519
45065
450647
45064628
4506446016674026
4506441
4506429
45064180
4506410629
45063999
4506399
4506386
4506377
450635216
45063518
45063468
450632501
45063237
45063148
450631021
45063027
45062annel
450629
4506286212
4506277
45062695
45062619
45062605
4506257833
45062502
4506247396
450624162526
450624
4506236340
45062334
4506232
450623
4506220
4506216177
4506209
45062007
450620
450619151
450619
4506189432
450618
45061751
4506173
4506162
4506160549
4506149303
4506144676
450614
4506134a
4506132382
450613139s
4506127788
4506125881
4506123860
4506122
4506121252
4506117491
4506112392
4506111063
4506110065
450610918
45061065
4506103094
4506097
4506092354
4506088618
4506087
4506084
4506079104
4506069667
4506067
4506065319
4506059858
45060559
4506054818
4506052374
45060480
45060456
45060423
45060409
45060381
4506037995
4506032319
45060312daniel
450603012
45060274
4506024357
4506022682
45060215
450602
4506019
4506013
45060123
4506010233520
450601
4506007840
4506006107
4506005687
4506!
4505sjs
4505ll
4505fl
45059935
450599
45059769
450597
450596161
45059523
4505929
450591
4505901
45058826
4505858
4505841
45058390
4505832
45058282
45058243r
450580
450579533
450579
45057692
4505758
450574r
4505743
45057180
450571
4505700072
4505680183
4505670
4505647
45056333
45056264
45056204
4505611220
4505593
45055866
45055701
450556
4505522
45055122526
450550650
4505504433
45054mg
4505488
4505471
4505456
450544
450543
45054200944635
4505410
4505407143
450538
45053774
4505369
4505353
4505349
4505343
4505325
4505322
4505319
4505314594
4505310
450530tg
4505305elamor
450530
4505280
4505267
4505264
450526
45052489566
4505237
4505233
450522408
45052186
4505207
4505204
4505198
450518677
450518
4505167
4505153
450514590m
4505132
450513
45051118
45051070
450510
4505099
450509632123
450509
45050784
4505077
45050729
450507
4505065
45050589
45050457
4505044927
4505041105
4505035503
4505034449
4505031783
4505028300
45050249
45050228
45050198*jk*
4505017451
4505017014
4505013732
45050131
4505011
4505010217
4505010076
4505009839
4505009532
4505009293
4505008385
4505006975
4505005357
4505004905
450500313
450500259
4505002149
4505001927
4505001448
450500130
4505000283
4504mar
4504lisa
4504haf
4504Nawaf
450499373
45049894
45049864
4504966
450495
45049310
4504924
4504912
4504902
45048975
4504881920
45048655
450486
45048522
4504843
450484
4504805
450480083
450480056
450480042
4504800
45047816
45047663091286
4504759
4504736
450472039av
4504697m
4504692
450467
4504660mjd
4504660
45046588
45046406
4504637
4504628
4504611855ines=
4504611098
4504610
450460527
450460347
450460230
450460211
450460
4504593
4504589
4504577
45045622
4504545
45045262
4504523shan
4504520117
4504518
450450450450
45045020010
450450091
4504492315
450448043
450447301
4504457
45044443
450443362
450442
450441
450440253
450440169
450440065
45043825
450437363580
4504370113900
45043632
4504360187
45043545
4504347
45043370132
4504333
45043245
4504322109
4504311130
4504307106
4504305136
450430418
450430372
4504302109
45043020106
45042990
45042710
45042607
45042589
45042580136
45042530
4504250028
4504249311
4504249204
45042438
4504242
450423
4504222
45042082
4504206576366
4504201
45041love43131
45041779
4504176
4504169
4504156
4504141
45041390144
4504133
4504125
4504115
45041020150
4504101132
450409496122654
4504093
45040896
45040867
45040811
45040777
4504072
45040680
450406447848
450406
450405122
45040496
45040474
4504043
45040426
45040373
45040320
45040301
4504028988
45040258
4504015
45040125
45040119
4504011299
45040088
45040067
45040006
4503ss
4503rb
4503mm
4503jdt
4503amd
450397
450395
45039190
4503903
4503869
4503854459637545
4503822
450379
450377940t
45037581
4503741
450372r
4503713j
4503693
4503680565
4503680235
450366j
4503667
450365E
450365
4503611404
4503611230aa
4503610877
4503610133
4503604
45035981k
4503581268
450357589555
4503566
45035590
45035559
4503552
45035366
45035306
4503528
4503516678
4503515969
45035116
45035107
4503509079
45035083
4503503254
45034bhcqr
45034987
4503477
4503467
4503412
4503408181
4503401112
4503395
4503391
450338
450334d
450334
4503326
4503313mb
45033
4503268
45032525
4503241
450323106
4503203
45032006
45032004
45032
450315810
45031427
4503141691
4503137111
4503131643
45031242
4503123350
450312
4503118871
4503113450
4503110019
45031094
4503107
450310052
4503098
4503095848
4503093504
45030905
4503088694
45030830
4503080857
4503079
4503076541
4503072946
4503070
450306639
4503063341
4503060081
4503054647
45030517
4503049019
4503044218
4503041149
4503040075
4503037188
4503036602
4503034664
4503030829
4503029292
45030262
45030256625
4503024863
4503024392
45030215
450302
4503017982
4503017149
4503015128
4503010565
4503009179
4503008130
4503004832
450300321
4503000947
450300057
4502uqkjh
4502sehr
4502rodeo
4502ml
4502lh
4502cms
4502abby
450298
4502957
4502943
45029361
450293
450290
450288josa
4502875g
45028564
4502844
4502834
450281jotacm107
450279255
4502780
450276cj
450276
4502757
4502736
4502722
4502711979
45027069
450270
4502680046
45026732
450266
450265
45026245
4502619
4502614
4502610464
4502610084
4502601a
450260
4502567
450256
4502543
450253kay
45025392223
4502534953
4502533609
4502526553
4502524
450252
4502510074
4502510046
4502509
45025030
450249
45024836j
45024647
4502456
45024502hC
45024455
450242
45023912
45023801
4502376527630311
45023687
4502350
45023295
4502323
4502302383
45023
45022964
45022828
4502280
45022756
4502274
45022671
4502260
4502255
45022542
4502252125
450225
4502244
4502241
450223945
45022304
45022246
45022203
45022191
4502217880
45022169
45022109
45022054
4502202
4502198
4502195953
450219
4502187
45021822
4502180
4502178918
4502175708
4502174
4502164249
4502161591
4502160
4502156930
4502155976
4502152426
4502150
45021423
4502137
4502135
4502131057
4502127
4502125182
45021235
450212046
45021182
4502113402
4502108618
4502105523
4502105
4502102652
45021011
45020971
4502095955
4502094586
4502093489
4502091848
4502091095
450208974
45020856
4502083
4502080106
4502076807
45020765
4502070354
4502069141
4502065305
4502060
4502055447
4502051560
45020470
4502046
4502045174
4502041389
4502040043
4502036231
4502036058
4502034608
4502031075
4502027388
45020249
45020231
4502022181
4502020516
450202042
4502019732
4502015tt
4502014642
4502012877
45020111
4502008
4502006077
4502004734
4502002910
45020019
4502000104
4501xtreme
4501rach
4501nov
4501h
4501cl
4501buby
4501997
4501981
4501963
4501947
4501934
4501925x
450192056
45019147
45019143g
45019041
4501887
45018793
450184
450183
45018197
450181
45017993
450179
4501781
4501779
45017571
45017485
45017332
45017243
450172007
450171
45016961
45016813
4501669
45016488
4501646
45016300
450162
4501613790
4501612560
4501612065
45016102
4501600211
45015933
4501591
45015830
45015801
4501577
450157
45015603
45015408
4501535rb
4501526398
45015232
45015204
45015192
45015179
45015138
450151
45015035
45014994
45014891
4501488
45014710
45014697
45014679
45014602
4501458
4501456
4501453
45014501
450145
45014497
450143la
4501432d
4501430344
4501429478
45014251
450142004
450142
45014187
4501412
4501407
4501404127
450140
45013882
450138
4501362j
45013620koy
4501361
45013574
45013427
45013396
4501334h
45013324
45013312
45013232
4501320jer
450131
4501303721
450130206
45013
45012950
45012879
45012863
45012809
45012730
45012697
45012607
450125102
45012450
45012441
4501241
4501236
4501230
45012286
450122047
450122
450121
45011era
45011988
45011981
45011927
45011896
4501187
450118293073072s
4501177945
4501171
4501169645
45011640
4501160255
4501159257
4501156
4501154
4501151825
4501150405
450114joy
4501148
45011477
4501144655
4501144
45011422
45011415
4501140695
4501137
4501135414
4501133542
450113218
450113
4501127
4501119244
4501115531
4501113
4501111
4501107363
45011058
45011046
45011020
4501101820
4501100996
4501100541
45011000
45010996
450109878610
45010977
4501097226
45010955
4501092714pakorn
4501092375
4501090403
4501088217
4501088118
4501087
4501085114
4501078630
4501074779000
4501072823
450107136023
4501071
450107067020
4501070504
450107041004
4501069357
4501065595
4501063103
4501060893
4501059978
45010568
4501056
45010548
45010529
4501051199
4501050
45010496
4501048757
4501048
4501045555
4501043071
45010425
450104030012
4501038691
4501036
4501031951
4501031308pong
4501029633
45010279
4501026985
4501023133
4501020749
4501020106
4501019592
4501016
4501014478
4501012505
4501011375
4501010252
4501009585
4501007
4501004263
4501004032
4501003596
45010024
4501001
4501000832
45010006
4501
4500nani
4500marvine
4500hood
4500fu
4500boy
4500blk
4500amonth
4500SHHS
45009928
450097
4500961
450095#2
450094
4500923
4500919
4500900
450089
45008774p
4500871
45008638
45008520
45008364
4500808
450080
450078
4500777
450076
4500748
45007386vasquezFTAQ
4500733
450072
450071093906818
450070
45006984
4500691
4500673
4500666
4500653
4500643
4500636
4500627
4500601
4500590
4500589
45005786
4500572j
45005690
45005624
45005599
4500554248105542
45005535
45005513
45005442
45005380
4500533
4500511
450051
45004980
450049
450048
4500458
4500450
4500421
450041
4500401
45003978
45003800
4500375
450034
45003367021
45003263030
45003259034
450032376n
45003126037
45003041
4500299
450029559
45002894
450028431
450027momo
4500277
450027
450026841
4500258
450025
450024604
45002453
45002406
45002388
450022497
450022091
450021195a
450020a
450020838T
450020290
450020002
45001984
450019136
450019
450018459
4500178
450017597
4500170
4500167
4500159951530267
4500156
450015091097
450015010
4500148
450013870
4500133
45001291
4500125
45001218
4500116
4500100245
45000o
45000doll
450009
4500086
4500057
4500054
45000456
4500035
4500012505
450000247
4500+0
450-1733
45/905028952083
45/335170
45/247
45//89**
45.losk
45.768.676
45-lg-ht
45-67-rd
45+789
45+5=50
45+15+73+91+892
45*dragon*45
45*45a4554
45**me**
45#STATICDOOR
45!jdp1988
44zx34
44zizi44
44zardaz44
44z39k28q
44youtube
44yellow
44yaq482
44yahoo
44y33o22a11n
44xwus
44xmax30152603
44xila
44xanga44
44xXEXx44
44wwongjun
44wsx44019
44winsum
44wiley97
44wicked88
44whatever44
44west
44website
44weasel
44warsaw
44wallet
44vxi4y1
44vjb
44verybigmoney@
44vance44
44uu22nnvv
44unicor
44u4u2
44tweety
44tuvi08
44tuiglen
44tstd44
44trixie
44tree44
44tonner
44tom26
44tktkdldh
44tinydog44
44timm*
44times1
44tigers786
44thv006
44thstreet
44thst
44theshark
44thave
44tech
44teamo
44taylor
44tana
44taharangi
44t44t
44t1k4
44sweets44
44superman44
44supergreg
44sumsum
44summertime
44sullivan
44suki
44students
44strathmore
44stone
44stickers
44ster01
44star69
44stacks
44sscc44
44srev99
44sr34
44speedy
44spanky
44southwood
44sonyvaio
44soka
44snm44
44smugs
44smoke44
44skyview
44skuter
44sk8ers
44sikulipat
44shug
44shohomie
44sheri1965
44shawty
44shannon!
44shadow88
44sg44
44sexymissy
44sergent
44sel44
44sec44
44scentral
44sassy
44sarah44
44saoirse
44sai50
44rydristi
44ruski16
44runner
44ruby44
44rpchic
44rosa44
44rope86
44rookery
44ronmorg4n..07
44ron1
44rockyou
44robinson
44rmj99
44ritter
44rhiannon
44rf44
44revolver
44reel
44react
44razxena
44raul
44rara
44rachel55
44r57m8t
44r0n734m0?
44qwryip
44publix
44ps4yj7
44propel
44procup
44preetyinblack
44poppop
44plus
44plout
44play
44pixies
44piru
44pink
44pinches44
44phil24
44ph53fr
44pete
44penny
44pelusa
44peds
44patshot44
44password
44parklane
44panthers
44pa19tt64y
44ozofweed
44ounce
44oranges
44oonnuu
44one44
44octsandy
44ny9068
44nub@8
44northside
44nortel44
44nolz
44nnnn
44nm88
44nikita
44nigga
44nickyv
44ngwngw
44newscast
44nemo44
44necklaces
44nawfside
44narf
44nan44
44myspace44
44mylove44
44myLUCKY#
44mvp21
44mustafa0210
44mosca
44morgan44
44monkey
44mogo
44mmm
44mm77kk
44mishka44
44mimi44
44milli
44milkshakes
44mickeymouse
44miamor22
44mesa
44melicia
44mehehe
44me1992
44mc881
44mayaun
44matt55
44masterkey
44mary24gordo
44marleen
44marcehot44
44maplestreet
44manup
44mana44
44malatya44
44makana
44magg
44mag
44ma7529
44m31an1344
44lynnbank
44luvs13
44lust7
44lovey
44loveeheh
44long
44london
44logan66
44lliv
44liquor44
44linebacker
44likalikachuy
44letty
44leopard
44left55
44ldsa
44lb6c
44latinhip
44lamda
44lala44
44ladyhawk
44la44
44kumome
44ksf66
44krisk4
44kools4
44kmlemmy
44kity
44kitty
44kissez
44kisha
44kingscrowns
44king
44kilos
44killa
44kic44
44keren
44kassie
44kacie
44justice
44just
44juliett
44julfatima
44jtmg44
44jpvr
44jordy44
44jj31
44jiunbreak
44jiji44
44jhw66mwc
44jessica
44jervis
44jellybean
44jeep
44jdm68
44jaz44
44jasa
44jarrett
44jamie
44jacob1
44jMg1eba0U0er%
44j44
44iveylane
44ivan
44itggrq
44isthebest+
44iskool
44iroso
44ioco44
44inbogger
44i62a00
44humdinger
44houston
44hotty44100%
44hotdog
44horsemen
44hoppex44
44hooe
44hola
44hnt44
44hippo44
44hillstreet
44hickory
44hi29by
44helokity
44helen123456
44heavenly
44heat
44hazel
44hauser
44habmom
44h31128
44gutta
44guide22
44grizz
44greens
44green44
44gotmyname
44goobrey
44golfer
44glynn
44glenn
44glen44
44gkinggang88
44giovanna
44gilbertroad
44gifx6crd2
44german
44genesis
44gbbh4j
44gattiinfila
44ganesha44
44gaje
44g2wb59
44fvzE6Y
44fujl
44froglegs
44friendship44
44fred
44foxy
44forPansit
44fofo44
44flowers
44flipflop44
44flames
44fkb43jwb
44fifteen
44ferrari
44fechacho
44fb44
44fatbaby44
44fanny
44fads
44f841
44ew9ywr
44evm7
44everpaokara
44et35
44eqpaee
44ent.
44enf9
44emn
44emerge44
44elly88
44elf44
44eight
44edu0ky6
44ed44
44echo
44eastside
44ea59
44dusty
44dude44
44drerya!
44draycott
44dragons
44dothat
44doozer
44donut
44doiron#44
44dnaltocs44
44dl042OREGON1600
44dj63
44dixie44
44dinner
44dick
44diamond
44di29lk
44devil
44desden
44demator
44della
44deal44
44ddll
44dddd
44dd55ee
44dd44dd44
44dc00
44dayllenfhs
44dara44
44d6038z242
44cuse
44crystals
44crip
44creations
44coyshy
44coventry
44cougars
44coperfe
44computer
44colwood
44colby
44coffee44
44coco
44cline
44class
44chrissa
44chl2
44chino
44chicy
44chicago
44cheese
44cheena
44chaos350
44cgkg44
44cf465ld
44cedric44
44cdiaz4
44ccj44
44cats
44cat44
44cart
44carita136677)
44cama44
44caca
44c6454b
44by24
44bunny44
44bugle
44buck
44bsds6332
44brats
44bqttourism69
44boys
44boner
44bogger
44blueshoe
44blue09
44block
44blantyre
44bj44
44bisous
44bindy
44biker1
44bigred
44bighome
44bigballer
44bgolf
44bess
44bertta
44bepjmp
44beers
44beechlawn
44bbqing44
44bb44
44bastion
44basketball55
44barney44
44banga
44ballershaynahill
44baller$
44bags
44babygirl
44babe33
44b34pp632
44avis123456
44asme
44ash1983seth
44as59
44art77
44arianna
44arai44
44apples
44apel
44antje44
44anna44
44angeleyes
44angel2
44amizade65
44ambleside
44always
44allisa
44alec
44ajar44
44aislinn95
44aidm44womaz
44adeola
44adame4
44acox
44academy
44ac2669
44abc4a
44ab123b
44aadj673'
44aa77
44aa22
44aPPLE44
44a9xxgj
44a49k81
44a1jep
44_xx
44_rumy
44_gattt
44_a*3
44Yagami44
44YEGR
44Tuzzi44
44TX6
44Soccer88
44SUNSET
44SASSY44
44RONA
44PinkMonkeys
44PEDRO
44Oldmill
44Newp44
44NESS44
44Michelle
44MONEY
44Love
44LIFE
44KCihc
44Jean**
44JOSUE44
44JEROME55
44JACKSON
44Henry4
44HITYOU
44HB44
44GIRL
44Flavours
44FURRYBOB44
44FOUR
44Eliseo
44EZBT
44ES746
44ENNISCRONE
44DICKY
44DEEP44
44CTB25NIGA
44BUDD
44BLOCK
44BANDIT
44AlphaG
44AIM3
44AAAA
44@loveme.com
449xap
449oshane3470
449mtz832
449mellon
449lauren
449kpr
449hinge
449gdnyw75
449ems
449e55a
449ctffd68
449LKJKE24
449HYJNQ84
449@nicole
4499shel
4499loco
4499kkct
4499ed
44999904
449996
4499939
449993
449990022
4499881
4499878
44998755
449984494
4499832
449977mc
449976610
449975
449970873
449970564
44996852
4499675
44996677nook
449965
4499621x
4499603975
4499588
449958
4499575
44995540
449955
4499523
44995009
44995
4499484apac
4499456
4499444994
449942
44994
449936170
4499346
449934
44993217
4499295
4499282
4499266
449926
4499230
44992211
449922
449920
44991964
44991856
449918
449916j
4499143
449912443
