425678271
4256766
425675a
425675377
425674782
4256742
4256730018m
42567175
425670481
425669
4256663
425664831274
4256619
42566
425658004
425657877
42565670
42565656
425655
4256530
425652
4256510
4256504
425649
42564856
425648
4256456
42564485
4256435
4256426
42564162
4256412563
425639832
425638love!
4256357
4256352
42563401
425633
42563245,9K
425631
425630022201978
425630
4256266
42562544241659
42562529
4256247
42562379
4256221
4256200
42561991
42561881126
4256170
4256166
4256159
42561456
42561373
425613
425612728
425612
4256076
4256066
4256051
4256030
4256026
4256008
4255zytel
4255p@ss
4255hall
4255gh
4255cbi
42559xxoom
4255998
4255990
425595
425594
425593078
4255903
42558943
425588mdb
425586rh
42558616
42558469mh
42558387
4255829
4255822
4255787
425576
425574973
425573
425571
425570
42556628
425563
4255605
4255597n
4255577
4255569
4255563
425556
425555
425553
425552
4255512
42555
4255464
425546
42554566
4255419
42553696
42553431
4255319
42553136
4255307
42552859
42552735
4255265
4255256
4255251099
4255225asd
425520
42551z
4255189558
4255152
4255144
4255135 dad
4255130
425512310
42550cent
4255093
42550810
4255072myhometown
425506
4255045
42550392
425502
425500
4254nl
4254mc
4254cksl
4254MADE
425499
425498
4254965
4254954
4254928
4254900S
4254898
4254889E
425488
4254863
4254856
425485
4254842548
4254839
4254825500
4254811
42548099
42548
42547896
4254781
425476475
42547515
4254747569
4254719
42546cnm
4254668
425465
425464
4254629
4254628
42546
4254599
4254577
4254560
425454675
4254538
42545245
4254519
425451
425450
42544ikkxe
4254472
4254460598
4254442
4254436
4254416-av
4254416
4254404
42544
4254386b
425437
4254353
425434090
4254336
4254331
4254325lf
4254321
4254309
42543
42542789
4254269
425425b
42542564
4254255425
425424626
4254230123
425421ed
4254216308
42541a
4254191
4254162mac
42541422
4254131388
425413
4254102
425410
4254088
42540710a
42540618ysolbb
4254044
425403
425401
42540051
42540#
4253sx
4253qamcb
4253ldln
42539jb
425398
4253966
4253953719
42539428
4253933
425393
425392
425389
425387
42538479
425383
42538198a
425380
42537gqwsy
42537949
4253771m
425377
425375552117
4253743372
42537395
425370
42536lock
425367
425366
425365
425364
4253612
42536007
425360
4253595724
425358
42535743
4253569
4253549
425354110
4253538
425353
4253522
42535146
4253513
42535
425348025027210129241196
42534788
4253459
4253450
42534486
4253439
4253436
4253425
4253412
4253398
425339
4253372
425334
425333
425331990
4253261
4253259s
4253251
42532498
4253242
425322s
4253214
42531sr
4253196337
4253188
4253173
425316
4253143
425313
4253125
425311jdj
4253107
4253090
4253087
4253075
42530513
4253045
4253034
425303
4253011
425300649
42530
4252luk
4252enright
4252bj
4252aa
4252988
42529871
425298
4252969
4252967
42529566
425294
4252927a
4252914
4252904
4252894
4252888
4252883
4252863hg
4252844d
42528309
4252822
4252806
4252801147
4252788max
4252780
42527418
425272869
4252718816
4252712
4252706
42526__73825
4252688
42526840
4252683
4252675
42526645
4252662
42526580
4252647
4252633
425263
4252629b
4252627
425261100
425260ca
42526+246687+
42525739
4252569i
4252564B
425256
42525548
4252551987
4252542525
42525262
4252520
425251
4252504
4252480
4252460
425245
425244
425242578s
4252422da
425241510536
425240797
4252383
425238
4252373hi
425236
42523399
4252336
42523262
4252311
4252304
425228mo
42522842
4252253
425225
4252238
425223
425221979
4252215
4252210
42522064217206
42521greek
425219
42521825
4252154
4252132
42521256
425212413416
42521191
42521016
425209m
4252070
425206
425205
42520407
4252029
4252020
4252010
4252002a
425200
4251tab
4251rnc
4251ml
4251jkga
4251iguidiu
4251chio
42519KS
4251996
4251994251
4251993
4251988
4251983R
4251982
425198
425197
4251955
4251949
4251893
42518868
42518858
425187JK
42518526
425183
425180
4251797
42517823
42517693
42517654
4251741
425171
425170101
425168s
4251664
4251650
4251643
425163
42516253
4251618
425161310011
42516
42515957
42515899
4251562
4251551
42515457doctor
4251532l
4251525
4251513110408
4251510
4251501030436
425150
42514905
4251481
42514657
4251454541
4251452
4251440
42514341
4251426
42514222
4251415
4251400453
425139
42513673
425135879
42513524
42513480
4251336
425131lvc
425131119
42513090
425130
42512780
4251274
425127
4251264
4251253
425123c
42512346
4251234
4251230
425122
4251206
425120
425119578385
4251178
425115
4251140
4251125
42511230
425111
4251095MUL
4251084
4251074750
4251033
4251025b
4251023122114
4251021410
4251006
4251
4250sc
4250fou
4250baden
4250SJ
4250@ynga
425099
425096120
4250948
425092
4250904
42508870
42508803
4250874
4250835126753
425081093
425080
42507dh
4250780
4250777
4250764
4250747
425074
4250701
425069t
425069138870
42506788
4250671
425066
425062
42506050
42505rl
42505l
425055
425051001011
425050
4250492f
425049
4250468
42504555
42504444
42504370
4250407
42503emh
4250384
4250331
4250302
4250267
42502667
4250250
4250239
42502210
425022
42501yaya
4250174
42501617
4250140123456
425014
4250119
42500kla
4250089
42500781
4250069
4250062
4250057
42500500
42500264
4250016acu
4250000
425/9046
425-6223
425-3964
425-2133
424zzz0051
424xwjcu26
424w15
424totallandform
424tito
424tardy
424shaked
424sampaloc
424rockmys
424pwwnq
424pearl
424natasha
424mjginf
424loves130
424kayla
424kat
424jnb
424iamhot
424gyj424
424gay124
424etv
424e60
424dc424
424cedarwood
424canal
424bung
424betha
424balla
424aslbe4i0
424anniversary
424andy
424_kaylee
424C5545
4249whiteboy
4249gxmgm
4249bingham
42499990
4249977
4249942499
42499052
42498v
424986
424982
4249792
4249783123
42497580101455582
4249727
424970
42496944
4249676
4249642
42496351
424962
424961
42495s
42495auh
424955
4249525
4249521
4249513101146
4249508
424950101095
42494mmk
4249479861
4249445
424943
424941
42493desi
42493647
4249359
4249355
424934
4249326
42492m
42492h
42492a
4249280
4249263
4249241
4249233
42492303
4249227
42492216
424921561
424921
42491a
424918
42491700
4249164
4249152
4249129
4249117c
42490jj
424908
424906
4249051
4249042
4249021
424901111
4249
4248tome
4248spencer
4248pood
4248gdap
4248a4248
42489af
424899ds
42489844
42489618msa
4248952
424895
4248942
424891
4248884
4248876
4248854
4248846
42488199
4248817
4248801
42487ok
4248748
424874
424872s
424872080
4248716
4248701
4248692
4248688
4248674
42486607
42486514266057
4248623
4248615
4248596
4248591
4248586
4248575
42485698
4248559
424853
424851310080-1
424851001040
42485011maycol
424850
42484ash
4248479
4248444
4248443
4248436
4248426
42484167
424840424637220318
42483B
424837
4248352
4248337
4248305
42482madison
4248287
42482667154192
4248254
424824
4248231
424823
42481991
4248187t
4248176
4248149
4248141
424812A
42481238
42481
42480823
4248066
4248053874
4248031403
42480299
4248016n
424801
4248000
4247mj
4247997
4247970
42479648
4247954
424792
4247910
42478kt
4247877
424786
4247843
42478352
4247823
4247803
4247798
4247796
42477662
4247740
424773
4247702
424768gurl
4247676
424766
4247654
424764
42476334
42475868
4247584rs
424756a
4247540
4247516
4247513100159
424751002033
42475027
424750101074-1
424750
4247488
4247467
4247460
424744
42474248gi
4247408
42474
4247333
42473240yirp
424732
42473177
42472959608
4247270
424726
424725
42472296
424722
42472155
42472
4247176
42471669
424716
42471409
4247138
4247128+gato
42471136
424711
42471
4247090
4247078
4247073
424704jane
4247030
4247026
42470237
4247002
4246smg
4246mc
4246hcso
4246JB9607s
4246990
42469601
4246930
42469236
424691100
42469
424688525688
4246873
42468635274562
4246851
424683
4246824651
4246813
424678910
424676
42467490
42466kzqcd
4246695
4246689
4246654
4246642
42466041
4246580
4246575
424656
424654cl
4246545
4246521
424652
424651004068
4246502
424650
424648
42464691
424645cdc3
42464426
42464271
42464246
4246420
4246410
424640
4246374
424635
424634521
42463347
424633
42463217
424631
42462ros
42462897RAFA
42462865
4246279
4246264
42462422
4246232242
4246224
4246205
4246193ako
4246173
424616lms
4246163
42461370
4246125834
4246104634
4246096
42460808
4246076q
424604
424602642694284212056
4246012
4245tundra
4245lj
4245gpnce
4245ddf
4245Mike*
4245994
4245988
4245981
42459717
424594
42459301
4245914meen
4245905
4245894
4245880
4245864
4245860
424585
424580334
4245798
4245773
4245758
42457579
4245755
424572ty
4245712cel
424570
42456933
42456804
4245677
4245659
4245625
4245610
4245595
4245585w
4245572
4245559
424555
4245542455
424553426720007
424552y
4245518
424551305052-3
424551002059
42455044
42454krhzy
4245483
4245467
4245462
4245456
4245453
4245451989
424544
42454310
42454248
4245411
4245408
424540
4245389
4245377
424535244235
42453321
42453266
4245314
4245308991
42453
4245287ok
42452758
42452682
424526
424525755590
4245256
4245247
4245221
424521
42452061
4245199anselmo
42451994
4245196
424518
4245158
4245122
4245114
42450ctiuw
424507
4245066
424506
42450356
42450303
4245027
424501973a
42450188
424500809s
4245000
4244lulu
4244ck
4244943
4244920
424491
424488
424487
4244849
424484
424481
424477721mandy
4244773r
4244765
4244741
42447383932
4244709
424467410408
424466
4244647a
424463227
4244616
424460
42445andrea
42445900
4244563
424453
424452
42445154
42445145
424450
4244485
424446951003
424446595116989
4244460570032
424445
4244439
424440
42443983198
424437ab
4244363k
4244349226
424434
424432
42443021
42443
42442bo
4244290
4244280
424427921804
42442477
4244242
42442399
4244238310
42442172la
424421
42442037
42441978yuli_
42441907
42441680
424415453
4244149
424414
4244134
424411706
4244100
42440967
42440901
4244078
4244063
4244047
4244037
424402
4243tr
4243lz
4243flower
4243UMe
424398lindaa
4243970444
4243968
424394
424392436
424391
42439013
4243899
4243886
4243871727
424384
4243837
4243821163
4243812
424379
424378
4243769k
424375
424374466
4243736
424372928
4243711
424370530b
424370
424369
4243683
4243673
424366
4243636
4243619
424361133
424361
4243595
424359007
4243584
424358164
424357743
424356706
424356297
424356
424355584
4243552
4243544
424353898
42435187
424351545
4243511
424350692
424350
424348
4243470065
4243469
42434536
4243440
424343146
4243410015
4243406
42434
4243391245
42433831
42433747
424336796
424335388
4243341
42433369
424332903
424332772q
4243325ser
424331534s
4243303005
424330034
4243300056
42432fbktz
424329033
4243290016
424328033
424327103
424326110
4243259
4243242
424323117
42432151
42432006
4243200028
4243180125
424317050
424316685
4243163ttr22
424316298
424316108
424316
424315140
424315029
4243150020
424314
424313426
424313078
424312296
42431118
424311011
4243106836064
424310071
424310
424309
424308104
4243080m
4243080057
42430735433321so
42430648840214
42430556809
4243046
424303108
4243030055
4243029
424302110
42430155
4243010005
424301
4243000
4242we
4242tom
4242oooo
4242nfc
4242mc
4242life
4242jbd42
4242hc
4242haha
4242dw
4242cj
4242brie
4242ag
4242adam
4242Christian
424298340
424297268
42429662solymar
4242957
424295
4242948
4242940
4242921226
4242919
4242909
42429016171
4242898
424288mt
4242888
42428671
42428417
4242828
4242818
424281
42428029
42427hagar
42427976
4242789826
4242780090
4242780028
42427798,rocio
42427748
424276672
424276
4242754
424272
424271733
4242707
424270
4242685
424266
4242648
4242640
4242638alex
4242630
4242627
4242621
42426058
42425u
4242587
424257001
42425663
4242559
4242554
4242547
4242542425
4242535
4242533
424253211
424253
4242525
424251004053
424251001005
4242501
42424a
424249418
424249008
424248
4242473
424247013
424246105
424246
424245103
4242442p
424244047
42424400
424243
424242love
424242i
424242d
42424268
424242422
42424222244224
4242420
4242407
42424003
424239
424237
424234389
424233
424232159
42423177
424230921k
424230
4242272025
4242269
4242265
424225133
4242246m
4242237
42422239
42422207
4242212
424221067
42421pj
4242189
4242181713mama
424217
424216
424215292a
424214pinkybow
4242147
424213009
424212
42421122
4242111085
4242085
4242084
424207
42420539
4242036
42420151
4242013
424200pot
4242007
4242006
4242002526
42420012
42420
4241ste
4241as
4241999
4241998
4241994brown
4241993eao
4241991l
4241990c
4241989s
4241988
42419869
424197p
4241976
424197
4241964
4241952
42419446
424193
424190845
4241903
424189
4241884
4241872
42418548l
4241849
4241811
4241804915
4241803
4241799
4241783
424176
4241741591
4241720
42417108
4241692
4241664
42416596
42416517
424165
4241643624
42416311
424162113
42416027
42415873
424157590
4241560w
4241554
42415401
4241535,stef2nny
4241526454
4241522
4241517
42415079
4241500
4241492
424147
424146
424144033
424144016
424144003
424144
4241432
4241430
4241428
42414241vic
4241416
424140021
4241377
4241365
42413569
42413477
42413100
424129
42412766
424127140
4241260
4241251
42412400
4241232210
4241230
4241225
424122
4241214
42412050
42411j
424118hv
4241187
424117982
42411629
42411507
4241139
4241137
42411298
4241121
42411121
42411064
4241100
42410876
42410704
4241063
424105041
42410401
42410338
4241028marjo
4241027
42410251
424102113
424102025
4241020
4241013
42410117
424101015
4241007
42410043
42410019
4240scampi
4240cf
4240SL
4240998*
4240971
4240942
4240934
4240918
42409
42408ozaag
42408a
4240888
42408601
4240856
424085557
4240855
42408365
4240807
4240784
424076194557
4240749a
42407241
424071985a
42406nc
4240691
4240677
4240662
4240650k
4240620
424060426
4240600
42405jpnaj
4240587361
424057
4240569
4240556
42405061
42404wv
42404mp42298
42404always
4240494
4240481
4240469587
4240462046
4240457
4240448
4240441
4240431
4240426
424042
4240415
42403r
42403894
4240367
424035
42403370
4240320
4240302990
42403
4240299
4240247
42402417
4240223j
4240214
42401997
4240193
4240181
4240163131
424015
4240145
42401433
4240141703s
424013940018
4240128
4240124
4240110
4240105082
42400xox
4240082j
4240062
4240055
42400424000
4240029
424002
424000r
424000
423yellow
423xxxx
423vanne
423tenn
423summit
423spcwf36
423scotty
423raeb-co
423prov
423o5
423myles
423mpetri
423meme
423marvz
423makenna423
423love
423leelee
423lambs
423king
423k963
423johnfelix
423impreza
423iluvu
423iel11
423fcz
423edman
423dyme
423distler
423criss
423candler
423bed
423atj
423aries
423am9xf
423_900302
423Lavar
423DJGKZ22
423DIANITA
4239pass
42399s
4239978
423991
42399
423988
4239856
423984
423983
4239811
42398050
4239793
423977
4239742397
42397185
4239696rara
42396943
423969
423967
423966
4239653
42396356
4239623
4239603
4239598
4239569
42395498
4239536
4239516
42394s
423948nano
42394546
423943450
423941
42393brook
423939341390
42393731
4239340
4239307
423930
42392a
42392M
423929
423928
4239259
4239254
4239239
4239230
4239225
4239210
4239208
42391sk
42391april
4239181204
423916
4239137
4239120212
423911s
42391156
42391002
42390lms
423909ccb
4239078
42390603
4239053
4239031
423901
423900
4238sa
4238dc
42389k
42389909
423898324
4238972
4238946237
4238926
423891926
423890a
4238897l
423889
423887
4238845
423884
423881567
42387nc
4238793
423876
423875
4238734
42387324
42387106
42386r
42386b
423867c
423866
4238655
4238650
423864
4238621081990
423861
4238586
423857
423855
4238526
4238514
4238504
42384joe
4238480
4238463
423846
4238450
4238436
423842of
4238410
42383esg
4238387
42383654
4238332800
42383
4238292007
42382819
423825
423824
4238233
4238226
4238218
4238210
42382085
42382
42381lb
4238191
4238173
42381516
42381427
4238128
423811
4238100
423809
4238081
4238064
423806
42380472
423801
423800a
42380
4237manyak
4237jrh
4237991
4237960
4237943
423794
423791
4237902
42379
42378jim
4237887
42378780112
4237840
42378265
423780m
42378
42377bdz
4237778
4237752
4237739904
4237737
423773
4237726
4237719
42377
4237662
42376464161145
42376286
42376
4237575
423757
4237542
42375161
4237503
42375
42374960
4237476
4237466
423745029
423745005
4237423
423742081
42374156
42374
4237383t
4237366
4237339
4237327837
423732
4237314
4237285
42372518
4237248374
4237233170
4237221
4237210
4237171
42371613a
423715
4237135
42371211
4237119
42371153
423711003
4237090
42370841
42370088
4237
4236nyoka
4236mom
4236jg
4236chateauguay1980
4236ash
4236amco
42369jm
423699
4236922
423691
42369
423682
42368075
42367975
423679
423675413082532
4236725
4236718
4236704
42366921
4236684
423666333
423665534NINOVSKA
4236629jq
423662
423660paraquema*
42366
4236587123
42365743
4236549
4236543
423652
423651
42365
42364ejvyc
4236478
423644ST
4236438
42364236pasanut
4236421
42363987
4236368
4236358ja
423634alh
4236342
423633338
4236314
42362913
4236284
42362766
4236266
4236260
423623
4236217e
4236215036290893
42362128
42361983
423617
423615
4236142
42361390
4236128
42361219
423611gp
4236118
42361089
4236095
423607b
423607
4236059596
423603
42360297
423600
4235wheatleyrd
4235jordanrd
4235fvmft
4235da
4235GC
42359990
4235988
423596
423595
4235922
42358794235880
42358491
423584
4235826
423582
4235815
423580
42357920
4235761
42357564
42357378
423573
42357
4235689
4235661
423565sc
4235610
423559
4235583731
42355603
4235540
4235532731
423552
423550323
4235492
4235469
4235433
42354235l
423541
4235400851
4235383kmo
4235351
4235338
4235324
4235299b
423527
423526316ac
423525789
4235254
42352357limacercado
423522
423521
423520
423517
4235154
4235146
4235133030
4235122
423511983
4235104
42351000
4235098
4235061254
4235044n
4235042
4235040
4235022
4235018
423501003
423500k
4234tey
4234mao
4234jm
4234996
42349761c
423494
4234931
4234923
4234906
4234888
42348750
4234861
4234833
42348271995
42347aa
423478
423477
4234758*****xxx
423475
4234701
42346789
42346545
42346148
423460
423459
4234580115
42345777
4234552
42345409
4234477
4234451
4234425m
42344083
42344
42343721
423436281
4234355
423433518
42342ewqe
423429
4234249
423424234242342
423423m
42342380
423423423
423420o
4234202
423418t
42341792AJAS
4234170127I
4234168685
4234150
42341366
423412700
4234119
4234113
42341
4234084
4234019
42340
4233myrtleave.
4233desiree
4233blink
423399403
423397566
42339688
423396648
423394830
423393114
4233913
423387
4233865
4233826
42338105
4233804
423379
423378626
42337775
423375
423374151
423372191j
4233704
4233694
42336744
4233664
423364992316360
423363
42336092
423359807
423358968
4233557703
423354619
423354478
423354
423353549
423353200
423352319
4233504
42335
4233470
423344
4233431
42334255
423341
42333dl
42333854
4233375798
42333708
42333637
423336
4233355
4233349
42333429
4233328
4233316
42333014
4233290031
4233285
423328431
42332677
4233256
4233244152
42332372
4233222140
423321236
423321
4233202
42331sid
423317754m
423315880a
423315460
423315
42331417
423313955
423313327
4233122422
42331166
423311146
423310972
423310
42330959
423308
4233061790
42330511
4233012
4232yeya
4232tom1
4232super
4232halo
4232am
423298185
4232968288
4232962
423295
423294209
42329375
423292
423290
42328749
4232846
423283
4232823
42328202
4232817
423281
4232795
4232789
4232775246
4232772
42327673
4232756
4232710
42326945
4232678123
42326688
4232650
4232645
4232636477
4232613marian
4232611
42326000
4232582
423257212
423256
4232557542
42325423
42325331
4232528
4232512
42324863
4232469
4232444
4232440
42324334232433
4232424j
4232423
42324079
42324
4232396968
4232378
423237
423234076
423232592
4232323
423231316m
4232308
423230
4232242691
423223
4232224
423222117
42322165
423221
423219
42321776
4232170062
42321679938566
4232154l
423213076
4232126
42321135
423210133
42321000
42320971
4232095
42320725
423206073
423205999yupou5496
42320411
4232032723
4232028
42320230
423201yfc
423201
423200484462006
4232001
4232*dw2
4231snsw
4231po
4231mathildi
4231keep
4231dumbguy
4231cd
42319ohs
4231999
4231995AND
423199
42319866
4231982sdc
4231979
4231971
4231960
4231959
4231936
4231930
423192
423191-7
42319
42318896
4231863
42318550
4231852
42318428
4231833
4231821
423181
42317955a
423178964
42317725
423175felipefe
423175
42317129
423170366
423170340
42316stef
42316764
423166
42316549036=2
423165288
4231637
4231628
4231626t
4231605
42315pam
4231590ry
42315747
42315619
4231556
423155246
4231540
4231525
42315224231522
423151927
4231511
42314930
42314823
423146
4231458
4231456
42314435
42314359
42314317
4231422
4231401
42313924268759
42313833
4231369
4231357
42313411
4231337d
4231331
42313253663946
42313145
42313049
423129
4231285n
42312667
4231264
423125423125
4231251c
423124061
42312388
4231232
42312303
4231207
4231196
4231191
4231187
4231178
4231167
42311605
4231152
4231131
4231129923
4231114
423111
42311039
4231094
423108011
42310750
42310680
42310640
42310563
42310525
4231050103
4231050041
4231050011
4231040056
4231040005
42310399
423103322
42310237js
423102
4231014
4231012164
423101014231
4231002
4231001692
42310
4230ritu
4230n64dr
4230maxx
4230kimmie
4230jane
4230bootie
4230ZO
4230999
4230978
4230962
423093
4230915hel
42309
42308ced
423089
423088800
423088
4230872
4230859
4230832
42308201
423081260
42308105
42308
423079
42307786
4230768
423076
42307494
4230741
42307
42306md
4230699
423067
42306643
423066
423065
42306223
42306003
42305jk
4230585
423056
4230547
4230535744
4230523
4230509
42304j
423048982
4230452
42304318
42304230p
4230416a
4230407
4230402
42303db
4230391621
4230384
4230365321
423036
4230349
4230333
423032
4230305
4230287
42302773
4230266
42302450
42302445
42302331
4230223
4230216
4230209
42301n
4230193k
4230189
4230182w
4230176
4230170
4230169
4230153
42301401
4230127
423012
423011
423010150
4230093152
42300874
4230082531
423007797
4230067
42300300
423001
42300000
423/1fi
423-3703
423!adh
422zueschner72
422xvngh93
422vhclb42
422ukwgp
422tito
422s3770
422rodolfo
422plus
422play
422nsm
422nancy
422mocha
422miller
422mar
422lanist
422kjbtr
422jrc
422hartford
422grant
422egpkb89
422damp
422cutie
422cool
422charity
422bubbles
422bay
422baby
422amc
422alex
422aaAEA
422SSBNC494
422Ryder
422Brady
4229r13
4229milara_
4229gaby
4229cmsm
4229JUAN
4229988
4229969
4229924
42299202020
42298vv
42298931
4229891
4229876501
422986206
422985
4229845
422983266
42298233
422981i
4229801
42297bxuvh
4229797
4229773
422975
4229736
4229732
422972424
422971234
4229705
42296anb
422968889
4229676
4229666
422965
4229622
42296100h
42295jm
42295861
4229582
4229575179902096
4229574
4229569
42295659e
4229558
4229546
4229540
422953779
4229525
4229518
4229510
42294lb
42294asm
4229471
42294640ing
4229446
4229432
4229413142081521
42293jmej
42293A
42293863
422938
4229370
42293686
42293590
422934
42293219pinillos
42293097
42292PAT
4229264
42292334274267
422920
422919450
42291820
42291656
4229142291
4229123m
422911
42291058186345
42290daniel
4229097
4229092
422909
4229069
422905
4229038
4229029
4229018618a
42290*
4228teo
4228saaut
4228kdc
4228beak
4228LOVE
42289992
4228995
4228976a!
422896566
4228943
4228931
42289123456
422890
42288fj
4228891b
4228889
4228846
422883
42288060
42287951
4228789
4228779
42287542
4228742
4228730
422872
422870
42286a
42286901
42286831
4228669
422861am
422861
42285d
42285854
422857
422856
422855
4228539
4228536
422853
4228518
4228508
422850
42284aa
4228482
42284713
4228460
4228455
4228423
42284170
42283r
42283a
422838
4228365
422836
4228349
4228342
422832493
42282dez
4228293
4228289
422827
42282588
42282522
4228233
4228221
42281995
42281968123
4228186
422818
42281688
4228164
42281353
42281337
422812
422810726
42280kate
4228090
4228046246
422803
4228018
4228005697
4228
4227radio
4227he00
4227Quibbley
42279q
42279cam
422797
4227957
422793
422791
4227874356
4227866
422785
42278302
4227812o
4227806
422780
4227785
4227768punk
42277410
422773
4227713
422770433
422769jawvxd
422767
422766
42276313
42276100m
4227606
42275843alexis
422758
422752
42274979112132
4227478
422746
4227446
4227435c
422743553287843
42274352
4227423
422741
422738691
422738
42273584
4227342
4227324
4227315
42273078
4227296
4227275
4227265
422725cperez51
42272525
422724
422723
422722
42272070
4227200tuo
42271700
4227165
422716
42271478
42271311
42271213
42271155
4227105m
4227095
422709301s
4227089
4227078
422707
422705
4227042
42270272
4227004
4226grey
4226elizabeth1187
422698
4226942269
42269370
42269108
422688
42268617
4226853
42268266
4226824n
422682
4226789h
42267703
422676
422675
42267379*
422672
4226695yunus__
4226694
42266828492
422666*
4226624
4226614asd
4226602
4226575
4226547
4226535
4226513
4226493
422645369
422644
4226406mencanta
4226388
4226380
4226360
422633
4226313
422629f
4226286
42262667
4226256
4226241
42262261
42262188
42262
42261928
4226186
4226179
422616
4226143cdlm
4226127
42261218sanchez
4226114
4226106
42260uwjzk
422607-9
42260653
4226053
42260356
42260102
422601
42260
4225stieave
4225sm
4225rd
4225mission
4225love
4225kill
4225et
4225dance
4225any
422599
4225980
422597
4225901j
422589lol
422589
4225873
42258456
422583710
422583
42257997
4225786
4225765
4225760
4225759514
4225752
422575
4225730
4225720634
422570tara
42256891
4225687
422567-9
4225668
4225661
422564
4225622
42255963
42255751
4225551707
422553799
4225536
422552
42255131
4225500
4225489
422547
4225442
4225433105
42254257
422541
4225391
422538tor
42253744
42253693
42253650
4225356
42253327
4225324
422531
422530
42252ab
422527
4225268
42252633
42252472
422523
42252238
4225197
422519000
4225181
42251768
42251626
4225134oct
4225112
422510
4225091
4225089
4225086
4225068q
4225047
42250330
422503
422502212
422502
4225018
4225004
4225001
4225/05
4224xp
4224saul
4224pr
4224lal
4224kjpcp
4224hm
4224desoto
4224bb
4224auburt
4224Emily
4224D4224
42249blr
422499029313173
42249824
4224951
4224939
42249272
42249218
4224919
42249100
4224893
4224892
422488
42248759
422486
4224838
422483
422481
422480
42247945
4224771nazar
422475
42247191
4224706
4224700890
4224700379
4224690
422466
422464st
4224640la
422463
4224618
4224598
422459
4224582
422457
4224561
42245537544283
4224549
4224524
4224517
42245149
422451
4224506
4224490
42244667799
4224456
422445
4224438
422442js
4224420
4224410
4224376
422436
4224351
422435
4224340
4224331
42243253
422432
4224319
422431237
422431
4224302
42243
4224297
422429083
422429042
4224281
4224244
422422f
4224226
422422403
422422004
4224193
42241809
4224174
42241710
422416430
4224151
42241336
422413
4224123s
4224122
422412
4224111
4224104
42240aug31996
4224081
4224066
4224055
422404741
422403890
422403
42240224
42240130
4224005
42240006
4224-os
4223stef
4223slk
4223mk
4223gabe
4223cool
4223bt
4223aw
4223PAOLA
422399815d
422398794
42239801
4223976
4223969
422396178
422396
4223958
422395
422394
422393441
422393139
422392240
422391625
4223893
4223875
422385
422383tr
4223833
4223828
4223819
422379805
422375917
422375561
422375157
4223743
422373089
422370
4223643
4223620
4223598
4223591
4223575
42235705
4223560
422354833
422354159
42235377
42235334
4223521
422351744
422350731
42235025632
42234dlj
4223475
4223459
42234528
422344
4223424
42234223p
422341jk
422340apl
422338046
4223360
422335270T
4223342233
422332963
422332
42233
4223284
422328
4223278
4223271
4223266
422326
422325
4223243
4223236
4223221050
4223217
42232127
42232036
42231v
422319945
42231989
422319823
422318713
4223178143
4223164
4223161584
42231577
4223148
4223132
4223131
4223128
422311995
4223102
4223095
422308ed
422308
42230423
4223039
4223033
422303
42230174c
4223012
4223003
4223,amanda,4223
4222np16
4222ko
4222cc
4222972
4222958116569
4222956
422293338
422292
422290
4222897
4222857
4222828
4222805jvks
4222803
422279249
422276530
422275263
4222730
422272118
42227120
4222688ddita
4222668
4222639
4222625
4222612
42226
422259
4222584
422258
422257783
4222561
42225541f
4222547
4222526
422252
42225111
4222509
422248ct
4222476
4222468
4222444
4222441
42224339
422242602010416
422242
422240
4222385
42223695
422236430j
422236191
422235583
422234692
422233401
42223323
42223266
4222308
42222xdn
4222270
422226
42222529
4222244
4222239
422222fl
422222021
4222204
422220002
4222192
4222182
422218
422217468
42221432
4222134
42221299
42221184
42221135
422211
42221
42220962
42220863
42220764
4222056
42220384
422203
422202
4222011
4222010364
4222010100
4222010066
422201
4222002
4221yb
4221tewhan@u
4221rl
4221ps
4221paul
4221myfavourite
4221maggie
4221liberty
4221jj4
4221jaz
4221ilovemitch
4221g
4221aw
4221KS
4221GJ
4221C3E5
42219979
422199456
422199134
422198a
4221987a
4221984
4221983
4221979j
4221977
4221972
4221965
4221960
4221953
422195
4221947
4221943
4221941
42219332
42219203
4221919
422191
422189
422188
4221871
422186
422184
4221824
4221799
422177833
4221762s
422176
4221758
422174803
4221710
422169
4221664
422165
4221648
42216396
4221637
4221630
422161k
42216008
4221596
422158
422157146
42215569a
4221542
4221534
4221530
4221517
4221512
4221500208
42214846
4221474
422147
4221466n
42214666359292
422146642828
4221466204
42214661
42214530
4221448
42214455
422143114
42214282
42214242
42214204
4221411
42214
4221396.solrac
4221393td
42213920
422139115
4221380
42213651
42213622
4221343
42213389
42213362
42213312m
42213307
42213000
422130
4221295
422129
42212738
42212665
4221250
422124866**
42212435
42212324
422123071
422123036
42212214
422122111444777
4221215bs
4221214
42212109
42212005
42211987
4221185
422118
4221161
422116
42211419
42211335622boysz
422113
4221128kua
4221125
4221122
42211104
42211089
42211071
42211013
42211008
42210930
4221086
4221080017
4221072
422107
4221067
4221065
42210572
4221051
4221050519
4221050085
4221050069
4221050060
4221050045
4221050026
42210497
42210448
4221043203dd44
4221043
4221040132
4221040052
422104
42210388
42210363
42210337
422102once
42210207
42210201
4221020027
4221018
42210170
42210154
42210146
4221013533044982
42210108
4221010367
4221010042
4221010005
4221009
4221003
4221002
42210001
4221-mwahs
4220rrfg
4220lls
4220jon1015
4220jade
4220ipwnc
4220ber
4220add
42209Y
422099
422093E
42209124
42209
42208663
4220860
42208550
4220837
422082js
4220822
4220817
42208
4220772
4220758z85
422075
4220737
4220732
4220708
42206v
42206a
42206BM
4220689inca
42206446
4220642300
42206409
4220630003
422063
4220621
4220602
42205r
42205m
42205a
4220592
42205894
4220574
422056
422055a
42205461
4220544
4220521038
422051
4220506n
422050
422048
422046
4220452
422044
42204214
422042
4220414
42204102
4220403
42204
4220379
42203612
4220351
42203448
4220335
422033
42203182
422031
4220308
42203
4220295
4220288
42202663
422025lm
4220259
422025
4220232
42202267
422019np
4220196428207
422017
42201438
42201418
42201368
42201288
4220122
42201053
4220101
422010
4220099915
422009423
422008lino
422007chris
42200619
42200561
4220053
422003e
4220030
422002403
42200204
42200155
4220000
422.1990
421you
421wbr
421vegas
421ton
421sun
421south
421sindy
421scotch
421sam
421qki
421open
421odell
421murphy
421minin
421magnex
421lol
421kt
421king
421kermit
421juju
421jenn
421jam
421j1806s
421hospcie
421home
421gina
421forever
421east
421dhhot
421dashhot
421coleman
421capefea
421bri
421bill
421barbie
421asdz
421anne
421and92
421agosto
421a3rdaveseaside
421RACING
421JEZ
421C4fU84.
421AXEL
4219woodlawn
4219shobart
4219ever
4219acr
4219MG
42199st
4219997
4219988
42199414
421993421993
4219912
4219905
421989m
4219891
4219888
4219852124
4219849
421983ts
421983671976
42198157
421980666
4219782010
421976m
42197626
42197482
4219729
421971688
42196xo
4219687
4219660tony
4219652
4219645
4219636
4219621464kahla
4219601
421957
42195355131
4219509
42194she
42194p
42194dg
421947131
421946abc
4219433
4219415
421940
421939dong
421939
4219357
4219346
42193352
4219315
42192pig
42192ldc
42192da
421929
42192847
4219258
42192541925
42192406
42192278
421922
42191saa
42191kor
4219187kkgnchdrr
4219164
4219159
421913
4219117
421911019
42190j
4219096
4219078
421907
4219030
4219011
4219**
4218socer
4218ps
4218pawiks
4218mfwp
4218jordan
4218EW
42189LMG
42189830
421896
42189373
42189216k
42188rz
421888
4218864TAFFY
4218844
4218836
4218797
42187872
421878
4218776_b
421877
4218753
42186925123
4218687a
421866ae
4218658452
421864
421863
421859763seb
421857
42185336
4218524
421852
421851
4218489
4218476
421847
4218462
4218458
42184470
4218430
42184229
421842169
421842
4218412
42183983
4218393
421837m
42183592
421833a
4218330
4218313
4218303
42182994219172
4218281
421826404
421826
4218252
42182403
4218223
4218200
42181938
42181664
421816
4218157
421814
421813
421812
42181100
421810195
4218088
4218080
4218071
42180537
421804
42180130jmba
4218006
42180026
4217pupi
4217mlb1
4217c87
421798139
42179533
4217936
421792
42179005
421789nick
42178965
421787
421786120
42178571
421783
421781
4217769
4217737139
4217727
42177147DanTE
42176846
4217671032
4217642176
4217625
4217621046
42175o
421758
421756
4217553
42175463
421754106
4217532+
421753
4217519
421751
42174de13322
421749
4217445
4217432
4217418
4217411008
42174083
4217373
421735
421734
421733
42173137
421730
421728
4217252
421724
4217232
4217221984
42172181_checha
42172004
4217188
421718194
421714030
42171186
421710NQ
4217091
4217082
42170698
421706
4217046
4217024
421702129
421702
421701098884824
4217 4217
4216tery
4216sc
4216p!
4216goulcourse
42169c
4216992
4216965
421696
4216946023
42169442
42169278
4216918
4216914
421689
42168675
42168504
4216845
421684
4216817
42167890
4216771
42167620
421675
421672978
4216700
421668
4216675
4216657
4216632
42166244
4216609
42166064
4216576
4216556
42165484
4216528430925578
42165270
42165176
42165147Alejita
42165
4216484
421648
4216472
4216467
42164604ccr
4216456
42164439
42164265
42164218m
421642
42164058
42163835
421637
42163623
42163539
42163427
4216334
4216324
42163171
4216310
4216300
421628r
4216289
42162777
421626h
42162603
4216254516252
421625441625
4216254164
421625416255
4216254123
421625341
4216233
4216224
4216221306
42162182
4216213
421621
42161l
42161a
42161925
4216183
4216175
42161729
421616
421614
42161353
42161200
4216112799
42161
4216087
42160764
421606
42160510
421604068
42160340
42160034142008
4216$@!^
4215love
4215cp
4215conello
4215beth
4215ahlh
4215@jo
4215984
4215972
4215962314
4215959
421593
421592
421590323661
4215893
4215879
421587
4215863
421586
4215849
4215834
4215811
42157ne
42157949
421578896532
42157882
42157828mvc
42157686
4215762
4215757
4215754
42157257
4215710
4215706
4215698
42156789
421566
42156478
4215644
4215638733
4215636
4215630
421562lorna
42156137
4215610314
42156052
421560
42155xx
4215588
421557
421555
42155433
4215539
4215531
4215519
42155124
4215508
4215504
421550
42154975
4215487
421548
421547
42154571
4215449
4215446
42154224
42154214
421542,2alma
4215415
42154056
421539636963
421539
42153774
42153620
4215346
42153381
42153279
42153215
4215316
42153
4215297
421528g
42152760775
42152760103
4215272
42152705
42152477
4215244
42152408
4215233
4215231
42152248
4215216
4215212
4215196
4215179
4215176
4215174
421517
4215165
4215162
4215152424515124
421514ws
4215130
421512477
421512104
4215118
4215107
42150987
421509
42150854
421508
4215071
421505
4215046
42150405
42150225
4215018
4215013
4215010329233
42150081
4214you
4214sexy/
4214maggi
4214lm
4214kw
4214blik
421498
4214970
421496555
421494
4214930
4214911
42149049
421487
4214867
42148509
4214848
4214837
4214813
4214808
421477a
4214766
421476
42147549
4214750
4214747
4214732128
42147211
421470
4214699
42146925
421467
4214646
421464
42146350
4214631029
4214628
4214619
4214613
42145907
42145691123
4214564
421455
42145387
4214534
42145184774519
42145118
4214507
42145
42144952645873
4214488fah
4214466
4214444
4214438
42144322617
42144200
4214414
4214411
42144004
421439871
42143861
4214377
4214367
4214364
421435
421434460
421433119
4214330
4214324
42143131
42142912
42142895
4214266
421426
4214253
4214251
42142490041
4214243
4214230
421421qq
421421linda
4214219
421421421421
42142061
42142048
421420
4214188
4214184
4214166
42141538
421414546
421413784t
4214135322
421412916
4214124
42141168
421410902
421410294
4214101786
4214100001681800
42140myst
4214084
4214055a
4214051
4214048l
42140351
42140314
42140285
42140160
421401126
42140052
42140021neo
42140
4213lorrainnebaker
4213jackie
4213furball
4213awis
4213DJ
421398738k
4213973
4213972
421396342
421395
4213924
421390130c
4213893
421389
4213869
421386
42138413
4213836
421383
42138217
4213819
4213814
4213812
421380
421379
4213774
42137722
4213764
42137600
421375
42137373
4213725
421372100
4213712
421371
4213700
421369
421368
4213675
4213658
42136542153
421365
4213638
4213636
4213634
42136263
4213613
4213604
421360
421359392
421358
421357658
4213571
4213566
421354959
421354902
4213543
4213538
42135240
4213520
421351943
42135114-1
42134b
421349
4213488
421348
4213463
421346
421343546
42134251
42134213ms
421342
4213416254
42134158633032
421340
42133R
42133911claudia
421338958
4213386
42133731
42133650
421336
4213358
42133528
4213349
4213340
421333845
42133355
4213328
4213325
421332259
4213320
4213319
421330
4213297
42132790172
4213275
4213263
42132554132
421325416
42132522
4213245555
421323
42132277
421321q
42132100
42132092
4213206
42132016
42131991
4213198102
42131912
4213186
42131797
42131787
4213166
421316
42131565
4213156200336522
421315302
4213151061007015
421315
421314477
42131373
421313239
421313
42131276
421312331
421311333
42131121
4213103n
4213100
421309233
42130870beas
42130800
42130773
42130710
4213070
42130676
421306531
42130516
42130476
421304124
421303021
42130211
4213020
421300817
42130024
42130
4212na
4212knm4212
4212gol
4212facu
42129o7
421299631
421298711
421298062
4212975
42129694
421296321
421295063
421294
421293751
421293
4212925
421291230
4212898
4212889
4212885
42128826
4212874
4212865
421284
421281d
4212813
421280
4212792juli?
4212787
421276956
42127624
421275
421274520
421274
421272
421271a
42126991
4212691
421268fernandapc
4212683
42126758
42126680017
42126660100
42126660046
4212658
42126510104233678
4212642126
421263578900
421263
4212625
4212622
4212610648
421261
421260
421259115
421259
4212587
4212581
42125665
42125514
4212542
421253048
4212527
421252274
421252
421251510
4212513
421251
42125014007
421248
4212456989
4212452
421244aig
42124449
421244
42124305
42124
421239dead
4212394
42123873
42123816
4212372
42123662
421235s
42123413kaf
421233
4212323
421232
4212315
42123087
42123046
42123040
42123009
421229ds
42122896
42122858
4212275
421227
4212265
4212263
42122522
421224yana
42122460029
421224202
421222927
42122265
42122240
4212216
4212209
42122011
42122008
42122002
4212194
42121914
4212188
42121844
4212182
42121763
42121727
4212167
421216146
42121498012
421213b
4212133
421212CD
42121205
42121137
421211266
42121100112
42121060
421210190
42120915
42120896|
4212086
42120704
42120695250
42120670
4212066
4212061
4212056398741
42120492
42120461
42120378
42120261
421201622
42120107
4212008
42120016
4212000
4211pp
4211maytam
4211kb
4211dt
4211cremak
4211barbie
4211999
4211995
4211993k
421199
4211983
4211981
4211979
4211976
421197
4211965b
4211964
421195k
4211955
4211945
4211928
4211920
4211914
4211910
42119001z
4211897
42118885
421186ys
42118520
42118480033
4211830
42118263
42118202pereira
42118196978
42118035
42117955
421179
421178570
42117796
42117708
42117482
4211725
42117113
42117099
421170
42116910025
4211686
42116798
42116660060
421164
421163556
4211620
4211610334
421161
4211608
4211593
421158983
42115632
4211558
42115390
42115284
421152154421
421151887
42115054
4211502135833
42114999
42114884
421148
421147
421146
421145281
421145
421143317
421143
4211422iii
421141012
42114099
42114033
42113999
421139
4211384
421136at
4211362
4211360
4211351
4211345
421134
42113306
421132
42113142
421131038
421131000
42113019
42113004
421129a
4211292
42112882
42112790175
42112780036
42112760144
4211271
4211264
421125578
42112542
421124bf
42112460021
42112404
42112344
421123
4211227
42112243
4211220
4211213
42112117
421121013
4211210
4211208
421120137
42112
421119410
421119
42111862
4211176
4211170
4211165
421116062
421115seka
4211153
42111510
4211148
42111332
421113
42111263
42111236
42111212
421111649
42111123
42111111
421111
42111069
42111012
42111001
42110995
421108ma
42110733253
42110643
4211052
421104blind
42110427
4211042
42110416
421104
4211037
4211035948261
42110349
42110346
4211033emil
421103195
4211031606
42110305
42110304
4211026
4211023
42110203
42110194
42110155
4211011
421101012
42110086
4211008
4211004
42110
4210wibi
4210sand
4210ok
4210flirtz1
4210cha
4210badger
4210FLIRTZ
42109r
4210984
421097635
421097298
4210968
4210957
4210940
42109245
421091246
421091183
421091057
42108tj
4210889
4210883
42108686
42108507
42108379ae
4210825
4210822
4210821
421081261
421081025
42108034
42107JG
421077
421075
4210746mk
42107441
4210732
42107276
421071089
42106renee
42106dbaby
42106C
4210685
42106763937571
4210669a
421066
4210646
4210637
42106328
42106256
421062009
421061028
421060yim
421060197793
42105ashley
4210595
42105849
42105737
421057
42105671a
42105601
42105548004945
421054EVER
4210535
421053
421052023
4210520
42105128
421051217
42105112
4210506
42104t
42104865
42104836
42104687
4210464
4210448
4210420s
42104198
4210411
421041
4210407
42103iydot
42103898
42103837
4210377
42103664
4210363357
42103573
42103447
42103344
4210321
42103168
4210314
421031225
421031118
4210311
421031024
421031
4210305
42102962
4210290
42102857
4210277
421027
4210262
4210255
421024l
42102467
42102269
421021421
421021386
421021332
421021222
42102114
421021134
421021009
4210210
42102064
42102008
42102005
42101x
42101ky
42101998
42101980
4210197694
4210193
42101907
421018
42101790
42101691
4210160513
4210159guapz
42101506
42101476
4210142941
4210142874
4210142793
42101378
4210131
42101295
421012118ton
4210119660
421011143
42101109
421011054
421011036
42101090807
42101066
421010182
42100mmavg
4210095
4210089
42100805
4210079
4210071
4210064f
42100628
42100516
4210037
421002921
4210020
4210015
42100116
421000084
421000
421-39-0682
421-1892
420~420
420zong
420zack8
420yum
420youknowit
420ydee
420yamile
420yak
420yadigg
420xxx
420xiv
420woodside
420wolves
420windy
420whatever
420weside
420wert
420weeds
420wac
420vision
420victum
420usa
420tyler
420twich
420tsa
420trnc
420trinawife
420tra
420tothegrave
420toketim
420today
420tizoy12
420tink
420time$
420tilidie
420tiger
420thug
420thizz
420thetime
420thecrow
420teapot
420tallon
420sweety
420swed
420sumina
420stoo
420stoned
420stayout
420ssdd
420sparkman
420spark
420south
420sony
420sohel
420snook
420smokink
420smokie
420smokeit
420smallfr
420sloan
420slides
420skunks
420skater
420skanky
420sj
420sinned
420sing
420shop
420she
420shane
420sexii
420separarnos
420sej
420scubaoreo945
420scott
420science
420sau27scoala
420sam
420runner
420rules1
420rpsb
420rocky
420rock
420rishabh
420rick
420remes
420reefer
420redapples
420raven
420rancher
420rainbow
420rach
420queenster
420pussy420
420puff
420psychopaths
420printer
420potweed
420potleafst
420popimp
420pook
420player
420pkt
420pipehitter
420pink
420pieces
420pewper
420pepsi
420pelusa
420peace
420password
420pang
420pam
420ozs4e
420opto
420ontherun
420onelove
420omar
420nuts
420nugs
420nss9663
420nomore
420nlj420
420ninja420
420nick
420nermal
420ndean
420nat
420nakka
420n69netime
420n420
420myman06
420mybday
420music
420mula
420msla
420mountaindew
420most3
420mopot
420money
420mojo666
420mmb
420mlt
420mjay
420mint
420mija
420michelle
420meta
420melissa
420me69
420mbp
420maryjane08
420martin
420mark
420marie69
420mariah
420manson
420maniac
420mamma1
420magic
420mad
420macaw
420luvzu
420luver
420luke
420lucky
420loving
420lovers13
420lovell
420love420
420lostboy
420log
420lmt
420ll69
420lives
420lita
420liljay
420libsmr
420leo
420lauron
420lamb
420lake
420kyle
420kween
420kronik
420krix
420krOnic
420koolaid
420knight
420kitten
420killer
420kidz
420kicksass
420kiara
420khanjan@
420kf6qjb
420kenny
420kehoe
420kalay
420junt
420juggalo420
420jsqn
420jrm
420josh
420jon98
420joeseph
420joe1
420jn
420jmc
420jk369
420jj420
420jinnraven
420jes
420jerry
420jenjen
420jedi
420jassigulati
420jas1823
420jandt
420james
420jade
420j69
420istheshit
420isthebestday
420issoon
420islife
420isgood4u
420introh4
420infinite
420ilu
420iloveit
420ijuana
420icp
420ice
420hurts
420hulk
420ht0wn
420hotstuff
420hotmail
420homies
420hitomi
420hitime
420hg420
420heroconnersville
420here
420hellya
420hck
420hb
420hawaii
420harryh
420hannahg
420guy
420gun
420grl
420greens
420gr8
420good
420god
420gloucester
420gethi
420geek
420gape420
420ganj
420game
420gamble
420gaby
420g13
420funbags
420fucku
420fries
420freedom
420fred
420fozz
420four
420foreva
420floyd
420fix
420fireup
420fett
420fera
420faucet
420family
420fahq
420evol
420eve
420er$
420ep87
420ell
420elephant1990
420eibbor
420ecw
420e@c
420dxmoclock
420dub
420drugs
420dreamz
420domi
420dogg
420dml
420dlj
420dke
420dixsept
420dimplez
420die
420diamond
420devon
420dennis
420debi
420dead
420daydream
420dawson
420dang
420da16
420d420
420curly
420ctn
420csl14
420crazybitch1800
420council
420corndog420
420cool
420coma
420cock
420ck69
420chronic!1991
420chris
420chikin
420cherry1
420centralqueso
420cece
420ccc
420candy
420calhoun
420cadet
420butterfly
420bullet
420budz2316
420buddy
420buda
420buckley
420bub
420brown
420broken
420brew
420bra
420boy
420bossy
420boogah
420bongripps
420bomber
420boi
420bobby
420bls
420block
420blazzin
420blazer
420black
420bjf315
420bitchez
420bitch.
420billb
420bilbul420
420bigbuds
420bigavey
420big
420bias
420beoch
420beene
420bears
420bbc
420barbie
420bananas
420bagwell
420badcat
420babyphat
420babyd
420babii
420babe
420b420a
420b-girl
420azul
420ayear666
420autie
420augie
420asshole
420ashnce
420ash
420ap9
420anytime
420angel
420allie
420ak420
420aires
420again
420adema
420ace
420aaron
420a420a
420_somewhere
420_girl
420_babby
420\\\\\\\\\\\\\\\\\\\\\\\\\\\\\\'zayzay
420WILLIAM
420WAR
420Ticla
420SiD420
420SRH
420SNOWFLAKE
420SMOKE
420RLF420
420REBEL
420POT
420P0218
420NAS
420LUPO187
420LIZ
420Kronik
420KISSES
420JANE
420High
420HIGH
420GetHigh
420GREEN
420GETHIGH
420FUCK
420EVERYDAY
420Crystal
420Ciara
420Bob420
420BUDDA
420BLAZER
420BITCHES
420BBC
420BABY
420AndrewsGirl
420ALWAYS
420AJN
420@milehigh
420=potday
4209simmons
4209sb
4209rios
4209nj
4209happy
4209e867042
42099f
4209990
4209942
420993978175750o
420992
4209913
42098blw
42098935
42098679
4209853
420984
42098
42097841
420976
42097203
42097087
4209696
42096867
4209682
4209680935
420968
4209677
4209660a
42096570
4209650243
420964
4209612375
4209611989
4209604
42095lintzy
42095ah
4209586
420953
42095234
420952
42095
42094982520522
4209470
420944
42094168
420940
42093janegira
42093chase
42093a
4209396
420938
42093789
420937
42093600
420933
420930321
42092jes
42092d
4209293
420927
420926c
42092515zena
420925
4209236
4209226
42092231
42092111
420920
4209196
42091865
42091828
420917
4209165
42091615
420916
4209147
42091388
420912
420911c
420911247
4209102llamame
4209100s
42090a
4209094
420909
42090837
420907R
42090769
4209070
42090537
4209037
4209028277
4209012
4209010
42090066
4208sw
4208me
4208h4208
4208er
4208cr
4208baby
42089sandy
4208990
4208986
420896
4208936
42089185a
4208909s
42088929
4208881
42088648
4208859
420885
4208842088
420882
420881
420880
420879
42087775
4208763J
42087558
4208720
4208714143
4208704
42087
42086jrz
42086950
42086860
4208681
42086727
42086466
4208626
4208610032
42085nap
420859
4208581868
4208569apw
4208563
42085416
42085289
4208509
4208474286
4208472
4208450lp
4208415libardo
42084118
42084020
42083665
4208365
420834
4208330
4208324
4208306
42082t
420829
42082690
4208262
42082533bad
4208248
42082420
4208223
42082186
4208214e
42082040
4208190mm
42081844
4208150a
4208129
420811
4208108
4208099
420809
420808699
42080778
4208073553
420806MARIAM
42080655
4208059
4208053
4208044357
420804
4208032
4208025
420802
4208008
4207pcf
4207jwjw
4207jab
4207berwyn
4207aem
4207APtk
420798D1
420798
4207974
42079621
42079479
42079101
42079079
420790
4207879
4207869
4207862
4207811
42078060
4207788
420778
4207750
4207721
4207715
42077106
42077016
42077
4207678
42076492604709
42076361
4207611858
42076
4207593
420757jrg
4207544king
4207533
420753
4207505
420750
420749ds
4207496
4207480
4207451
420744d
4207436
420742074207
420741115
4207410
42074044
420739as
420738
4207360159812332
4207346
42073346
420732S
4207310
42072996
4207289
4207277
42072751
42072736
42072710
4207262
4207252
4207238
42072330
420722
4207186
42071834
4207173
420715
420713
4207110
42070927
4207082
4207081
4207077
4207067
42070534
4207049
4207044
4207040
4207039
4207025
42070184
4207015
4207010796
42070078
4207006174
4207004328
4207000110
4206tr
4206tgu1d0
4206pwj
4206luv
4206ja
4206ekim
4206cid
4206bms
4206bev
42069tl
42069rmy2f
42069mjqmjq
42069man
42069k
42069jrt
42069icp
42069hp
42069ds
42069dkb
42069craig
42069a
42069BURN
4206999
42069926mk
4206990M
420698camilo696
4206988
4206984
4206979
4206973
42069692
42069686
42069666
4206952
4206945
42069410
42069355
420693
42069247a
4206923six
420692008j
420692
420691982k
4206914381
42069111
4206904
42069#
420689
4206886
42068777
4206876
42068690
4206868
420684
42068292
4206822me
4206798
42067918
4206782
4206777
420675
42067330
4206710
4206708
42066herry
420667
420666jch
420666evil
420666chick
4206669v
420666140816
4206632
4206612840
4206611560
4206610851
4206610281
42066031616
420660
4206593
4206584
4206576
4206565
4206555
4206549
420653392
4206517597
4206512
420650510
42064pysgx
4206476
4206456
4206447
420644
42064278
420642
4206406
420640
4206393
4206385
4206373
4206364
4206359r
420635
420634
420632
42063149
420631008
4206285
4206280
420626a2
4206261j
4206258339
4206248
4206240
420623
42062238
4206221
420622
4206211
4206204614
4206180
42061770
4206172
4206161079
4206156384
4206154
4206149173
4206138770
4206136204
42061355
42061317
420613
4206110308
4206101
42060rv
4206099
4206094049
4206092
42060890
420608554
4206081
4206074447
42060683
42060659
4206061030
4206056
4206053722
4206050
4206047286
4206038814
4206032593
4206029
4206026
4206024
4206020457
4206019T
4206018089
4206004014
420600
4205xz30
4205th
4205rc
4205nessa
4205mxid
4205lake
4205hunter
4205deli
4205LA
4205DONS
4205992
4205984
42059785
4205928818
42059092865808
4205900
4205890
4205874
42058255
4205811
4205801
4205782
420575
42057331
4205717
420570lrl
420569
4205681
42056665
420565399
4205652
4205646telef
4205631
420562
4205610589
420561
4205569
420555J
420554r
4205543
4205538
42055311
4205520028
420552
4205505094
4205503727
420550
42054883
420548
420546
4205454
4205426
420542496
420542
42054055
42053jdmcx
4205391
42053809
4205370
4205366
420535
42053442
4205325
420532
42053124205287
420531
42052948
4205277
42052717
4205267
420526
4205253
42052488
4205242052
42052241394
420522
4205201
420520
4205194
4205178
42051711
420516687
420515gnk
42051501
4205149amanda
4205136
4205127279
42051196
420511
42051
420509
420507
42050666
4205048
4205041975
420504
4205037270
4205034335
4205033741
4205033
42050311
4205028
4205027784
4205026059
4205025176
42050243
420502
4205019427
4205014303
4205013230
420501308
4205012943
420501020202
42050090
4205006986
4205004247
4205003157
420500156
4205-3200
4204ryan
4204menu
4204lyph
4204life!
4204kay
4204gbtou
4204fa
4204ever1
4204daddy
4204LiiF3
4204974
4204922
420490125
42048mkk531535
42048915
420489
420488
4204877k
420486023
4204832
4204812
420480003
4204770
42047330
420472
4204707
420469c
4204690
4204673
4204659
42046516
420464
4204629
4204615
4204613
4204612602
4204610259
4204607
420460497341878
420460231
420460001
420459
4204571
42045631ANABELA.
4204524
4204517
4204510
4204506762
42045
4204494
4204469
4204452
420444k
4204439
4204427
42044214
4204414
420440192
4204396
4204375
42043448
4204338
4204334
4204330
4204325
4204322
4204321
42043190
420431304
42043109
4204304
42042o
420429418
42042814
420427247
42042633
42042526
4204246
4204241
4204238115
4204228
4204220
420421b
420421420
420420xxx
420420t
420420sad
420420pot
420420m
420420jj
420420ho
420420dnb
420420cc
420420c
420420bo
420420amp
420420W
420420S
420420=f
420420520
420420420a
420420415
42042024
4204200
4204192
4204180
4204177
420416712
4204163
4204162120
420416
420415
420414
420413302
420413
4204109s
4204104112
420409
420407420406
4204069
42040592
42040505458811
420405
42040413
4204036968
42040349
4204033
4204028
4204025
420402
4204019287
4204015
4204012
4204009
42040064
4204004057
4204003033
4203mim
4203jazz
4203ash
420398809
4203981
420397
42039569
420394019cts
42039343458259
420392225
420391
420389
420388
420386
4203851
420383
4203807
42038
4203780
4203769
420376
420375792
420375
420372870a
4203725
420370660sjh
4203695gomelo
4203693
4203688
4203671
4203668
420364244
420363
4203610656
4203610102
4203606
42035k
4203595
420358851
420358
4203573
42035719
4203569
42035598
420355228b
42035323
42035316b
4203519451
4203516762
4203513
42035088
4203506
4203502
42035
420348
420347177
4203450
420344
420343461517
42034159
4203409
42034016
420339776
42033877
42033859
4203379
420336598x
4203350
420334979
42033468
4203342
4203336
420332877
420331955
420330J
42032d
42032993
4203288693
4203288
420327
420326
4203252
4203240
4203238
420323
4203223
4203213
4203210
42031e
42031983
4203194
420318
420317783
420316a
4203164
4203151216
420314841
420314438
420313
4203125499
42031178
4203116
4203112950
4203109
4203106
4203094042
4203088630
4203083
42030809
42030805
420307m
4203075389
4203071271
4203069804
4203068194
4203061728
4203060209
4203055068
42030527
4203051
4203048014
4203046018
4203043
4203039200
4203036712
420303438717
4203034
4203030
4203025
4203024
4203020732
4203018
4203016268
4203009
4203005
4203002300
4203001583
42030
4202s.
4202rb
4202jackalope
4202aa
4202997
4202988cyh
420298571
4202946
4202937
420292923
4202920
420291
42029
4202875
4202869
4202866
420283
4202811
420280
42027kkw
4202799
42027939
420277981
4202778
4202752
4202743
420272165
4202716
4202703255
42026953
42026853
4202682
4202681351
420268
4202651
420264
4202632
4202628
4202611911
420260
4202593
420258942
4202570000
420256770030
4202538
42025251gaby.14
4202518959
420251420251
42025078
4202504
420249ggg
420248
420247th
420247s
420247n8
420247k
420247hm
420247a
420247ASP
42024787
42024769
4202473
4202471
420247!v
42024674
4202463736
4202448
420243s
4202438
420243
420242780410
4202425
42024104
420239145
4202384
42023813
420236924
420236
4202351
420234098
42023313
420232babyj
4202320042
420231
42022907
42022889p
42022651
420224
4202223
42022150
420221
42021a
42021961296
4202190940
4202187722
4202185
42021840
42021832
420217drea
4202179
42021731
420217058
42021699
4202162766
420216
4202150845
420214589
42021455
420213455
42021292
4202127223
4202125aw
4202123
4202114726
4202110
420210s
4202102z
4202100972
42020g
4202098
42020892
4202083
42020826
4202070
4202068112
420206
4202052603
4202049989
4202043206
42020422
4202037158
42020350
4202030567
4202029
42020213
42020208
42020157
42020114128
42020104laura
420200pb
4202006a
42020055
42020030
4202002
42020
4202!!s
4201walker
4201start
4201sc
4201reed
4201mcardle
4201james
4201hz1b
4201flower
4201congress
4201boogie
4201aba
4201CREEK
4201998
4201996XM
4201994p
4201992j
4201991
4201990c
4201988ao
4201987w
420198506
420198
4201977apr
4201975
4201971a
42019702
420196c
4201967
42019632
42019453
42019434201943
42019369
4201921
420192052
420192
4201904
42018sal
4201891
420188911
4201882
420187p
420187b
4201859
420183d
4201823
4201808
420179jean
4201788
42017763
42017691
420176
4201750
420174457
42017420
420173013
4201711romina
420171033
420170634
420170184
42016930
4201680487
4201674
4201669
420163c
4201635
4201621
4201613199
4201612357
4201611037
4201603a
4201594
420158
4201567_j
4201559
42015499
42015423
4201532a
4201531
4201520014
4201515329
420151
42014j
4201488
4201485
4201477
42014726
420146
4201450
4201446
420143bee
42014369A
42014256
4201418
4201414
4201402
42013exijo1
4201396
4201393s
4201383
420138
420137
4201369fo
42013565
4201342440
420133569
4201326
420132
4201314
4201313
420131
4201305m.j
420130201
420130124
4201285
4201280
4201270
4201260325190
4201257
4201248
4201246
42012448
420123kng
420123b
4201235
4201227
4201216
420121279
420121
4201205
42012038
42011931
42011855
4201170141
4201162
4201158
420115
4201139
4201131036
4201127
4201126523
4201125
4201124189
42011130
42011111
42011082
4201107dad
4201101
420110019
42010aaa
42010998
4201091
4201083
4201081488
4201081
4201078
4201073
42010693
42010665
420106500
4201062595
42010615
4201051432
4201049550
4201049204
4201044
420104
420103351`
4201032047
4201032
42010291
4201024
4201021
4201019876
4201017102
42010169
4201010594
42010088
4201005
4201003m
4201003
42010
4200time
4200tasha
4200sac
4200nt
4200mp7123zz
4200mhg
4200jfc
4200dx42
4200brad
4200blocc]
4200bc
4200Newton
4200BLK
420099
4200964
4200952
4200939686
4200920462
420092
4200910
42008990
4200879
4200868
4200855
420084
42007jj
42007aiden
4200788
4200770
4200750
42007342
420072
4200711
42007018
42006c
42006af
42006969
420068676
4200666
420064
4200623
4200621
42006112
4200602
420060
42005kp
42005T
4200584
420058
42005775
420057
42005563928
4200530
42005235
42005200
4200515
420051
4200505hnd
42004kd
4200494
4200482
4200467
4200456pok
42004513
42004408572
42004231
42004208
42004143
420041
42004045
42003865
420038
4200360
4200347
4200342
4200325
4200321
42003163
4200309
42002r
42002j
4200280
420027
420024js
420024g
420024884
420024420024
42002436
420024$
4200233
420021899
4200205
42001b
42001918
42001771
420017
42001628
42001587963
42001535
42001475
4200147
4200128rudy
420012110
42001143343350
420011
42000e
4200092
4200068
4200064
4200052000
4200050162
4200024
420000s
4200.st.mob
420/3pixie
420.COM
420-warrior
420-parker
420-69-99
420-024
420$sd
420 weed
420 bitches
42/2621
42.naomi
42.6jmp@
42.620
42.42.
42.222.049y
42-4259
42,52,lm?
42*769*456
42&strong$
41young
41yelir
41yearsold
41xdevilx14
41xavier
41wnt7
41westpark
41wd7
41walter
41walk
41volley
41verpooL
41v4r32
41v143123
41v02p[
41uome
41tree63
41topchuga
41tim42
41thamesprom
41teresa
41t67h
41sw44yte
41summer_423
41sumcone
41suckit
41stroudrd
41stinkcunts
41st00
41sparky28
41spam
41sp987
41sosi
41softball
41slayre
41sjg69
41shots
41shaq41
41sexystar
41sdeath
41satfrankie
41sara01
41sandra
41sa1353
41s28s
41rzx8
41ruler
41ruemonge
41ru3012
41rockstar
41riverside
41rfl4r3
41reppoH
41reed41
41razc
41ram41
41raceing
41r14nn4
41putnam
41primeravez535
41poteet
41points
41plmgnt
41pitdog
41pine
41penguins
41payne
41parkstone
41p0z0
41oneida
41oimat
41ocha
41o1303
41nsingle
41notsginiliv
41noise78
41niceday
41newday
41nation
41na618
41n93a28
41n2978
41myspacedmb
41mv520
41munk334016
41mt23ac
41mpoutsoum68
41moreala
41monroe
41moke
41millard
41meetchy
41maxine41
41maverick
41man
41maganew
41m33wilson
41lp811ulu
41loser
41ll1s
41lisa33
41liks
41life
41libnate
41lgaa
41lamont
41l10
41knuclez
41kkk41
41kissxoxo41
41kisho
41killer
41kanica
41kadissa41
41jman
41jm2cok
41jiga87
41jess41
41jarmanet
41ivegoneinsane
41intervalerd
41inONE
41iluvya
41iloveyou
41ik9r3w
41hr006
41holylamb
41holister9
41hilary
41helen
41hcram
41halfmilerd
41gwey
41greene
41grandad41
41goodbye
41geesup
41fv643
41frules
41friends
41freckles
41flyboy
41firecracker
41fervaros
41fd37541
41fac
41erm77z
41ennerdale
41elmwood
41efszhqvkxx
41eav2006
41e23a17k
41down
41dolphi
41dmbTourS36
41dm442
41diehard
41delta
41dediciembre
41dc7559
41dave
41danny41
41daking
41d99a
41d82fe1
41d4a7
41cygklu
41crash
41cookies
41cochran
41cityboy
41chris
41chief
41cheerNfootball41
41chapellane
41cgzz
41casstein
41canterburydrive
41calhoun
41c6ce2b
41c32w14p2
41c#3m1k
41bunniez
41budeplatoon
41brenda
41boysrock
41bouga
41boc1py
41bobe
41bloods
41bitcyh
41bigone
41biene42
41belknap
41basketball
41bangbang
41baller
41ba994
41b0oh23
41audrey
41aslan41
41ashley
41as00as63as
41aperry
41annej
41andmore
41anacarolina
41amisure
41allyze
41akafsuqueen06
41aiden
41acmem
41a7aaeb
41a41a
41_malmainsway
41_2320
41TREES
41ShoreDrive
41Raurimu
41R13N3@
41POTRERO
41NANO34
41MaGiC30
41MENSUCK
41M33_1993
41JUMP
41IMME2
41GeralD06
41FReedom!!
41Eagle6
41DUCE
41DIVA
41D59BC3D4
41CURVE
41CARLOS41
41BLETCHLEY
41BEAUTY
41AcA1GG
41@-397
419zee
419z529
419william
419walnut!
419tmg
419sweety
419sb8
419rrbb
419rj87
419r419
419punk
419pmi
419paige
419nova
419mydad
419moe
419miguel
419lyall
419luv55
419krf
419kgr
419jhopet
419jackson
419henry
419h3bb1
419gmg
419gam
419erik
419edc
419dhe419
419dai
419cupcake
419claremont
419brown
419boys
419bcxsil
419andre
419MWARIE
419GottaMinute
419BEAN
4199dj8
4199bsd
41999joe
419999
41999633
41999202000
41998class
4199895
4199889
419985
41998453
419983
419982
41998
41997829
419974
4199707
41996maria2
41996dob
4199693687
41996754
419962cj
41995rad
41995593
41995509
4199514
419951
41994fot12
41994d
41994896
419946474
4199460
4199442439
4199424
4199412
41993BbStR
4199378
4199369
4199354
4199343
419934
41992apr
4199298101
419928j
4199281
4199276187
4199264
419925
419924
4199234
41992166
41991keg
419919
419915125495
419914cpm419914
41991462
4199117
419911
41990edvin
41990806057510
419907
4199044
4199031
4199026
4199013sam
419900ce
4199008
419900011371
4198ny
4198aw
4198AZ
419899
4198967
41989287
419892
419890703
419889y
419889
41988851
4198866
4198831
4198821
41988123
4198801b
419880
419879
41987524
41987403
4198714
4198650
4198629
4198599t
4198590
419855
4198545
4198532
41985165
41984a
4198486
419848
4198460
4198425d
41983rg
4198369
41983587
419832467
41982hans
419829
419826001
4198214
4198206
41981979
419817
41981485
41981401
41981234
41981
4198098
4198088
41980701
41980593
419805
41980388
41980154
4198013
4197somjung
4197mnm
4197k
4197derj
4197979
4197963
4197940
41979222
4197845
4197832
4197821
4197814m
419779
4197780
4197739402
41977178
419771
41977
419769
41976777
4197645
4197613939
41976
41975539
419753
419752
4197485
41974728
419741511
4197364
4197338063
419730
4197281
4197279000
4197275
419726
4197258
419724
4197231
41972133
4197172
41971347
419711
41970chanisatwat
4197059
41970496
4197024
41970075
4197002
4196usmc
4196pdf
4196jay
4196_hot
419699
4196950
41969
419689
4196845
4196815
41967623
4196721
41967
4196684067
4196674007
4196643
4196632m
4196619
41965l
4196575
419654
41965
4196422
4196410270488
41964
419638725
41963865ad
41963729
4196360325
41963540
41963287
419631sr
41963158
4196307
419630
41962887
41962805
4196276
419627
4196263
41962534
4196231
41962148
419620532
41961794-
41961504
41961487
41961352497
41961311
41961122m
41961
4196058ME
419603
41960236
41960160
4196003
4195t
4195nr
4195mh9985
4195kdb
4195ca
4195960
41959478
419593904
419593
4195923
419591
419590
4195884
41958741
41958461
41958136
4195797
4195790
4195782
419578
419577
4195748
41957
419569
4195678
4195660
41956437
4195621idid
41956201
419561
41955977
4195590435
419559
41955645
4195544
4195533
4195506
4195499
419549598130
41954867
4195440505
41954306
41954195b
41953644
4195363
419534
41953053s
41952gavs
419526
419522
4195192
4195151
4195133
41951107
419511
41950962
4195089675
419507
419503708
4195016b
4194poo
4194mp3
4194ever
41949982
419498
419497
41949422
4194930
41949123
41949
41948680g
4194853
4194830425
4194823bv
4194812
419472855
41946b
41946689
41946302
41946217
419461ad
4194612
4194591
41945619
4194550
4194545
4194541945
41944706
41944662
4194446
4194423
4194414
419437281089
4194341
41942934
41942922
4194273o1330238
419425
4194231
41942
4194195017
41941941
419417090b
4194160
419414653tmw
419413472
4194129
419412359A
4194109
419410484
419410251016
419409h
419407
4194049
419403
41940255
4193uriel\\'
4193jc
4193choi
419397528l
419394236
419393824
419393
41938b
419387
4193849a
41938304
419381
4193803
419379
419378407
4193766
419373330
4193718ASA
419371
4193702
419367alex
4193650
419363
41936157Ar
4193608
4193592
419358788
41935700
41935686
419356
419355582
4193534
41935135
4193502
4193487
4193478
4193458
4193441
41934194
41933k
419339027
419338382
419337492
41933648
419336344r
4193354193
4193342
419333649
41933250
4193311
4193290
41932650
4193257
419323
419320
4193196
419318344
419318
4193153
419314425
4193135
419310987
41931
419307
41930503
41930406
419302
4193+91286+2
4192sue
4192rhino
4192love
4192k8je
4192Addi
41929845
419297
41929406
41929237
419291466
419291
4192907173
4192889
4192874
4192840
419283
4192804
4192796chelle
41927820
4192752118d
4192732
4192715
419271
4192703234
419269
4192660
419265
4192635
419263
4192612532v
4192604
419259
4192580
419255a
4192550
419253928
419250
4192490
419248
4192452
4192439565
4192433
4192430375
41924155
419240ftf
4192389264
419237994
419236585s
4192346
419234
4192339
41923255
419229456
4192285
419226
419225251325
4192241
4192236
419222291
4192220004
4192216
4192210
41921a
419216269
419215ale
4192149
41921372
41921237
4192118
4192079029
419206girl
4192042457
4192032021084190
4192012.s
4192005
419200
4191mns
4191greenday
4191998sl
4191997
4191992
4191988
4191983
4191982
4191974
41919721lauris
419196923
4191957
41919522
4191945
419193663
41919261412SARA
4191925
4191921119
419192
4191905
4191876955201314
4191866814190683
41918531e
419181225
41918
4191793
4191775
4191762600
419174
4191735
41917235
4191714
419168r
419167
419166
4191624
41916174c
41916
419158063
419156
41915312
41914831.0
41914510
41914432
41914191
419141
41914
41913944
4191362
41913399
4191313
419130
4191294
4191276
4191253
41912304
41912227
41912111985
4191204495952404
41912
419119
41911808jonatan
4191162
4191155
4191151617
4191145
419113
41911267
4191121
4191120045
419111
419110586
419110
4191092
41910735465328
41910655
4191053
41910311
4191020
4191011802
4191009734
4190woidol
4190st
4190rrw
4190rockyharley
4190kh
4190daphne3457
4190cheer
4190bcb
41909951991
4190991
41909782
419094
4190912
4190892
4190884
41908730
4190865j
4190851
41908497unac
4190829
41907l
419075
419074
419073
419072491
41906love
4190667
4190659
4190649198
41905j
41905MB
41905903
419057
4190563
4190549
4190541
4190539
4190504763
4190500b
419047
4190461
419044
4190434
4190419
41904098
41903f
419039-anime
41903862
4190331806
41903258
419030
41902c
41902643
4190257
41902054
41902
419017
41901498
41901214190121cmc
41901
419007728
419006
4190027
41900071776
419/57.2550**997
419-2067zach
419 records
418uplandroad
418trent
418texas
418steff
418reye
418pink
418ness
418monticello
418maverick
418maktub
418lumi74
418jt07
418hml
418fhema
418dpm21
418d67
418ciara
418bigred
418babydejah
418a90847
418Drummond
4189m
4189jo
4189day
4189ab
418996
41899321
41899239
41898946
418986
418981
4189796
4189754263
4189741
41897205
41897
41896boo
418969
41896539
4189620o
41895884
418953a
4189526
418950065
41894t
41894ejb
4189491
41894753
418945
418942
41893hi
4189389
4189359
4189341893
418933
41892SM
4189292
4189278
4189241
4189232952
418920
41891s
4189195
41891736080
41891421
41891352
4189127
41891162
418911
4189104
41890smm
41890908
41890841
4189074+2442473
4189037
418901sd
4189**99
4188sh
4188jim
4188eb37
41889mtr
418898678YAN
4188982
418896d
4188949
4188943p$
4188907
41889055
4188897
418884
41887c
4188785
418878
4188769
41887570c
4188736
418870
4188689
418866
4188615
41885M
41885885
41885806
4188562300
4188550
4188518
41884856
4188480
41884633
41884628
41884409monika
4188433
418843
4188416
418841
4188392
418837
418834
4188332a
418831272
4188302
418828
418826
418825
41882104
418820
4188182
4188097_
4188081
418806H
4188062p
41880535
4188010
418800303
418800
4187mk
4187kristina
4187abmchek4187
41879c
41879918c
41879737362
418792
41879
418788
418785200
418784
4187814*1188
4187795
418777
4187753
418772
4187691LUC
418769
418767
418763
4187596
41875673
4187551
418753s
418753
418752
418750alonso13
41875
4187465
418745
41874360
418742
41873972
418739
41873654
4187300
41872986
4187266JR
41872600
4187233
418721
4187193
418717808479
418716893072
418716
41871302
41871284
4187116
41871043
41870764
41870650
418705
4187032
4187016lkm4743
418700r
4186sdc
4186home
4186f6
4186cris
4186FAM
418699
418694
418692804
4186914
4186900
4186898
4186853004
4186842
418683812
418681
41867t
4186758
4186704
418669
41866645
4186613
41865d
41865505
418655
418653
4186524
41865095
41865
418647
4186464
4186431
41864186
41863rb
41863710
4186341
418632720
4186298
41862977
41862813
4186260
4186234
41862315
418621
41861929
418617
418615lln
418612999
41861021
41860e-ron
418608
4186046
4186009
4185trudy
4185john
4185ilkaw
4185bubble
4185andre
4185@URS
4185980
4185933
418593
418588mg
4185879
4185865
4185859
418584
4185818
4185810
418579
4185781
4185776
4185748
4185734
4185716
4185692
418569..
4185687
4185669nc
41856626
4185645
418564
4185617155385180
4185601
4185597
4185567.js
41855555
4185541
4185489
4185473
418546
4185426911
41854185l
4185398
41853781
4185330
4185308
41853
418527
41852586
41852456
41852331
41852258
41852210
41852151
418520pt
418520
418518
41851509
4185143
418511318
41851107
4185107
418510
41850859
418505
4185010
41850.
4184kim
4184f9fd
41849956
418498
41849683
4184926271rose
41849090
41848815
4184846
41848254
4184806
4184791
41847764175494
4184769
41847388
41847281
418471121
4184687
4184661145
4184642
4184611
418457828
4184560
4184542
4184534
4184502
4184478
41844720
41844371
41844184
41844150
4184386
4184379
41843712
418435081
4184345
41843347
418432bh
4184284
4184273
418424781793
4184227
4184209
41841v1dakumm
418419633
418418mic
418418333
418417
418416175
4184150
418413698
418413
418412251
4184112
4184107
4184097
418408
4184058
41840328
41840257
4184
4183mg
4183m007
4183deej86
4183Kg
41839915*9173
4183979s
4183939
418392
418391
418390
41838nakuru
418388
418384434
4183834
4183814
4183802
418378795
418377341
418376539d
4183764
418375116
41837361504aa
418373
418370109
41837
4183669
4183642
4183638
41836279
4183620
4183609
41836
41835T
4183579
4183566
418354
4183533
41835149465
4183483311
4183470
4183443
41834183
418336
4183353
418334
418333453
41833171mol23
418330071
41832798
418327048
418327
41832481
4183213
4183193
4183175
4183152
41831416
418312
4183115
418310704
418309
418308333
4183079
41830629yeni
41830411
41830
4182so
4182oliver
4182dj
4182all
4182BIBI
418298071
4182975
418296
418293915
4182924
41828ACS
4182886
4182877
4182869
418285
41828173
4182812
41828
4182795
418278abcABC
418278119
41827651
41827347
4182718
4182700
41826826
41826577
4182613
4182597
418259355
418257rotc
418253444
4182526
418252
418251616
41825
41824930
41824858
4182460
4182432m
41824
4182384
41823644182364
4182349394
4182339024
418233623
41823160
418230kd
4182298
4182292
4182272360
41822525
418223556
4182223963
4182219
4182211
418217
418215520
418213766
418213
418212198
41821157
418208karina16
4182062
418204
4182022
4182007
4182003
4181wing
4181oregon
4181nene
4181j7zk
4181FISH
4181996C
4181995d
4181992
4181990C
4181985
4181981j
4181979a
4181973
4181967
4181959
418194
418191
41819
418188
4181875
41818639
418186
4181850
418184
41818016470
41817731duke
4181768
418174655
418173
418170545
418170
4181694
418168
4181627
4181610
4181594
41815918
4181585
418157b
418157
418156628
418155
41815424
418153
4181514
4181489
4181478
41814267
4181380
4181360
41813436
418132862
4181315800
41812784
4181248275
418124
418122
4181219
4181210
418119l
4181191d
418117100
4181164
4181157
418114
418113
4181122
418112005
4181118
4181100773
418110
41810vball
418109
4181080969
4181076
418104
4181019
4181016
41810023
4181*4181
4180tg
4180kgkui
4180erco
4180daniel
41809591
4180954
41809021
41808cg
4180894
4180891ab
4180879
4180858
4180854
4180831
41808
418078
4180767o
418074life
4180741
4180734
41807
41806lkp
41806budy
4180680
4180644
4180622515
418060al
41806$g
418058
4180544
41805380
4180512
418050
4180476
418043
41804
4180365
4180334
4180323
4180318mypinkroo
4180307g
4180280
4180266
418025
4180223
4180208
41802
41801991
4180170
4180141
418013
418012
4180113
418010
41800930
41800748
4180068
4180042
4180025
41800145
418000369
418/218
418-19-9289
418
417yamaha
417tyl
417srh417
417senior
417rgb
417randall
417perry417
417monet
417liar
417lady
417krk
417j293652
417hill
417harbama
417enero
417drury
417dirtyso
417cupcake
417caley
417brooks
417bitch
417believe
417bakerstreet
417amready
417a108b
417BA1B1BF
4179rice
4179kaetsu
4179NANCY
41799924
41799478
41799302
417992
41799
4179854
41798409aqp18
41798048
41797nc
417973
4179718
41796hot
41796683
417966
4179633**4179633
417962
4179616d#
4179609
41796
4179576anggie
41795442
4179512
4179461947
4179456
4179418
4179414
4179384907
4179350
41793367
41793354920089
417930a
41793
417926884930a
4179241
41792123
41791senior
41791b
417918169
417918
4179172
417916026
417915dg
41791366
4179127e
4179116
41791137
417910
41790bee
4179072
4179058
417903
4179017
41790-jes
4178you
4178recruit
4178nicca
4178jj
41789z
417899may
417898
4178967
4178942
417894
417893
41789001833
41788596
41788528
41788214345086
417880612763
417880052yem3ees
41788
41787brittany
4178787
4178784
4178769
4178749
41787400
4178711
41787
4178663735
417866
4178646
4178639
4178606
417856
4178556
417853
41784AKr
41784585
417842
4178417
4178404
417837j
41783
4178271
41782598
4178234
4178211
41781i
417818
417817
4178161d
41781522
4178131
4178124
417810
41780981
4178063
41780363532
417802
417800
4178**
4177rur
4177kla
4177harold
4177angel
417798
4177960
417793
4177906
41778eddy
417785417785
4177835
4177798
4177780
41777250
41777045
41777
417769
4177682pt
4177637h
417759
4177569
417755
41775441
417753
41774j
417749
4177443
41774177
41774143
417741
41773906
41773715
41773682
4177354
4177332
4177304
4177298
41772853
41772710
41772647
4177262
41772429
4177240
41772351
417723
4177219
41772036
41771990
4177198
4177175
4177161
4177140
417713c
4177121
4177102
4177052
4177041
4177031
41770228
4177004
4176tp
4176kids
4176bone
4176_nana
417699
417694
4176933
417692491589
4176919
4176911l
41769
417684
4176827
417681
4176795
41767760
4176743
4176725kim
41767
41766901
4176689
4176683
4176674023
4176662
417664cutes
4176626
41766
4176580
41765657
41765475
4176535p
4176519789
4176507
4176490
4176485887M
417647
4176462
4176453
417642
4176416
41764039
41763952fa
4176385
41763720
4176360
4176351
4176344
417631
41762hi
417628
417626
41762226
417622
417619
4176187
4176154
4176145
4176135
4176129
417611arq
417610
417608
417607
41760598
4176049
4176037
4176028808
4176027
4176022
4175tmc
4175gso
4175df
4175978
4175964
4175950
41759481
4175932
4175927
417589
4175877
4175858
4175835
4175786
4175778
417575
41756946
417569
4175639
417561
417557417467
4175565
41755365
4175533
4175522
417550
4175484
4175464perlura
417546
417542
4175410
417540
4175354
41753282
41753012
417528639456
4175281
417526
417523
417521
41752020
4175186
417517adc
41751502
417513
41751029
4175099
4175071
41750320
4175026
4175000
4175
4174963
4174936405
41749247249100
417490
4174898
4174874
4174843
4174827
41747935
41747847994527732
4174737
4174692143kids
4174686
4174657
417458166
4174570
41745639654
4174553
41745354
41745285
4174518
41745
4174474
4174456
4174433
41744220
4174416783
417436
4174350
41743
417429
417427
41742410
4174222
4174202donte
417420
41741880203
417418
417417nigr
417417P
417417887
4174174
417417172
4174170
4174147
41741291
41741103
4174108
4174070
4174045
4173pg
4173is
4173Tb
4173993r
417398
417397318
41739601
417394971
417393316
417392906
4173923
4173908
417388
41738629
417382
4173809723
41738
417379297
417378231b
4173765123
417375
417374562
4173734
417371
417368
417366
4173658
4173648
41735856
417357
4173556
417354837
4173523
4173512
417350167
41734876
41734590
4173437
41734147alanypipu
41734+
41733nisntu
41733757
417336090c
417335335
417334751
4173337
417333
417332
41732969
41732776
417327
41732330
41732023
4173193
417319
4173180
417316683
417316
41731479
4173135181130
4173128
417312
417310044535
4173091
4173079
4173069oil
4173051
41730139
4172z
4172mesa
4172k5
4172antonio
4172989209
4172983
417298
4172960
417293luke
417293
417290079
4172897
417288
417286355
4172847
417283mily
4172823
417278
417277
417275
417274285
417273
4172724004123
417270812
4172700al
41726925
41726632
417263888
41726268
4172626
4172608
4172592
41725895
4172552
41725427
4172534
417252
4172512
41725025
41724719
41724549
4172423
41724172
417237780
41723754
417236
4172349
417233r
41723
4172277
4172237
41722336
4172226200
41722216
4172210rg
41722
41721833061
41721741
41721709
4172166
4172132
41721239621657
4172120
4172109
41721011
41721
417206
41720210
4172010
4172005pa
4172001
417200
4171t4
4171quinby
4171jota
4171_pika
4171999
4171992r
4171988d
4171984
41719810
4171980
4171973
41719712
4171964
4171963
4171952
41719399
417192173
4171916
4171902
417190
417188
417184
417183
4171813
41717957
4171789
4171774
417177
417175503
417174537
41717201
41717154
417171
4171668
4171650fer?
41716403
41716300
41716
4171591
41715771
41715734
4171566
4171554
417154608
4171538130
4171526
4171514
41715
4171485
41714800
4171462
41714239
417142
41714162jdm
4171414
41714
4171394
417136
4171350
417133
41713146
41713009
4171293
41712734
4171253
41712410
417123885
4171226
4171215
4171212
417121
41712068
4171203f
4171200
41711761
41711712
4171158asa
4171141
4171128
41711215264016
417110a
4171098
4171087
41710802
4171062314
4171055
41710512
41710332
4171020215
41710184178926
4171014068
4171008705
417100
4170yolfuck
4170lee
4170cjs
4170JOU
41709980
4170995
4170934asa16
417092
41709008
4170890
417086983
4170855
41708399
417083
4170812
41708
4170788
417074yayeesine
4170709
41706casey
4170661018
4170640
4170627
4170604
41705tt
41705a
417059
417057
41705624
4170540
417053
4170509
4170507
41704942969599
41704751
4170436
417041188
4170406j
4170375pollin
417035
41703283
417031
41703
4170294
4170272
41702686
41702536
4170250
4170235
4170228
41702208
4170218
4170216
4170186
41701701
41701359
41701125
417010132
4170084
4170073
4170046
4170039
417003321
41700303
417002
41700123
417/12
416war
416thunder
416sirena
416selena
416samar
416rocks
416reahc
416omar
416na8120
416mrt
416mercy
416mds
416marco
416lyfe
416kenwood
416kee3565
416kalebd
416indira
416greer
416g244
416evol
416dubp
416dml
416d
416cas
416benz
416babyko
416arc12mar88
416allen
416TONO
416REAHC
416APRms
4169rc
4169elenano
4169991109
416999
416997
41699593
416995
4169937
4169927
4169923924
4169904
41699
41698841
41698612
4169855
4169814200
4169802223
41697ac
4169770
41697003071
41696jess
416969
416967
4169650
416960
41695mrb
416959
41695351
416952
416951195
4169505219821217
41694t
4169483
416947a
4169456
4169420
41694169r
416940
416938
41693411
416933
416932011
41693173
41693139
4169306
416930
41692kk
4169289
41692849
416928
4169277
41692555
4169216
41691a
4169186070
416917
4169130
4169106973
41691
41690oma
41690865*
41690573
4169046413
4169027078
4169010
41690-16
4169
4168misty
4168kt
4168che
41689gorilla
4168996
4168979956
416897654
4168965102235988
4168963
416895260
4168933
4168906
4168879915
4168872
416886
4168852066
41688179
416881
41688063
41688007
41687fishy
41687872
4168765
4168761
416873259
4168723
4168717007
4168715
4168706y
4168704j
416869
4168666
41686513
4168623
416862
416861
4168600
41685rock
4168589
4168580526
4168561734danika
41685513
4168547490magnolia
416850
41684bj38894ab
4168486398
4168468
4168432087
4168398793
416839
4168360880
4168333575
416831996
41683095124
4168309
4168288kyc
4168277428
41682659
4168231
4168226295
4168212
4168202024
41681love
4168193
4168180
41681688
416813
416810
416809
4168078139
416806
4168054
4168044522
4168030805
416802
41680163
4168012
4167tl
4167jo
4167cc
4167ME
4167Dima
4167991
41679765
4167970227
4167963
4167923
4167921033
41678m
4167879
416787
4167856515
4167846
416784
4167821357
4167801920
4167801
41678
4167789
4167776
416774
4167738
4167732
4167712
41676p
4167677zxa
416766
41676440
4167597
4167587
4167576
416757
4167551244
416755
4167546864
4167525
4167512
416750
4167478872
4167470313
4167458506
416744846
4167442
4167433
41674159
4167412113
416741
41674
4167374
416734891
4167332123
41673170
4167312907
4167299363callme
416728
41672542
4167247207
4167241
4167229
4167217
416720k
4167194
41671709
4167152
4167148
4167134
41670j
4167032965
4167-17
4167
4166rap
4166WHS
4166972
416695
4166947
4166938325arni
4166930
4166920
41668883
416688
4166869
416686
4166855
4166848a
41668418
41668248
416681
4166755
4166745786
4166722ar
4166717762v
416669ak
4166688832
4166682823
416666lm
4166655
4166600
41665840
4166566027
41665497
4166545814
4166540813
4166536437
416652
4166502
41665
4166481105
4166456
41664400
4166438
41664166
4166386089
4166364120
4166353
41663433
4166336425
41663187
41663056
4166296
416627bitch
41662681
416625314
416622089
4166216
4166200476
41661982
41661770
4166172866
4166168
4166148660
4166141661
416613
4166126
4166119
4166099
41660886873158
416607
416605
4166042322
4166032645
4166030
416602
41660089
416600278
4165tomp
4165straight
4165leng
4165erin
41659lol
4165984
41659804
416596
4165906
4165884653
4165878
416587
4165863
416586
4165857
4165845
416582
4165804645
416579
4165787717
41657505
41657321
416572
4165698882
41656889
4165673
4165667
41656560
4165640
4165623456
41656091332
4165593
4165579
4165570782
416556841612548
4165550123
4165534850
4165517817
416550412343
4165486512
416547
416546
4165454
41654436
416544
416543
4165417qwe
4165416
41653971997
41653917
4165385
4165367
4165362984
4165352161
41653404
4165311
4165306
4165285
41652624125
41652484
416523linda
41652357
4165226
4165213
41652031
4165190
4165164425
4165150
416514960
4165132
4165120
416511
4165094
4165066123
41650596444
4165054153
41650294
4165021464
4165015
4165
4164tm
4164r1
4164ever
4164bw
4164MANG
4164995
4164984623
4164970067Thea
4164944029
41649364
41649138
416490
41648736/rodrich
4164852
41648482
41648324
4164825
41648
41647845
4164766
41647624164762
416475647
41647402
4164718
4164709
41647
4164690
4164680
41646699
416466
416465
416463
41646263
416462
4164613900
4164608
416460226
41646
416459
4164585
41645768
4164568
4164563
41645434268
416453437
41645242720047
4164516
416451
41644934
4164485
416446
4164443572
41644282
4164412
41644074173537
41644*/9
4164398274
4164395839
416439185
4164389
4164383239
4164376
4164367956
416432866
416431893
4164314
4164294127
41642880
4164280
41642615
4164251
4164235982
416423
4164211
4164206
416419738
4164190
4164186938
416418
4164175
416416608
4164161ali
4164158maf
416415559h
4164146
416413
41641271
4164120
4164105
41641007
41641
41640988
4164076
4164064
4164038
41640320
4164018533
4164008
41640025
416400
4163nate
4163jt
416399589
4163992
4163988
416397a416397a
416394m
416393638
4163926
416391
4163901
4163894
416387896
416387
4163821
4163819
4163812
416381
416378521
416377759
4163771
416374889
41637391
416373245
416372952
4163702
4163683
4163655631
4163650
4163638
4163621
4163617
41636079
41635tony
416358667
416357822
4163572641
41635632
4163537
416353426
416352819
4163525
416351CB
41635150
416351
41635076
416350
41634924
4163466
41634523
4163447
4163439
41634163
4163412
41634.0s
4163393
4163375
416337
41633614
416336
416335036
416334323
4163339517
4163334020
41633304
4163329983
4163327
4163317466
416331563
4163309922
416330667
41633026
41632666m
4163258
4163250
4163238
4163231694
4163219873
416321
416320
416319557
4163192791
416319
4163181
4163177aA
416317291
4163168
41631533
41631425
416313311n
41631212721308
416311036
416309
416308
41630629
416304465
41630210
4163011875
41630050
416300
4162rrr
4162mg
416299863
416298758
416298084
416296099*
4162949
4162929a
4162927
4162920
416291391
4162913
4162906724
4162892
416287
4162848631
4162834
416282237K
4162820520
416280
4162790
416278
416277046
4162737
416273
4162721emremert
416271088
4162704
41627
4162689751/m
41626749
4162661
416264
416260
4162592
416258274
4162571
416255641
416253828
416253
4162517
416250y
41625
41624910
4162485
4162481697madiha
41624708
416245834653
4162452596
416244014
41624361
416243
4162427
4162409234
4162407096
41623a
41623955162
416237242
4162371
4162355142
416235
4162313
416231
41622jag
4162290j
41622904
4162265
4162238
416222a
41622097
41622032
4162189
4162172
4162168
416216261
4162140
416213638c
41621313
4162128143
4162121
4162118
4162105
4162099
416208
4162058551
416204
416201
4162005bnj
4162002
4161yasemin
4161np
4161lm
4161emre
4161a
4161997j
4161991h
4161989m
4161983
4161977q
4161976
4161972
416196
416193
4161925joan
41619040
416190
4161888
416187
416182166
416181
4161792
416177
416175588
416175171291
41617457
416172920
416171
416170093
4161679
4161671
4161661
4161645
4161636
4161619
4161615
4161602
4161588
4161564
4161561
416154686
4161524
4161521
41615171
4161508
41615
4161472583
416146526520
4161444
41614402
41614335
4161416a
4161416
416141
4161398
4161372
41613695
4161364
4161332
416130925
41612dpl
4161286
4161281
4161270
4161266
416126
416123=-=-*
41612322
4161227
4161221
4161219
4161214
41612123
41612081
41612061
41612019
416120
416119966
4161191
4161189
4161173g
416117
41611556
4161149
4161137
4161129
4161123
41611068
416110080
4161097888
4161092
4161084
416106
41610598
4161043
4161036
41610129
41610070
41610056
4161000
4160ej
4160aekara
4160Baseone
41609NALO
41609811
4160975
4160930laguinlin
41609066220982
41609
416088503
416086921
41608590
4160848
4160828
4160813ag
4160808x
41607love
41607503225208
416074
416072a
4160713
416070
41606NESSA
4160687
41606535
41606440
416063alaax
416062
41606108
41606027
416060
41605m
416057c
41605527
41605398
416052
41605
4160477
416047
4160458.
416043422
416042535
41604160
4160400
4160376
416036532
4160360
41603411608
4160332
4160320
4160313
416030
41602883
4160262
4160236th
41602
416018
41601423211182
4160117
416011
41600a
4160089515
4160069
4160059
416004
416003591
4160029
416002682
41600
416.3705
416-1472
415xiv
415tuncay0637
415thunder
415tefaray634
415surgery
415stoner
415shad
415sfkilla
415se818
415rocks
415red
415prapapron
415porsiempre
415part
415pack
415o44
415monkey
415mixes
415may
415matute
415marin
415marenco
415magazine
415luvu
415lover
415loca
415livin
415lennon
415layca
415kiss
415king
415kathryn
415k324
415jordan
415jamie
415inca22
415house
415hnc
415harden
415gonzalez
415girl
415geyser
415frisko
415franklin
415fool
415fatal
415edtbl
415eb5164
415dulce
415dre
415diana
415crunk
415ciata
415chica
415chatillo
415califonia
415bunny
415boss
415ble
415be4
415b40dd
415angel
415alrak
415acel
415abc
415_9786j
415TELL
415SCO
415LOVE
415KITA
415EMILL
415CALI
415BLOODDS
4159zina
4159lunch
4159car
41599la
415999
415997839
415997
41599634
4159951
415993
41599084
4159900170096
41598p
4159880
415987pm
4159860
4159837
4159803
4159788
4159756
4159729barbara
41597
415969u
4159684
41596607_mariane
4159653
4159649
415963241215353500
415961114
415960
41595kb
4159571
415954
4159518
415951
415948
41594758
4159446
4159437
4159432
41594203
415941
41593tre
41593917
4159375
415936
415935
4159341
4159338
4159325
41593111893
41592wazzup
41592s5
41592g
4159292
4159275
415925dd
4159251
4159224
41591mjv
41591J
415919
4159186
415916
4159133
41590s
415908
4159051522@grrg@
415905
4159040
4159028
41590190
4159013
41590069
4158lopez
4158cp
4158CH
41589922
4158968
4158966
415895501
4158943
4158931991321123
41589284
4158914
41588ram2006
41588girlygirl
4158896
4158875
41588400
415883894
4158827
4158814
41588
41587hc
4158785
41587632
415872756
415871
415869
4158665619
415864775642089
4158625a
4158599
41585911
41585766-h
41585637
415854159
415851214460
41585096
415849f
41584793
4158435
415841
41584045
4158403
41584
41583kdw
41583f
415838
415837
4158353
415834ng
4158318038
415830
4158293
4158291*858p
415826041211
41582533
4158252
415824mlm
4158230893
415822443
41582150
4158206
41581990
41581749
41581527
415814
4158134
4158130
415812
415810
41580jm
4158063
4158033
41580203
415800609
4157ss
4157mb
4157ames
41579a
415798
415793
4157902
41578892
41578690
41578680
4157849
415784
4157830
4157825
415780787
41578
4157778
4157759280
415775060
4157735
415768990
415767
4157641576
41576154
4157609
4157584
41575697
415755707
4157533
4157531
4157524
41575176
415750788
4157498
41574841852
415747
415746321
415745
4157434
41574267
4157404
4157395
41573684
415735896
4157352537
415733533
415733
4157324
41573080
4157299
4157288855
415726
415725424095
415724
4157231TW
4157221442
415721
4157193
415718
4157152k
415714745
41571449115
4157144
415714
415713300
415712
41571002
4157094tatiana1
41570897
41570679
4157066295
4157057
4157034
41570153
415701
4157
4156ryd3r9196
4156hugo$!%&
4156as
4156HUGO
415699452
415698862a
4156979
41569759
415697137
415696527
415695163312908
4156951
415694846
4156932
415691c
415691
41568teetee
415687
41568444
41568318
4156827
4156803
41567910213
415677897
41567728
4156753
415673783
41567219
4156719605
415670
4156693
41566672
4156649
41566354
4156624f
415660
415659605
415659121
4156583
4156577
4156572
41565674
4156562
415655
4156543
41565411
415652c
4156526419506419
415650dgr
415650201
4156479
4156471863
4156437
4156414
4156399
41563896
415638437
415637t
4156370
415636792
4156358
4156356
4156342
4156332
415632713
415632085
415630433
41563
4156292
415629
415628
415626
4156240
415623798
4156228
415621
41561983
41561909
4156178
4156164169
4156145
415613599
415613067
415611
4156081vv
4156075
41560711
41560644
4156032
415603
41560279
41560
4155taylor
4155cm
415598678
415598351
415597734a
4155965
4155955
4155954241
41559414
415592441
4155918
4155905
415590
4155898
415588j
4155868
41558608
4155847
4155839
415581
41557865
415578
415577273
4155770655
415577
415575
4155744
4155728
4155689
4155666
4155661
415564
4155619
4155605123
41555612
415555106
4155531
4155518
415551495h
4155506
4155483
41554580
41554563
4155441554
415541
415539en
4155390
415537601
4155354
41553486dnijcm192
415532880
41553102
415530789
415530
41552813
41552596
4155243
4155231
4155213
41552000
415519
41551724
41551615
4155158
4155153
415513j
4155134
41551281
4155115
415511
415510d
4155105sb
41550957
4155086424
415507
4155059
4155041550
415501klr
415500a
4155006
41550
4154ne26
4154aa
41549982314
41549922
415498
4154972
4154959-lil
4154957123
415495619
415494521tfsl
4154935
415491467
415491
4154877
4154869a
4154868ernesto
4154860
41548353
415481
4154806
4154802
41547900
4154746695
4154743
4154740
41547101.r
4154693
4154681091
41546786
415467
415466
41546449
4154634
4154629
4154615
4154549cell
415454
415453
415451ew
415451
41545081
4154504ap
41544rp_24
4154454
415444
4154421
415441544154
415441
4154401234
41544
41543871aso
415437
415435
415434
41543276
4154319a
41542dd
41542743
4154265
415426
4154253
