235bob215
235areli
235_987
235JeAn08
235Fshn*
235ASS
2359ron
2359oakdr
2359miljengabo
2359martin1006
2359Sunderji*&^
23599870
2359977
23599689
2359942
23599376
235993
2359919
23599004
2359898
2359893
235989
2359888877
235987233
235986a
23598587
2359858123
2359855
235985
235983
2359822
235982
23598171
2359804e
235980
23597hey
235978j
23597879
2359783d
23597795
23597769brasil
23597741130
2359768
235976
235975
23597469
2359739
23597370
23597232348428
235971746
2359711p
235970827
2359706235
23597047
23597
2359684
2359669
235966244
23596582
2359654
2359647
23596383
235963
23596135
23596041
2359601
235959m
23595938
235958663
23595810
235957
23595599
2359550
2359541
2359531
235951
23594EvgEnia
23594856
2359476
2359467
235946
235944
2359434
2359419j
23594153
2359408
23594039
23594+
23593922
235939
23593644
235935FAY
2359356
2359345
2359343
23593386
2359335
23593120
2359305
235930013579
23592k
235929
2359287
235928
235927
2359267
23592659
235926
2359251087
2359249
2359242
235923r
23592385
2359232
2359224
2359208
23592032
23592008
23591986
2359179
235917219982004
23591691
23591672539167
23591445
2359138
23591285
23591194pit.
2359113
23591083
2359095
23590862AxJ
23590659
23590632meng
2359056
235903
2359024
235900
2359
2358qua
2358nj
2358myla
2358jj
2358eddie
2358alex
2358_david
2358LB
2358995
23589838
2358975
2358968
235896
2358958
235895
2358941g
23589377
2358921diane
2358918
2358912
23588dogo
2358888j
235888
2358869
23588532
2358835
235880284
235880
23587979
23587879lorena
2358787
235878652440842
235877beta
23587787
23587775
2358775
23587704123
23587654040395
2358760jm
23587602
23587469
23587400
23587399
2358737
23587331
2358725
23587242
23587143rodolfo4
235870j
2358704
2358701
23586951
2358688
2358681
23586789
2358675
23586509
2358644
2358631
2358624
235862
23586120
2358604
2358601
2358592
2358581
23585523
2358544
23585365
23585335252
23585213
2358508
23585
23584833
23584688
2358463
23584562
2358453
235844
2358437
23584325
235842kj
2358419123
2358412
2358411
23584077
23584018
23583859
235838
235837
2358364
23583567
2358343123
23583427
235834
2358331
23583255
235832
2358318
235831
2358303
23583001534401470931
23582996
23582910
2358275
235827
23582594
2358251929*anime
235824b
23582381
2358235885
2358234123
2358231
2358229
2358223202
23582080
2358206
23582045
2358203
2358190
23581816
2358173
2358167
235815263003
23581481
2358145
2358143j
2358137696jose
23581360
23581336
235813213455
23581285
23581247
235811A
2358118
23581126
235810
2358099
23580685
2358060
23580461
2358041
235804
2358028
23580098yaht
2358001
23580
2357tkzee
2357of2010
2357ma
2357j9
2357harry2000
2357fiellen
2357du
2357chun
2357boi
2357bimnsd
2357aa
2357FL
23579oae
235799
2357982
235798
2357956bd
235794
2357934A
23579332397
2357931
23579254
23579168
2357911
2357907023
2357900842123e
23578J
235789410
2357885b
2357879
235786k
235786
2357847
2357842
235784
2357834
2357821
235781347
23578041
23577eliana810
2357790
2357781
235776gia
235776
23577532
2357744
2357737
235772205
235770j
2357689
2357673
23576596
2357641
2357622
23576138
2357607
2357603
2357592
235759070885
2357583
2357578/
235755
2357532
23575264523
2357521
2357519
23575178
235751
23574a
23574792
235747
235746654
2357466
2357445
23574272
2357425123
2357410
2357409
2357399
2357395
235737
2357352
2357341
235732
2357298
23572923
235728393
23572705
2357266
235726
2357255
235725
2357234
2357227
235722
2357203
2357179
23571647
23571543317
235715
2357138
235713
2357123571
2357118
2357114
2357111317
2357098
235709
23570731
2357066
2357044
2357037
2357026
2357020
2357012
235701
2357008
2356tp
2356red
2356ola
2356mdr6s2
2356lardz
2356kdw
2356hareram
2356gg
2356cb
2356agner
23569s
23569a
2356997
235698869461d7
23569823
2356976310
23569701
23569638
235696
2356957421
2356950a
235694
2356916
23569105
2356900741
235689za
235689wildo
235689ml
235689l
235689i
235689di
235689b
235689anm
235689_phai
23568999
235689761
235689741alan
2356897410265
2356895
2356894
235689235689
2356891R0
235689147q
2356891457
235689124578
235689123
23568910
2356890147
235689/***
235689.
235689*
2356886532
235688
2356866
2356854
2356843
2356836
2356833
2356823568
2356817
2356814
2356812
235681
235680
23567996
23567954
2356789stain16
23567893
2356778
23567712
23567320
235672S
2356725
2356704
23567-march97
23566fat
2356689147
2356682
235667ace
23566401
2356636a
2356632
2356626
2356615
2356604
2356601
2356595
23565870
23565862
2356581541212064claudia
23565790
2356576
23565742
2356571
23565637
23565620
23565533
23565472
235654
23565378
2356537
2356535
2356525012365
2356524
235651m
2356517
2356513323565133
2356506
23564t
23564912
2356489
23564789
2356474
23564641
2356459
2356457d
235645
23564310
23564253
2356422dani
2356420
23564161
23564125
2356409
2356401
235639
2356384
235636501211
2356358
2356350
23563417
2356337c
2356330
235632
23563142
2356300m
23563
2356298
2356292
2356284
23562731
2356265362536267
2356263
2356249
235624585
2356237mdp
23562365269
23562356m
235623562
23562323
235622595336714
2356223
2356217
2356212358964782
23562081
2356201
23561937
2356180
2356173
23561671
235616
2356150
23561478
23561356
235613
23561121702
2356110
2356098
235609
23560843
2356082k
235608
2356063
2356056
2356053
23560353
235603
2356023
23560209
235601kmd
23560089
2356003
2356*
2356
2355womama
2355telemovel
2355taed
2355rr
2355p
2355nanding
2355day
2355bell
2355Bo
23559d
2355994
2355989
2355975
2355969
23559448
2355942
235593
235591jd
23559121
2355906
2355903
2355895
23558875
2355884
2355869
235586
2355847
2355829
2355806gye
2355794
235576864558
235575m
23557415
2355732h
2355730
2355725
2355720
235570a
235570822passook
2355700
23557
2355695
235568blg
235568455
2355681
2355677
23556687
2355659
2355647
23556380
2355628
235562
23556161
23555sss
2355583256
2355578
235556
23555562
23555527
2355541
2355540
2355536
2355521
2355515
235551
235550
23554b
2355495
2355489
2355484calavera
2355481
23554791
235546mk
2355467.3bear
2355465
235546
2355453
235544
23554297jasa
23554269
23554248384
23553Cherie
23553983
2355392
23553895
23553680
23553474
23553412
2355332
2355323212
2355320
2355301
23552k
23552Bella
23552941
235529
2355288
23552797
2355272
2355254
23552490
23552488
2355243t
2355240
2355239
23552352
2355233
23552295
2355226
23552180
23552114
2355210
2355209coro@
23552045
23551984
2355198
23551966
23551866
2355184
23551748
23551528paul-
23551493
23551471
23551444
2355138
23551376a
23551324
23551260*
23551239s
23551118
2355109
23551073
2355099
2355090
2355063
235505tjt
2355044
2355036
235502a
2355025
23550142
2355013
2355002scn
2354xxx
2354wee
2354powel
2354mu
2354gee
2354dh
2354baby
2354ADe
235499im
23549886
235498
2354972
2354962339
23549552
23549509
2354940y
235494
2354923bm.
23549156
2354908
2354896
235489!
2354871
235487
2354865
2354859
2354857
2354838
2354834097
235483
2354825
2354811
2354806
23547953
235478aim
2354778
23547614
23547541
23547459
235472s
23547194
2354703
23546977
23546881987
2354684
235467snop
235467890
2354672
2354667
23546633
2354659
2354657
2354643
2354632swe
2354627u
2354620
2354619
2354612c
23546084
23546031
23545924
23545893
235458
235456116113154
2354558
2354548
235453833642
2354531w
2354519
2354515
2354505
235450
235449641387
2354480
2354451
23544381m
2354434
235443
2354424
23544225
2354419
23544157
2354402
23543d7ere
2354393
23543883
2354371181192ana
23543623
2354360
2354345
2354320
2354318///
23543117
2354299
23542974448
2354285
2354284
235427jr
23542703
23542570
2354246
2354240
2354236
2354227
235422
23542106
235420t
23542041
23541sr
235417i
23541702
23541676
23541587292
2354156
235415
2354131
2354121
23541190
23541077
23540d
23540710
2354056
235405
2354043
235404
2354031
23540180
235400722
23540
2353io
2353994
2353987
2353969
235396
235395
2353946
2353930
23539241
23539156
235391
23539064
23538966
23538812
23538760
23538753
2353867
2353862
2353858
23538530
235384817694
23538422
235384
23538330
23538303
2353828
2353811
235380
23537me
2353792
235379
235375431
2353746
23537410
23537380Mariangel
23537300
23537275
23537196vivi
23537171.s
235371
23537
2353693
235369
23536832
235367829
23536772
2353674
23536671
2353662
2353652
23536468
23536401
2353630
2353627
23536241
23536206
2353612
23536064
23536052
2353604
23535sm
23535988
23535952567976
235358980694
23535862
23535832
235357chelo
2353572
2353563
23535570
23535523
235355
2353545
235354123
235354
23535355
2353522
2353516
235351298
23535068
2353505
23535005
23535
2353494
23534838
23534797
23534767
2353474r
23534715
235347
2353463
235346
23534510
2353435
23534216
23534199
235341
2353408012
2353390
23533858
235338
2353377
23533731
2353368
2353346000
23533386
23533366
2353333
235333
23533243
2353316
2353309
23533023stefanylg
235330029nem
23532954
235329
2353278
235327
235326884
2353251
2353247533
23532353t
23532262
2353221
23532194
23532151
23532127296
235321
235320256
235319thaveso
2353192
2353187
235316513
23531575+lindsay
235315185
2353143
235314
23531362
23531348
235313
2353124
2353123
2353117894
23531109
23531025
23530mai
235309
23530829micel
23530774453
2353063d
23530594
23530534
235304330
2353040
2353038
23530320angelis
2353025
2353023
23530126
235300a
2353004187
2353
2352kh
2352christy
2352angel
2352GIOVANNI
23529995
2352991
235298710
235296956
2352966
2352961
2352954235
2352946
2352944
2352930
23529275
23529236020778
235290san
235290499212
23528976jm
2352890j
23528803
23528774
2352871
2352865
2352859
2352857
2352851h
2352842
23528340
23528331
235282_mare
2352827
2352812
23528068
23527968
235278lol?
2352783
235277akk
23527726
23527672yubi
23527628
23527558
23527524
23527426
23527420
2352725
23527211
2352719
23527148
23527082
235270460
2352699
2352698
23526897
23526786
235267026
235267
23526662
2352662
2352643
2352642
235264
2352633
2352632
23526301
23526262
2352623526
235262
23526152
23526134
2352613
235260w
23526056
2352594
235259
2352585
2352581
235258
235257625
2352567
2352560
2352552
23525452
2352543B
23525415
2352538
2352535
2352534
2352528
2352526
2352524K
2352521
23525144
2352501
23525
23524953
2352490
23524891victox
2352483
23524817
23524793
23524777
235247
2352463
23524525
23524516
23524455
2352442
23524375213500
23524262
235242
23524150
2352414
23524100
235241
23523951
23523885
235238
235235lo
235235a
235235600
235234yan
235234582
2352337
2352335
2352328
235232
2352310
23523054011507
235230475
2352300
2352294E
2352285yusne
23522762
235227
2352258
23522566
235225215
2352225G
2352222352
2352215
235221
235220647
23521994
23521903
2352181
235218
23521723
2352161
2352159
2352154
235214
2352135520
235213
23521235
2352117
2352115
2352111
235211
235210710
2352098
23520948adam
23520933
2352089
23520852
2352083m.
2352081381
235207561993
23520696101965
23520567
23520455
23520404
2352037730908
2352034
2352032
235203
23520286
23520241
235202
23520136
235200417
2352001
2351volk
2351shire
2351palerma
2351monique
2351marie
2351emine
2351cdgmail
2351@AA
235199528
2351993chester
23519920
2351989@
23519884elvirus.
235198742
23519852351985
2351982a
2351973
23519714
2351970
235196861712
2351963r
235196
2351957
23519448
2351936ken
23519364
23519361
23519344
23519336
23519323
23519319
235193
23519255
235192332
2351923
23519217.v
2351915
23519107
23519
2351894
2351892
235188
23518770
235187568
23518687
23518588
23518471
2351842
2351836
235182favu
2351826
23518203
2351814
235181
2351808
23517ur
235178825
235178596
23517821
235175
235173
2351724Ald
2351723
235172
2351710
2351708390863323
235170
2351692
2351682
2351664
2351648
23516428
2351631
2351628
2351625986
23516234
23516218
23516145
2351612a
2351602
23516.adri
2351590carox
235158891
2351584
2351576
2351561
23515599
2351553
2351548
2351542
2351535
2351527
2351522
2351502f
23515.
2351495610
23514941
23514901000
23514801miffy
23514706
2351467qwe
2351454
2351452
235145
2351440
23514369
2351434
2351420
2351415wnals
2351403
2351387
235137
23513670
23513602710191027
2351359
2351354
235135
2351342
235133
2351326
235132
235131
2351308
23513
2351297
2351289
2351284c
23512810
23512791
23512618antho15
2351253
235124gs
2351235
2351234
2351229
23512217kkk
2351216
23512106
2351210
235119milja
2351180
235117658346
23511555
2351121K
2351114
2351111
2351108
235110
23510g
2351087
2351077227
2351074110
2351073032
23510670
235106
2351052170
2351039320
2351037881
2351036980
2351034712
2351033766
2351033722\\
2351032811
23510313
235103
2351026098
2351024655
2351024106
2351023246
235102
235101
2351008ccy
2351004
2350gdc
23509love
235097k
235097
23509585548996
2350953
235094307dani
23509278
23509128
23509033
235088756
2350885
2350875
235087
2350869
2350867
2350864
2350857
2350852
235084211
2350837
235083
2350823_mauro
235082
2350801
23507sa
2350793
235079
2350770
23507618
2350758
2350743
2350733
235073
235072103t
2350714
23507099
2350706
2350704
2350700121
2350695
2350680
2350678
2350669
2350650
235064858
2350643
235064
235062k
2350621
23506148
235060903
235060
23505972
23505940
23505938
235059
23505750
2350572
23505645
23505539
23505427
23505111
2350510
2350503
23505
2350497itismylife
2350475
23504678
23504597
23504504
2350448
2350437
23504323
2350425
23504018
23503k
23503979
23503926*
2350390
23503884
235038
23503785
235037
2350362
23503431
2350340c
23503382
23503323
23503291
2350321h
235031a
2350317
23503133
23503102
23503047
235030
2350299
23502947
2350290
2350285
235027204915288
23502530
23502500
235025
23502455
235024
23502367
23502350y
23502333
23502319
23502100
2350205meshader
23502
23501967
2350185
23501742
2350163
2350161_1988
23501569
2350153
23501442
2350134
235013
2350128
2350122
2350118
2350114
235010colm
2350105
23501020
23501
23500gb
2350092
2350083942
23500825
23500788
23500705
23500678b
23500665
23500627
2350058
235004@@fendy
2350043
23500417
235004
2350024
23500134E
2350006
2350002
235*756452
234zaryc
234yosoymel
234xuaak95
234winchesters
234wes65fdd198
234werh
234wer567
234we1
234waj
234villa
234uni432
234ty
234ts92
234traxihot
234tjg
234ting
234tiger*in
234ths
234tagged
234south
234sky
234scd
234samuelyarely
234sam432
234rwnhn74
234rosmary234
234ritch
234rb156
234qwe
234psk
234poosea
234paprika
234nolan
234nicole
234n8y774
234mykids
234moneyman
234mj
234me2
234max
234mamak
234mada567
234lynn
234loveu
234love888
234lolipop
234lkj098
234live
234lex
234kyz
234kkrcdc
234kdd234kdd
234kate
234josie
234jingjing
234jep
234jay23
234isthebest
234iloveyou567
234hon
234hate
234haha
234girlfriend
234fyozf
234fuckofff
234fridolin
234feb691
234fabyyy
234evr
234ert7
234ec73
234eab
234dyn
234door
234dfg
234dell
234dede
234d6bcc
234crazy
234chikis
234chelsearule
234catzdogz
234canton
234bum
234bruce
234bluepenguins
234bcd
234azi
234asszx234
234asdf
234ariane789
234ahenak
234aek
234abcjey1
234aaa
234_maisie
234WSXcde/
234WER
234TENGKLAY
234Rainy
234MHop
234MAKAYLA
234Jade
234HARUNLURUM
234ARIES
234ABC
234@904
234@#$
2349xyz
2349tabi
2349mon
2349hh
2349_2349
23499a
23499841
234998
234996m
23499583
23499505
234994056h
23499296
23499271
23499190994fabi
2349917
2349912
23499036
2349900034779
2349900030919
2349900023565
23498ok
234988
2349871
2349860579399
2349859
23498430
234984
23498316
234982
2349815
234981
23498030
23497novi
23497873
2349776
23497740
23497644
234975430
23497531carolina**
23497485
23497402
23497316quintero
23497259
2349723497
23497114
23497069
234970
23496929
234968950
23496835
23496667
23496593
2349639266
2349622
2349602
23495syaz813
23495eee
23495978
2349590_dal3smsm
234959
23495814
23495666
23495607
23495536
2349550
23495453
23495376
234953
23495155
2349507
23495
23494ead
2349494
2349472
2349452
234943545
2349418
23494125
23494045708niko
2349403
23493calvin
2349389
2349383
2349379
234935
2349333
23493316
234932
2349309
2349302
234930164
23492875
234927
2349262654serdar
234925
23492405b
23492349m
2349226
234921531
23492000
234920
2349195
234917
2349164
2349160
23491558
2349143
23491222
234911963stna
2349100993
2349078
2349064
2349058
2349054
234904234904
23490308
2349023490
234901
2349001
2349
2348love
2348kh
2348gt123math
23489m
234899t
2348985
2348974
23489630
23489605
2348918
2348910
23489004
23488888
23488818
234888
23488698
23488619maps
23488550
23488469
2348823888
234882
23488068
23488
23487952
2348794
234879
234877luzyanet1237
2348761
234874L
234874
2348732lpl]
23487283MUNEKA
23487219
23487138
23487012
23486r
2348689
23486757
234867
234865mk
23486515
2348628
2348626
23486203
23485lothario
2348590
23485770
2348575
2348564kely
2348560sam
2348556
234854
2348535
234853
2348523
234852
23485113
2348500
23485
23484mfohm
2348499
2348481
234846Ch
2348459
2348433
2348427
2348421
234841701
23484000
23483abdi
23483919
234838
2348356
234834
2348319
234831
234829b
23482812
2348274
234825
2348231LIMA
2348223
23482028
23481991
23481929
23481828
23481680
23481493
234814
234813
2348123
234811
2348105
234810
23480842219225
234808
2348073
23480701_keka
23480671900
2348060
2348053
23480516793667
234803
23480102
2348005
23480
2348
2347ct
2347_corrientes
2347986
234797348
2347966CuNeYt
234796
234794880
2347941
234793
2347925
2347919
234791
2347902
23478y
23478965
234789179
234789000
234788
234786hoho
23478641
2347859
23478423
234784
2347833a
234783
234781774
23478052
2347788
234778433
2347783
23477765
2347768
2347744
234772
234771
23477
2347692
234768
2347661
23476361715
23476294
2347611
234759
23475767
23475704
23475601
23475536m
2347534marias
2347533
2347526
2347514
2347506
23474equsb
23474964
23474906
23474750m
234747
2347452
2347443
2347439
234740298
23474
2347397zs
2347386
2347382
2347334renny
2347310
234730
2347292
23472824wa
2347274
2347264
2347253e
23472453
2347238/
23472336
23472318
23472282
234722263anamar
23472195
2347211
2347198S
2347193
2347162
234716
234714
2347130
2347127
234710a
23470911
23470791
234707203250721
2347041CJ
234704
2347035
234703
23470289
234701a
23470157
234701
2347001
2346y254y
2346th
2346qaz6432
2346mb
2346jjm
2346dwxy
2346bs
23469pink
2346995
23469654
2346931
2346917
234691230
234691144
234690
23468S
2346891
2346882
23468746
23468661
23468445
23468348
2346823
23468127
23468076
23468
23467shaveh
23467a
234678699
2346783
234677wlm
23467727
234676
2346754
2346750
2346741
2346735
2346732228
2346709
23467
2346695home
234669
23466782
234667326
2346659
234664s
2346645
2346639
2346636
2346625
23465zqprs
2346588
2346586
2346576901
234655123
2346547930
2346536
234652346523465
234651234651
23465012
23464896
2346484
2346476
234645988
2346458366
23464486
234643c
234643/miguel/24/12/
234642234642
2346414
2346384
234637569
2346361
234635
2346343
234633
2346318
2346305
234630
2346291212
2346282
2346274a
2346256
2346254
234624
23462346Y
2346233
23462245
2346222
2346220
234620
23461joe
2346195
234618kp
2346165
2346159
2346142
234613
23461213
234611
23460831
234606spurs
2346051
23460488
234604
2346023___23460238586
23460206
23460052
23460
2345yayis
2345wed
2345urin
2345u
2345tyu
2345to
2345t
2345samurai1611
2345ro
2345r
2345q
2345phil
2345or
2345monserrat
2345mda
2345lovable
2345la
2345kids
2345jordan
2345jn
2345jen
2345ilse2345
2345heat
2345gaby
2345fix
2345delta16
2345daya
2345czxs
2345cat
2345beth
2345asdfg
2345anto
2345angel
2345an
2345ah
2345a
2345^&*(
2345LILIANATEAMO
2345JE
2345999
2345985
234597L
2345968
234594a
2345943
2345938
234593
23459212
2345916
234591
2345904
234589761
2345892290
23458909
2345890-
2345876j
234586
2345858246
2345852100
23458321
2345827
2345815k
23458091
2345804
2345800194
23457l
2345791806
2345785
23457699
23457608
23457520
234575
2345735
23457238
2345722
23457210
234571vv
234571425
2345702
23456tt
23456t
23456r
23456pccrps
23456kik
23456j
23456fat
23456c
23456b
23456X
23456P
23456Ak$$
234569w
23456929
23456879
23456812
234567t
234567s
234567p
234567j
234567g
234567b
23456790federer
2345678t
23456789muerte
2345678989
234567891a
23456789123456789
234567890D
2345678909
23456789012345678901
234567890012
23456787
2345678321
234567819R
234567809
234567789
23456760
23456708
23456677
23456567890
23456541
234565
23456401
23456295
23456245
2345624
2345621
2345619007
2345613
23456095
23456+
23455raven
234558723
23455828
2345577
2345571
23455678
2345566
2345557
2345552
234554
23455344
2345533
2345529
2345523
23455210
2345512
23454k
2345491
234548lu
2345477
2345469
234545775
23454564
2345452
2345450
2345442
2345436
2345422leo+
234542158
2345417
2345415327
234541314
2345403
23454*
23453950
2345388
234538023
234538
234536y
23453676pozo
234536201
23453565
2345350
2345346
234532e
23453245
2345320
23453150
23453114
234530
23452994
23452962444574
2345289
23452754
2345265
23452602
2345255
234525156
2345246
234524255
234524
234523726
23452343
234522LTF
234522457
23452233
2345222
234522
2345200
23451978
2345192
23451878
23451820
234517axl
2345178
2345176
234516yo
2345167
234515m
23451499
23451468
2345136
234512j
2345125099545
2345123
2345110
23451020
234509L
23450969
2345085
234508221814
234507
2345067
23450669
2345063
2345060
23450567
23450405
2345032
2345021677
234502
2345014
23450064as
2345003
23450003644325
2345000
2345+missy
2345+
2344nollan
2344kg
2344j
2344anth31386
2344985
2344977
2344963
23449589
2344955
234495
2344942264974
2344925090
234492241
23449148
2344909
23448kwan
2344887
2344880
23448787
2344863
23448563
2344839
234483
234482
23448037
23448
2344790
234478
234477321290
2344757
23447417
23447376
23447308
2344729
23447042
234469s
23446966
2344693
23446835
23446778
23446525
2344637
23446127
2344598
2344588123
2344584
23445678
234454b
23445456
2344538
23445351
2344523617
23445223
23445072
2344500
23445
234448
234447
23444654
23444556
23444432
2344434
2344423
2344420
2344412c
2344411
23444071
23444008591359
23444
23443815
2344379MANUEL
2344357
2344346
2344335a
2344334
2344332
2344331
234432jd
23443212
2344309k
2344295
234429
2344285
2344277
2344265918
2344263
234425366
23442526
2344249
234424434
234424
2344237
234422766
234422332la1
23442172
2344210
23442009
23441998
234419560a
23441886
23441844c
234418241223
23441782344178
2344171
2344155
23441331
2344122
23441187
2344104
2344097
2344074
23440704
23440642
23440487
23440478
2344045
23440332
2344026
234401
23440032
234400
2343wedhad
2343le
2343kids
2343ders
2343cc
2343blue
2343babe
2343Beez
234399
2343970
23439628
23439580
234395
2343948
234394
234392529x
2343912
23439
23438bqrwj
2343899
234389
234386
2343842
23438360
2343830
2343819
23438088
234380
234378636
23437854n
2343749
234374367
2343739
2343736evim
23437302085
23437062
23437
234369918
234369534
2343688
23436734*vi
2343670
2343655
234365
2343623
2343612
2343605
234360115
234358
234357
234356764r
23435666
234355311
2343542
2343521
23435118
2343503
234350
23434861
23434757
2343471
234345kb
2343451
23434461
234344
23434323,
234343150
23434290
23434272
2343427
2343425
234341470
2343413
234340ts
2343391
23433890
2343386
23433832
23433792
23433700
2343369
23433665
23433623
234335
2343348
23433433
23433324
2343329
23433194
23433184
234331572
234331090
234330p
234329
23432859
2343267r
2343262
23432584
2343251*jay
2343242
23432360
23432163008121
2343212
2343205
234320
23431979
2343192
234318525
23431735
234317
23431602
234315
23431402
234313827
2343136
23431328
234313
2343128431
234312691
234312411
23431191
234311595
23431119
23431049
234310
234308
234307
234305119871981
23430493
2343043434
2343041025
23430399
2343032
23430280
23430264
2343023
23430162
23430092
2343003
23430015
2342uyrzp
2342tcbec
2342prohibida
2342oresteiA
2342mb
2342kpc
2342carl
2342anyelia
234299249
234298248a
234298
234297
234295l
23429510
2342945
234294402
2342941
234293
23429230
23429177
2342909
23428888ch
2342876
23428631
234286
23428520
23428425
23428200
2342814
2342800
23427htuyx
2342795
23427878
23427832
23427792
2342772
23427697
23427555
234275336cf
2342741
234273247
2342730
2342727
23427212344205
2342716
23427138
2342703
2342688
23426797
234266754
23426588
23426502a
234265
23426430
2342631
2342622
2342590
23425899
23425888
2342579
2342578
234257469642645
2342568
234256
234255
2342539
23425380
2342536
234253234253
2342531
2342523
234251987
23425163
2342505
234250194
234249emm
2342486589
23424742342474
2342459
23424587
2342446
2342443
2342437
2342436
23424344444
2342427
2342423424
234242
2342417
23424124234
234240125
2342390
234238st
23423854
234237jws
234236895106729669bitch
2342360
2342357
23423552
23423503ba
234235017
234234s
234234j
2342349498
2342347
2342345
23423434j
234234234242
2342341
234233754
2342333
23423283
23423247
2342323
234232234232
2342320
234231
2342295
2342282
23422765336616
2342274
234227
23422589
2342251989
23422439
2342241
23422342456456
23422308l
2342219
23422150
23422043
23422
2342190
23421807
234217
234216
23421434
23421317
23421278vhk.+
234212
23421101
2342100038
2342099
23420762
2342064
2342059
23420506
23420377
2342022
2342010d
23420069404123
2342005
234200000u
234200
2342
2341scor1
2341qw
2341moes
2341lj01
2341km
2341hola.
2341beer
2341a60
234199scott
2341990tita
2341989german
23419880103389585
23419863
2341982
23419791551978
23419766
2341972
2341968
2341959542monita
23419538
2341950
23419381
2341937
2341926rona
234192479
23419204
23419197
2341918asd
2341903
23418969
234188i
2341888
2341878
2341875
234187123418716
23418679a
23418652
234186
234185
2341837
2341817
234181
2341796
2341780
2341766
234175
2341746
23417398
2341739
234173
234172
2341700017644
234169
2341676
23416656
2341650
2341648
2341631
234162878766
234161ZZ
2341617218
23415r
234159946sh
234159
2341573
234156t
23415681985
234156789
2341565
23415566
2341551
2341535
234152622
2341516
234151
234150
2341496
23414909
234148mo
23414806
2341479
234147
23414624
234145ts
234144
2341432033
23414305
2341421
2341419
23414103
2341401pradeep
2341386
23413662
2341361
23413512
23413468
234134
2341335
2341328
2341319BAP
2341298
234129
2341284r
2341282
234127
2341267
2341259
23412503
23412484
2341246
2341237
23412345
2341234123412
23412312
23412244
23412204
23412164
23411hi
23411974
2341196
23411858
23411844
23411658
23411589
23411524
2341151
23411440
2341139
2341136
234113
2341128
23411263
2341121
23411147
234111
23411*
234109870424
2341092
2341088
2341086075V
2341079
2341071
2341052
23410429
2341040p
23410307
23410278150
2341026750
2341026321
2341025393
2341024568
234102341023410
234102
2341015
2341004
23410
2340roan
2340o527
2340money
2340lg
2340k@der1
2340cal
23409idzen
23409b
2340983
2340977
23409714
2340960
23409575
23409451
23409344
23409240
23409111
2340906
23409025
23409003
23408p
234088260
234088
23408661
2340858m
23408539
2340843
2340828
23408213
2340816
2340808
23408
234078qis
2340724
2340708
2340692
23406822
234066pete
2340659
2340654
234064122
23406372318819,,
2340634
234063110
2340613310
234061
2340605
23406001a
2340598
2340590
2340575766
2340573
234056d
2340557
234054075885
2340532
23405254*
2340518998
2340512
23405040
23405030
234050
23404rbcrd5
234049j
2340488
2340475
234047
234046
234045465
234045
2340435
2340420
2340418
23404038
2340398
2340381
234037853
2340353
23403431
2340338
23403316190
2340328d
2340316
23403098
2340303037
234030
23402865
234027099
234025
2340244232310202
234024
234023
234022
234021234
234021
2340200002442
234019
234016a
2340159
2340151291988alejandro
234014PR
2340147
234014
234013
23401225
23401190/Robeto
2340110
234010
23400nicosex
23400ds
23400949
23400845
2340081987
234007
2340065
234006
23400547
234003W
2340035
23400293
2340024
2340019
234001234001
234000052
2340-kristin
234/15
234...,,
234-8111
234-5642
234+567
234$$$
233zxcvbnm
233xxxx
233teece
233tag4tq
233sly
233robert
233red
233pronto
233o970
233norther
233mem
233likeit
233lbj
233kilea
233kairi\\'
233jay
233hlmhw92
233het
233guera
233golfball
233five
233evrgb
233emil501
233dewayne
233chejo236
233booboo233
233blake
233aysgr39
233PDCGV22
233ABC
2339jg
2339bayst
2339981
233997C
233997
23399639
23399467
233993matt
23399197/13
2339906
2339898
23398888
2339886
2339874
2339864
233983
2339797
2339779742
233975
23397437
233973w
233969
233967
233966
233964
2339617
2339602
23395jknp87
233956j
2339546
2339538
23395178
23394katie
233949
233948
2339465310
2339455
233945
233944
23394240
23394094
23393cheptl
233939
233936789010
2339332
233932
23392andres
233929
233928
23392587
23392429
2339214
23391e
2339193
23391836
23391674gaby
23391510
233915
233913
23391199
23391182
2339110
2339105
233910
23390z
23390963
2339084
2339076
23390600
233904667
233902580
233900
2338xypwn
2338u2338u
2338jtr2338
2338clr
2338cap2551
2338austin
23389769
2338951233
233894
233893
233891dw
2338914
23388956
2338879
233887
23388512
2338843
2338818
233881
23387979
23387777
2338765adana1999
23387582
23387455
233874
233871na
2338703
23386907
2338689
2338676
23386565
233864
2338623386
233862
2338614
2338610
2338599
2338587
2338572
233857
2338564
233856
2338553
2338537
233853
233852
2338501
233848lj
2338482
2338472234
233846
2338435
2338424
2338410
2338404
233837
2338344aaliyah
2338342
233833
2338320
2338304
2338299
233828s
2338273
2338270
233823471572
23382304
233821k
2338211
233820
233818eureka
2338172
2338152
233814
2338104
2338098
233809
2338074aa
233806
2338053
233804055
2338025
2338013
233801
2338005
2337poet
2337nan
2337marcela
2337js
2337hhh
2337dvad
2337dallas
2337al
2337MB
2337998
233795
2337929
233791a
2337912
2337902
23378ygvob
2337893
23378714
233784519966
233782a
233782
233781
2337800
2337799
23377870
2337783
2337764
23377500
2337728
2337720ic
2337710
2337703
23377
2337688pelayoi
2337646
2337623
23375952336448
2337593
233758
23375711
2337559g
2337536
233752c
2337515
2337482d
2337477c
2337467
233745
2337433000
233743
2337420
23374134
2337408
2337382
2337373
233737
2337349
2337339
2337333
23373287
2337317
23372kns
2337291
233728
233727741d
2337266
233726
2337214
2337206
23372
2337197
2337191
233716163a
23371402306451
2337135
23371267
233711
2337099
2337088
233707
2337033
2337024
2337023
23370104
233701
2337001
2336twm
2336kmg
2336isa0666
2336ems
2336bcsw
2336aeeN
2336996
233698
233697
23369642
2336947
2336934
2336921
233691m
2336919
233691427l
2336912
2336906
23368paopf
2336899
233689
233687
23368687/*-+
23368648
2336859
233685
233684477
233684422
2336841
233683071492
233682
233681
2336791erikacute
233677ds
23367718
2336769
233676
2336745
233673
2336721
233669bw
2336698
2336688
233668
2336675
2336668
2336651
233665
23366382
2336635
23366332
2336628
2336621
2336616
233660
2336594
233659
23365669
23365631
2336553b
23365410
2336537
2336532
233651T
2336511
233651053
23365001
23364b
233649
23364771
2336464
233646
233643lu
233643
23364240
2336420
233641
23364
2336394
23363901
2336386
23363637
23363612
23363504
233633mdw
23363337
233633
2336320
2336313
2336302
23363
2336292
2336281
23362751
2336266256
2336257
2336253
2336241m
2336237
23362290
2336223
233620016
23361984
233618lock
2336147
2336136036
233612lw
23361234
23361161
2336102
233610
23360789
233606609
23360472
23360361
233602
2336009
2335willow
2335redrojorouge
2335jota
2335fuck
2335981
2335965
23359362
233593
2335916
2335897
2335885
233587
2335860
2335847
23358
233579281183
2335789
233577
2335766
233575
2335741
2335735
233573
233572
2335707m
23356965
233569
2335685
23356748
23356662
2335658723356587
2335654
2335648
233564429
233564
2335634
2335623
233560
23355binky
2335594
2335590
2335588
23355851596
233558188k
2335572,,
233556dsmk
2335567
23355408
233551
2335501
233549
2335480
2335468970.
2335463
2335461
233545
2335436
233541
23354013
23353967
23353899
2335377
2335372
233537
233535e.
2335358
2335352
2335339
2335326
2335319456
233530
23352895
2335264
23352512317773
23352431
23352345
23352332
233522669755
2335203
23351977
23351868
233517s
23351555234
2335153
2335147
233513qp
23351322466278
23351306
2335130
233512h
23351234
233512
233510
23350o
23350PANg
233509
2335082cy
2335072748
233506J
23350636
233506
2335056
233505
2335035
2335031
2335027
2335019
233501
233500
2335-9828
2334vesim
2334tt
2334n6s
2334mmm
2334hood
2334er5
2334cass
23349fon
2334992
233498l
2334981
2334977
233496
2334942
233492
23349188
233490
2334886
23348787vh
233485
2334844a
2334826
233482
2334807489
23348
2334792
2334785
233477
23347164
2334710
23347059
23347034
2334697
23346947
233469
23346827
23346790
23346764
23346711
23346688
2334667
233465
23346403
23346398
2334632060187
23346248
23346226
2334617
23346117
23346109
23346023
23346010
23345k
23345hyp
2334586
2334576
2334570
233456lilp
233456123741
2334556
2334550
2334535
23345312
2334518
2334513017
2334511
23345091
23345065
2334487
2334473
23344678
2334452
2334430
2334421
23344106520
233440
2334398
233438ii
2334385t
2334377
2334364
23343602528265
233435235
2334349
23343444
23343341
23343322
23343298
2334324t
233431
2334307
233429
233426985
23342615
233424jazmin
233424288
23342375
2334233
2334222
2334219J
2334213405
23342028
23341juju7
2334188
233417rm
2334172051
23341696f
23341592
233414giuliana
2334135
233412533
23341196
23341097
233410848
23340996
2334081
23340726
23340506
2334043
2334033
23340233
23340123
23340030
2334
2333smqcz
2333putym
2333marta
2333jp
2333jean
2333hz
2333er
2333aj
2333DG
2333981
233398
233396938
233395
233392wills
233391p
2333915
23339101
2333903
233390060lg
23338sjm
233389
2333879
233387
23338477
2333835a
2333819
2333813
2333807
233379549
233378855
2333787
23337668
233376
23337456
2333740
2333732
233372201
2333716
2333705
23336748
23336495
233363136
23336220
2333613
23336000
23335944
2333578
23335584
2333555444662
2333554
23335503
23335454
233353736
2333528
233352
233350
2333489
23334809
2333468d
233345120
2333442
233344
2333438
23334305
2333422
2333415
23334138
2333409
23334042peter
233340
23333bubbles
2333384
23333751231406
2333362
233335577
23333401
233333521
2333333333
233332nba
233332304
233331sara
233331
23333069503959
23333065108514
23333064857806
23333062045321
2333301
23332c
2333288
23332802
2333280
2333273
233326
233325252
233325
23332499
23332333a
2333227334
23332209
2333219334
2333216
2333212
23331987
23331977
23331970
2333191
2333172
2333170
2333169
2333157
23331538347989
2333149p
23331420
23331388
233313098
233312
2333113381
23330jwpzh
2333094
2333087
23330801
2333079
23330486
233304
2333027190
2333026761
2333021532
2333017
233300
2332wh
2332studios
2332solo
2332s5
2332noon
2332neofo
2332marlen
2332kf
2332josh
2332jld
2332ja
2332girl
2332freedom3223
2332dg
2332cuquis??
2332ccrcavm
2332JC2332
2332@nr
2332997
233298895353
233298439
2332980
233297290k
233297
233296
2332938m
2332927
2332919
2332914
233291
23329008
23328904
2332889
2332885
2332860
23328448
233284
2332808
2332806
23328
23327mun
23327932
233279
2332780
2332751
2332740
233273075
2332721
2332704
233270000
23327
23326love29872
2332695
233267
233265
2332640
2332631
23326279131
2332614
233260s
23326016
23326
2332597
2332589
23325740
233256800
2332566
23325610
2332558
2332554
23325426
2332540123
2332537nb
2332535
233253285
2332532
2332529
2332523325
23325171
2332516
2332510115034
2332497
2332477
2332473
233247
23324589
2332442
233244
2332431
233243
233242
2332414
2332409011
23324062
23324005
23323c
233239pga
2332390
2332386
2332378
2332375
2332364
233235williams
233235503c
2332350CENT
2332349
23323432
2332341231
23323396
2332333
233233233
2332332
233232335841772
2332323
233232
2332316
2332302232
2332300
23322985
2332295
2332289
2332281
2332266456
23322589n
233224rice
23322442m
2332243
23322415
233223ab
23322322
23322259685
2332222
233222
23322161
2332213
23322108
2332209
23322002
23321993
23321990
23321922
2332185
2332176d
2332173
2332171
23321678
2332161
2332153
23321512
2332145
23321441
2332141
233213
2332128
2332123
23321210.a
23321133
233211261287AlE
23321121
2332109
2332102171
2332101
2332100
2332091cg
2332079a
23320708
2332057490
2332047524
23320446
2332044
2332043034
23320315
2332024228
2332020
2332018
233200^^^
23320023
2332001.
2331tru
2331nh
2331lowkeid
2331kwan
2331hs
2331dr
2331ch
2331bb
2331aemy2009
2331_120208lovexs
2331996
2331994roro
23319919
2331989hamal
23319877
2331986fabiola
2331982
2331978
2331976
233197
2331965
2331962
2331954
2331922dj
23319192tamo
23319091
23319
2331899
2331889
2331877es
2331857
2331839p
2331833
233181233
233181
2331802
23317shore
23317cc
23317943
233179
233178593t
2331784
233178
2331767A
2331757
233174385s
233173553one
2331725
2331714324
23317087
2331700
233169
2331675
233166a
2331661
233165
23316490
233162Rg
23316290
23316203
233162
2331611
23316023
23315872558970
2331585
2331582
233156888
2331561
2331557
2331553
2331548
23315310
233153
2331522
2331517
2331507
23314928
2331477
23314680
2331466
2331463
2331455
2331449
2331437
2331433
2331422
23314123
233140892
2331400
23313d44
23313949
2331378theone
2331367
233136
2331359
2331350
2331344A
23313324
2331324
2331318
23313137
2331312
23313
2331296
23312837
23312815
23312787
23312648
2331263
23312533
2331245
2331244
23312401
23312263
233122
2331214
23312090
2331201tk
23312002
2331200
2331199111081991
23311974
2331193
23311822
233117la
2331160
233115849
23311552
2331151
2331145
23311426
233114
2331133
23311317
233113
23311213a
23311204
2331114
23311118
2331101
233109284
2331085
23310778
2331073182
2331071418
23310692
2331065
23310620
2331052093
2331051588
2331050
233104981
2331042879
2331041
23310402
2331038276
2331033
233103
2331025828
2331025289
2331023326
233101984
233101236101
2331003
2331000
2331#
2330virgin
2330tecladista15
2330paula
2330n7034
2330jm06
2330felipe3454
2330chad
2330athel
2330a
2330YAZ
2330EJAIME
233098mybirth
23309810
233097cat
2330962
2330953
233094896
23309424
233093
2330929
233092
2330915
2330900024287
23309
23308887
2330885v
2330880
2330863
2330857
2330849
233083
23308084
2330798
2330780
2330763
2330742
2330734185
2330727
233072
23307125280
233071
233070895014
23307033
2330702
23306957
23306850
2330680
233065058
233063
23306241
2330612
2330610
2330607
23305980.
2330586
233057
2330554
23305500yorma
2330542
2330531
23305289
233052
2330516
2330508
23305002
23304makilum
2330494
2330490jb
23304902643672
233048
2330475
233047
2330462
2330450
23304437
2330441
23304371
2330431800
2330427298S
2330425
23304134y
2330401084042593
23303lucky
2330397
2330369
2330364452
2330354
2330349
2330340
233033a
2330333
23303136
2330311
2330301227
23302sut
2330292934
23302913
2330283
23302634
23302546
23302431
233023m
2330233
23302233
233021
23302009
23302000835507
23301la
233019jenny
23301992
23301976
2330197
2330192
233018266
23301789
2330172
2330163a
2330160
2330153
2330152
233014dccg
23301469
23301414
2330129
23301191
2330110123
2330103
2330100026994
233010.
23300984tuto
2330094
2330072537
233006808453
2330059
2330056
23300529
233004322304
23300425
2330034
2330014
2330009
23300056
2330001
2330
233-0178
232zfmfz68
232woodward
232white
232way
232tito
232sumaya
232soh02
232sandra
232ralph
232pup4u
232pearl
232p@nj
232nita
232mychini7ax100pre
232morena
232mit
232medpu23
232mackenzierd
232lindsey
232l2228
232joejoe
232j01p23j
232hull
232h2c42
232h0646
232granite
232fowler10
232elf
232dx32p
232dem
232castletown
232cac
232busbee
232boy
232bmdyd87
232bad
232ada
232R09
232MONTIJO
232C646z
232@SJ*
2329sc
2329ochoa
2329lyn
2329kk
2329jjj
2329edinson
2329dvm
2329ardarra
2329amor
2329LE
2329AMOR
23299riley
2329995162
232999
2329983t
232997
232996.2a
2329951
23299026
23299
23298c
2329889
23298501F
23298444
2329832
23298193
2329800
23297ujirk
2329797
2329781
23297750
232977
23297601
2329756
23297487
23297400
23297261
23297221
232969974
232969520
2329689
23296854
2329682
23296617
232965bs
23296503
232961285995
2329604
232960
23295jcd
232959520
2329593
23295868
2329571
23295543
23295347
2329527
2329522
232951771499
232951648
2329500l
232950
2329473
23294616
2329453j
232945
232944673
23294358
2329425468
232940730
2329390
2329387104
232938
2329358
23293341korn
2329329
2329306
232928
2329268
23292624
23292580
23292528
23292419
23292329a
23292317
23292123
23292028
232919999
23291991
23291985
23291978
2329178
23291709
23291522
23291418lg
232913
232912335
2329122
232912
2329112428
232910681990
23291040
23291008
23290iqa
2329094
2329086
23290692536544
2329058
23290521
23290510
23290435scott742
23290403
23290228
23290181
23290106
2329009232
2329000
2329****
2328wu
2328smj
2328may
2328la23
2328ja
2328ghk
2328choo
2328beth
2328ND
2328ANAID
2328957
232893rabbits-
2328931
232892266
232891516fa
232891
23289011
23288b
2328893
2328877
232886911roxx
2328863
2328859
23288562
232884385
232883
2328810
2328805
23288011977950
23288011584806
23288010
2328800fish
23288003698127
2328800
232879
23287724
2328754
23287421
23287342340488
2328730
232872659a
2328721
232872
23287166825001
232871457
2328702
232870
2328689mh
232868875
232865*
23286363m
232861751
232860
2328586
23285788
2328565
232854477
2328537
2328530
232852234
232851x
23285147
23284f
232849
23284688
2328456
232844lidu12
23284410
232842194
23284159
232841
23284
232838
2328377
2328360chw
232835
2328326
2328319
23283081
2328301
2328299
2328294686101196
2328276559154
23282631
23282601
2328256
23282516
23282510.r
2328247
232824240
23282328m
2328232
23282229
232822
2328217
23282123
232819paul
23281989
23281976
23281841
2328182
23281663
23281600128444738miko
2328159
23281499
232813@
23281330
232812maxz
2328124876
2328122736
23281204
2328115
2328111978
2328110j
23281101
232810ju
23281009
23280990
2328091
2328081ldp
232807232807
23280661
23280611
23280489
232803843
23280225
23280203
23280182
2328000exa
2328/micasa
2328 mp
2327winiydavid
2327uril
2327tk
2327su
2327roxy
2327pfqe
2327paris
2327na
2327mp
2327maker
2327kpkp
2327jsb
2327joel
2327ismom30
2327gillam
2327deez
2327bzs
2327ay1995
2327a19
2327Palm
2327998
2327994
2327980
232797
2327955
232795
23279417
232794
232793
2327918_2356
232790322
23278bet
2327885
232787beasts
23278653
232786
232783A
2327825
232781284
232780vh
23278051
23277vt
232779
2327784
2327779
2327754
2327744
2327731
2327713
23277048666
23277
2327698990
2327693k
2327687
23276749
2327629
232761892
2327605MoUsTaFa
232760
23275c
232759512
232757
232756
2327553
2327543380877123430
232752
232751041
232750
2327492
23274830
232748066
2327473
232746491709
23274561
232745
2327441
23274249
232738
2327373737
2327353
232733
2327324
2327319954
2327303
23273001
232729j
23272813
2327281
232727ch
232727
232725ta
23272533
23272528
2327249g
232724
23272390
23272327a
23272311
23272305
23272263
2327222550
23272218
2327211
23272022368529
23272007
232719prilla
2327199312
23271984
23271969
2327189
2327188
23271754
2327168962
2327151
2327150
232713a
23271222
232711925
23271190
23271117
23271107
2327104DJHANSSEL
23271012
2327093
23270735
23270707
2327059
232704j
2327047
232704123
2327027
2327025
2327022120
232701
23270000
2326wviwe
2326twin
2326sydccc
2326spue
2326osmar
2326muba20
2326lyz
2326loring
2326kl
2326ha
2326goofy
2326er
2326dellar
2326danube
2326cinta
2326boater
2326bean
2326barb
2326angel
2326amae
2326afam
2326Peru3
2326DIOSBENDICE
2326Chris
23269l
23269987
232699267
23269874
232697love
2326975
2326961
2326957TIMOtapia
2326950
232694925361993
232694
23269313
2326926
23269134
2326908
23269
2326899
2326894
2326886
23268508
232684741922
232684
232683
232682
23268126
232681
23268084
23267yok
2326796
23267926
23267890302
2326778
232676
2326754home
23267491
2326741
2326734
2326728
2326713
23266ISAITH
2326688348
2326677
2326672
2326653m
23266371
23266277
23266242125475
23266151
2326600006
23265871
2326577
2326563256
2326557
232653go
232652111
232652087
2326518
23265
2326492
2326488a
2326484
232648
2326474
232646b
232646435
23264556
232645
2326445
23264411
2326432
2326426246721992
2326418
232640785
23264047
23264005570465
23263861
232637sk
23263746
232637
23263643
232634234906
232632ddi
232632A
232631012
23263000
232629missme
2326298
23262918
232628keiel
2326281
23262774
23262747#1
23262728
2326270274
2326266
23262610
23262589
2326257
2326253209
2326253
23262521
2326245a
23262412281120
23262392
23262326r
23262326++++
2326228
2326223
232621j
2326212
23262102513mayra
2326203
23262007
23261j
23261988m
23261950
2326181695157
23261785
232616bo
23261604
23261540115401
232614491avo
23261421
2326137
2326128
23261235
23261230
2326120
2326118
23261118
2326109
232610168
23261010
232610.
232609k
2326096
232609093
2326088325
2326078
2326071100
232606rnjs
2326067
23260604ey_131107
2326049
2326048b
23260413
2326040
2326036
23260307
232602390416
2326021719
2326020
2326012
232600hanz
23260000
2325xfvai
2325wo9fairy
2325tonyyjenni
2325rose
2325nikki
2325moni
2325math82
2325ls
2325jr
2325jd
2325free
2325emense
2325cdcl
2325bgu
2325adsan23
2325_EDGARDO
2325Enzie
2325BSO
23259mp
23259987
2325994
2325987
2325981
232596
2325950
2325945
23259405
2325930
23259260
232592
2325915131
232590zt
2325904
23258e
23258907
2325888
232588
2325859
2325854
23258383
2325834036
232582522
232581
23258018
23257893
2325779
232576
23257350000
2325728
2325721
2325702j
23257
2325697
2325690
23256773
2325669
2325651
23256424
232563
2325625630
23256214
23256103303506
2325596
23255888
2325581
2325569
2325562
23255525
2325551
23255340a
2325516
232551
232549brady
2325489
2325481
2325466
23254557
2325438
2325426BM
2325426+
2325415s
2325411
232538x
23253800
23253699
232536040
232535232535
2325349
23253324
2325331308266
232532gam
23253296
23253217
2325314
2325305
23253015
23252931
232528LASER
2325283d
23252803
23252728=
232526765
232526281564
23252626
232526162528
2325261
23252538
23252529
23252523
2325251j
23252510
232524aa
23252451
232523d
232523232523
2325230
2325226sandra
2325226
2325223
23252212
23252133
23252113
2325203
2325199L
23251986
23251976
23251969
232518ac4473023
2325187
2325184
2325182
2325177
2325171820
23251588101409
2325152
2325142514
2325137
23251321
23251224134285
23251216
232512128485
232511s
23251143
2325109
23251015
23251*$#ND
2325097
2325093
23250877
232508010210
23250707
2325066
2325058601
2325047
23250345
2325027
2325023109
2325011c
23250099
23250045
2325(thebigone)
2324zero
2324xr54
2324toots
2324stuff
2324smudge
2324shsh
2324sao
2324r2
2324pqym36
2324orland
2324one
2324myj
2324meat
2324mac
2324loveyo
2324lf
2324juvy
2324jazmin
2324ipc
2324ghaby
2324fuck
2324effect
2324dm1
2324cvomb,
2324chig
2324biddle
2324anayefrain
2324ad
2324MOVIL
2324LOVE
23249jni
2324990
23249874
23249791
2324977
232497
23249667
2324958
2324950
2324948
2324942
2324923249
2324917
232490my
2324900
23248njgwf
23248991gb
232488990230
23248788
2324846
2324842
232483904
2324835
23248266
2324825
2324811
232480542
2324802
232479810
2324795
232479178
2324787
232478
23247678
23247613
23247570
2324743
23247273
2324721
232471614187
23246evan
23246976trc
2324692
23246878t
23246756
2324666s
2324658
23246515
2324646789
23246374
2324626
232462007
232462
2324617
2324601
232460
23245_11
23245856
232458
23245786amika
23245679
2324567
2324565
232456213
2324554786363xx1
232455333250
23245500
2324546
232453
23245258
2324522
232452066
2324520
23245186
232451470
2324511
2324510
232450557
232450
2324499
2324486yosy
232448123
232447
2324466
2324455
2324433
2324422
232441_x
23244150104563671
232441
23243a
2324381
2324372
232437
2324364
2324351
2324342
2324338
2324328
2324323243
232431451
2324309
23243025cls
2324300
23242a
23242922
232428mcc
23242829
23242819
23242790
23242734me!
23242728
2324270
232426n
23242673
23242623
23242602
232425matheus
232425a
2324256
2324255
23242534
23242528
23242526298
2324252613
23242525
23242520
232424886
2324240754
2324234
232423242324
23242306
23242227
23242221
232421r
23242147
23242079
23242009
23241k
23241jc
23241991
232419861985
23241984
2324188bach7
232417cmc
23241784
2324175
23241697cm
2324163
2324155hi
23241509
2324147004
2324145
2324143
23241422
232413483
23241328
23241283
2324126
232412506
232412046
23241126
2324103
2324100
2324099
23240938
23240902
232408mm
23240864
23240805
2324065
2324056
23240513
2324042
2324041
232403m
2324038
23240278
2324027
2324021
2324018
232401234
2324002
2324.eddy
2323yami
2323xavier
2323wan
2323vi
2323uu
2323tv
2323tsryda
2323teamobicho-
2323tart
2323sp
2323sm
2323seina
2323sb
2323sadsad23
2323rui
2323rob
2323rj
2323rd
2323q
2323poo
2323pine
2323orange
2323occo
2323nono
2323ng
2323n2424
2323mw
2323mrnt
2323mona
2323mlj
2323mi
2323mcv
2323marcelita
2323malin
2323m2323
2323lrr
2323lovegu
2323lizi
2323lfplaya
2323leo
2323lc
2323l!
2323kv
2323kisses
2323katie
2323kami
2323jose
2323joeb
2323jimena
2323jcc
2323jazzy
2323j2
2323hope
2323hb
2323gron27
2323goodlet
2323ga
2323friasabrego
2323ffff
2323farie
2323etm
2323erika
2323dm
2323dilligaf232
2323debbie
2323cucaraca
2323crazy
2323chris
2323cbz
2323bump
2323bobo
2323blw
2323beer
2323baseball
2323baby
2323av
2323as
2323arhs
2323anc
2323aj
2323ae
2323_07
2323PCC
2323KILL
2323DELIA
2323CT
2323B
23239hellya
23239WWE
2323994
2323987
2323985
23239797
232397
23239537
232394a
23239440
23239393
2323930
2323927
2323926
2323922
2323919
2323911
2323902d
23238eve
23238888
2323888
23238799
23238684
2323865a
2323856andy
23238521
232384482
232383kg
23238207
2323819
2323816
2323809
2323803
23238
23237986
23237930
232379
23237879
23237863
23237834
232377p
232377karobkm
23237777
232377252k
23237680rm
232376
2323756
2323740
232373162
232372
23237161
23236apig
2323695
232368948
2323682
2323671
2323666
2323654789
2323644
2323634733
2323630
2323624
2323623
232361948
23236179
232361
23235t
232359500
232358damian
2323582
2323581
23235747
2323569
232356564
2323565614
2323562
23235564
2323552123
23235470
23235413
2323535
23235320
232353
232352389
23235213
232350312
23235003
23234billiegreen
2323497
232348980
2323481
232348
23234638
23234597
232345678
23234545b
23234510000
232344J
2323440
2323434863iveth
2323431744841726
23234286
23234234
2323423
232342
23234136
2323406
23233r
2323392
2323390
23233872
2323379
2323374
2323372
23233636
2323361
23233538
2323349
2323347
232333l
2323336366565
23233339
2323332
2323323
2323322
232332028545549
2323313
2323304
2323300
23232icecube
23232d
23232997
23232928
2323287
2323278
2323265M
232325dex
2323254
23232523
23232511
2323249
23232460
23232427
232323w
232323s
232323r
232323pau
232323numzii
232323k
232323i
232323g
232323et
232323dp
232323de
232323badi
232323aa
232323FUG
2323236
2323235
2323233921
23232332
2323232523232325
23232323zx
23232323aw
232323233
23232323232323
232323232
2323231r
2323231235
23232307
232323+
232323*
23232223pc
2323222
232321234
232320lg
2323203
23232007
23231a
2323199
23231984
23231970
2323190
2323177
2323174
2323171
232316817ahd
23231628
23231595
2323157
2323156
23231515
23231474
23231415
2323132
232312622
232312520
23231234
23231212
232312048
232311hh
232311752maly
232311112233
2323110
2323108
2323102
23230bik4iIN
2323097
23230913
23230902
2323088
232307b
2323064k
23230612
23230606
23230576
232305059191
23230452
23230414
2323038
23230317
2323030389
23230255038mk
232302524403112002
2323023
23230203
232301G
23230135405
23230121
232301130302
232300tcw
23230012
2323..DESAFIO
2323..
2323*
2322vs
2322u678
2322tori
2322sksk
2322rp
2322res
2322n232
2322mai
2322ld
2322ki
2322fareez
23229nsr
2322989
232298053
2322979
232296609
2322942
232294
2322938
2322929
23229161
2322907
23229040
23228tdwi
23228m
2322885bonita
2322877
232287
232285
232284
2322834
2322823228
2322819
2322808
232279me
2322789
232277779
2322769
232276719
23227553/123FEL
23227509
2322749
2322739h
2322738
232272
232271
2322694
2322686
2322677
2322665
2322655
2322636a
2322621
23226170
23226122
2322595
2322579
232256321456
23225513
23225463
2322544
2322537
23225353424729
2322533
2322530
232251891
2322514
2322511
23225089
2322506
23225
232249000
2322478
23224741
2322467
232246
23224555
2322445r
23224334335974eb
232242
2322417
23224115
232240
2322398
2322369
2322348
23223403
2322334406
232232lm
2322327
2322323223
232232232
2322321
2322313
2322305
23223003406502
23222988
232229
23222741
2322266
2322255
2322254
23222519
23222426
23222354
232223220
2322231
2322222
23222119manu
2322200
23221989
2322197
23221914
2322181
2322174
23221703
23221669
23221609
23221513
232214667
2322136
2322131627819218
2322126
2322121314
2322114
2322109160
2322102
23220921
23220742
23220708
23220647
2322052
2322041800
2322036608
23220285
2322025081
23220106
23220103
2322003
2322/rg
2321zxxz
2321we
2321td
2321rbsr
2321pt
2321pedro
2321nlj
2321love
2321lf05
2321jym
2321am
2321SACca
2321JL
2321995dani
2321993nourie
232198m
2321988getter
2321984sai
232198318
2321982keith
23219771
2321970
2321961
2321955
232195
232194
2321930
23219285
232192330
2321917
2321912as
2321901
2321898
2321892
232189
2321882
232187870
23218738
2321858
232184
2321830
2321822
23218157
2321811
232181
2321805
23218008
23217ma
2321798
2321796
2321789
23217864
232178
232177
23217586
2321740
2321734hiram
23217247
2321721102537
232171221098648
232170839308301
2321704g
232170
232168TT
232168413
23216699
232166
2321655
232164
2321632
232162_beesan2009
23216155216494
23215t
23215891
2321580
2321564
2321559
23215565
2321551
2321541
23215300
23215259
232152
2321514
2321510
23215048
23215
23214ry
2321488
232147415968
232147
2321468
2321460
232144mr
2321441
2321438
232142899
2321425
232142
232141063j
23214036
2321401
2321385
232137232
2321365
2321356
2321336j
2321331
2321321e
232132132321323132131
2321312
232130575890
2321297
2321293
232127.
2321260780
23212562
23212540
232124657
23212402
2321233
232123217
232122acfp89
2321220423
232121a
23212114
2321210
23212041
23212011
23211bayou
232119952004
23211983
23211946n
23211850
23211819
23211736
2321161510896
2321157
232115141
23211482342412
2321125
23211226
232111sj
232111262326
23211090931
2321106351
2321105
2321103
23211020
23210mb
2321098malo
2321098
2321092892
232108891
2321078062
232107333
23210729
2321071500
232106n
2321067801
2321065323
2321063154
23210615
23210601
2321056821
2321056098210560
2321055
2321053506
232105314
2321052278
2321051162
2321047719
2321046811
2321045889
2321039245
2321038100
23210362
2321036
23210357
2321032603
2321032
2321027409m
2321025644
2321023210
2321022r
2321022281
2321021213
23210210
2321017188
23210123
232100971
23210070
2321001
2321000
2320tt
2320ngrand
2320ll
2320james
2320fatima
2320dios
2320casper
2320boc
2320TKM
2320@13
2320997
2320974
232097
2320961a-
23209512
23209493
23209270
232092
23208815
232087
232086623
2320861
232085
232083366
23208333
232082
232081
2320801
23207972325859
2320785
23207796
23207702005
2320760
2320753
2320749
2320722
2320715j
2320710
2320702
23206980
232068
23206654433
2320657
23206520
23206376
2320624mi...
2320617
2320613
23206001519624
232060008686
232059
2320584674
23205787
232056
23205530
2320529
232051
23205001
23204a
2320494
23204801
23204680
2320451533
2320448
23204406
232043
23204118
232040t
23204002022755
23203mook
23203954
2320390
2320386
23203746
232037
23203656
232036
23203532
2320339
2320335
2320324
2320314
23203077
23203
23202han
2320291526
2320278
23202706
2320262
23202567
23202520
23202502
232023fav
23202318
23202260
23202165
23202123
232020j
23202044
2320202meliz
2320202323202023
232020
232019rose
2320199
23201977
2320193
23201914
232018060606
232017101
232017
232016
23201548
23201503
23201458
2320141232
2320136
2320134
232012e
2320126
2320123
2320118
2320111
23201088
23201044seniors
23201022
2320098
23200924
232009048887
2320089
232007tgc
2320077
23200717
2320065
232006232006
2320061
2320055
2320054
23200517
232003kb
2320037
23200309
2320020
232001533469
232001121
23200095178
232/2porty
232-sofuckedup-
232-leo
232-6694
231wert
231vagow
231tangwena.
231southwood
231senesa
231ridge
231pop39
231phoebe
231papi
231owood
231nz
231mjm
231makele
231lm0761
231knucks
231justin
231jaime
231hparekh
231hadley
231gua
231gdancel
231frog
231fad0709
231dominic4939
231dealt
231cy4urt
231coffee
231chee
231c26
231booper
231bbl2
231apple231
231aan
231_2011
231LOVE
231DON
2319sophie
2319monique
2319mimis
2319mc
2319laquintadrive
2319jc
2319is619
2319house
2319cute
2319chavez
2319bk
2319WESTSIDE
2319COOL
2319AI
2319994
231999*
2319989
2319985
231997t
23199723
2319963
231995rp
231995iaga
2319954a
231995222
231994wam
231994kk
2319948
231994010203
231993c
231993:love
23199381206
2319935
231992tzuka
231992j
231992299132
231992123hopo
23199207
231991v
231991l
231991jp
23199192
2319914710
23199123
231990ran
231990j
23199058
23199024092684
2319902
23199012
23198a
231989j
23198930
231989-potions
231988r
231988nay
2319884
231987sep
23198776
23198702
231986kh
2319864
23198612
23198581oscar
23198576
231985549
231985123456
2319851023
23198500
231984gdqvey
23198428
23198417
231983l
2319821984
2319818ms
2319813
2319810
231980db
23198067cj
231979sebastiao
2319789
231977a
2319772
2319764
231975632
231974sj
2319736
231972411
231971fabio
2319700
23196904
2319687
231967zx
23196740
23196353
23196320
23196242
231961830ang
2319603
231960
23195ah
231959366
231958k
2319585f
23195549
2319543
2319531
23195136
2319505221
23195008
23194mossendfc
2319492
2319488pc
23194630610262
231946
23194543
23194407
231943
231940889
23193lop
2319379
2319351192
23193510
231933malange
231933
2319312
231930n
23193011
23193004
231928927557
2319277
231927007
2319263201
2319261
23192555
23192517
23192483
23192319m
23192239
2319212
231920kk
231920782
2319201
23191990
23191963
2319191
23191740
231916j
2319161
231914AMI
2319139s
231912619
231912345678909108493148
231911t
23191188
2319108
23191017
23190@at
231909093a
231908412
2319064
2319055eco123456
23190471
23190385
2319036
2319023
2319010007
23190049sr
2319*6abys
2318xmilMY
2318wso
2318va73
2318teamo
2318rock
2318ppv
2318nc
2318lj
2318gio
2318bt
2318ao
2318Oscar
2318Lady
23189tcy
2318995
2318962
2318954
23189470228
2318939
23189255
2318923397
231892
2318918
2318907
23189003
231889
23188867
2318864323188643
23188611
23188547
23188421
23188271
23187923
231878721
2318762
2318745
2318733mbd
23187242
23186w
2318694
231869
23186791lucia
23186621
2318660
231865160
2318629
231862
23186008
231860
2318584
231856839
2318565
23185548
2318550084
231854-
23185356
23185321
2318528
2318526pin
2318523
231852005
23185158s
2318508
2318504
23185$%jalc
2318497oj
2318491fc
231846957
2318453
2318428
23184264
2318421
2318387
231838
2318364
231835
2318331
2318326
2318319
2318314
2318304
23182914
23182825
231828***
23182657
231825sam
23182524
2318242
231823angie
23182318lo
23182311
231821978231821978
2318205
23181891555
2318181
2318177
2318171
231815lumalu
23181552006
23181492
2318145
23181416
23181328
2318125th
23181226
231811p
2318115
231810TA
2318094
2318083233
2318074
23180629
23180508
2318046
23180406
23180208
2318007
2318.com
2317yd
2317todalavida
2317steve
2317ngg
2317makesus
2317jmw
2317jg
2317jb
2317cj
2317cad
2317ab
2317JYG1XS
231799
231798
231794
2317931
231790853
23179005
23178848
2317877
2317873
2317864
231782
2317794
231779
2317783
23177776
231776
2317752
231775
2317741113
231773
2317723177
2317716
2317709
23177
2317696
23176828
2317680
2317674
23176601
231765
2317641
2317628
23176106
23176021
23176
231759c
231756k
2317550
231754a
2317544
2317535
2317529
231752
2317501
231749
23174801
231748
23174720
2317460cell
23174510
23174432329077
2317435
2317427
23174102317410
2317381
2317373
23173663
23173539
2317343siddhu
2317316
231731
2317307
2317293pbf
231728
2317274
2317266
231724vp
2317237
23172318
23172255
2317224
23172125
23172029
23171993
2317193
231719
231716dana
2317167
23171508
2317142413
2317135
231713.
231711br
23171113
23171025
23170981ILOVEANA
23170905
2317079
231707091997
23170476firas
2317043
231703agosto1703
2317035
2317021
23170116
2316xxx
2316wp
2316teletuvis
2316smith
2316rp
2316r
2316pixiehlo
2316mob
2316khang
2316joey
2316hata
2316fjcs
2316eg
2316cindy
2316bp
2316berkley
2316WhiteManway
2316AY
231699biker
2316982
2316972
2316965
23169581
2316942452
2316926
2316921
2316918
2316912
23168977
2316867
2316860
231684b
2316829
23168155
23168041
2316798
23167890
231677@O2.PL
2316768
2316751
2316704
231669
2316679
2316668
2316663
231666
231665
231662t
2316624
231660987
23166063
23165983klk
231659
231658
231657
2316563856
2316555
231654879
2316541
2316536
2316523165
231651854
231651
231650102
231649700
231648a
231648110453
231646
231645798
2316451
2316431515
2316421847Q
231642
2316418
231640
23163oo5oo
2316386
2316370
2316342
2316325
23163211
23163183
2316312
2316309
2316304
23163003488151
231628daveanand
23162713
23162533
23162423
23162396
2316222424
23162208
2316212
23162062
231620233241
23161999
23161939
2316185
231617romane
2316173043
2316161
23161503
2316134
2316122017
23161071
2316104
23161011
23160lacey
23160930
2316092
23160885
2316083
2316079012
2316068
23160530
2316039
23160314
2316030iloveu
23160213
231600453
2316.
2315west50
2315torres10
2315st
2315sg
2315loveless
2315lj
2315laplace
2315l
2315jm
2315jakkar
2315issa
2315hamar
2315elmejor
2315douglas
2315b98
2315AlanG
2315958
23159432324
2315931
231592849
2315921
231590taz
23159003301501
23158z
231589lihu
2315895
2315890
231587p
23158790
2315868
23158469113
23158340
2315828
2315816
231581
2315803
23157kjh
231578976
23157825
2315778
23157699
2315751129
23157402
23157155
23157049288056
23156g
231569
231567joe
231567815
2315668
23156590
2315654
2315652
231564rj
231564897manga
2315648
231564512
23156373
2315628
2315624
2315620233
23156155
2315609
2315601
2315595
231558h
23155827
2315570579
231556057
231555z
2315551
2315546
2315534
231552
231551281
23155080
23154985
2315496
231549
2315482
2315480
231547
2315468977
231546879
231546789
23154582
23154411
231543
2315422
2315413
2315409
231540847
23154074375615
23153jessica
2315391
231538
231537895
2315374
231536859899
2315322
231531159357
231531.
231530666lw
2315303
23152a
23152BVC
231528834
23152829
2315276
23152515
23152511
23152420
2315237
23152337240189
23152230
231521a
2315208
23152000
23151980
231519604
2315193
2315180906
2315167
23151624
231515795cendy
2315150c
2315142914
23151410noviembre
2315126872952006
231512442
2315109
2315101029
23150x
23150kuk
2315097
23150927
2315084
2315080VIC
2315071
231506b
2315051
23150493
231503m
231503421
23150327
2315031
2315027
2315021
231501kq
231500n
2315001020
2315++
2314vic
2314sjc
2314ripper
2314lo
2314kmbs
2314katie
2314hying
2314g
2314fatass
2314eem
2314booboo
2314bad
2314DI
23149jy
2314983
231497mcdg
2314967
231496
231494
23149312
2314924905
23149218
2314915
231490056781395644
2314899
23148909
231488
2314870308220
2314865
23148474
2314842
2314819
2314815
23148016
231478g
23147799
2314777
231475l2
2314755
2314750
2314731
2314728
2314713
231471
2314707
23147002
231470
23146c
231468
231467
231464
2314624
2314605
231459n
2314591
2314588
23145762
231456987ban
2314569
2314565
23145464
2314537
2314531
2314517
2314515
2314503
2314489
2314477
231446
231444735921989
2314440
231443
2314422
23144132
2314404
231440
23143637
2314354
2314350
231433543
231431q
231431aki
231431712
23143123
231430bod
2314288
23142825
2314282
2314280906
2314269
2314252611
2314250512
231423qweasd
23142353
231423367
2314221
2314205
23142008
231420027
23141990
23141954
2314168
231415k
2314157
231414s
23141440
2314141
2314139811187
2314137
231412683
2314123
2314122
2314117
231411152
2314111
2314106
23141030356
23141014
23140979dr
23140923
231408989906
23140765
2314072
23140635
231404lala
23140484
2314040256
2314028555
231402527
2314023
23140203
231401
2313wolis
2313to
2313reve
2313puiu
2313nick
2313kyXCHJfP
2313jones
2313ika
2313gigi
2313debbie
2313da
2313as
2313abi
2313S61AVE
2313J
2313992
23139896
2313965
2313957
2313929
23139004
2313891
2313880
2313875
23138492
2313838
2313830
231382
2313814
2313810
23138001354928
23137neza
2313798
23137805
231377790
231376
231375
2313733
23137212
23137085
23137022
231370
231369vdc
231368478824686
2313683
2313672
2313658
231364
2313638
231362587
23136125
2313611
23136
2313581
231357
231356
2313538
2313507
23135
2313494
231347elleedollee
231346834621
231345simona
2313452
2313449
2313438208
23134323
231342
231341
2313408
2313395
231338
231337
231336
231335a
2313349
231334585
23133333333333333333333333333333333333333333333333333333333333
2313324
23133227
2313321
23133004625481
2313298720
2313291
23132885
231328
23132712
2313269
2313260
2313256a
2313251
2313243
2313237
2313233
23132313m
2313231
2313223
2313222
23132183
23132123
23132023
23132000591408
23131991
2313195
231319091926
23131887
2313188
2313182
231317l
2313166
2313164
2313154729
231314y
2313141606
2313140
2313133173
23131313w
23131300
2313127
2313123321
23131226
2313121
23131167742947
23131129
2313107
23131014
23131012
23131
231309barcelona.com
23130903
231308tkmandy
23130883
231308140
23130784
2313070
23130642315704
2313056
23130409
2313038d
23130313
2313022027
23130203
23130083
2312yael
2312w323
2312ss
2312samu2
2312sagaan
2312pmc
2312nolhan
2312mel
2312lore$
2312lcil
2312kenny182
2312karntee
2312jpm
2312jo
2312jf
2312ha
2312elena
2312donn
2312dhak1988
2312david
2312cumm
2312cnk1973
2312bim
2312ast
2312abc
2312Tiamoneung
2312ROB
2312COURT
23129ww
231299leng18
2312990
2312985
231297penafirme
231297b
2312972day
23129647
23129610
23129564
2312952original
2312952
231294lol
231294gab
231294@lrrr
2312940103
231293@li
23129329
231292ashley
231292786
231292290493
231291zira
231291rp*
231291gilly
231291dan
23129155
2312911
231290hum
2312906
23129020
23128v22
23128=d
231289sc
231289:)
2312897400036
23128963
231288808941
23128853
23128816
231287BI
2312878
23128730
2312870604
231286mari
23128688
2312862339
231285y
231285ni
231285desember
23128532
231285021001mj
2312841
231283nm2
231283f
23128345
2312831
2312829
2312814
2312810
23128028
23127899
23127845
2312777
2312767
2312766
23127602
231275782
23127525
23127445
231274123
231273243
2312722
2312714
231270oscaringa
2312705
2312682
2312678
2312672
2312663
2312651
23126386661313
23126318
23126272324
231262691k
231261
2312608
2312602
2312598
2312588
2312584
231257_fabiola
231257
2312564
23125568reann
231254123
2312540
2312536629
2312534
231253
2312527
23125256
23125242312524
23125187
23125125
2312505
2312498
2312489
231247cn
2312477
231245987
2312455132
2312446hari
2312442
2312439
231243
231242533
23124156
23124149
23124126
23124049
23124
231238lm
23123852852
23123789
2312367137
23123620
2312354
231235053940
2312350
2312348
23123414
231234030135
2312332
2312324567
231232231
231232131029
231231wawa
231231j
2312316
23123120
231231051130
2312309
23123031
2312300732030621
2312292
23122905
2312289
23122830y
23122807
2312276
2312272
23122709
23122685986
23122627
23122620
231225y
23122551
231225360
23122534j
231225200
23122515
23122509
2312245afc
23122410
2312234
231223201110
23122312+lisa
2312229
231221helpfund
231221422
2312213
23122105
2312207
23122008
23122005amor
23122003amor
23122
23121a
2312199711
23121995bor
231219951
23121993!(!@GtLo
23121991FLOWER
2312198918
23121987joshka
23121987565118
231219867j
23121980yan
231219800
231219750
23121974alfa
23121971jaedon
23121967capricorn
23121965
23121962
23121958
23121949
2312189
2312183
231218
23121743
2312171324
23121671
23121626
2312160373
23121528
2312147
23121409
23121401
2312139
23121362
2312134
2312133
23121311
23121291
2312128
2312121
231211j
2312116
23121084
23121034
23121016
23121006
2312100
231209920
2312095
2312091
23120858
231207@keb
231206j&ptk
2312069
2312065
231205y140106l-
2312058288
23120556
23120512
23120505
231205***
231204bb
2312045
23120409
231203ntl
23120310
231202magyn
231202=-231202
2312021995
231201l
23120190
2312017
23120156
23120107
2312008
2312004
23120000
2312/2532.
2311yukon
2311xx
2311vip
2311thunder
2311stefany
2311sm
2311roberto
2311pb
2311oyku
2311oaksidedrive
2311mehbday
2311manchi
2311lupe
2311lkor2928afjc
2311li
2311kim
2311kc
2311jn
2311ioanna
2311holla200
2311fls
2311erni
2311co
2311bb
2311angelito
2311abcd
2311_jz
2311OLI
2311Ma1993
2311Daily
2311BRONX
2311998
23119890
231198813
231198607958736
2311985460003
2311982
2311978
2311972
231196k
2311967
231195sasuke
2311955
2311950
231194mbi
23119480
2311941
231193sami
231193gabi
231193Br
231192thebest
231192nipo
23119236
231191ivonnetequiero
2311917
231191191007
231190anto0niiio0
231190170291
2311901
23119005071987
231189m
231189cd
23118982311898
23118932
23118916
2311891
231189**1187m*e
231188car
23118888
2311886
23118807003
231187dm
231186maria
231186ddr
23118623
2311861186CRIS
231185r
231185fg
23118582
2311854
231184sha
2311847
2311841149
23118383@
231183450086
231182ana
23118223
2311820
2311808
23117a
231179nur
2311796
2311790
2311783
23117800
231177a
231177B
2311757
23117312314594
2311720
23117100
231170858
23117012001258
23116bh
231169258
231166rjs
2311660
231164ever
2311648
2311641
2311633
23116232
231162
2311605
23116+56
23115jannes
2311598
23115783
2311561a
2311552
231154910
231154411
231154
2311537
2311529
23115226
231152
2311515
2311512kk
2311511
2311507
2311499
23114911
23114825duck
2311475
23114596
2311457
2311454
231144af
231144
23114242
2311423114
2311419
2311412
231140k
23114015692108
23114009773939
23113hearts
2311398
23113871152
2311383
23113715
2311368
2311364joey
231136123456
231135jr
2311352
23113461
231134**
2311334
231133030434
2311323
2311320853108965
23113131123
23113018
231130060627
23112981
23112954
2311293
2311292212
23112885269
2311282156
23112794wema
2311275
2311271
231126269599
23112603
23112551
23112538
2311253223112532
231125294455
23112522
23112514
23112507
231124etc
2311247
23112438
23112411
231123S
231123110824
231123110
23112304
231122j
2311223
231122051819
23112200
2311215
2311212
2311211
2311207teamo
23112007162
23112005tiago
23112
23111pin
23111d
231119996
23111999
2311199357740072
2311199123
23111990uddin
23111984serdar
23111982r
2311197777
2311197
23111967
2311196
23111953
23111936
2311191
231118vg
23111808
23111804
2311174
2311164
23111612
23111602
23111488
231114121
23111408j
23111406
23111383
2311133
2311128
23111234
23111221
2311121287
2311117
231111154
23111111
23111107
23111060689
2311104
23111009
2311100028947
23111+
23110901
231108aude
23110822
23110807
231107A
2311073
231106mibebe
231106WI
2311067
23110609
23110539
23110509
231104n
2311048
2311041014
231103leah
2311035565ar
23110306
231102130505
23110207
231101love
231101cf
2311018
2311013
231100mt
2311007
23110021
23110018aleip
2311000
23110.
2310y2311c
2310vat
2310ste
2310silja5milan
2310shay
2310rose
2310rb
2310pauly
2310panson
2310nico2002
2310mi
2310mb
2310mama
2310lospinos
2310kyuyun
2310k
2310jmpa
2310jaz
2310ibg
2310h236r195k
2310fico
2310enigma
2310elena.
2310dycool
2310daniel
2310cr
2310ch
2310bpbfsiempre
2310bad
2310arut
2310andrea
2310addiction
2310RC
2310Maywood
2310Jutamas
2310ENEMAY
23109arechil
2310995
231098mr
2310986
2310979473016
2310964
23109600
2310957
2310953
231094tr
2310949623
2310947363
2310946162
2310945063
2310943357
2310940736
231094.m
231093chivita
2310936646
2310934648
2310931654
2310931212kater
2310930202
231092x
231092fh
2310927992
2310926310
2310924521
2310922960
231092171292
23109210
231091j
231091diE
231091_r7
2310913722
2310912557
231091131190
231090rdgg
231090mcle
2310909603
23109090
2310905456
2310901617
2310900129
231089twins
231089l
231089fer
231089ad
2310893
2310892276bapo
23108903
231088ki
23108896
2310886447
231088202
23108811
231087wp
231087fzh
231087adri
2310879
23108735
2310870354
2310869514
2310865754
2310865093
2310864197
231086231086
23108617
231085salive
231085jt
231085bat
2310853
2310851117
231084kw
2310847986
2310845780
231083zila
231083@
2310834801
2310833264
2310830348
2310825847
23108235
23108218
231081tw
231081j
2310819117
23108144
231081280988
2310811701
23108101
2310809099
2310803
23108000
23107daniel
2310797246
2310792
2310791
23107883
23107853
23107815
231077730c
2310776012
2310773163
2310770386
2310765247
2310759886
2310759048
2310758377
231075745
2310756487
2310755
2310752*
23107507
2310748
2310742660
23107404952310726823
2310739916
2310734390
23107285
2310727380
2310726852
2310726183
2310724826
2310724139
23107208
23107127
2310709686ff
23107091abraham08
2310707
2310706452
2310704036
23106sammY
2310698412
2310682727
231067c
2310673651
231066d
2310666359
2310664313
231065eb
2310655947
23106545
2310654
2310643
2310639967
2310636548
2310633629
2310631423
2310629452
2310626627
2310622699
2310622
2310619409
2310616445
2310613
2310609188
2310607086
2310605
2310604006
23106024
2310601057
2310600255
2310600026632
2310594
23105857
2310581008
231057mummy
2310564998
23105583
2310553092
2310552221
23105410
23105389
2310532
231053041
23105280
2310521315
231051sh
2310512687
2310510
23105081813
23105039
23104dyd
2310492
231048
2310478
2310468
2310464972
23104617
231046
2310457883
2310456
2310451898
231045
2310449427
2310449
2310445879
2310444
2310442214
231044
2310436175
2310433208
2310429
2310425077
2310422793
2310421161
2310418461
23104158
2310411008
2310410572
23103paint
2310387292
231037golf
231036231036
231036150234
2310358097
2310355263
2310354460
231035105
2310347517
2310346231
2310345663
2310345
2310342893
23103417
2310340008
231033hfjihg
23103379
23103344
2310334
231032jp
2310328163
2310326888007
2310323964
231032160334
2310320969
231031mmmmmmmmmm
2310317571
2310315116
23103114
2310304337
231030271725
23103009
2310294069
231029231029
23102911
231028s
2310286387
23102758
2310272
2310270326
231026a
23102604500273
231025537
23102546
2310253623102536
231025342531
23102532mak
231025280129jt
2310252714112524
23102517
23102511
23102504
2310245678
231024488
2310241
23102360
2310231r
2310231
231022golf
23102246
23102211
23102201
2310218
23102121
2310210455
2310209
2310208
23102065
2310205
23102013
23102007152
2310200
23101998ari
231019951602
23101994k
2310199349817067
23101992tina
23101992ii
231019923306
23101992.0
23101992!
2310199117
23101990k
231019901990
23101989secilim
231019891966
231019890
2310198818
23101987leilik
231019855
23101983cst
231019751130
23101972
231019697
23101960
2310195888
23101943
23101923
23101911
2310186
23101825
23101812
2310177
23101732
23101719
2310167
23101611
231015aa20
23101536026039
23101534169
231014la
23101425
2310138438
2310137
23101325
23101311
231013008d
23101229
2310122
23101209
231012006
2310113
23101110
2310110jrp
23101103
231010911993rvc
2310100
2310098
23100918
2310086
23100812
231007m
2310078
2310070
23100686
23100634
2310061
2310060745895931
231005james
2310053
2310050
2310042552
23100393
2310031
23100205
23100198
23100123
2310010
2310006
231000123
2310*hasan
231.564.lmr
231-7
231-0979
231
230wylie
230wil
230vistafield
230ve14max40w
230tincute
230svdep
230sary
230rounds
230r!!xx41
230o2hnd
230milford
230man
230ierland
230glenmore
230f10
230e2enriquez855
230dquint
230dgst
230crs1121
230broken0930
230belle
230bayshore
230___
230NZA
230GAY230A
2309vr93
2309teo
2309sergv
2309paul
2309oero
2309msf
2309mmv
2309me
2309louise
2309jesus
2309itak
2309hope
2309gevaf
2309ferycla
2309dj
2309babe
2309ash
2309arana
2309am
2309adii
2309_1996
2309ZEPEDA
2309CHIQUITO
230998flor1036
2309987
230997g
2309976
230996senja*
230996@
230995pck
2309956
23099513
230994paulaalici
230994cute
230993PABLO
2309935667
2309931
230992skezboy
230992cangrix+-
23099239
2309921118
2309917
230991080891
230990vc
2309907
23099010
2309900030277
2309900003571
23098e
230989luisjasiel
2309898
2309893
2309891778
230988pp
2309887
2309882269
230987sfa
230987ari
230987123
230986g
230985wss
23098517
2309841
230983ibc
230983elsa
230983ahz
23098300
23098283
23098212943032
230981mnv
2309812
23098098
2309806
2309800021969
23098
2309781275
230976optix
23097600
23097588
23097539715
230973brayan
2309716
23096joanna
230966s
2309665
230965k
2309657
23096252
2309620562
23096131
230959sh
23095904
230958jc
23095707
230956s
23095352251
2309515
230950
23094850
2309463128
230944
230942
230938825
23093800
230937/*-+
2309359
230933a
230932pingnun
23093264
230931230931
230931071989
230930bb
23092c
23092952
230929280528
230929*04
23092807io
2309274
230926chico
23092612vd
2309261011
23092609
230925neung290526
23092541
23092525209
23092515
23092512
23092509
23092498
230923A
230923092309
23092222
2309220890
23092013
23092005sergioc!
23092003discoteque
23092
23091997da
23091995:)
230919937765
23091990nena
23091990b
23091990/sjb
23091989k
23091988shah
23091987n
23091987gr
23091984kwa
230919822
23091973
2309196622071992
23091965
23091963
23091961
23091951
23091937
23091929
2309191
230918406
23091703
2309165
23091611
230915p
23091588
23091515
23091403
2309125
23091212010913
23091101
230910530
23091004
2309094
230908lil
2309085
23090728
23090710amorteamo
230906ian
2309062
230905__jose
23090541
230905230905K
230904cd
23090412
23090409
23090310
2309020
230901ryanjohn
23090130
23090112-
230900A
2309004
230900063598
23090003859661
2309.37
2308ying
2308ximena
2308virgo
2308ss
2308sabri
2308pisoias
2308ogtumuauriel
2308ns1
2308mohammed
2308mea
2308marivy1988
2308lkmh
2308ktt
2308k
2308jor
2308ih
2308gunter
2308dearjib
2308cl05
2308bbb
2308bank
2308aspar39
2308LEON
2308JaM
23089902
2308986450086
2308981403210
2308967
230895JK
23089500r
230894npp
230894cc
23089423
230894040992
2308934
230892gi
230892agosto
230892=mb
23089224
23089216
230891j
230891d
230891c
230891asb
230891Y
230891CharurinD
230891.r
230890emy
230890Astrid
2308905
23089023
23089018kira
23089+1
230889kmp
230889dar
23088953
2308892
230889014
230888lolis
230888a
2308883
230887n
230887=-=
23088653
230885blinblin
23088521arlenee
2308841001
230883_lokman
23088249
23088213
230881hgas
230880m
2308803
23087923
230878pao
2308787T
23087785
2308763
23087433
230871sandra
2308712
2308702
2308697
230868834
23086788
2308671993255
2308659
2308647
2308616
23085rksey
2308581apx
230856Rudi
230853
2308521
230852
23084954
2308474
23084593
2308432
23084263
2308405
230840
23083jay
2308396
230837230837
230834s
2308344
2308341404561709
23083389
2308333
2308322
2308311333
2308309
23083001
23083.8
23082e3e
2308293
23082809
2308272525
23082585
23082548
23082542
23082535king
230825253209
23082520
23082512
230824r
23082442
23082406
2308230/8
23082211
23082180
230820XXX
2308207
23082008ce
23082005159
230819993
2308199514
23081993navarro
2308199132341001
23081990*
23081989family
23081987abc
230819869007
23081985a
23081984madu
23081981ekrem
2308198
23081971
230819696
23081958
2308195
230819472846
2308194
2308190517
2308189
23081709
23081594
23081505
23081439
23081401
23081303
2308123081
23081201
230811590
23081102
2308103
23081000693203
2308092
230808jona
230807jhayz
230807LA
23080768
23080728013559
230806i
230806babyd
23080648
23080629
2308057b
23080512
23080460
230803k
23080369
2308030616
23080217
230801mya
2308012s
23080
2308-Air-Cadets
2307yana
2307wan
2307today
2307sweety
2307slayme
2307radjh
2307pplyGERS
2307pedro
2307nipito
2307mimi
2307miangel0613
2307luwie
2307lfc
2307joseph
2307gazza
2307fiza
2307eminem
2307diogo
2307db
2307az**
2307anaya
2307abc
2307Queen11
2307JRJ
2307CAMA
2307998
2307984722813
230796jak
230795love
230795cc
23079511
2307940
230794&210507
230793ja
230793doris
23079344
23079313
23079312
230792timtams
23079200
230791yass
230791j
2307915
23079112
230790nikki
230790090
230789sh
230789m
230789453250104070
230789230789
23078914
230788m
23078899
2307889
230788493
23078810
230787sormat
230787edk
2307870
230786maam
230786bruno
230785kike
2307856
230784liz
2307846
23078401
230783ib
2307832316
230782te
23078251091
2307819
230780ica
230779s
230779A
23077825
2307772
23077681
2307761037091
2307723
2307707
23077014
2307692
2307680
230766lies
23076565
230764
230762megan
2307626
230761
23076008388
23075882zu
23075655
2307548
2307545
2307533
230752
230750
2307479
23074642
23074574
23074442936381
230743
230742
23073925
23073833
230737769
23073563
23073436
2307342
230734123
230733180733
2307324
230732100333
23073195
2307319
2307300824
2307298
230729151029
23072903
23072711
23072625
23072550205
23072547
23072544
23072541
230725325
2307253021032531
23072516
2307249
23072406
230723j
23072307367
23072210
2307214
230720x
230720051
230719sh
230719972007
23071992kevin
23071991v
230719911991
2307199
23071988angel
23071987231177
23071986luisito
23071985c
23071980lfc.
23071972
23071968
23071964
23071961
23071958
23071955
23071947
23071912
230718j
2307186
23071827t
23071819
2307169
23071612
2307151
2307148
23071361
2307121993
2307115
23071101
23071012
2307099
2307098
23070937
23070811
230707pechocho
230707854
2307068
23070616
230705a+g
2307049
2307048
230704163028
23070390
230702dmma
23070204
23070081
2307003
2307-1241
2306z
2306y1607
2306xf
2306vero
2306snow
2306saltarin
2306qershor
2306nicole
2306me
2306m3gt
2306kikz
2306k8
2306iz
2306ilu
2306es
2306dye
2306dwais
2306corazones
2306bv
2306ad
23069tang
2306992455097
230698Bl4
2306989450114
2306984062
2306976
230696jq
230696567617
230695r
230695leslhy
23069597
23069514
230694pc
230694gih
230694K
230694230694
230694071186
230693240695
23069306990
230692rp
2306923
2306922207921515
230692001
230691juan
230691camilo
23069169
230690tuti
230690gm
230690ale
2306906
230690240291
23069011vjsccangem
23069009295682
230690017zyn.
230689th
230689jlfc
23068975
2306893
2306892
230688z
23068880
230687y130503
230687agl
230686js
2306861
230685230685
230684pt
2306845
230683g
230683110782
230682s
2306825
23068212
2306816
2306813730
2306812
230679s
23067945
2306789
23067789
23067688
230674657
23067200
230670km
230669322
230667
2306669
2306666
2306664
230665,
230663
230661
23066032
23066
23065924
230658203696
2306573
2306552
2306549
2306521
23065001805643
230648995
2306485
2306475
23064587
2306427
23063992
23063762
23063515400
2306345
2306329g
2306323
23063203
23063145paraq
23063137290
2306305
23063
2306294
230628030725
23062707_
23062602
23062550
2306254805092551
23062541
23062538
2306253513
230625270899105785
23062518
23062514
23062511
230624sc
2306243
2306238
2306237
23062309
2306224
23062102
230620320
2306201
23062003l
23062001H
23061999
23061994parca
23061994ami
23061993is
230619937911
230619927
23061992*-*
23061990b
2306199
23061989a
2306198888
23061987123
23061986steven
23061983ramon
23061983efs
23061981x
2306198107011981
23061974++
23061960
23061953!
23061911
2306189J
2306180
23061710
23061666
23061512huevosguey
2306147.
23061410
230613887
23061304
2306123554
2306118
23061111
2306110287
230610909
2306105
23061010
23061
230609slsf
2306092
230608io
2306082
23060808
2306071
230606k*a
23060643
2306055
230604marita
2306035
230602IAN
230602198811293228
230601cj
2306011513
2306010
230600kxorotamo
2306001
2305z
2305tony
2305thi
2305pinto
2305pandora
2305oo
2305mina
2305marconist
2305lopoiu
2305kissme
2305judy
2305jl
2305incafi
2305ej
2305dj
2305bod1
2305aw
2305andrijavolimte1215
2305a
2305RM
2305Clan
2305992
2305991
2305988
230597miprimeraves
2305979
23059667
230595ol
230595mini
230595515
230594s
230594lr
23059456
230593kng
23059325
230592mayo
230592lee
230592chiqui
2305925
230591xx
23059189
2305911569_r
230590mum
230590azmi
23059061
2305901906
230589y301089
230589MS
23058918760573
2305891
230588um
230588po
230588mmc
230587MARTINEZTEAMO
23058730
23058712
230586china
230586241285
2305861
230585pacheco
2305857
230583yazminas
23058324
230582m
23058260
23058211GVL117dr
230582*
230580p
2305804902
230580221181amor
23058011
2305795
2305789c
2305773
23057710
2305763
230575sk
2305730y
230572DenBosch
230571
23056eva
230568wg
2305689
2305687
230567es
2305666
23056382714129
2305619
23056082
23055duri
230559600
23055868
230555j
23055512
2305544
230553
2305523
23055191
23055150
230551239
230549s.
230549
2305469
230546
2305441
2305436
230542
230541
23054
2305399
23053900
230538143
230538
230536987
230535310758899
23053416
23053326
2305331
23053200
2305314
23052986
23052807
2305280
2305277295
23052546
23052539sf
2305253532553
230525310013497
23052529k_tec
23052521
23052518
23052516
2305250
2305244
2305242
23052309
2305218d
230521121
2305202
23052009
23052007lj
23052002bone
2305200
230519a
23051995alethebest
23051994k
23051992yo
23051992mf
2305199123
23051990myfamily
23051989S
230519882108
230519878
23051986m
2305198392
230519810
230519782009
23051974
23051970
23051968
23051963mr
23051959
23051953
23051939
23051917533676
23051812
23051809
23051804
23051795
230517333
230516s
23051682255464
230515iop
2305150527081107
23051408
230514
230513j
2305137
23051297
23051209
2305120
23051173
23051103
2305104
23051023
23051002
230510
23050809
230507junio1987
2305073
23050708
2305063
23050625790
23050611
230505danna
23050506
230504nadenna
230504230504
2305040
230503cute
23050393
2305021
230501pnlm
230500k
23050046
2305.josh
2304you
2304tatiana
2304sofe
2304sn
2304sedgwick
2304salva
2304pieldeotono
2304myriam
2304mn
2304mayris
2304lw
2304loop
2304lll
2304law
2304l
2304jp
2304jimmydee
2304inaioana
2304gu
2304fesu
2304dd
2304buka
2304blos
2304ajs
2304Siriratkoi
2304MOM
2304AMORCITOBB
2304991
230498GM
2304987
2304982d
230497aldr!
230496ph
230495theamo
2304959
2304957
23049501ple_
230494azmi
230494888
230494394
2304940304
230493mafer
230493emoxa
23049329
23049319
230492b
23049211
2304915
23049103
230490TAN
23049023
23048yek
230489rf
230489chivas
23048991.
23048909
230489.95
230488j
2304883424
230487v
230487ja
23048719.
23048712
2304870
230486diana
2304866
23048602
23048591103
23048417161
230484061281
230483n
23048383
230482pollita
230482230989
23048209
230481paok
2304811
230480y
230479tryg
23047902
230478317
230477310877
230476a
2304751906
2304743
23047270
230471ky
23046k
2304699
23046812
2304678
2304666
23046596
230464307
230463071290
23046120
2304597
2304578
230457
2304568
23045580
23045230
23044984_ess
2304489
230447
2304461
23044312
2304421ahmed?
23044123654987
2304397292
2304382
230438
2304374
230436*230436*
2304358
23043491
2304336
2304333
230433021029
2304323
23043213
2304314
23043115
23043008
230430011903
23042912
23042877
23042848
23042706
2304266
230425391996
2304253507
2304252719840423
23042520
23042515
23042511
23042507
23042501
23042497
2304244
23042309
23042306
23042203198315
2304203
23042008astrid
23041995tao
23041994moranguinha
23041993laki
23041992tina14
23041991_
23041991-22111991
23041990micp
23041990a
2304199005041990
2304198923041989
2304198723041987
23041986day
2304198477652
23041981gimnasiomivida
23041974
23041969
23041965
23041949
23041940
23041923
2304191
2304190
23041838
2304175
23041603
2304154
23041516
23041502
230414lindasoy
2304144
2304141
23041353
23041306
230412huy5
2304115
2304112
23041104
2304101919951996
23041004
23040959
2304075
23040716
2304066
23040608
23040592166498
23040511
2304047
230403jessica
23040335
2304020936
2304011987
230401182
23040064
230400240490
23040002jedi
2304*pulpito
2303ynnaf0412
2303wyde
2303tm
2303slo
2303pazaway
2303openia
2303monroe
2303mjphv
2303mipahk
2303loya
2303lar90
2303jo
2303jane
2303el.
2303cesar
2303calendarios
2303bi
2303as
2303MJT032
2303Gunners
2303Anni97
230399jc
2303996
2303990
2303988
2303985
2303980
23039791
2303970
2303960
230395ingrid
230395230395
230394star
230394bnbabo
23039415
230393m14
230393carlos
230393akd
230393456
230392dob
2303924
2303921905
230391k
230391290990
230391182
2303911718
230390e
23039078
2303901771
23039013
230390080491
23038maybelove
230389luislopez
2303892alex
230389198
230389****
230388nat
230388JCAT
23038811
230387aries
2303876
230387.car
230386ainoa
23038533
2303851
230383jessy
23038318
230382tocak
23038
230379c
2303777a
230375lone
2303759
2303751995
230373TRN23
2303733
230372437j
23037155
23037083
23037
2303699
2303670
2303667
2303643
23036002561279
2303597
23035678
23035556
230354nj
23035270
230351245P
23035002019536
23035
2303462
230345
2303434
230341
23034030mery
2303399
230338165
2303366
2303361
230335c
23033355
2303333
23033259
23033209
23033110
230331020
23033030
2303300
230329sr
23032936
23032910
23032901
23032723
23032623
23032601
23032550py
23032550
23032549
23032540
230325380
23032524123
23032515
23032508
2303249435
230324769
23032303m
230322j
2303226
230321966
230320m
230320200
23032
23031999pai
23031996baby
230319940
23031992p
23031992lio
23031992b
23031991eric
2303199038624
23031989Dragon
23031988lore
230319872631498
230319812303
230319623031962
23031954
2303191m
23031909
2303190
23031812
230316053005
2303157
230314990
2303145213
230313zaz
23031325
2303129
2303122509
230311L
23031093
2303101871
23031011
23031001
23030983
230308122885
23030808
230307txematkm
230307af
230307CRIS
2303071727
2303071
2303066
23030611
2303061
230305katie
2303058a
2303052
230304katherine
23030415
2303041
2303040022
2303032
2303031
230302burcuburcu
230302231279
2303020
230301215
2303011
23030044
2303001L
2302tryon
2302rt
2302patcharin
2302nm
2302lj
2302jxs
2302gangsta
2302fmm
2302fah
2302ethan
2302dois1000
2302bmxer
2302ash
2302amor
2302OGUZ
2302Condor
2302984475040
2302984
230297l
230296vish
230296ika
2302962302
230295stewar
230295js
23029523
230294sm
230294akr
2302944
2302942
23029336
230292valeria
230292lasie
230292ed
230292SylvA
230291rsmmello1991
2302911
230290lilam
230290g
23029046764918
23029041757750
23029012753887
230289dg#
23028972
2302892
23028916
230288j
2302881
230287v
230287ac
23028719
23028716
230286xxwr
230286f
230286a
230286040784
230285aa
230285130204
230284kw
230284G
23028245
230281lp
23028191624
23028100
230279-maxim
230276504
230275192
23027234
2302714
230270AM
2302701
23026a
23026944
230269
230267ac
2302675
23026682
230265k
23026420
2302633
230262130682
23026166
23026100
23025td
23025888
2302575
2302568
230256
2302555
230253
230251
2302461
230244
230243
23024200
230240E
230240194
230240
230239d
2302387
230238206tim
2302362268
2302359
23023504296
2302341460
2302337
23023336
2302332
230233030431
2302323023
230232150435
23023119
2302306
2302302330
23023003
23022ljs
230228yao
23022808
23022706
2302270
23022655
23022603
23022552
23022550
23022544
23022536
23022518
23022513
2302250318
2302245
23022411
23022309
23022305
2302229
23022230
2302215
2302208
23022002enginar
230219k
23021997dani
23021994february
23021993ann
23021992mrv
23021991intan
2302199104081991
23021990a
2302198922
23021988embryo
23021986<>
23021985n
23021984300605
23021977
23021974
23021970
23021964
23021958
2302195
2302191
230218768
23021822
2302181
23021804
23021784
2302169
23021679
2302162
23021601
2302159
23021511
230214deysi
2302140487
2302138
23021309sana
2302122524
23021203
2302113
2302108985
230210277
23021011
230210*s
2302088s
23020791233
2302071413
23020711
230206n&h
230206e
230205ch
23020511
23020506
230204p
2302043819941209
230204230204
2302034
230203230203
23020301
2302027
23020211
23020201
2302010
2302005
2302003
2302000
2301wady
2301star
2301rr
2301nk
2301nadine
2301martha
2301lgpval
2301lali
2301je22
2301ja
2301hugo
2301fdenton
2301dl
2301cya
2301algon
2301al
2301Sean
2301Ma
2301@mery
2301992
2301988494507
230198541000
2301982vlatko
2301974
23019711
23019623
2301960
2301950
230194v
230194413
23019403
230193bigboobs
230193.
2301922763
2301921204
230191GATITO
23019127jjsch
230191150184
230190puchini
23019016
2301901
230189miguel
230189ZAC
23018910
230188sarah
2301883199
230188212
230187001
230186jd
23018641
2301862009
2301861
230185fifi
23018515
230184burgos
2301845
230183mexicodf
23018385
2301832enero
23018272
2301814
2301804
23017982282
23017927
2301790
23017899
2301777
2301766b
2301751
2301747
2301744
23017324
2301718
2301712
23016x1
230169CJ
23016890
2301670
230165yakee
2301655
2301644
23016355
2301633
2301628
2301604
23015891
230158
23015720
2301566040150625
23015645
23015580
230154734
2301525
230152344
23014dft
2301483
230148
230147
23014634
230145
230143
2301421
23014031
230137817
230137+
230136230136
2301356
230134mama
2301331058
230131m
23013110
2301301987
2301300061
23013
23012e
23012951014176
2301283
23012799
2301271
2301269
230125z
23012542
2301253406806
23012532doi
230125283230
23012508000
23012502
23012388
23012303
2301230
23012229
230122102528
23012163435
23012103
23012033
23012020
23012003
23011j
230119_cecy
230119990
23011993erick
23011992hard
23011991easo
2301199020989196
23011989015489
23011988@
23011988!
23011980ap
2301198
23011968
23011965
23011963
2301194
23011819
23011721
23011701
2301167
2301161722
23011599
2301156
2301143
23011323
2301130
2301125a
23011216
230111430
230111111111
23011101
2301101121
23011007
23010_cfi
23010912
230107m+x
23010782
23010764
230107110320
230106241190
230105mani
230105230105
23010503
2301049
23010411
23010405
23010318
2301031
23010303
2301028485
230102162
23010200c
230101978
23010084
23010042
2301000rosy
2301*04.a
2300wb
2300st
2300poopie
2300mtvc
2300mb
2300lizz
2300kv
2300hart
2300ems
2300burn
2300b
2300P
2300Blue
23009viaoi
2300987654
230098
2300970
230095
230091
2300909
2300900017825
23008e
230089
23008700
23008612
2300851
2300825042534
230081
230080
23007inelbyscordero
2300796
2300780
2300775
2300760
2300745
230073n
2300713
2300708m
230070
2300684
2300679
230067075
2300664
230066103
2300658
2300648
230062535
2300614
23006064
23006005604178
2300600
230059
2300570
2300564
2300550247
2300532
23005204
230051
2300509k
23005002159269
23004j
230049
230048
2300460l
2300457288
2300454
2300420
230041j2
2300413
2300402
2300389
23003795
2300361
2300333
2300324
2300317
230028
2300271
230027
2300264
23002341
2300230023
2300201
23002
2300192
230019
23001819
2300181
2300173
23001572301710
2300148
2300142
230014
2300128
230011124258
23001087
2300102
23000gt
23000940
2300087
2300078
23000724
2300068
23000619
2300059
2300051991
2300033
2300025t
2300022
230001929
230001045
2300009435
2300003
23000016
23000006
230/215
230..1600
230-781
230!237
23/o9/2oo6
23/jul/06
23/allimite
23/9jemm
23/90@P
23/9/1995
23/8/94
23/8/1989
23/7/37
23/7/06
23/6/95
23/5/05
23/4/90
23/4/1994
23/3/92-stace
23/238
23/2/2006
23/2/06
23/12/96
23/12/93
23/12/89
23/12/64
23/12/1989
23/12/12990
23/1193eidsberg
23/11/95
23/11/89
23/11/29
23/11/1994
23/11/07
23/10/92
23/10/27
23/10/1992
23/10/1976
23/10/05rip
23/1/95
23/1/89
23/1/2008
23/09/95
23/09/2534
23/09/1993
23/08/93l
23/08/34
23/08/1984
23/07/94cj
23/07/92me
23/07/08
23/06/allimite
23/06/1952
23/05/94
23/05/86
23/05/1995
23/05/05
23/05/
23/04/2524
23/04/1968/bl
23/03/march
23/03/93
23/03/06
23/02/99
23/02/86
23/02/1995
23/01/95
23/01/90/ms
23/01/79
23/01/24
23/01/1995
23/01/1981
23.vera
23.sep.93
23.saldrabien
23.martie.1987
23.ksm.gzm
23.kaliyah
23.june.1993
23.house
23.ene.89
23.buffystar00
23.agosto.1981
23.Nov
23.95
23.893
23.846.005
23.730.550.javi
23.711.
23.7.1984
23.616.324
23.58423
23.513.516
23.500.770
23.5.23
23.4.96
23.3.1993
23.23.
23.2.92
23.177.16.
23.15.PRINCESROX
23.12.95
23.12.91
23.12.1992d&g
23.12
23.11.1991.15.2
23.108.040
23.10.93
23.10.90
23.10.07
23.1.1997
23.09.90
23.09.80
23.09.1987
23.08.94
23.08.91
23.07.1993
23.07.07
23.07.05g
