8719433
8719419
87194
871939
8719360
871935
8719312
8719295
8719288
8719283
871925
8719224
8719210
871919
8719176
8719140
871910vIRGO
8719103
87190gianca
8719084
871904
8719028
8719017Z
8719$_$B_u?E^r.9149
8718kh
8718992
8718977
8718971
8718939
8718935
871889
871887
8718848
8718808
8718731
871872
871871639v
87187
8718695
87186802
8718663
871864
8718604
87185963
8718588098
871856lunc
8718544
871845
8718400
8718388
871837
87183290
87182871
8718258t
871823
8718171
871815
8718135
8718122
871810
87180088
8718002
8718
8717pd
8717crb
8717TREBLA
8717974e
8717961718
8717945
8717917
871787
8717827
871780130
8717778
871776
8717735
8717689
8717671
871766
87176365
87175mason
8717568
8717529
8717520
871750
8717457\\\\
8717425e
87173931
8717376
8717338
8717325
871731
8717280
87172643
8717250
87172201
87171ml
8717170638
871716
8717127B
8717116
8717105
8717090
8717079
8717057
871705
8717023
8717005
8716dad
8716972
871694
8716937
8716909
8716905
8716885
87168716
871687
8716851
871682
8716787
87167811
871677
8716714
8716681
8716664c
8716643
8716631
871662
871658522
8716547
87165325
871652
8716482
8716433J
87164
871637
8716333
871633
8716317
87163
871625
8716240
871618
8716162956m
871612
8716113G
871610
871608
871606
8716051s
8716045
871603
87160123
8716.2745
8715rk
8715lola
8715ccapsf
8715992
87159579
87159480
8715941
8715910
8715902
87158847
871587
8715820
871577don
8715759
8715730
871572
8715701
871569k
8715690
871567677
87156654
8715629
8715606guy
8715588
8715586
8715564
871555
8715536
8715530
871551
8715475
8715466
8715452
8715442
871543194
8715408
8715398
871535
8715312
8715310
8715271
8715260
87152502
871523452
8715211
871520icaro
871520
871519
871516
871514
8715128
871511
87150b
871508
8715050
87150395
8715025
8715005
8714w6617
8714nmr
8714im
8714garh
871497
87149301
871490767
87148714
8714834
8714822
871482
8714815
8714785
8714772
871475
871472
871471
871466
8714649
8714627h
8714587145
8714563
871453
8714514_gd
8714460
8714426
8714407
8714388
8714364
871433
8714321
8714297
871429
8714264
8714254
8714239
871421b
8714214002539
871418
8714168
8714143
871413
8714128
8714116
87141143
871411253129drthe
871410aa
8714085
871407df
87140699
87140343i
871401
8714-a
8713pumpkin8713
8713pg
8713j15
8713cuba
8713a0075
8713930
871390248
871390000
87139
8713890
871385
8713819
8713802
87137802
8713778
8713766
8713743j
8713705
8713697maje
8713682
8713643
8713626
871361630
8713597
871359
8713545
871352
8713513
8713497
8713464
8713442
8713437g
871341
871340927
8713399
871337
871333
871331
87132sexygirl
8713291
8713260sara
8713217987
87131e
871318
8713157
871313a
871312york
8713125
8713113
87130m,
87130840
87130637
87130360
8713014
871300542
87130
8713
8712ss
8712kakin616
8712IJAA
871299
871295
8712933
8712921
8712917c
87129087
871289
871288
8712869
8712854
8712842
8712811
8712806
8712803b
871277
8712757
8712741
8712730
8712713
8712687126
8712677
871266
8712650
8712648
87126252
8712616837
8712609
87126
8712582
871256a
8712552
871254
8712520
8712517
87125
8712496
871245
8712408
8712371
8712365
871234d
8712329972
871231r
87123119
87123055614
8712303
87123014
871230086879
87123
8712298
8712296814
87122954909
8712290
871228496115
8712282D
871227496105
871227145815
871227015391
871226f
871226525437
87122621
871225mm
871225085871
8712250198710j
87122468770
871224565080
8712243101
87122378142
871223565070
8712231
871223045147
871222jh
87122243
871222146165
871221599631987
8712208763
871220235789
871220085602
8712200654418912125174
8712197330
87121950594
871219145698
87121900
871218565076
871218145125
8712181
871217_ts
8712176
871217115217
871216jhenifer
87121609
871216/*-
871215ce
87121570
871215495279
871214fei
8712147
87121423
8712141
87121360380
87121356218
871213235887
871212aku
8712129
8712126011
87121256515
871212525241
87121206
87121111
871210lplc
87121057164
871210236040232
87121
87120960162_j
87120953719
8712092402
87120919
87120907
871208ee
8712084271
871208235495
87120796
8712073
871207035379
8712064
87120577016
871204ADRIANA
871203m
871203495124
87120317
8712031
871203025915
8712023039
871202065069
871201752620
87120156
871200
8712*2
8711nefta
8711lore
8711acdc
8711OjHh
8711998
8711988
8711975
8711943b
871193
87119018
871189a
871189
871188
87118711bank
8711867
8711857
871185
871184
8711830
871181103711
87118024
87117jeff
871179
8711779
8711762
8711725
8711716
8711700
871169
87116689
8711655
871164
8711628
8711610
8711608
87116
8711572
8711558
87115366
871152
871151
871150
871149WW
8711456
871143756
8711429e
871140
8711370
8711361267
871135
87113326
871130554053
87113035123pig
871130085238
87112k
871129eidra
87112965490
871129435433
871129115161
871128ZHANGXIAO
871128495510
87112800
871127555
871127025824
871125p
871125871125
871125520
871125115682
871125-14-5072
8711246
871124146356
871124105749
8711234
871122841021
87112223
8711216
871121125250
871121075409
871121026156
871120s
8711206
871120026007
871119wai
87111974800
8711196
871119146079
871119125163
871119035256
871118236005
871118105216
871117y920617
87111764563
8711164618alan
871116145636
871115crxswi
87111566800
871115355084
87111525
871115146274
87111462745
871114295075
871114115695
871113mocszd02
8711137359
871113045429
8711126
871112520
87111229
871112135676
871111theng
8711118711
871111025328
87111051885
871110235737
87111
8711094966
871109035375
871108a
87110857932
87110843
8711081698
8711075226
8711068
871106017
87110563050
871105457114
871105061224
871104d
87110472
871104526124
8711043210
8711034
8711032205qasw
87110320
871103125361
871103025811
871102mg
87110262734
871102115196
871102-63110
87110159305
87110127
871101145625
8711007
8710wave
87109863
8710949
8710937
871092c
8710923
871089
87108720S
87108710
8710859
871081437
87108
8710781
8710757
8710731
87107
8710669
8710655
8710643
8710637
8710625
8710602
871058
87105602
8710545
8710526
8710485
871047070
8710460
8710457
8710449
8710431
87104245
8710348
8710336
871031kt
87103150
8710313
87103087
8710307
871030355368
871030085839
87102gaa
87102958215
8710295224
871028f
8710285359
871028055163
87102771379
8710271057
871026Aa
871026125295
871025n
87102557962
871025526708
871025085973
871025-52-6126
871024cy
871024235458
8710236_123
871023355298
8710230162089
871022man
8710225
87102208
8710218833
87102150323
8710211231
871020_52_6557
87102059377
87102014
87102
871019235138
871018565258
8710181355
871017sudjimenez
871017495024
871017235097
87101718
871017045090
871016naz
871016852
87101650837
871016145495
871016085752
871015vgr
87101573
871015130
87101506
871014sek
871014305141
871014025780
871013g
87101387
8710136
87101357161
8710134012
8710126465
87101251240
871012086598
871011565511
8710113203
8710113..
8710110
8710109
87101054
871010236468
87101001
871009a
871009495390
871009085121
87100865180
871008525914
871007wdzyhm
871007h
87100760515
871006jt
8710065
87100636
871006035356
8710060
871005035610
87100450567
8710040
871003855017
87100333
8710032
871003115289017
87100257694
8710025130
8710023
87100164190
871001135219
8710
870olb
870mudflap
870magnum
870k5UEj
870jac
870hillary
870dsf
870crip
870ale
870MANDY
870Express
8709yng
8709nucita
8709hgs
8709ccbgf
870999
8709983
8709958
8709892
8709867143
8709826
8709799
8709773
8709766
8709710
8709696246
8709679
8709600i
8709522
870951
870948
870947528123
87094407
8709420
87094095tay
87093911
870935
8709310
870930dayis
8709308
870930565083
8709300039.arman
87092969396
870929565991
8709292
870928brali
870928495274
870928385438
870927x
870927025537
870926vane
87092663742
870925295111
870925025808
870924andrea
8709245
870923infante
870922605057
8709223
87092161160
87092130
870920wsb
870920870414
870920105075
8709191919
8709182
870917jhg
87091749
8709171987
87091666713
8709164nor
87091630
870915ting
870915a
870915435272
870914felipe
87091449
8709141
870914025247
870914*
87091378
870913295288
870913146274
8709122h
87091217
870912065413
87091154771
87091152558
87091100
87091073712
87091
87090956360
87090950922
870909435225
870909115790
8709091
870909085018
8709089
8709084
8709081463
8709076m
87090754899
87090751
87090652565
870905e
870905055380
87090501
87090451896
870904385230
87090413
8709040025
87090350
870902am
87090252494
870902145460
870902015906
870901789
87090153259
87090068
8708yw
8708hp
8708993
870898ll
8708983522
8708966
8708949
87089241
8708911
8708884
8708865975
870885
8708817
8708809
8708798
870876
870873
870871212002
87086qxez
8708672395
8708661798
8708644
870862
87085559
870852
8708497
870848
8708463
8708450
8708446
870841
87083pvkzd
87083835
870835
8708330
87083150295
870830OMAR
87082fvgek
87082935
870828_arcalius
87082860710
87082835
870828085454
870827435184
870827011596
870826565286
870826525911
87082610
870826025327
87082578
8708256193
870824luis
87082451585
870823binbin
87082351270
87082260585
8708223
87082111
87082051455
8708202005
870820125239
8708200
87081964155
87081954583
870819125020
8708190544
870818shift.*+3
87081851962
870818105677
870818025802
870817295085
87081672715
8708155035
8708151071
87081507
870814105493
8708140355011
87081311
870812s
87081288
87081256
870812095164
870812015953
870811fan
870811565259
8708110956
87080971
8708091111
87080852
870808105374
87080764837
870807495083
870807045103
87080688
870806045080
8708055216
870805015744
870804ed
87080462865
870804085476
870803isaalejo
87080370391
87080356160
8708034
8708030
870802065383
87080153166
8708002
8707tuto
8707slay
8707jj
8707cs
8707AND
8707963
870793
870785l
8707800
87077ugzn
8707729
8707714
87077
870769
8707685
870766
8707655
870761qp
8707608
8707585
8707540
870752485
8707514k
8707502160387
8707464
870742
87074145
8707407M!
87073926
870738
87073580
8707340
8707331974
870730145076
870730045198
8707295330
8707288f
870727yahoo
8707278qw
870727495200
8707273
8707266
87072653538
87072652
870726235351
870726085525
870726025813
87072560165
870725435415
870724cxy
87072455574
87072367802
87072308
87072271
87072235
87072205
870721115422
8707208m
870720405065
870720135544
870720105118
87071958980
870719085017
87071901
8707187
87071858055
8707184
87071809
8707177765
870716caqk
870716025369
87071556a
870715105113
87071335
870713026315
8707124578
870712085209
87071155402
87071106
870710495909
87071028
87071
870709435941
8707091
8707089
870707435016
870707136284
870707065801
87070649
8707060031087
87070586
87070505
870704526246
87070436
870704145152
8707036
87070356102
8707032
8707021n
8707015
870701145499
87070021
8706todd
8706slip
8706pj
8706mm
8706cmg
8706ajm
8706J@03K
870698929
87069750
87069634
87069410
87069296
8706927
8706898
8706897
870688
8706826
87068183
87067830
8706772rc
87067463
8706730
8706710
870670
8706688310
870665
87066251
870662
8706587
8706568
87065491
870654321
8706522
870651432
8706500
8706488
870645089
8706420
870639
87063843damage
8706369215487
87063618
8706330
87063068320
870630525936
8706301025
870629355415
8706283
870628015056
87062778
870626729
8706265
87062594
87062582
87062550749cyv
8706245
8706239
870623565323
87062338514656
870623305062
87062310
870623045053
8706227
870622295296
870622125414
87062150929
87062138
870621345pmglp
870621345m
870621345c
870621345a
8706213454ever
87062114
87062103
87062055
87062013
870620045189
87061953521
87061921
870619025412
870618613
8706185878
870618105189
870618075215
870617526192
87061720
87061703
87061566641MAX
870615525575
87061514751387
870615115584
870614c
8706145
870614235613
870614080220
8706131
870612495294
8706122
87061170
8706115
8706113119
8706110
87061011
8706094060
870609125680
8706090
870608351
870608015286
87060764
87060713ys
8706070202
87060680
8706060964
870606025544
870606-54750
8706054650970
870605105112
870604hop
870604at
87060421
8706040160081
870603hana
87060355
870603115333
87060253615
870602305098
87060212
8706019,
8706014
8706012478
87060114
87060076
8706002
8705zai
8705ts
8705ppp
8705nj
8705ms
8705kai
8705ew
8705clow
8705cd
8705985
87059657
870596
8705932
870591373
8705871
870587
8705847nazareth
8705800
8705788
87057467
8705733
870567
8705651
870563
8705621625
87055a
8705591
8705578
870555
8705535
8705519
87055111915
8705501
87055001
87054xaxaxa123
8705441
8705426
8705415
8705399
8705397
8705365
8705341comet
8705330
8705323
87053102
8705305
87052crja
8705291
87052843
870527cleonice
8705266
870526065757
870525526793
87052545
8705248
870524055491
87052349
870523145532
870522sc
8705228yim
870522136
87052202
870521juank
870521025959
870520565750
8705203
87051960899
870519519
870519355289
870519145214
87051900
8705186599
8705184390
87051806036
870517luzz
87051724
8705170
87051619
870515706
87051550453
870514526421
87051409068
87051352023
870513105019
870512lhs
87051258357
870512295826
8705122
8705120650
870511520
870511235485
870510stiven
870510karlos
87051064001
8705102068
87051
870509123
870509035978
87050863466
87050852839yaqui
870508295305
870508115597
870507nakg
870507a
870507155028
870506z
870506E
870506495477
87050623
87050585
8705050587
87050452431
8705041
870503ly
870503355460
870503105701
870502n
870502565087
870502495242
87050220314
870502125241
87050172323
870501313
870501085524
8705010
87050020
8704fjk
8704995
8704950
87049396
8704924
87049027
8704886
8704874
8704857
87048204
87048175823438
8704795
870472
8704681
8704677
870465132
8704611
870460
8704577
870456
8704547
87045208
8704506
870448
8704444
8704433
8704406
87044016
8704390
87043524
8704348
870434
870433
870431
870430810617
870430235547
870429565610
870429355357
87042900
8704287
87042855039
87042826
870428035263
8704274
87042651697
870426354
870426235464
87042610
8704260
8704252
870425105772
87042510
870424cocacolo
870424385078
870424015361
870423j
870423565273
8704225
8704221083
8704219532
870421355141
870421075190
870420xiscom
8704205243
870420295052
870420065716
870419g
87041802
87041762070
870417013
87041661516
870416145203
8704161
870415dogo
870415507
870415385459
870415015415
87041457935
870414075125
87041383751
87041363000
8704130356
8704123
87041210
87041159802
87041123
87041099
870410866829
870410526080
870410035070
870410015301
870409235518
8704091145
87040901
87040849
870408095074
87040802
870407085456
87040625
870406145162
870406115086
8704060
870405465084
870405393
870405035375
870405015673
87040461777
8704041
870404085725
870403565735
870403235162
87040307
8704021
8704020
870401105102
87040
8703white
8703SANDRA292006
8703950
8703931windy
8703871
8703827
87037768
8703761
870370
870369
8703674Z
870365
8703639
8703618
8703597
870358
8703558
8703551
870355
8703467
8703443
8703439baochun
8703413
8703389
870335299
8703340
87033364
8703322
870331295114
87033103
87033063642
870330223
870329cl
87032956
87032910
87032900
870327235418
8703266
870326435143
870326125516
870326025777
87032550787
870325015091
87032487
87032457710
870323a
87032363
870323408202523
8703232
870322870322
870322065296
870321mf
87032152
870321145294
8703207
870320565617
870319hmcrxl01
870319565775
87031920
870319145017
8703177685
870317025679
870316355385
870316015014
8703157rs
870315526621
87031518669
87031502
870315015119
870314495528
870314191087
87031410
870313810613
870313355363
87031319
870313065681
87031250704
87031169818
8703115
870311235341
87031066
870310565090
870310065408
87030993
8703092
87030916
870309095087
8703089
870307870307
8703071g
87030704
87030682
870306526865
870306015401
8703059143
8703055438
8703052947
870304526896
870304385r
870303fong
8703034112
870303015912
870302495803
8703021
870302015793
870301on
8703014
870301065262
87030042
8702szuxe
8702rcc
8702db7e
870298
870297
8702933
870292
870287
870286
8702845
870281
870280
8702790018
87027532
8702694
870268
8702665
87026388642
870261345
8702610
8702601
870257
8702506
870248
87024515
870243
87023588005
8702339
8702327c
8702311
87023.conjuntura
8702273998
87022721157
870227085854
87022700tati
8702268410
8702265433
870226015934
87022569552
87022511
8702247
870223zafiro
870223565287
870223145899
8702231
8702230
87022258557
870222235593
870221145895
87021960045
870219495554
8702193
870219145677
8702191
8702189902678love
8702184
870218*
8702167902
87021640
870216075167
87021501
870214015750
870213MARIPOSA87
87021385
87021345
870213085351
8702126
87021252
87021209
870212015247
870211c
8702116
870211355020
870211-sarita
870210115260
8702097693
8702091208
87020813
87020752694
8702075
870206525574
870206085951
87020470311
87020413
8702039
870203565044
870202hi
87020253884
8702025095
87020235
870201AK
870201125010
8701y2kevy
8701undme
8701shana
8701rl
8701mj
8701mario
8701lr
8701kids2
8701jp
8701ja12
8701glow
8701eh
8701cs
8701cjay
8701babypic
8701atp
8701YA
87019MMP
8701990
8701956
870191190
870189
87018701B
870185
870183
8701801
87017917109
870178886
87017847534
8701777
8701771
8701759
87017404800
870173
87017285598
8701727
870172
8701697
870169
8701652
8701636
8701622
87016
87015866200
87015557494
8701546
8701540
870153
870152186
8701510
87015
8701481i
8701461
8701457x
8701447i
8701435E
8701422
87014152425
8701399
8701388
87013792814
870136
870133cez
87013356595
8701331
870132
870131MVA
8701316227
87013064626
870130115412
8701300181
870129k
8701293z
870129065112
870128luna
870128385085
87012802
870127525867
870127025707
8701267927
870126495598
87012621
87012511
87012458051
8701245
870124137
8701234
87012210
8701219
8701214
870121145679
870120LK
870120355236
87011992
870119235421
870118250001
87011789
87011743
870116385125
8701162
8701160030
87011542000
8701148
87011401
870113616621
87011263028
870112495183
870112145271
87011210
8701119
87011146
870111043
87011058360
8701103
87011012
8701100157085
870109145043
8701091
8701090097
87010838
8701081769
8701080151975
870107alan
8701077630
87010705
87010663227
87010635
87010611
870105a
87010557737
870105.76189
8701049
870104055022
8701038
870102s
870101i
87010159
8701012J
870101025776
8701000
8701(usher)
8700tu
8700pcd
8700girl
8700981
870095624
87009488
870093
87009232
8700919
8700911
87008918
8700879
87008700
8700842
870081
8700798
87007771177
8700747
8700685
8700636
87006211
8700535
87005123
87005016
8700485
8700457
8700441
87004112642
87004025475
87003mc
8700395
8700388i
870036
870032g
870029
8700275
8700265
870024
87002212
870021176l
870020
8700199
8700161
8700154
870014
870011
87001
8700086236
8700066
8700011675
8700-horsens
87/dic/522
87.wonbi
87.a847
87.24.07.03
87.069720
87-chevy
87-209kipaipaipl
87-121054-947
87-0691319532
87*fulya
86zxzrnp
86zulema12B
86zt61
86zet66x
86z135
86ywpk
86yun
86yoda!
86yloj68
86yalp68
86y757
86xtina
86x85m
86wrchz
86wipedown
86westie
86wanted
86vs46k
86vonna
86volunteer
86vixctor
86vanesa
86utah
86tyler!
86turbo6
86tori21
86toofeet
86tomwest
86tint
86tiffany09
86thsignal
86this
86teresa
86tempo
86teddyangel
86tarap$
86t98v56
86susie.q
86supra
86sunday
86suki
86stryder
86stockbridgecresentkilbirnie
86stjohnsroad
86steaua
86starstar
86stanford
86sscj86
86sophie
86snowpants
86snh22
86smm1201
86sjcarol05
86siste
86silly
86shores
86sheena
86shame
86sexyash
86sev86
86sentimiento
86scorpion
86scarling
86sau825
86sable1
86rx753a
86rules
86rosita08
86rolln
86rocks
86rmodel
86right94
86rgtb94
86reXf
86raw
86rale
86rae29
86rabbit
86qwerty
86qaku
86psn5pn88
86preston
86pparker04
86polomint86
86player
86piojosdemimama
86pink
86pickles
86pete
86pecdac
86pdyosojvp
86pazaryeri
86parati
86pabloespe
86ouch
86oso^grf
86omega72
86oklahoma06
86oii7
86oc80
86o8odjcp6ue
86o730
86nxta
86nojodaMAS
86nocando
86nikki21
86nigga
86nethergate
86neem
86neal
86nana
86mouton10
86morado17
86monty68
86montess
86montecarloss
86monina
86mojo
86mobbdeep
86mjuh
86misschan05
86midnite
86micah
86mgbeMh
86mellie
86mcss
86matthew?
86marketarts
86marios
86marie
86marga1
86malibu
86maintenance
86mahendra78
86maemae
86lynn_86
86lxconv
86lui09
86lovesher
86loveforever22
86love92
86lostlove
86loser
86lopz
86logan
86livingston
86lillian
86lhasba
86lemein
86lebuharkid
86lanjut
86lafb
86la_verdad
86ktiq_me
86kokoloi06
86kkq
86killers
86kila
86kevin
86keng
86kegs
86katyboo
86kams26
86k02p07a
86julius86
86judo04
86joyce*
86jose04
86john2y2vero90
86jlw18
86jinyun
86jeter86
86jessikyjuan
86jerome
86jeep
86jdy3s
86jarvine
86jamieh
86jagv12
86jackjr
86iya311
86itii,
86iroc
86irda21
86invert
86iko686i
86icecream
86hydropool
86hugo
86hl94
86high
86hellokaren
86hdduh8iu,
86haxo09
86hatchiroku
86h53adr
86guillen
86grolsch
86greenbot
86grade9
86gordita
86goodluck
86goebel
86god05
86glasshour
86girly
86gimont
86gem=nug
86garvin
86garcia
86froggie86
86franfran
86fr135
86fordho
86flv005
86fleer
86firebird
86female
86faviolha.
86falevao
86f0c2
86evil
86escort
86emolove
86elmrd
86eleven
86eddie
86e29qu
86dumptruck
86drums
86dorigins
86dock86
86djai21
86devon
86derison
86delaflor=87
86dduh195623
86dawlish@#
86david
86danny
86dance
86daddysgurl
86cute
86ct21
86cris
86craggy
86cowbell
86cougar
86corolla
86cnj2
86classic
86civokram
86chick
86chevy2
86cher@
86charmed
86cgtp6v
86cenydd
86cdadic
86castillos86
86carv
86caprice
86candy71
86cac4gt
86byrd
86butterfly
86bull
86bugs
86buddy06
86bubbles
86broncos
86brocher
86bre04
86brayan
86bracing
86bonjovi
86bmwe30
86blagny
86bird
86bildkrt
86bgde
86bebe
86bears
86be08fo15pe
86batabata
86barbie
86bananas3trees
86bainesiloveu
86b9a42f
86b521
86b3ar6ry
86auralie
86ashp
86antione
86anne90
86angle53
86angel04!
86anf_88
86andrew123
86amal
86alma
86allcrip
86alexASUKA
86airbase
86a03c05k
86_ecsta
86\\\\\\'\\\\\\'abdimi
86Walter
86Udduhojkiyd
86Tinnea
86Tbird86
86SJAM
86RAINBOW
86Prelude
86ONDECK
86OAKSROAD
86Nick04
86Moulismes
86MCRROXS86
86Lourdes35
86L69A97RJ
86Kirklands
86KARLEIGH
86JL00
86Iwdj,uvyo
86Iw,j9i'dyo
86IsPb'gvJ
86Iojkiyd0y'
86Il,=kp
86IgxHo.8i
86Ig9hp1993
86Ic,j-vihv'
86I=kp;l6
86Hv943!
86Gerlinde
86GO86
86Fi:kdb
86ERNESTO
86DIVE2
86Clint!
86COco71
86CHbaum
86Bolivar
86BRONCO
86Ascari86
86AC323DC6
86@deathrow
869richard
869nbridaz
869krom2042
869ian
869ced3
869c4623
869KAguapa
869ABCa
8699urjtd
869999
8699968
8699944
86999349
86998923
869986
869983
869979
869977
869975
86997289
869972
869971
8699691
8699645
86996403
8699614
8699603
86995343
869953
8699500
869946
869933g
86993
8699256
869925
86992266552
86992
8699116
869910
8699069384R
86990448
8699021
8699
8698time
8698home
8698cl
8698970
869895
8698904
86988778
8698870
8698868big
8698860321
869883eac
8698814
869879
86987531
8698733
86987254
869869mert
869869869
869868
8698669
8698651
8698634
86985631
8698542565
86985116
869847
869837210
8698347
869828
86982583
869820809723
869817
869811b
86980bvvzn
86980677
86980004
8697toys
8697ja
8697books
8697954
8697934
869791f
8697868
86978462010
869784
8697822
8697792
8697779
869777383
8697766
8697729
8697693
8697656
869763000
8697625102
86976041
86976
8697577
8697526
86974788
86973894
8697376
8697330
869731
86972754
8697203
869719
8697171
8697156
86971213
8697108
8697059807
8697008kingcup
8696mick
8696cars
8696bear
8696998
8696986
869697
86969202
86968696Ac
86968627
869686
869682t
869681an..
8696813e
8696809437
8696737
86967255314
8696693178
869668
869664
8696602
86965959
869654
8696505
8696487
8696470
8696462
8696422
86963996
8696374
869635508881
869634063
8696322
8696302
86962929
869628
8696270
869622
869620105
86961923
869616a
869613
869610304
8696099
869606
869603
8696004
86960
8695ymh
8695mv
8695amor
8695VIPIS
869599
86959586
8695905
8695899
8695866
8695814
86958034
8695787
8695749
869574
86957332
86957278
8695695
86956862
8695664
86956466
86956
8695579
86955421
86955150
8695514
8695492
8695488
869546
869542454
8695385
8695373
86953125
869528
869526
8695235
869521
8695161teamo
869514J
8695144
86951318
86951010
8695092
8695087
8695056
8695022
869502
86950066
8694wrc
8694tmonx
8694kbl
869495
8694926
869491
8694868
86948577
869483
86948160
8694743
869472900
8694719
8694703
8694661
8694653643
8694643
8694613
869458
869456123
8694539
8694520
86944934
8694474
86944339
8694412
869440
86943617
869433912
8694303
8694273
8694252
8694230
869419
8694185
8694152
8694125
86941120
8694088ambo
86940
8693ok
86939996
869398444
869391coffK
86939111
86938790460
8693868
8693798patricia
8693784
869375
869372
86936465830
8693633
8693621
8693611
8693595
8693538
86935086
8693485
8693443
869341405
8693407h
869339
8693371
86933280
8693299
869323j
86932115424
86931912
869315
869312799
8693117a
8693101j
869304
86930
8692tairon
8692markham
8692lt
8692ksj
869299
869295jbm
86929171
8692896d
8692879ghj
869285
8692847jamie
869278h
8692781
869274
869267j
869267
869266274
869263
8692609
8692583
86925821
869252836
86924arl
869248
8692465
869244
86924
8692354
8692345
8692329082
8692326eliana
8692310
869229
86922596
86922412
8692224
86922001991714
869220
869218803
8692182999
869214315
8692138
869206
8692023
869200luce869200
8692003161
86920018
8691yecart
8691rica
8691lilly
8691jt
8691gio
8691dena
8691amk
86919982001
869199
8691975
869195
8691948
869193
869192
869191
86918985629400ever
8691879j
86918725
86918691aa
8691829
8691824
86917330
869166
8691637020107
869159kyuu
869159
8691581
86915733
869155
8691527
869151113
86915
8691476
8691465
8691452t
869140
869138
8691377
869134
8691302
8691299A
8691275
869125g
869125
8691234
8691225
86911968
8691194t
8691191
86911828
8691171
869116
869115
8691145
8691131sedat
869112
8691105
86910k
869107d
8691047
869101
869100000
8691
8690nos
8690baby
8690980
869096
869094
86908994
8690883
869086
8690798
8690785k
869075
869073
8690707
8690697
8690658
8690620tae
869060cs
8690577
869052
8690465
8690429
869040
8690369
8690346
86903400
8690302
86902956
869028
8690254mh
8690254
8690229
86902227
8690215
86901669
8690152
86901215sd
869010
869007
86900513
8690026
8690
869-0667
869 665 0516
868z5h78
868tom
868rbe
868newyork
868mls
868mamou
868leo16
868ikazhaf_188
868eHhin
868DLCPD
8689smd
8689slk
8689kathey
8689jc
8689hui
86899957
868998
868997
8689932
8689922504
86899091
86898989
868988
8689865
868985
8689823
868981
8689794
8689719
8689668
8689646
868963
8689577r
8689566
8689542
868951
868945k
8689423
868936411
8689351
86893387
8689323
86893142
8689282LC
8689266
86892530
8689217
8689203l
86891976
868919
86891567
868912
8689096
86890705
868906ya
8689066
8689049
868904
868903
8688you
8688rnqgt
8688leo
8688donz
8688cb
8688BABYshan
8688996
868899
8688975
8688958
86889522
86889200
86889113
868890kids
8688900
8688870
8688867
8688852
8688828
86888210
8688786
8688728
8688692
8688687
8688681
868867
8688630
86886104
8688548
8688520
86885144
8688506
86885
8688492
8688488
8688471
868845225
8688415
8688402
8688388
8688362
868834
8688326
8688303149
8688257Ic
868825
8688230
8688217
868821
868820
8688167
8688145
8688127
8688123
86881102
8688081985
8688073
868806g
8688044123
8688038tc
868803
868802
8688+16
8687tm
8687ms
8687luv
8687gn
8687adl
868799
868798
868795j
868793
8687921
868791
868789h
86878905
86878888xp
868785
8687821
868781
86878
8687786
8687747
8687711
86876a
8687691
868767
868766
868760930017
8687600
8687586
868758
868755vicy
8687533
8687528
8687519
868751
86875
8687485
8687477
868747100
868742
868741
86873:seashells
868736ac
8687340
86873388
8687326
8687305
86872hpohs
8687280
8687268
86872500
8687225
868722
86872001
86871985
86871920a
868719
8687130
868712
8687105K
86871010ooiway
868709
86870800
868705
8687040507
86870104
86870
8686rs
8686mgb
8686luv
8686jj
8686ford
8686dann
8686black
8686AJ
8686@janeth
868699
8686982
86869785
8686969
86869615990
868696
86869211
8686891
8686887
868688
868686j
868686LK
86868661
86868585
86868434
8686837
8686828
8686810
86868
8686782
868674
8686734
8686731
8686727
868672
868671425
868671
8686692
868667zkj
8686670
8686664
8686645j
868663
8686605asukb
8686586
868657
868656210
868655441
868654
868653091
86865262364116
868650789
8686494
868648
8686461
86864301
8686428
86864
8686379
8686370
8686365
8686339
86863217
868630499
86862930
8686276a
8686262
86862570
8686236051
8686217
868620
8686195n
868618
868615633
868614144
86861230
86861112DzuH
86861028
86861024
86860cf
868608
8686075
8686041
8686035
8686028
86860227
8686009
8686004
8686(ll)
8685ras
8685idah
86859961
868598
868595
8685948
8685928
86859036
86858888
868588
8685863
868584969594
8685841
86857983
8685740elchino
8685710sutee
86856lg
8685652
868562528
86856030
86855838
868556
8685551
8685519
868548
868547
86854677
8685446
8685439
8685391
8685365
8685359
8685348
8685338kl
868532
8685297
86852693
8685243
8685224
8685220
868521
86851991
8685183belen
868516
868514
86851215
8685086
868505
8685012
8685006026
8685*jane
8684pooh
8684doli
8684bucket
86849cjqp
8684990
868497
8684957
868494
8684921956
8684876
8684869
8684867a
868485
86848200
8684811
8684800
86847861
8684776
8684767ron
868475
868473454
8684731
868470ab
8684683
8684636
8684618
8684615
8684578
868456ag
868456
8684508
868448
8684463
868446
8684416
8684409
8684386
868434681
8684326
8684270
8684232
868420
86841958
868418
8684159
868412
8684090
8684063
868405
8684042
868401
868400
8684
8683lh
8683974
8683966
868394kr
868394
868391
8683890
868388
8683858
868381
86837950129
8683789
8683785wws
8683745
86836997
8683644
86836051
8683590
8683517
868351063471982
86834754
86834519
8683426
8683410
86833868o&n
868334674
868332
8683306
8683297
8683203
8683185
8683167
8683143
8683136
86831
8683086
8683048
8683003
8682tova
8682leng
8682_aguda
8682981
8682976
868294
86829295
8682901
868285828
868278
8682759
8682722
8682699
8682689
868266
868265600
86826337
8682625
8682602mj
86825797
868255
86825331
8682528
8682524
868250
868245k
8682436
8682427
86823r99
8682394
8682373
8682352
86823191
868230
8682258
868225
8682243
8682233
8682212
86821766
8682152
8682147
868214
8682138
868213
86821
8682094
868206
8682040
8682014
868200285
8681vero
8681lukesammie
86819lsw
8681951
86819061
86819
8681876
868185
8681837
8681785
868177sbc
8681754650
8681736
8681706
868170
86816902
868166
8681631je?
868162
8681596l
868157
8681549
868154
868152
8681504
86815
8681478
8681468
8681437302
8681416
8681402497
8681397
8681379
8681304762
868130
8681285
86812745
8681239086
868120
8681182083
8681158
868115
8681101902
868106
868103
8681001
8680kl
86809n
8680990
8680965
8680909
8680900
86808933
8680880
86808351
8680832
868081600010
868080854
8680782
868075p
8680712
8680708
868068
8680631
8680617
8680582
868055
8680541c
868053
868052
8680447m
8680395
8680353
8680332899
868030
8680283
868024
86802344
86802195
8680200
8680194
8680142
8680123
868011
8680103
868004
8680011
868-8532
868*44*46
867turfvalley
867rks
867pa
867mykxh
867jac
867firegirl
867dettah
867cvien
867c9b7613
867b309
867ash
8679shane
8679papa
8679beem
8679alex
86799901
867996b
867990
867984
86797ddtzn
8679797469
8679767
867976
8679698
8679682
86796110
8679598
8679578jko
8679556
8679529
867948
867943
86794187
86793ymd
8679382
8679368
8679357
867931
8679268
8679234
867921380216
8679153
86791351
867908
8679052
8679027
867900
8678pb
867898890723
8678939
867890coza
8678891
867888
86788570
8678813
8678790
8678722227
86787119
8678685
8678658
8678611
8678575
8678489
86784552733
8678451
867842
86783njykz
8678381
867837
8678309w
867829
8678271
86782150
8678174
8678102
8678007270
8677rc
8677_nancy
8677979
8677961
8677932403
86778677a
86778611j
8677844
867780
86777883
8677760
8677746
86776opxwh
8677675
867765
867761=
867761
8677598
8677581
867754
8677513
8677505
8677472
8677458
867743ac
867737
867734
8677320r
8677309
867726781
8677218
8677208
86771932000
867715
867711
86770888
86770591
867701
867700
8676lejai
8676alto
867698
86769330
8676892
867689
86768400
8676812
867681
867678
8676732
8676702
8676658
8676631
8676578
867656
8676555
8676546
8676533
867651486
867648
867645
86764181
8676374
8676352869664302_
867630
867627
867622990
86762100
867619
8676169411
867615074836
8676095
86760571
8676016
8675paris
8675jme
8675aj
8675956
867592
8675890
86758582
8675814
8675754Shanic
867574
86756e
8675655
86756453
8675603
8675580
867557
8675555
867553
8675512
8675489
86754321
86754231
86754210
86753z
86753o9baby
867539dds
867539
86753609a!
86753421
8675330
86753216*+
867531jj
867530u
867530e9
8675309you
8675309whw
8675309sp
8675309sah
8675309rocks
8675309q\\
8675309pw
8675309ng
8675309mac
8675309lp
8675309lee
8675309ky
8675309joe
8675309jenni
8675309jdl
8675309hf
8675309ha
8675309g
8675309e
8675309dj
8675309dg
8675309cqm
8675309cad
8675309br
8675309bnj
8675309bb
8675309at
8675309aj
8675309WOLF
8675309PN
8675309NATE
8675309JDS
8675309CJB
86753099srw
86753099k
867530999
867530986753098
867530969
867530942401903
86753092:17pm
867530922
86753092
867530912
867530903
8675309-j
8675301
867530*9
8675269
867526
867521a
867520
86751542
86751494
8675127hassan
867512
867510
8675079
8675067
8674td
8674feb
8674chynd
86749jajjm
867499
8674978
86749611
867491
867486748674
867484983
867481
8674806
8674706kh
867468490
86746243
8674586
867457
8674557084
8674546
86745309
8674476
8674469
8674412
8674392
8674375
8674352
8674328
8674289
8674269
8674245
867419
8674177
867417
8674124
86741032
8674053
867404
8674030
8673klm
8673945075
867394
8673916
8673908s
86739
867385
867382
867377
8673760
8673723
86737
8673625
8673607
8673600
867356
86735558673
86735421
8673490
867347
8673441
867343
8673425
8673391
8673367
8673343
867329986
867328
867323
8673179
8673143
867312
8673112
867304jhon
8673022
8673++
8672ok
8672and
8672951
867293
867286720??
86728602
8672848
86727949
8672732k
86726924913112
86726412
8672631
8672606
8672589
8672564
8672553
867253
8672490
867245s
867243
867240985
86723dani
867238
8672362
8672276
8672269
86722538
86722280
8672201k
8672176
8672153
8672110
867210
8672087
8672075
8672049
867203215
86720023
8671me
86719b
8671992k
8671943
86719
86718662
8671829r
8671789
8671766
867174
86717
8671654
8671615
8671593
8671567
867156
867153m
8671519
8671499131
867147
867145
867143
8671407
8671403
867135
8671343208
8671336
8671318649035
8671266795
867125cws
867124
8671230261
8671198
8671182
867113
8671123456
8671109
867108
8671063
8671060
86710352
867101
8671*^&!bmt
8670nk
8670joocc
8670Kazuma
867098
8670968
8670941
867092
867091
86708670
867079r
867074
867070
867065
867058
867056912012
867050
867046
8670446
8670398
8670331
8670309a
867029
8670277
8670245
867020
86701981
8670145
8670123
8670102
86700428
867003n
8670005
867-7749cell
867-1680
866jugboys
866goh
866call
866YOmero
866BoB
8669wgnxy
8669temp
8669rig
8669laq
8669ds
8669av
8669a8669
8669TONY
86699yirkk
866998
86699654
86699438
866992
86699
866986t
86698669j
86698651
866984
866977
8669757-chey
866971
8669694
866968557269
86696801
866967am
8669615
866957
866956918669591
8669545
8669514723
866949
8669446
8669412
86693984
8669388
8669377
86692lyb
86692642489
866925
866918d
86691797
8669161s
8669149
86691411987
8669116
866911
8669100
8669069
8669045
86690209
8668tsembach
8668term8668
8668rosie
8668jrr
866899
866898
86689707
866896
866891
8668891
866888
8668864
86688457
86688301
8668819
866880618574
86687t
86687298058071
8668688
866867j
8668666
866865282
8668646
8668600
86685928949
866859
8668578
8668564
866855
86684tjshy
8668499MS
8668484
8668457
8668434
86684
866839
866834866834
86683264
8668280
866827
8668234
866821
86681s
866819
86681577
8668144
866813d
866812
8668110
8668098cn
8668077
8668031
8668009
8668.nm
8667k
8667akm
866795
8667892
86678667
8667846
8667830
86678
8667790waldo
8667747
8667701
86677
8667676
8667654
866763
8667606
8667591
866756673
8667545
8667488
8667459
8667422a
86673rbd
8667380
866729135
8667231
8667225
86671b
86671798
866715
86671392
8667101231
8667095
866707
8667051
8667009900
8666yyo
866699
8666972
8666942
8666927
866691
86668qgsg
866687412
8666853
8666822
8666814
866678
86667620
8666725
866669
86666668
8666654
8666638
8666586
8666567354
8666497988
866647
86664598
86664
866639
8666358
8666321
866627
8666263
8666234
86662231
8666195
8666161
86661249
8666114
8666098
866602356
8666-al
8665tool
86659856123
8665972
8665959
866592s
8665894
86658684
866584496
866576
8665734
866569
8665646
8665636
86656166
8665581
86655516
8665545
86655376
8665528
8665517
86655
86654845
8665459
86654323
8665404
866539
8665376
866535
86653219
8665254
86652
8665190
8665164
86651440
8665135
866510247
866507m
8665030915
8665012
8665
8664toni
8664dc
8664Vm
86649885
8664978
86649455
866493645664
866492
8664913
86648664jp
8664847
86648100
8664807888
8664783
86647528ri
86647466
8664716
86646961704
866466
866464
8664615h
8664601t
8664593
8664577
86645658
8664549
8664537
86645
8664486
8664454
8664433
866442
86644124
86644
86643889
866437
8664364
866434
8664294
86642599aaa
866424
8664217
866420
8664194a
8664158
8664141
86641248
866410
8664081
866404
866401
8664.8664
8663cody
8663990
8663945
8663935
866392
8663903
866388
8663824
866381
86637786
866377
8663742k
8663726
8663662639
8663616
8663606
8663600
8663566
866353
8663521
8663497
8663489
8663477
86634575
866345
8663399
866338
86633508
866334
8663334
866331
8663253
8663246
866322
86631647
86631488
8663131133
86631197
86630ffobs
866309
8663071
866302
8663000
8662yaso
8662tly
8662k147
86629211
866290
866288609
866288
8662861z
866284615
8662812mary
86627t
8662788
8662775
866274481
8662735
8662723
86627
866269
8662661
8662658
8662628
8662612
8662606
8662571
866253
8662523
86624t
8662486
8662437
8662433
866241gaby
866239
8662336
866233
866232
8662315m
866230
8662297039
8662284
86622730344
86622536
8662248
8662224
86622052
866218
8662154831
866213
8662117090zb
8662070
8662061
8662050
8662004
8661step555
866195357
8661923
8661911
8661909
8661872
8661866
86618510
866185
8661813
86618
866174
8661731
866169
8661668l
8661663
8661656
8661646
8661638
8661615
8661584
8661568
8661561974654
866155
8661520
86615*
8661485
8661465
8661455
8661451
866142tx
86613sue
866135
8661331
86613221*
8661295
8661287
8661282
8661269
866126
8661249rr
8661232676
86612291
8661217
8661207
8661186
8661179626
866116
8661153690
866115
8661146
8661124
8661118
8661115t
8661077
8661045
866103
8661009k
866100
8661
8660loz
866097
866095
86608987
8660891
866086ac
86608550
8660832
8660822
8660798
8660767
8660748
8660732
866070
86606927
8660690
86606489
8660619
8660612
866060
8660571
8660520
86605031
866050
866048
8660469
86604253
866040a
86604
8660387
86603815
866037
866034z
8660322
8660319
866030
8660274
866025
866022
866020
866017
866015edel
86601413
866011
86601035
8660088
8660080
86600761
8660050
8660045
866003
8660*apm
866-84-47
865whbjp52
865thony
865ramiro
865mc865
865knokk
865haa
865greve
865gbf945gccr
865ga69
865clinton
865broadway
865azd6
865abecedarian
8659vxyat
8659lind
865999
8659939
865991931
865991379
865988
865987
8659851
8659786
865973
86597197
86597
8659671
865966
865965
8659625
865961
865959
86595720
8659543
8659510
8659474
865947
8659465
865945
8659430c
8659426
8659391
8659389
8659385
865936541
8659361
865936
8659345
8659324
86593154
8659295
865928
8659254297
865924
865920
865919
8659182829
8659177
8659145
865912
865911
8659086
8659077
865906492
86590037
86590
8658tyson
8658bitch
8658alo
8658996
8658960
865888
865887
86588648
865885
865881m
865881
8658775
8658739
8658723
8658686
8658661
8658642
8658636
865859
8658584
8658574
865850
865849
865847A0129ti
8658451
8658425
865841007
8658399
8658360
8658323abcd
865831
86583
865825
86582300
8658211
8658159
86581428
8658110417
86581021
8658061056
865804
8658034726
865801
8657rock
8657eiluj
8657985
8657972
8657948
86579285564
8657911mmm
8657906
86578rcfgr
86578886
8657871
8657860tn
8657794
865777p
865776
8657698
865768
86576694
8657647
8657636
86575axvx
865757
8657543
865750
8657399
8657381
865730
865725
8657237
8657231539
8657174
8657141432
8657114
8657082170
8657026
8657001ac
8656rko
8656gtet
8656c
86569951
865699
8656969
8656913
8656895
8656855289
8656827
8656801
865678
8656730
865672
8656716884N
8656696
865655997bow
8656525
8656518
86564706
865642192
8656412
865641117
8656350
865633
8656314g
86563
8656294
865626
865625
8656222509
86561xol
8656134
86561203
8656107
8656082589
8656050
8656
8655luis
8655983
8655971
8655887
8655859
8655844274
8655829k
8655796
8655781
8655776
865572
86556dfxdd
865568
8655668
8655655
865565
865563
8655597
8655573
8655560
865555
8655504
8655494
865549
8655457
86554279
8655418
865541
8655376
8655347
865531
86552556
8655233
8655232
8655227
865521
8655206
8655197
8655185
8655155
8655135shay
8655127
865511
8655099
865507n
86550311
865500samet1986
8655006
865500
8654mi
8654ev
8654ab
8654999
8654935
8654933
8654928
86549101
8654899
8654865497
865481
8654790
8654765
865475
8654687
8654656989942
8654632
8654629
8654619a
86546
865457
8654566l
8654556marce
86545443
865453
86545178
86544t
865449
86544801
86544568
86544326
86543xbnm
8654388
86543543
8654330266
86543217
8654306
8654292
865428k
8654287
8654264
8654258
86542426
8654231
8654217
8654205
8654178
8654161
865415477
86541198
8654112
865411
86540d
8654065
8654044
86540210
86540089
8653xbngr
8653cs
86539865398
8653978
86539585
865392
865388
86538547
86537TKR
86537664985130
8653751
86537322
86537238653723a+
8653662
8653653
8653610
865360
865353921
8653468
8653386533
8653373811
8653344
8653327
8653210
865320
865318
8653169437
865315
865314
8653131
8653098
8653065
8653014a
8652qwertyu
8652990
86529771
865295
8652946
865290
8652860
8652826
8652812k
8652789
8652756
8652743
86527105
8652692
8652681
8652629
865260
86525466
8652535
86525087
8652499
8652471
8652458
865243725
8652424
865241
8652357
8652332
8652316m
8652288675
8652273
865226616
86522568
86522290
8652198928
865219
8652151
86521478
8652139d
86521234
865211n
86521134n
8652080
8652057
8652048
86520419
86520267
865201d
865200U
8651star
8651cfm
8651980
865196
8651941
865191215
86519103
8651895
865188
8651856
865185
8651836pink
8651774
8651663
8651658
8651644
865161
865160
865158
86515790
8651557
865153
865152477
8651509
86514647
865144
865142
8651384
8651369
8651354
86513410
865133
86513223
865125poklad
865123ps
865122080
8651202
865116
8651143
86511259
8651112
865109522
8651079
8651038
8651032
865101079
865100
8651
8650kp
8650jan
8650970
86509507
8650922
8650887
86508650
865083
8650801
865079960mpk
8650778
8650727
865067
8650646
865062
8650593
865058
8650556
8650521
865051
8650500
865048
86504672
865046
8650410sj
8650402
8650395
865036
8650327
8650307
8650247
8650210
8650202
8650185
865016
8650126
8650110
8650100
865009
86500779
8650052
865001
86500
865-9324
864zay
864wolf
864toni
864shun
864poemicestar
864meme
864life
864jma
864j/baby
864hunter
864freak
864cvkma
864catie
864boi
864banksrd
864ashli
864ae132183d
864Poke
864FD13
8649mbbow
8649993
8649925
864992
86499*
8649874
864986
8649840
8649775
8649735
8649706
8649661
86496160
8649601
8649578
8649572
8649551
86495468
86495315@x
8649516
864951
86494vuhey
8649487
86494689
8649459
8649439
8649403368
8649339870
8649294
8649275
8649258
8649244
864923
8649202
8649181
86491614
8649127
86491126
8649109
8649069
8649044
8649017070
8649002
8649
8648d
8648adri
86489811009
8648925
8648917
86489000
864889
8648866
86488312
864880
864875o
8648751
864872
864870
86486858
8648682
864866405221
86486515
8648645
8648635
86486108
86485psyqy
86485550
864853
8648523
8648507
86484864
8648467
8648442
864844
86484223
8648355lg
8648332
8648310
86482973
8648284
8648253101998
8648232ale
8648228a
86481807
864814
8648127t
8648112
864804
864802
8647tjhbc
8647bzcn
86479Sher
8647939mejico
8647906
8647852
86478296
8647801
86477ueari
8647769023
8647711AR
86477
864768
864767
8647643
8647608
86476
864759
864757
864755
864752
8647495
86474881
864747130453
8647463
8647452mc
8647422
8647410
8647377
864727
864725
864722
8647195
8647177
8647170
864709
8647076
8647061
86470078657755
864700
8646job0508
8646elli
864699
8646947
8646902
86468oieho
864689
8646850
8646801
86467qvcrt
8646784
8646767
8646760
8646741
8646681
8646676
8646664
864664
8646610
86465589
8646541
864652
864650
86464989
864648
8646466188
8646460
8646450021
8646443
8646427
8646423
86463b
864639
86463587
8646274
8646264
8646251
864623
864622
864619
864618
8646170344
864613974
8646111
86461
8646093
8646041
8646033
86460
8645skecr
8645hira
86459kmgas
8645996
8645957
86459381645938
8645864536033603
864581
86457panget
86457986
864578
864573
8645714
864569
8645651
8645644
864563
86456123
86455928
8645555
8645546
86455312
86455
8645470
864545
8645424
8645416
8645398
864538
864536
864534
8645283
864526
86452523a
8645247
8645230
864521
86451812
8645170
8645163
864515
86451115
864505
864500
8644ma
8644jr
8644994
864496
8644951
86449292
864490377
8644891776
864480
864477
8644698
8644677
8644644
8644616
86445fbwar
8644571
8644562570
8644529
86445184
86444925
8644446
8644434
8644399
8644389
8644314
864430
86442h/o
86442850
8644260
86442261
86441972
8644173
864417
8644153
864413cody
8644131
864410r
8644093250
864406164
864403
8644005
8643vrc
8643dp
86439vena
8643968
8643928
864387
8643859
8643851
8643841
8643825314
8643800
8643795
864375
86437379
864372
864370maman
8643674a
8643640
8643607cell
86435920
8643583
86435798
8643572
8643569554
8643544
864353
8643490
8643480
8643459
8643447
86434070
864338
8643370
8643368439
8643323
864330a
864329
8643274
8643254
864324211
864323
864322
8643200
8643192
8643125jb
86431
8643040020
864301
8642syupt
8642nw
8642jess
8642guitar
8642cmf
8642FUCKU8642
8642980
8642977
8642959
8642940
8642926127
86429060
8642884
8642882j
864287
8642865
86428264
86428153
8642801tc
8642790s
8642746
864273
864272
86427039
86426913
8642666618
864260
86425ag
8642597130
864259545
864254687913AD
8642537madrid
864251451907
86425123
8642509
864249Kb
8642481
864246
8642436
864241013
864239
8642376
8642368
86423579
86423442
8642325
86422684
864226
864223
864221huang
8642210
86422007
86422
86421c
86421988
864216
864213579
8642121
86421160
86421122
8642104
86420mup
86420jmc
864207
8642040
8642038
864203
8642021
8642013579
864200j
8641kewl
8641cda
86419754
864197531
8641954
8641937
864190
8641891
8641853
8641819junior
8641779
864175
8641707
86417/9
8641668
864166
86416141
864160
86415912
8641578117500
8641533
8641496
8641464
864145722381
8641431*
8641404
8641351
8641325
8641310
86412901
86412740177
8641236
8641212
86411m
8641187
864116590646
86411400
8641128
864112
8641106
864110
8641087
864107745
8641047
8641021390
864100
8640roi
8640me
8640dvtys
8640bj
8640997
8640980
8640927
864088
86408576
8640834
8640809
864075
8640715
8640704
8640669
864065905
8640603
8640579
86405
8640448
8640414-280589
8640379
864035878420
8640356
864034
8640323b
864028533
8640222
864020
864017
8640142
8640134
8640120
864011
864008
8640070
864004
8640016
86400
863yo
863wordalive
863sexyj
863pcboi
863mirage
863love
863gcsd
863bcd
863amj
863alera
863POLKJ
863JBY
863GURLZ
863CANDLEFLAMES
863BADDEST
8639toey
863994jt
8639864s
8639841850
8639812
8639797
863977
863973
86397
863969099
863966
863963
86396262
86395025
8639460
863940
86393oghuj
8639371
8639354
8639344
86393269
8639310
863928
86392514
8639226
8639204d
8639151
8639124
8639095l
86390697
8639057
8639015
863900
8638jj
8638D9E8F7
8638991
8638972
8638950
86388iygsk
863886
8638820
8638816
8638742
8638697
8638689
86386724
863866
8638648adam
8638636
8638612
863857676
8638543
863852
863850
8638465
863837870313
8638330
863830909
86382538
863822
863821
8638191
8638168
86381234
8638097
863808
86380600
8638023
863800
8637p1zz4
863799J
863795
8637936
8637928
863791
8637867a
8637809
86378
8637797
863777hilda
863777
8637731
8637644
8637626
8637533
8637522
86374osxk
8637456
8637435
8637429
86373pn
86373879
8637360
8637331
8637282
8637270
863725
8637235
86372247
863719
8637138
8637129
863712236
8637108a
86370613
863704
8637016muffy
8636wolfwood
8636988
863696863696
8636948
86369302
8636900
8636884f
8636832214
8636813
8636805f
863676a
86367544
8636736
86367188
86367123
863669
8636658
863664
8636611
86366
8636585e
8636581
863654
8636504R65
86364152
86363873
863636
8636351
8636343
86363251230100
8636319
86363
86362878
8636275Y
863621240v
863620633.
8636192
8636178
8636159
8636124
86361100
8636087
8636054
8636049
863600yany
8636003
8635love
86359080
86358qoixr
8635876
8635818
863578
8635745
863571
863565
86356228
8635565
8635561
8635535
8635505
8635481
863544015
863541h
863540
863535
86353327
8635310
86352613623
863525
8635230
86352130114ever
86351603
8635156
86351232532
863507
86350471
86350
8634wauif
8634life
8634j
8634965
8634940
8634931
863492
86349077
863488j
8634880
8634871
863481mbl
8634801
8634799
863478708
8634760
8634729
8634717
8634714
8634700
863467
86346312
8634594c
8634577
86345721
863456
8634532
8634516
8634492
863444
86344360
8634402
863436500
863433443
8634304
8634277
8634269
8634248
863422
8634214424
86342064
863420
863419093
863417
8634157
8634128z
8634115
8634097739
8634055
8634039
863401
8633hmamp
8633deep
8633abl
86339suki
8633943761
8633897272
8633885
863384801791
8633833
8633809
8633802
863376
8633712
86336989
8633682
8633673
863366
863365
863363
863362
8633615
8633582
863354
8633523
86335144
863345
863343
8633386
8633355
8633350
8633341
8633323
863332
86332a
863325
863323--
86332
8633183
863317
86331483148
8633132
8633124a
863312123
86331109
863310123
86331
8633081
863302
863301
8633
8632mrab
8632993
8632960c
863295
8632917
8632910
863288
863287
8632849
8632829
863277
8632759
8632741
8632715
86326ba
8632671
8632637
8632628
8632614
8632592889
8632580
8632575
8632568
863256
86325445
8632528
86325
8632499
8632474170
8632471096
86323az
8632394
863238
8632352
8632347
86323371
8632323
8632300a
8632253
8632225
8632204
8632163
863213
863212
863210
863209
863207
8632025jose
8632007009
8631m&m
8631god
8631974
863196
86319430
863189
8631867
8631856
8631802m
86318
863179
86317717
8631765
8631755
8631748
8631730fes
8631672
863164
8631615
8631593i
8631575
8631537smv
8631503
8631461
8631445 8631445
8631435
8631429
86314171l
86313201
863130655
86313
863129
86312654se
863125
86312425
8631236
8631204
863120
863119
863118556
86311832
863115
863114
8631125
86311
863108
8631053btpar
8631033
8631020
8631002
86310
8630cl
863096
8630929
8630911d
8630794d
8630784044147
8630764j
8630709m
863070
8630684
8630657
8630646
8630631
8630599
863059
863056
8630539
863052
86304v8
8630462
86304208
86303etrpc
863038
8630374
8630364
8630338h
863033
8630296i
8630277
86302665
8630249
8630245
863022b
8630178
8630147s
86301064
8630098
863009
8630054
863003
86300000
862yaris
862wnnap82
862s39
862myphone
862l268
862ing
862gagnc
862WW14
8629yellow
8629toby
8629mike
8629la
8629ST
86299969
8629990
8629970
862995468
86299309
8629877E
86298629a
86298215852
8629779
8629764
8629750g
862973
862971
86296541007
862955
862950615
86294dnksy
862947
86294638
862945
862944
86294214
862938
8629371
8629344
86292967
8629292
8629281
862926
8629246
862921
86291j
862912xp
8629124z
86290929
862907
8629059
862903
8628rene
8628lt2178
8628jnebo
8628992
862895
8628918
86289104a
8628896
862888
8628841
8628834
8628828
8628801
8628785c
8628766
862875
862872540
8628701
8628697
8628665paeroa
8628622
86286114
862861
86286*k
8628572
862854
862852842d
8628525
8628511
86284321
8628416
86284027
8628378
862833
8628286j
8628238
862823
8628193
8628161
8628157
86281013
8628084
862807p
862806
8628024
862801
8627pqqio
8627in
8627gemmah
8627deni@
8627ajceb
8627989
862794265
8627908
862790
8627878
862787
8627846d
8627827
8627763
8627741
8627731
8627690
8627623
8627598
8627580
8627562
8627549697
862753
8627474268<33333
862745
8627431
8627413
8627376
8627358
8627286e
8627242
8627230
8627214
862719865
8627168
8627159
8627151
862710lg
86270r
862708
862707
86270650
8627016
8627004
8626shel
8626dub
8626999
86269783
862694
862692
8626909J
862690044
8626889
8626864g
862686
8626795
8626792
862676
86267411
8626706
8626676
8626641
86266348
862660
86265911
8626560
862654
8626515
8626506
862650
862648
8626458
8626434k
862641397
8626393
8626371
8626361
862634
862633
86263033
862629
86262644
8626243
862622
86261b
8626170
8626166
8626157z94
8626138
862612
8626097
86260782
86260637p
8626060
862604
862602
8626007
8625rocks
8625np
8625kfkx
8625bhrko
862599116
8625955i
8625916869
8625904
8625898
86258725
86258626
8625858
8625845
862582th
86258228
8625794
8625767
8625742
8625737
8625697
8625658
8625643
862562
8625612
8625603
8625599
8625587
862555
862549sofi
8625476
862546
8625457
8625431
8625429
862541
8625391
8625388
862538
8625374
8625363
86253443
8625329
8625313
8625296
862526
86252528
862525
8625238
862521315V
862520
8625198
8625190
862517
8625152
8625149
862514
86251294
862511
8625102629
8625093
86250818
86250385
8625028
8625005
8624sultan
8624dingo
8624asd
8624EmmY
862495
86249483
8624926
862492
86248837
8624879513
86248625
862486248624
8624862
862485elche
8624855
8624846
8624833
862482
8624805j
862480
862479135
8624753626
8624726d
862471935987
8624711i
8624695
862469121
8624660
86245kl
86245963
8624586245
862458458
8624579132456
86245713
862456kk
8624564528
8624560
862455363
86245420
8624531
862452
86245100b
86245049
8624502
862449956
8624472
862445
8624437159
86243996
862439
862438
86243721
862435
86243144
8624300
8624299j
8624296
8624274
8624259
862423
8624223
8624208
86241991
862418ob
862418
8624159
8624149
8624129828
8624118
8624113
8624103
86241016
8624060
8624044j
862404
86240378
8624029g
86240200
8624010
86240
8623toad
8623ren
8623985
862397
8623949
862392
862388
86238623
8623841
8623812
862377hd
8623770LYTTON
8623768
862374
8623703
8623699j
8623681
862363
862362532
862361566
86236
8623586
8623566
86235622
8623538
8623517
8623511
8623477
8623454
8623446
8623424
8623406
8623380
8623355
8623326
862331
86233023
8623293
86232533
862325
862324
8623230
862320
8623191
8623182
86231786
8623162
86231502a
862315
8623143
8623110
8623094
8623063
862305cjk
8623032
86230245
86230
8622tpdbw
8622t@bby
8622jun83
8622fm
8622TABBY
862296candy
8622962
8622930
862292405
8622907
8622874b
8622871305
862286
8622854
862282
8622784
8622765
8622712
8622689
86226438
8622629070
8622614
86225kb
862259
8622570
8622512175
862247
8622417
8622388
86223813
8622376
862237
86223278
86223
8622270
8622261
8622254celeste_
86222238
8622217697
8622202777
8622169188
86221648
8622157600
8622139
8622121
8622114
8622093A
8622089
8622051
8622018
8622
8621oca
8621el
8621dollanganger
862199k
862199
8621958
862192
8621913
86219*
8621881586427630
8621851
862183ao
8621800
86218
8621772
8621759sam
8621714
8621704z
862169
862167
862164mj
86216250534
8621602
8621582
8621560
8621552a
86215323
86215286
862151N
8621479b
8621474
8621441
8621432
8621427
8621421
8621414
8621383d
862138
8621348
862133
8621308
8621288
862128
8621262
862123bmc
862122skh
8621220z
862116
8621125
862110d
86210975
8621091668
86210605
862102
8621009a
86210
8620tp
8620jis
8620carlton
8620981961
8620939
862093
862090
862088543742
8620866
8620860
862085054
8620816
8620796
86207766
8620744
862074
8620723
8620704d
862069
8620654
8620633745
8620608
8620595a
8620543
8620506
8620478
8620475
8620454
8620441
86204230
8620360
8620333
8620309
8620300
862026
8620213
8620207663
86201975
86201745
8620165
862015
86201437
862012
8620118
8620109
8620088
862005vd
86200428365
8620034622
862002jasd
862002.
862-4983
861tk6345
861lov
861kkk
861highl
861carol
861aav6314
8619krynita
8619ding
8619ab
861996l
8619959i
86199510
861993aq
8619936
86199312121991
8619923
8619919
861991*m
861990g
86199
86198ajh
8619896
8619885
861987J
86198712
861986hk
86198405179497
8619800
861977121135
861974k
861973
86197
861967
8619643
861963
8619612
86196*
8619569
861955349785
861953mlc
861952j
8619501
8619487
8619480z
861946z
8619432sf
8619404
861938
861935
8619311
8619280
861927
8619233
8619204124
86191986chaton
861918
861915
861913
86191
8619075C
8619057
861903
8619001
861900
8618td
8618ash
8618MNR
861899
861895
861892
8618909
86188995356
8618888
861888
8618851
86188410
8618822h
8618813
861878
8618770a
8618748
8618712
861866hc
8618654
861863
8618616
8618613
861860
861856
8618554
86185405
86185171
861850382vd
8618475
8618447h
8618439
861843
8618414
8618404
86183974
8618378hn923
861835
86183421
861831809v
8618313
86183084
861828bd
8618279
86182623
8618254qq
861823
8618223
861821
8618194
8618168
861816
8618141
861812
8618099
8618090A
861806702ru
86180476
86180079
8617saare
8617978
8617924
8617903
8617898
8617885
8617879
8617865
861786
861782
861779
8617774
8617770f18061986
8617768d
8617755
8617725
8617721
86177
861765
8617642
8617624532980
8617611chc
8617608
8617578
86175684
8617521A
8617474
8617440
8617426
8617405
86173910
8617374
8617321
8617296
8617282
861728
8617265
8617250
861722
86172020
861719
8617174
86171728
861714
861712
8617101
86170793289
8617073
861706
861705
861704
8617008
8617
8616nt
8616james
8616dee
8616aster
86169539
861694
86169273
861690
8616885
861688
8616854e
8616845
861684
8616820
8616778
8616738
861672502
8616670
8616645
8616609
861659
861656
8616518910
8616484
861645
8616415
8616391
8616348i
861634
86163023tailane
8616270
8616216
861621
861620450
8616198b
861618
861617
861615
8616141
8616132
8616123103
861611goh
8616107
8616102
8616096
8616088
86160805
8616066
8616042j
8616032
86160078
8615sept
8615lt
8615iris
8615976
861593
861592
861590
8615882
8615862
86158513
8615833619
86157k
861579
8615784e
8615744
8615713
8615685
8615654
8615619
8615604
8615590g
8615570
8615548
8615517
86155082
8615488
8615471
8615422
861542
8615333
8615328
8615280
8615271
8615262
86152524
8615249
8615227
86152222
8615214
86151835fa
86151375
8615119
86150augsburg
86150753
861503
861501
86150
8614sagem
8614enc
8614buff
861496874
8614946z
8614937j
8614928
8614907
8614862
861482715
8614801
8614799
861477
8614761521988
861474306358898
8614704
861469584
8614657
8614618882
861458
861456
861450
86144786
8614456e
861442470
8614382
8614354
861435
8614297
8614275
8614249
861423
861422
86142194
8614186
8614165e
861414
8614123
861409
8614077
8614064
86140493
8614035
86140175
86140
8614
8613nina
8613dg
8613993
8613974
8613958
86139
861387
8613804
8613798
8613769
8613742r
8613725
8613710
8613682
8613657
8613629663
8613593441926
8613565930243
861353
861352024
86134ppp
8613488
8613458
861344
8613381
861337
861334
8613331
8613317
86133
86132695
86132391
8613221
8613202
8613183
861317
86131531
861315031
8613145
86131386
861312452
861311
86130610
8613038
8613030889810
8613010
8612nov
8612h6
8612arshia
8612989
8612955H
861294520
8612939
86129286
8612910
86128966
8612883
8612872
861283
8612814
861279L
8612776
86127609
861275
8612724
86127010d
8612674
86126551533
8612640
861260
86125962
8612592
8612578leo
8612562
8612549
861252a
86125130
8612495
86124826706923
8612466
861243516
8612403c
8612381780W
8612374
8612337
8612329
8612320
8612318
8612315076
8612305566
861230025743
861229mas
86122961453
86122958357998
861229335197
86122859
8612285032
8612281
86122761446
86122714
86122660
86122614
861226025484
861225834
861224dm
86122456058
861223elo
861223465599
861223435832
8612232
86122314
861222355582
86122209
861221025784
861220565156
861220385112
8612197247
86121957010
861218dub
8612186706
86121812
861217slinky
861217566115
8612171897
86121675902
86121653224
861216526023
861216385048
86121543
8612145657
8612145155
861214355216
86121402
861213r
86121373
861213565000
86121300
861212s
861212025408
86121158100
8612114
861210cp
8612106
8612103868
8612100
86120b
8612099cris
861209861209
8612097
86120959290
8612090051081
861208566404
86120823
86120811019853
861207zxl
861207861207861207
861207236032
86120704
86120686
8612067
861205435169
861205355484
861204d
86120486-linita
861204335588
8612042
861203617933
86120352077
86120343z
86120315
8612029a
861202565136
861202025623
861201q
8612014
861201355129
86120121
86120055
8611shangin
8611clarode
8611c9003j
861199
861197a
8611965
8611956
8611942
8611926
86119091186
8611872327
86118611
8611847
8611810
861180
861176
8611750
8611728
8611712
8611695611990
8611625
8611588
8611584
861157
861154618667258
861154
861153
8611508
86114f5
8611470
8611469
8611436
8611422
861141
861138
86113788
861131378
861130566024
86113038
8611296403920034
861129.jc
861128honey
86112888727
86112872
861128526162
861128495589
861128115099
861127436587
86112704
86112655729
861126526388
861125bb
86112559860
86112551192
86112523
86112501
86112455002
8611242
8611237074
86112323
86112268016
861122565611
861122305107
861121aume
86112164610
8611213
86112101
86112090
8611206118
861119355189
861118595033
8611184
86111743
861117385480
861117235669
8611161
8611160
861114236236
8611134
8611133377
8611128d
8611125
86111159642
861111386757
86111118
861110theng
861110465226
861110305193
8611100
8611096852
861109435337
861109235642
8611091356
861108r4
86110889
861108526405
8611076
861107465559
861107021999
861106962-aloooy
86110658615
861106355868
861106251205
861105AIN
8611057077
8611055
8611052
86110472830
861104565415
861104465094
861103235895
861102anm
86110260
86110220
861101go
861101dym
8611016734401
86110120
86110060
86110/8
8610victor
8610river
8610juli
8610blackcliff
861095
8610931
8610920020
861090
8610856
86108507
8610822
8610809
86107573
8610723f
861072
861071
8610702
8610681
8610631
8610623
861059429140
861058
8610573
8610565
861056
861054
8610519
86105169
861050314781300
8610484
8610473
861046
8610445
8610410e
8610401
8610366
86103574619002
8610356
8610345
861031841004alx
86103130
8610311
8610309
86103063046152
861030355457
86102999
86102963492
861029386563
86102858268
861028025563
86102763779
86102719
861026566163
8610261122
8610259
8610255088
86102461870
86102422
86102382222
861023525841
86102312
8610226z11
861022465699
86102230
861021j
86102153911
8610213g
861021145423
861020BO
86102055898
8610201
86101915
861018236463
86101808
86101684
861016514540
8610160
861015335335
86101454195
86101440
86101412
86101355723
861013496450
861013235285
861012danny
8610125047082
861012385425
86101186
86101154779
8610111112
861010j
861010210614
8610093
861009105074
8610085616
861008295873
8610079
861007465762
861007235499
861006j
861006386261
861006355078
861006235869
861005woairourou
861005jo
861005386024
86100465
861004295542
861003526046
861003235388
8610030
8610025
861002305049
861001ks
86100158
861001528371036603138
86100116
861-6483iscool
860vpiuu
860pie#
860nly1gabi
860mrw
860ks
860f4ec3
860deerrun
860ctc
860avec
8609tuk
8609hotmail
8609ced
8609986
86099335
8609925
860991
860987
860986091
8609842
8609836403
86097nhttm
8609783186
8609772c
8609751
8609734
8609716
8609694
8609679z
8609666
8609652
8609647
86096201
860960
860955
860953
8609517c
860950
8609495
8609478
8609453
8609433
8609423
8609414b
860940
860936P
8609331
860931
8609305
860929mi
860929235432
86092755241
860927335691
860926335606
86092608
860926-57932
860925465185
860924566312
86092451722
86092425
860923565860
86092343
860922813
860922355
860922085304
8609217
8609213a
860920timur
860920236690
86092
8609191012
86091857210
86091846
86091830
860918025798
8609172889M
86091717
8609165
860916236647
8609160
860915yohi5
860915shaun
860915...
860914436311
860913355149
860913085070
86091229
8609117
8609114
860911237085
860910235627
8609100537
860909e
860909alaNNN
86090850
860908199
860907v
86090778
860906386238
8609056
860904kv
86090420
860903f
86090256
8609024078
8609021
860901alejandro
860901565464
86090131
860901123
860901+americateama
8609
8608chba
8608981
86089681304
8608906
8608899
8608891
8608870c
8608868
8608863
86088120
860879171
86087334
860870
86086931
8608681989
86086545710614
860864z
8608627a
860861
8608587
8608563
8608530
8608521P
8608511
8608479
8608467
860844d
86084090
86084
86083870
860837
860833
860831mktsi
8608317
8608315276
860830jat
8608306338
86082979
8608295659
860829295104
8608290415
860828677212juli
8608285
860828436681
860827595007
86082724
860827115093
860826355327
860824821202
86082451139
86082257391
860821086837
86082104
86082
8608195992901a
860819335686
86081771
860817236174
8608168675
860816436609
860815s
86081563
860815385731
86081444527
8608141
860813437155
860813386431
860812ady
860811ab
8608119
86081156044
86081135
86081116
860811015012
86081079e
860810235873
860809a
86080951290
860809335367
86080909d
860808496011
86080758
86080649
860806235301
8608059
860805115148
8608050
860804565059
8608042
86080333
86080302
860802566074
8608022208
86080167
860801565248
86080116
860800
8607velazco
8607gigi
8607as
8607933
86078cody
860788
8607831
86078
8607781
860777
8607763
8607728
860771
8607600
860758108
860755
8607523
8607484kmw
8607461
86074562
860744
8607421
8607406
860736
860733
8607316
8607313857
860730qna
86073049
8607300
8607293530
8607290221
8607277
860727.
86072659742
8607256
8607249a
86072454253
86072349
86072333851
86072235
8607210
860720282
86071957227
86071830235
860718025398
86071738
860717115279
860716385365
860715236173
8607141286
8607129
860712386694
860712348
8607123358
86071165894
860711295635
8607108
86071023
86070952701
86070951497
860708295351
86070730024-loka
86070702
8607067
86070635
860705beatriz
8607051a
860704870929
860704235511
860703ENDOpasion
86070386
86070333
86070286
8607023e
86070136
8607010
860700
8606ls
8606deanna
8606boom
8606RC
8606996
860699
860698
8606955
8606939
86069
860688
86068606
860684
8606819
860680
860679
8606753827
8606751
8606690
86066879
8606643b
860664
8606615g
86065987
860654221
8606528
860652
8606487
8606424707
8606406
86063522
8606349
8606330
8606307
860630145387
860629305283
860628152400
860627465072
86062738
860626wss
860626236542
860625a
860625525852
86062530
860625145411
860624495508
86062323
860623025491
860622565111
8606224431
860622236393
86062159c
8606212
86062032989
86062015
8606200
8606198754
860619436
860619355682
86061924sc
860619155058
860618435410
860618295251
86061802
8606175769
86061736710
86061656
860616465261
860615496349
86061530608
860614355165
86061423
860613j
860613386912
86061256
8606122811
8606112
8606105
86061023
8606098
860609496211
86060935
86060831795sr
8606081
86060735
8606070006
8606063304020560
8606060707
860605565910
860605236033
86060455
860603355426
860603-33795
86060231127
860601ned
860601435465
86060103
8605vsn
8605oj
8605jr
8605hai
8605a1
86059999
860596077
8605945354
8605935
8605890
8605856
8605820
860581
8605795
8605727RW
860570
86056990
860569
8605642
860563
8605616
860561
86055kqgcs
8605590
8605578
8605567
860554215
8605456
8605443
860541175
8605404
86054
8605394
860537
860533
860531583905
860531405008
860530a
860530355301
860529595295
860529335071
860529296076
8605287
86052757837mm
860526566237
8605255108
860524e
86052432317
860523a
860523236670
86052311
86052261289
8605222
860521a
8605215
860520355359daw
860520236587
8605195623
860519295192
860518565664
86051806
860517386779
860516mptl
86051661089
860516566639
860516236541
860516--
860515235889
86051513
860514giov_22
86051462540
860514565851a
8605145076
860514125135
86051333
86051255447
860512235576
860511125463
860510928
860510525916
860509525804
860508615015
860507305429552
860506435029
86050623
86050574
86050556923
86050533
8605052
860504816
8605045202
86050351
86050321
860502ijkk
860502180
860501meteoro
860501526263
860501236979
8604kb
8604ford
8604as
8604SHAWON
8604955
860493
8604907
860489
8604873768
860486
86048403
8604830
8604820
8604801
8604782
8604705
86047
860468190a
8604665
860465
8604636
8604602
860459
860456
8604536100
860453
8604517f
8604505
860448
8604462
860446
8604453
860443
8604395
8604348
8604334
860432
860430lizzy
86043051212
860430355494
8604301130
86042930
8604269
860426265269
860426085129
860425q
86042534910
8604245369
86042423
86042352
86042324
8604227730
86042234399
860421yyf
860421565086
860421435097
8604212f
860421025151
860420595304
86042026
860419566071
860419125129
860418chw
86041853885
86041821
860417235201
860416841008
860416388185
860415565805
860415435613
860415265466
860414295102
860413355599
86041306
86041234
860412125433
86041150094
86041090
860410566673
860410331
8604102
86041
86040916
860408pantech
860408cami
8604089
860408435295
8604081
8604071
860406385554
860406236495
860405525770
860405236119
8604050
8604045280178945
860404110
8604038666
860403565680
860403355560
8604031550
860402236033
86040203
860401860v
8603yqcgw
8603vo
8603mitsy
8603fu
8603988
8603966
86039467
860392
8603909
860390
8603890
860386
8603832528
8603807
8603779c
8603771
8603744j
860371
8603696rr
86036790
860365
8603572
86035367
86035282525
86035023
8603478
8603455
8603448
8603419
860340
8603367a
8603357
860333
8603323
86033150034
860331025334
86033011
86032q
8603286032
86032828
860326840330
860326265755
86032580
86032536370
860324566052
8603244
860323525603
860323241
860322595474
86032254200
860322235743
860321495033
86032132180
860320305461
8603196
8603192
860318ng
860318519722
860318465247
860317z
860317495313
86031721
860316viper
860316a
860316565615
8603162
86031539872
8603147096
860314495190
860314236359
8603141276
8603132765
8603121989ge
860311j
860311a
860311435539
860311335810
8603112808
860310d
860310355
86031029
8603094
86030937
860308565922
86030823
8603078737
86030723
86030658029
86030603
860304JEss
860304565167
860303Lisa028208
860303135691
86030260378
8603020
8603015654
860301355180
8603007
86030
8602n90e
8602ber
8602992
8602978
860295
860293
860290
8602871
8602854
8602837
86028221
86027781908
8602743
86027330
86026972
86026712
8602637
8602609myc
86025831
860255
8602535
860252230000
860250annie
8602500
86024god
8602480
8602464
860246
8602429900
8602408
8602386
8602354
8602332
860231
860230
860228y7121
86022837232
8602281
8602273
860226525564
860226237335
8602252d
86022486
860223okmijn
860223237364
860223035076
86022231083
860222065185
86022138
860221235509
860220520
860220055039
8602197
860219065221
86021859
8602180933
8602175038
86021733
8602164
860216135183
86021549
860214495003
860213t
860212j
86021256
860211436083
860211015537
86021042
86021
860209125403
860209025269
860207ying
860207860718
86020712
860207045004
86020627n
860206075041
860206015540
860205105392
8602043
860204105235
86020354978
86020334357
860203065366
8602030
86020286
860202125865
86020203
86020148226391
8602011243
86020066
8602
8601lim
8601diane
8601ODI
8601987
860197
8601954
8601938
8601931
860189
86018723
8601845
86018285
8601819T
8601804
8601787
8601776
8601774
86017459
8601707
8601691
860169
8601667
860165
8601626
86015555
8601534
860152
8601516
8601494
860149
8601457
8601435
8601417
8601410
8601383
8601360
860134
8601326
8601318
860131236
860131015051
86012934
860128h
86012828
86012810
860127a
860127435774
860126a
860126930614
860125cami
86012560615
86012535
86012439
860123435531
8601230252
860122859
86012223elj
860122068
8601216686
8601210
8601207
8601200
86012
860119085962
860119025062
8601190
86011835416
86011792
860116386364
860116145448
860115566312
860115086159
86011500
860114568406
860114115333
86011343
86011339
860112565103
86011238
86011214
8601109353
860110320
860109mcn
86010863
8601084358
860106toar
860106611
8601058
860105236045
860105035446
860104236203
860104..
860103125333
860103045130
8601023590
8601023
8601021
86010201
860101565044
8601008
8600q0tsa
8600kj
8600butuan
8600Lagos
8600961
8600953
860092
860091
8600904
8600860
8600849
8600835
8600808
86007728
860076
8600749
860072
860070
860068
860063
860062
8600598
8600586
860056
8600526
8600520#
86005123456789
860048
8600411
8600401
860038
8600367
8600344
8600340
860030201
860027
860024
8600229
86001793
8600154
86001501305
860014
8600121
8600113
86001100
860009mar
8600074h
8600015
860001
8600007
860.396
86/86/86
86/290
86/03/26
86.LUZ
86.2.23
86.105.57.3240
86-rx-7
86-1-1
86+93+49+a
86*nnB3
86*^rakpsd
86**roder
86(%*!!/s.l
85zp0cas
85zalfonsoterry
85yt3815
85yota
85ynigga
85yellow
85yd8143
85xr4ti
85x2e8o0
85wr8574
85winy
85willow
85wendy
85warriors2
85wallfield
85w5th
85vwrocco
85villalobos
85vets
85vdx8
85v4xpqn
85upenn87
85ulan83
85tylerputman85
85tyco85
85tweeshy
85tulga
85ts5aud
85tour62
85toro
85tommadi
85to06
85tlcml58lmclt85
85tjtt
85tiffany
85thvet
85theused
85tasuma92
85tango
85t9pnwf
85sweetness
85superstar
85stront
85stargirl
85srule
85sports
85sp25are36p
85soda85
85so531
85skyline
85sk8erboy91
85sierra
85shortwide
85shawn25
85shanna22
85shadow
85sex07
85sethcohen58
85sarmad24
85sandra
85ryan
85ruth
85romeo
85rocks
85rivals
85ricardo
85rebk
85rearend
85rbd85
85raptor09
85ranger
85radzi2006
85r96jm3zxinw
85queen38
85qlex
85q1kis0
85puybacon
85prix
85pretty88
85porterhounds
85pope42
85pooh07
85pomona
85poland
85pm468
85pink
85perjoa
85peaches
85passion
85p2az
85odor77
85november
85nov10
85nkihei
85niki03
85nicole03
85ngUDKT
85neseanil
85neg7as
85naimcamp
85n6ggx
85mugres
85mtxina
85mosez21
85montess
85monkdy
85moganasimha246
85mmt85
85mld7
85miri90
85mimi85
85milks
85mei30
85me03
85mayapopolla85
85may11
85masterja
85marley85
85mancity
85mamaw
85makave
85maes
85madalenadomar
85lyrehc
85lynn20
85luvs89
85lucas
85loves57
85love88
85lonely
85ll55
85live
85liliro
85laugh93
85laquan
85lady
85l32tl
85ktm1
85koren
85kmco2
85kjkjkj
85kitty
85kills
85kerry85
85kela
85kdiddy
85kawi
85kauai
85kaczordo
85just
85junio
85july19
85jrjdjrnc
85journey
85jose
85joker77
85jm65
85jhonnyjesus
85jeff06$
85jarig
85j85c05
85j24n
85j0124m
85irocon
85integrity
85india0
85inart
85iljk
85ibt061
85humu
85hotshot
85honeylust
85hondacrx
85hnrp
85highland
85heta
85hawjen
85hasta05clafervd
85harajuku85
85h5vcjcu
85guinda85
85grains
85google
85goldwing
85ghDE1245
85gators
85gals
85gVhe85gVhe
85frittle
85frankkoen85
85fr44
85fokais
85fireman
85felicity85
85faith
85fadhli
85f87b94c
85ezat
85eskdale
85emma
85elisabete14pim
85elephantredblack
85eija
85eagles
85duke
85drpepper
85dopey
85dodge
85dilema23
85denied
85delta
85dcomunicacionv
85daytona
85days
85dancer
85dajha06
85d65c11
85d4nt6
85cutty
85culebra
85crow84
85crazy2
85cr250
85coveyhallrd
85cosita
85corvette
85corolla
85cook33
85clarinet
85ck4251=
85circular
85chris
85chickalive
85chh5pg
85chevy4x4
85chevmonte
85chadj
85ccktm
85cb85
85carpadm
85carlton
85camino
85caitlin
85c690218
85bvc412
85burzel
85bullet
85buick
85bronco1
85brass
85boss16
85boomydream
85bob67
85bluemoon
85bldrew
85bkam91
85bigones
85bearsa
85barbies
85b91p
85b0226
85atyia+
85ari48veta15
85animalz
85angelee04
85anasus
85anaoj
85amor
85amcxj
85am03el4
85allday
85alex
85akjt21
85ailatan
85agui14
85aggie
85af1114
85adrian
85ac3b7k2J7c
85ab7c
85a85236
85_tumacho_08
85_ida
85_camaro
85ZPo1004
85XEH
85TransAm
85TURTLE
85TIGGER
85SeptAway
85SASHA85
85REBEL
85Paris
85NOTHING32
85Mada.15
85LUvInT
85LEON19
85KjA19
85K8HH
85JUM,BO85
85JLGlove
85IAN2525
85FEBABY
85ESMEORAC
85ELYANGELMAGIC85
85Deborah
85D3393253break
85Chevy!
85Cb5609
85CHEVY
85BUCEFALo
85BIGHIPS
85BALLERS
85Alpine17
85ALEXPATY
85@habbo
859uzjkd
859sas*
859rivgb
859pht
859koga
859kdc53
859jared
859food
859city
859bc52
8599yo
8599nick
8599ch
859999
8599930
8599904
8599894
8599861
8599857319
859982
8599819
8599748
85997460
8599719
8599696
859966
8599625
8599574
859951
8599422
8599405
8599368
85993340
8599315.k
859930
8599279
859922
8599205jc
8599186
8599176
859917
859912
859910
8599064
8599040
859900
8598fire
8598bskmnr
859896
8598929
85989
8598887
8598868
8598854
859883
8598789
8598779
859874iencg
859871
85987007
8598681
8598668
8598611
859859859
8598559
8598551
859853mum
8598537
85985225
8598504
859845786
859841
8598374
8598360
8598327
8598310
859829
8598247
8598175
8598162556
859814379
8598131
8598123
8598046d
859804
8598000
8597tiozon
8597abc
8597957
859791
8597908
859785
8597837
85978261989
85978
8597766
859774
8597726
85977
8597660
859764
859761rmh
8597591
8597556
859748
8597478
8597474
8597455
859740
8597383
85973495
859733
859730
8597285
85972527
859721nat
8597175
859716
8597132
8597071
8597010
8596monica
8596ines
8596998
859697
8596958
859695
859694
8596916
8596895133
859688
8596872
8596840
8596813
85967845
8596757
8596700
8596679
859666
8596628
85965818
8596569l
85965538
8596521
8596485
859646442
859645
8596424
8596412
859640
8596363
859635
8596315
85963
859625w
859625
85962316
859620
8596163
8596151
8596135
8596123
859612
85961089
8596069
8596019
859600b
8596
8595rb
8595gj
8595JS
8595958
859592
859590
859588
8595871
8595865
859585
85958315ae
8595803
859576877614
859575y
8595744
859570
8595653245
859563
859560
8595585
859555
8595544
8595529
8595503
8595487
85954558
8595453385
859545
8595440shiko
859543
859542
859541
859533m
85953000
8595285
8595274
859525
8595214
85951b
8595144
859513
85951221
8595112
8595103
8595099
8595096
8595030
8595004sd
8595
8594lynn
8594BADBOYS2
85949H
8594988028
859497
8594966842
85948otdip
859488
8594865591
8594847
859482427
8594766
8594725
859471889
85946yallil
859467
8594655j
859464
859463
859462
8594607
8594588
859458
8594556
85945111988347lil
8594492
859445
85944189
8594332522
859431
859429
859426
8594239
85942013o
8594194
859419
859417brito##
8594150
8594138
8594087
8594070v
85940409
8594031622253
859401
85940
8593qvtzu
8593lamb91266
8593arijan
8593982
859393
8593910
85938903
859386918
8593858
8593805
859375
8593706
85936j21
8593651
85936358412
8593619
859359
85935175
85934786
85934433
8593414
8593360
8593329122
8593315
85932T
8593264
859325
8593193473
8593164
859310
859307
85930340
85930
8592mtr
8592aq
85929987
859294bb
85929285
8592898
8592875
8592856
859285
85928
8592784
8592765
859273
8592729i
859272
85927
859268
859266
859265
8592593
8592577
85925197
8592476
859246
85924486
8592438kms
8592402
8592379a
8592349
8592336
8592295737
8592268
85922311
8592222
85921f
859219
8592162
859215
859213223
85921014
8592095
859207
8592049
8592031468
859200z
85920
8591ymacc
8591nds
8591love
8591kk
8591jb
8591aj
859196
859192
85919
85918591
8591823
859180
8591778
8591759
8591742
859172729850291
8591665
859166
8591650
85916244
8591594
859156
8591549
859153
8591477
859146
85914300
859142
8591361
8591326
8591283
859126j
85912367
8591234
859123
859121
859119
8591168
8591124
85911
8591065c
859104
85910202
8590pmk
8590er
8590bt
8590967
859095verde
8590946
859094
8590917
85908kcrzf
859087
859082432
8590788Z
8590755
8590744
85907123
859065980
8590643y
8590604
8590579
859056
85905076
8590481
859046386324
85904512
85904114
8590407
8590396
85903529
859032
85903016
8590283
8590259
85902533
85902103
85902011
8590192
859017
8590153b
859012334
85901136
85901
859007
85900508
859-327-9061
859**furkan
858ufcdf46
858tcu
858piggy
858name49
858loser
858extasy
858black423
858babies
858D858
8589tdizzle
8589orlando
8589jlsdkf
8589bumhole
8589KYL
85899858
85899714
8589969
85899456pp
8589913
8589896
858986
858985398
8589821
858981
85898
8589761
8589731
8589707
858969
858965
85896421
8589623
85896125
85896048
8589593002
8589576
8589568
858955
8589524
85894930
85894670
8589454
8589452
85894435
8589434c
85894284
858940p
8589390
85893524
8589336
858932639
8589299
85892878
85892525
85892321
8589216
8589210
85891843
85891774
8589147
85891288
858911jr
858908fa
858907
8589051
8589045
8589033
85890208
858901
8588sp
8588ryne
8588ramos
8588quelly
8588ok
8588kids
8588bb
8588aj
85889599
85889494
858892
858889
858888800
8588882
85888507858668
8588822
8588810
8588792
858877s
8588760a
8588736
8588721369
8588696
8588679
8588657
8588645
8588636
8588611
858857998
858857
8588556
8588519
85884kjqp
8588442
8588416
8588386
8588370
858835
8588281017
8588267
8588258
85882237264094
85881964pg
858818
858815
858813
8588124
8588113
8588092
8588087
8588068
8588059
85880282
8588004
8588-dob
8587let
8587gr
8587ak
8587997
858796
858793rrr
8587929698
858792
8587909
8587902
85879-k
858789818
85878897cm
858784010288
8587820cp
858780
8587798
858775s
8587747074
8587737
85876tm1
858764
8587620
858759
8587578
8587571
8587534
85874806877619
858747
8587456965
858740silverthong
858740
8587368
85873318
858729
858728
858726
858721
85871994
8587172
858716
858714
8587112511
858711
85870fmijv
85870708
85870610
85870505
8587042
8587027
858701
8587.8587
8586yicf
8586o4
8586gs
8586bd
8586ab
8586994
8586990
858695
858693
8586913
858691
8586900
85869
85868892pumitas-
85868789
85868787
8586875
8586870
8586851
8586810
8586805
858676k
8586748
8586722
858671129
8586675
858665
858662828
8586621
8586618
858661
8586585001
8586578
8586552Erika
8586517
85865112
85864950
858648
8586420
8586341
85863320
8586315
858630884
8586301
85862atb
8586264gb
8586248086
8586231
8586228
8586219
858620ck
85862007
858619
858618
858616070
858611228
8586106
8586100s
8586059
858605332
858604aaa
8586034944
8586004a
8586000
8585sj
8585s13
8585rae
8585mz
8585luisasm
8585love
8585ke
8585east
8585corby
8585as
8585A_MA
8585994
85859868+989
8585970225
858596cris
85859654
8585957
8585929
85858l
85858888
858587885359
858587123
858585v
858585jb
858585bjkbjk
8585859
858585458
858585123
858584669
8585811
858580
85857888
858578
85857777
8585775
858576
858575164
8585746
8585742
8585728
858572132357
858568acetajson
858568
8585663
85856585
858564
85856353
858563
85856121
858560
858559
85855858
858558
858555165165
8585520
8585493
8585485jkl
8585464607
858546
85854541
8585434
8585420
8585416
8585401
8585399
8585384
858535
8585333
8585315thy
858530
8585270902
8585252
8585217
8585212
8585208
85852
85851872127
858517
85851618
85851486
85851234
8585091
8585060
8585059
85850225
8585016152
85850123
85850085
8585003
8584rose
8584mary
8584katten
8584ab87
8584CAROL
8584994
8584984
85849536
8584934
8584919
8584894H
8584878
858487
8584852
858484
8584830
8584825
85848
8584794
85847772
85847455
8584733
858469118520Ali
858468
8584637
8584612
85846070
8584543
85845181
85844501
8584429785
8584415
8584385
8584350
8584317
8584290
8584280
8584271
858426
85842008
8584181021
8584178
85841573
858410
858407
85840417
8583zchgw
8583see
8583lh
8583dani
858398
85839753
8583967
85839346
8583921
85838s
8583828
858382
8583812
85837jessi
858379
8583765
8583751
8583741
858373697682
8583729
858369
858365
8583646
85835905
8583588
8583558
8583542
8583525
8583512
85834902
858345
8583429
85834
858335
8583324
8583309
858328
85832521
858323349
8583217
8583213p
8583195
858318
858316119
8583145
858311a
8583100
8583092
8583070
8583041
8583013
8583
8582z530i
8582nr
8582cms
8582b72
8582QLtv
8582991
858298
858295050
8582948
858291
8582892000
858285822
858285
8582830
858282711
8582813
8582805
8582782
8582757
8582734
8582681
8582664
858266
858264
8582618
85826
858258
8582562
8582543a
8582516
8582491
8582468ty
8582456
8582452
858244
8582420
8582409
858237
85823575
8582341
858232777
8582299
85822864
8582280
8582270
85822627
858226
8582244
8582221
85821879
8582182
858218
8582145
8582138
8582135
858212
8582112
8582101
85821.
858206jlb
8582051
858203
858201
8581debs
85819960
858197022
8581944
8581895
8581866
85818581
8581852
8581839
858181
85817995835
858177
8581745bello
8581717
85816ag36
8581689
8581678
858163
858158
8581565283
85815249
85815178
8581510
8581495
8581455huan
8581419
85814
8581383
858138
8581352
85813330
8581328
858131
8581301MY
8581286cindy
85812490
858124
8581232
858122
8581217
85812102
858120
8581192
8581186
858118
85811626
858115177
858114
8581128
858109
8581085
8581082
85810406
8581024
8580yo
8580mo
8580ashlyn
8580969m
8580946
858089
858088
858087
8580859
858085
8580838
85808162669
85807nellie
858078
8580759
8580751
858074
8580714
85806709
8580654
858064912345
8580623
85806058
858056
85805372
858049
858044
8580375
858032
8580307
858030
8580298
85802757
85802732
8580264
8580253
85802439
858023181
8580228
8580212
8580134
8580084
8580065
8580
858-PAOLA
857ssrs
857oonE29
857lady
857gf9tv
857cat
857aem
857@lex200907..
8579friend
85799y
8579931
85799123
857985
8579813
8579797
8579772
857969b
8579687
8579645
857964
85796
85795
8579474
8579471
85794623
8579461
8579456501
857942311048607
8579411
857936
857930826
8579281390
8579260t
85792572592
857923387
85792
857919
85791610963
8579156
8579123456789
857912
8579109
8579/01/99
8578nannymcphee
85789fecca
857896
85789456
85788517
85788256
857878
8578762
8578736
8578679
857865
857864
8578600
8578593
8578573
85785518
857853
8578485
8578466
8578414l
85783hgri
8578281
85782654
857825
85782320
85782237
8578166
8578123
857807yinet
85780616
857804
8578026
857801326
8577steph
8577kry
8577chachoengsao
857799
8577935
857791
8577877
857787
85778577
857781
8577785
8577770
857775889117
857771905
8577700
857767j
857765
857760a
8577592
85775777
8577548
85775252
8577501
8577483
8577453
8577412
8577348g
8577340
8577338
8577283
857727
8577234
8577201280
85772
8577172
857714
857712345
857711
8577096
857708
8577041
8577000
8576tc
8576love
8576jhoncarlos
8576icms
8576fairies
8576989
8576959
8576945
8576938
8576915
8576911
8576859
85768090
857674
8576717
8576693
85766758
857666
8576638
8576612
85766
857658
857655001
8576546nena
8576543
8576524
85764afmru
8576494
8576453mechas
857644000
857643
857639
85763575988
8576338
8576328
857632
8576309
85762526
8576251
8576242
8576223701
8576185
857615675
857612
8576090
8576068
8576036
857601
8576
8575lyn
8575CHERRY
85759565
857594
8575914
8575903
857587
857584
8575819
8575809
857578
8575749
85757300
8575721
857568
8575653
8575582
857555
8575526
857551
8575478
857547
8575461
85754554
8575440
8575423
8575383
8575356v
8575344
8575330
8575311
857530191
85752nrbhz
857526
857522
85752
8575199
857518
85751475666052
857513
857511
85751
85750598
8575047260939
8575029
8575011
8574988
857496j
857493
85749231
85749
857488
85748574k
857484m
85747nnenna
85747d6
8574777
857475184
857474
8574703
85746c
857465301
857463
8574609&8574705
8574577
8574543
8574523
8574521
8574513
8574505
857447c
85743624524
85743552547
8574321
8574319
857427
8574234
8574223
85742
8574199
85741963
8574164
8574123600
8574106
85741020
85741
8574079
857406
8574056
857403
8574014
8574002
8573oc
8573hardcore
8573@ku
857399
8573981
8573936
8573913
85738877
8573868
8573841
8573784
8573709
8573660
85736060606060
8573575
8573559
8573512
8573483
85734607
857345
8573427
8573417
85734102
8573386
8573360
8573294
857327
8573252
8573226
857320
8573183
8573165
857311
857304
8573022
8572surv
8572lal
8572donny
8572daj3
8572992
857296
8572940
857292
8572898000
85728604
85728572
8572799
857277
85727520
857273
857270019
857267
8572663
8572658
8572649oguz
857260
857258
857256
8572538
8572504
85724817
8572449
85724301
8572413
8572355
857232
8572258
8572253
85722391v
8572220119
857221s
857220
8572193
8572190
857218
8572160
8572149ljm
8572130
857212
85721076
85721000
8572094
857207m
85720733
8572049278
857203
857201
857200,a
8571fjms
8571X3
8571993
8571969
8571922
8571907
857189906
8571880
8571866
8571854CASA
8571830
85718
8571795
857176
8571729
857171026051978
8571684
8571664093
8571627
857160
8571584116324
8571575062860
8571544
857150015
85714a
8571478
8571434
857142
8571387
8571375
85713600
857135648
8571324
857126
85712524
8571234
8571213
8571207
85711m
85711758
8571138
857113088
85711004431
8571088
857108
8571004
85710
8570mv
8570bravo
8570985011646
85709711
8570953
8570911
8570894
8570828
85708
8570784007706
8570764
8570755
85706mcc
8570675
85706601
8570602
85705ftw
8570593h
8570568
8570547
8570523
8570456g
85704439
857041
8570387000047
857033
8570326i
857030
8570247
8570236
85702167
8570196
8570189
8570164
85701427
8570124578963
857008
8570068j
857006
85700300
8570006
857-3180z
857-1732
856wneht
856to904
856play1331
856nking
856mmm
856meme7856me@@
856losdelaluz
856kfvnp98
856jo711abc
856jhto
856fba4a
856cmnql84
856NELAC72
8569poiu
8569me
8569aadqf
85699658l
8569916
856990
8569808
85697n@
8569757
8569745123
856973
8569715
8569696
8569681
8569658
8569645698
856958k
85695768
856955
85695308
856951
8569499
8569485696
8569443
85694321
85694217
856942
856941
856938
85693799
8569369
85693423
85693256987658
8569311365
856931
8569300
85692kb
8569295629332919
856929
856925a
8569247
85692300
856922
856919c
8569181
856915jey
856914723
85691254
8569121859
85691111
85690mt
85690626
85690115
8569
8568fsyh
8568988
8568964760
8568959
856893
8568902
856888
856886161314
8568848780
8568820
8568778
8568768
8568735
8568705
856870
8568680177
856866
85686187
856856aa
8568556
856854toy
85685479
856854256254
856854
8568528y
856852
85685023
8568492
8568477
856845688
856845
8568433
856842
8568397
856836
8568355
8568335
856828
8568277
8568246
856823
8568203
85681907
8568156
8568096
8568093
856808
8568073
8568046
8568027
8567valeria8567
8567cg
856794705145
856791
8567880
8567868vm
8567852
8567818
8567808
85678
8567786
8567768
85677568
856772349
856770
8567693
8567643
8567580
8567567
8567544
8567530969
856749523416
8567455
8567449
8567402
8567397
85673878
8567353639
856731
8567307
8567294
85672634
8567255
85672346
856723
856721
856718
856714sco
8567110
856710
8567062578
856704
8567017
8566ouxzf
8566keith
8566bt
856698
8566941
856691
8566844a
856682044
8566795
8566783101
8566687012
856666
856665
856660
856658856
8566577
8566574
8566543
8566522
8566514
8566489000
856646
856643@@
856640
8566365
856630
8566298597
856627
8566224
8566183
8566165
85661498
85661150
8566094leo
856608
8566078
8565wsam
85659kxdqs
8565985
8565974298742
8565960
85659113
85658voxeq
8565889C
8565856
8565848
856582349
8565807
8565801
8565796
856575
85657311deakrep
8565675
856565drc
8565638
856562
856560
85655699
8565543
85654life
8565482
8565472
8565462
85654555
85654525
856544
8565439
8565411
8565325
8565302
8565277a
8565254585
8565240
85652233
8565148
8565101
8565096
85650
8564o5
8564diosesamor
8564ana
856499
856493
856492
85648b
856488
8564860697
8564838
856479rn1
856477873645
8564752
8564738
856471ana
85647008564700
8564684158
8564662
856460
8564581728
856457
856456
8564544
856452
8564508
85644hnqoo
8564461
8564441
856439
856432
8564316
8564283n
8564267
8564247
856423
85642137
85642002
85641t
8564180
8564150874
8564138
8564131
8564123lol
8564122
856409
85640600779
8564049
856404
8564024
856400
8563jml
8563es
8563con3
8563axvuy
8563986SS
8563936
85639176celia
8563876
856385
85638427734
856382ab
8563784
8563747
8563722
8563711394
8563658541
8563651
8563644192627587
8563610
856358
856353
85635
85634975
856347
8563434
8563413
856338
856336072
8563333
85633
856328
856326
856325
8563230
856321764
8563214
856320
8563182
8563116
856310
8563081
85630470
856302
8563
8562ydqne
8562natalie/*-+
8562j7k
8562ali
856298
8562936
856293
856291
856289
8562874
856284l
856283431
8562810
856280
856279
85627820
85627630
85627541
8562714
856270
856268ng
85626332
8562609
85625885
856258
856256827
856255
856253520
8562492
85624794
856247
8562459
8562446
856242
856241
856240
85623s
8562399
85623684216
8562344
856234
856233
8562311
85623042_conny
8562301
8562284
8562273110
856227
85622601991
856225
85622316
8562219
856221
8562202940
856220
85621943
856217anne
8562171
8562162
85621560894
8562134
8562108
856210
8562082
8562078t
856207774242
856207717583
8562071
856205c
856205
856204
8561nini
8561gn
8561aw
8561991
8561968
8561940
856188
8561866
8561832
8561812
856181
856180409
856179
85617461
8561733
85616702
8561640
85616232
8561614
856159530
8561554
8561545456
85614dt
85614800
8561456
8561447
8561441
8561417
8561383
85613411
8561329
85612yoonohoo
8561275
8561274
8561261
8561248
8561234
8561227
8561196
8561172
856117
856114
8561127
856112
8561116
856108
8561049
8561001
8560zqfah
8560nwoso
85609343
8560893
8560858
85608031
856077
856076
8560740-
8560732
8560715
856071
856068
856060
85605878
8560574
8560550
8560486
8560472
8560427
8560423
8560404
8560360
856031
856026
856024
8560196579
8560165207
8560149
8560140
8560124793
856010
856008
85600425
8560030
8560000
855roland
855martin
855knick
855isa
855hgr3
855deere
855cxi80
855cudy1
855_1186
8559gav
8559951
85599340
855992E
85599196
8559896j
8559869723005
855985d
8559851
8559811
85597271
