91567504
9156742897
91567265
915669
9156669797
91566654
9156658
9156646
9156628
9156609t
91565681
915656
9156550
9156511
91564491
9156424
915640992007
9156397
9156371
9156360
9156340
915633020
915632
9156305829
9156300
9156293
915628
91562541
9156240412
915622
91562073
9156203217
915619929+bea
91561871ZAR
915618
915613
91561232
915610407
9156102
91560739
9156050244
9156035
9156005
9156
9155khh
9155Carm
9155951621
9155946
9155934
91559304
9155927150
91558izy
915587
9155836
91558301
91558144
9155792
91557758
9155770
91557678
915576
915573
9155700079
91556moo
9155656083
91556349
915563227
9155610
9155609866
91555930
915559
91555867
915558
9155545
9155523100
9155513
9155496
9155464933
915544623
915543628
9155431216
9155404
9155391360
91553677
9155332
9155315
915530
91552900
91552750
91552531
91552514
9155236
9155222167
9155205334
9155200
91551874ja0
91551722
9155160
91551512
91551249
9155121
91550904
91550897
915506b
915505
915503347
91550110
9154tj
9154pook
9154geo6120
9154LIFE
9154988
91549713
9154958
9154952
91549444
915493063123
915491228
9154901504
9154896741
91548779154877
9154863
91548296
91548008
91547844
91547762ilikeboy
9154734
915473
9154726
9154710
915470
915468173
915466
91546460
9154628
91546095
91545969
91545663
91545501
91545211
9154506
91545
9154495739
915449
91544851
9154479
9154454393
9154452
9154430311
9154423
915441
91544
91543981
9154378889
9154372
915431992
915427
91542678
915425
915424309184878771
91542400
91542255
9154222006
9154218
91542100df
9154206
9154183
91541760
915415
9154132492
9154125375
9154124
9154119393
91541125
91541074371
9154101
91541
915409
91540672
9154041
9153sd
9153966
915394
915392264
9153886629
915388
915382
91537ian
9153762843
9153705358
91536975
91536796
9153653
9153642
9153629
91535930
91535663
9153559021
9153548
91535448
91535069
9153477
91534399
915342597dragon
9153416za
9153415538
9153408
9153377798
91533666
9153354
91533268
9153314712
91533
9153294518
9153291942
915329
9153284481
915328
9153262017
915325208
91532383
91532222
9153214
9153206
9153201
9153168134
91531628
9153152767
915313w
915313
91531064
915310393
91530822
91530723
9153068969
9153049
9153024
91530183
9153
9152rr
9152cf17
91529963
91529897
91529848
91529750
915295
915294488
915294107
91529373
91529158
915289b
91528981
9152870
9152864
915285964vaniad
9152842899
91528201
9152808_k
91528
915279
9152771
915275470
915274
9152722
91527130
91527001
91526833
9152671a
91526556
91526387
91526239
9152593163
9152560
9152559
9152544
915254
91525259
915252
9152510
9152507
9152475802
91524699
9152462485
91524493
91524208
9152412
91524102
915240365
91523861
915238380
915236985
9152365481
91523540
915234078
9152331
915232159
91523147
9152305
9152287
9152278de,
9152261195
91522564
9152241615
91522318
9152229
9152212
915221132
915220833
915220
9152198
915218
91521692
915212931
9152122
9152118935
9152108
91520958
91520890haha
915208
91520637
91520579+
91520403
91520284
915202
9152018
9152007
9152004J
91520
91519995j
915199729
915199527
9151991k
915199
91519871
9151977
9151974
9151970
9151964
9151953137
91519405
9151935591123470
9151928
9151906
9151902r
9151874
91518311
91518298
915182786
915181962
91518127
915179677
9151791
91517692
91517561
91517505
91517362
9151713
91517121
91516r
91516951
91516656
9151662manuel
91516539
91516317
91516235
9151616
9151611
915160476
91516.m
91515898jian
91515769151576
9151554
91515442930591
91515345
915152
9151503039
91514939
915147
915143
9151412ee
91514125
9151404
91514
9151369
91513644
915136
91513564
91513384
91513213
9151316
91513131
91513026
91513
91512954
915128
91512753
915127
915126
9151254
915125
915124
915123074
9151229241
915122014
9151215429
91512046juan
9151196515
91511829
915118068
91511794
9151174
9151164
915115894
91511397damaris
915113001
9151126123
9151117
9151114
9151111
9151108722saleh
91510986
915109
91510829
91510753
91510554
91510325
915103
9151025
9151022
9151017
91510128168689
91510108
9151008
9150ribs
9150jen
9150997
9150979
91509659
915096
915094314
91509023
915087073m
91508402
9150829
91508232hoty
9150814
91508013
91507tlf
91507979
915077791
9150744
9150720
91506xo
915067835!sofia
9150667
9150659
915064676
9150630
91506155
91506*bb
91505mc
91505andre
91505762
91505702
91505480
9150542
91505312
9150518
91505049
915049
9150484800
915048
91504623*
915042wei0630
9150414
915041
9150405001
91503992
91503502
91503331
9150316
9150310Angel
9150305
91502C
91502797
91502609
91502547
9150250
9150226
915021424
91502001
915019882
915019292
915017
915016
91501337
915012
915011
91501044
91501
9150097
9150086
9150080
9150076
915006
9150043736JIE
915003496
9150029
9150028
9150022
915001682
915000n
9150005
91500024light
915
914z05
914torres
914time
914thomas
914starr
914sieke
914saitov
914piedad
914mike
914marie
914lilsis#2
914judie
914itim
914ids
914hob
914fuego
914elmst
914east
914d15
914churchst
914candy
914bena
914baybee
914andreaa@!sta4
914aland
914aiden
914KNS
9149tl
9149cdk09
914998853
91499735
9149962
914993566
914992180
9149912
914990287
91499
914989780
91498844POM
914987806
914987
9149860
914984588
914984139
9149832
914980864
91497996
914979093
9149786
914976455
914975932
914975325
9149743m
91497190
91496daddy
914968457
914968
914966165
914965962
91496422
914962654
91496108
91496
914959544
914958389
91495804299
91495735
914956020
91495378
91495210
91494gf
914948
9149469
914946163e
9149439
914942
91494151
9149402
91493HPPCheer
91493CM
9149390
914938686
9149373
914937
9149369
914935
914934591
914932291
9149314
91493051192
9149300w0
91492914
914925993
91492414
91492355
914922505
91491mez
91491808
914916170
914915310
9149148
914913895
914911
914910600
9149090
9149085
9149081
914907274
9149020
9149016a
914900415
9148toni
9148nr
91489thop
914899
91489805
9148975411
91489623
9148953
91489479
91489211
914891631
9148906d
914890160
91488jfy
9148881
9148874
91488712
91488683271
9148863491987
914884881carla
9148840jib
91488120486
91488099
91487938
914878352
914877331
91487626
914874657
91487415
9148707
9148706
914868842
91486688
9148656
914864
9148632
914860599
91485jm
91485762
914856
914854755+f
91485382
914852556
914851092
91485101
91485014
91484j
914849905
91484869
914848
914847859
914847116
91484591
9148439
9148414
91483s
914838612
91483658
914835031
914834187
914832303361133
914831pj2
914831
9148309
91482968
91482667
9148253.
9148246
91482411
9148213
914821023
91482
91481s
91481fmf
9148186
914818331
914817
91481632
914815sk
914814910
914813852
9148136+
91481291
9148107
914808657pac
914808203
9148050
91480474
9148035
91480247
914802006
914801488
9148
9147pym
914799
91479774
914795928
9147943
914793777
914793607
91478jb
91478904
91478662
91478554
914784771
914784247
91478229
914781384
914780
9147795
914778606
914775535
914773701
914770
914769099
914767792
9147661
9147634
91476021
914758tt
9147583
914757167
914756
91475454
9147531
9147527
91475003
9147474
9147448
9147437
9147431
914741
91473vane
914737621
9147370
91473592
914734994
91473451
9147318
914730122
91472NAN5131
91472943
914728976
914727409
914726692
914725774
914724193
914722
914721329
91472
914717957
91471576
914715151
914713423
9147121
914711677
914710130
91470961235
91470805d
914706778
9147059
91470541
914701420
91470040
9146wsx
9146kay
9146blah
914697
91469526234
914691469146
914691141juana
914689788
914689
914687570
914686298
91468453
914682328
9146812
914680
914679100
914677392
9146766
9146760h
914673223
9146729
91467110
91467
914669408
914667570
91466743leo
914666
914665449
914664422
914664081
914663723
914661648CR
91466
914658281
91465714
91465519
914654666
9146537
914652740
914651930
9146513
9146500
91464812
914645325
91464392
914642935
914640990
914640679
914639095
91463706
914634e
91463455
914633747
9146313
9146305
9146295
91462820
9146274
9146259
914623810
914623774
91462299
9146207
914620
914619035
91461689
9146159
9146153
9146145903
91461370
914612544
9146122124
91461006
914609836
914608126625
914604521
9146022h
914601786
9146004
91460
9145m
91459kd
9145993
914598661
914598
91459700
9145955x
9145942f
914593659
9145916
9145912
9145908
914589
9145876
914586pbc
914586002
91458338
91458274
91458195
91458114
914579543
9145793
91457885
914577523
914577012
91457546
914575
914572
914569153
914568198
91456640
9145657082
91456446
914563
914562936
914562047
91456119
914558843
914557055
9145564
914555v
914555347
9145544
9145542
914553945
91455355
9145528413
91455027
91454923
914548500
914547271
914545900
914544795
91454479
914544
914543011
914542759
9145418
914541058
9145402
914538955
9145388
91453795
914537426filipa
9145366
914535110
914534159
91453346
91453331
914533074
914531689
914530
914529214
9145289
91452789
9145267
914526
91452514
9145251
9145246
914523550
914522
91452054
914520
914519300
914519
91451706
914515
9145138
914513145
914512
914511
9145097
9145096
91450823
91450754
914507251
9145067
9145057
914503
9145020
9145014
9145!
9144noelia
9144js
9144999
914499443
914497689
914496
914492132efuckyou
91449144
9144909e
9144896
91448766
9144872
9144862i
914484
914479859469
914477667k
914477040fcblg
91447653
914476
9144744
91447074
914470
91446870
914466645
914465834
9144646
9144644
9144632
9144615006
914461008
91445894
914458679
914458044
9144578939
91445717
914456
91445224
914451825
91445090
91444993
914448765
914447808
914445105
91444487
914444170
91444205
91444161
9144412d
91444
9144391600
914438701
914438
914437299
91443555
914435
914433569
914432946
9144322
9144312794899942
914430373
91443019lo
914428749
914425997
914424821
914424125
91442256
91442135
914420811
9144194
9144189i
9144181
914418049
9144174
914416917
9144163s
914416
91441479
9144143
9144139
914410630
91440954
914409164
914408160
9144076
914407136
914406
914405270
914403232
914402303r
914400374
9144002
9143rhevie
9143asdf
9143999999
914398938
9143968
914395757
914392a
91439268
9143924
91439087
9143881
914387744
914386685
91438598
914385598
9143824792
914381897
914379204
914377391973
914376711
91437504
914373709
9143731808
914371g
9143711236
914370804
91436906
91436860
914367486
914367
91436631
914366
91436543
91436418
914363919
91436266
91435982
9143582
914357070_pai
914355273
914353691
914353379
914352jf
9143506
914348256
91434718/////1*
914346127
914345369
91434350b2
914340952
91433973
91433875
9143386554cruz
914337989cris
914337784
91433719
914336316
9143354
914334287mae
914334
91433341
91433241
914331549
914329783
914328749
914328149
914327924
91432751
914327026
9143265794e
914324841
9143226
914321406
914320750
9143200359
9143191
914318243
914317686
914315792
914315323
91431511
914314460
9143125120
914312250fr
9143111g
91431077j
914310
9143070
9143058
914305340
914304
914303068
9143025
914301235
91430056
914300081
914300
9142rp
9142mcj
9142eq
914299471
914299
91429805
91429794
914297327
914296627
914295
914294302
9142934jzj
914293037
91429187
9142909421
914289169
9142889121
9142876
914287
914283537
914282
914281628
91428
914279654
914278084
914277078
91427639
91427500
914274
914273077
9142728
914271
914269102
9142680
9142671381303689
91426663
914266
9142657
91426412
914262357
91426124
914260500
91425j
914259517
91425903
91425629
9142552
91425318
91425292
9142522
9142519
914251706
914251006
914249a
914249176
9142488
914248
914247
914246369
91424544
91424503
914244002
9142434
914243008
9142420
914241468
91423830b
91423603
9142352
9142349
91423359
914232966
91423250
914232154
9142318
91423133
9142297
914229253
914229035
9142281
9142275477
91422624
914226178h
91422591
914225312
914223176
914222984
9142217
914220
914219871
9142186..
9142177
914214063
914213154kanina
914213030
914212a
9142125s
914212262
9142116
9142113
914210588
91421010
914208569rb
91420731
91420730
914207017
914206155
91420514
9142036
9142027
914202050
914201671
91420114
91420108
914201
914200783
91420
9141rm
9141girl
914199726
9141995.jm
9141990881
9141987
9141983
9141980m
9141975blow
9141968
9141957
914195240
914194514
91419301
91419257tando
914191477xafy
914191139
914191
91419080
9141900
9141896
9141887
914188342
914186
91418517
914182426
9141812
9141811
91417975
914177340thdahi5
914176498
914175695
9141750
914174
914173762
9141731
914172503
914171522
9141705
9141698
914169141
9141687
9141678
91416748
914167
91416653
914165391
914163980
914163061
914162066
91415944
914159079
914156737
914155972rafael
91415475
9141538
914152522
9141522
9141516798
914150843aj
91415031
91415016
9141479
914146815
914146285
914146044
914145401
914145019
914143704
914142834
91414200
9141419
914139798.11.11
914139
914138086
9141376999
914136024
91413504
9141343
914134182
91413328
914131411
9141307
91413
914129070
914127064
91412665
91412556
914124905
914124757
9141230
9141224
91412110
9141205m
914120492
91412022
91412000
9141197641
91411902031988
91411859
914117301
914116300
914115270120796
9141149
914114436
91411349
914112310
91411202
9141118
91411085
91411
91410846
914105873
9141037
9141025627
9141022
914101759
91410135
914101145
91410035u
9141
9140ECG
914099
914098221
9140974
9140963A
9140963
9140955
91409386
914093140
914093
914092307
91409140
9140906
9140884
914087979
9140864
914085575
9140847
91408460
914081872
91407rj
91407alvin
914079131
914078563
914074271
914074
91407108
9140693
914068920
914066391
914065174
914063050
914062775
9140616
914060198
91406
91405jm
914058208
914056089
914054603
9140534
914050773
9140503
91404891
914048
914047467
9140462
9140460684540
914045609
9140434
91404321
914042350
914041757
9140403
914040
914038605
9140385
91403745
914036
9140356
9140352
914034364
91403269
914032035
91402J
9140290
914028470
9140269522S
91402543
9140243
91402383286
914022307
914021581
9140208010
9140204
91401jlc
914017617
914016160
914013351
91401037
91401
91400c
91400916
914008138
914007355744878
914003819
91400321
914002559
914001586
91400063
914000087
914-0918
913yin240
913virgo
913turq3
913thegap
913squiky
913something
913rdgtp
913october01260529
913nicole1019
913model
913mifamilia
913m107l
913loes
913kjh
913kaceka
913jen
913jayhawks
913hope
913haf
913gerg
913frisco
913fmr
913faggot
913erykk
913dee
913cindy23
913bunk
913babe
913arwdr
913ana
913ale
913REVERDY
913AA
91399917
913998391
91399780
91399627
913994271
913993
91399085
91399005
91399
91398852
9139870
913985693
91398412
913980746
91398
913979915
91397961
9139785
91397783
913977
91397629
9139734
913973
913972
913971
91396pac
91396L
913969241fafe
91396754
9139660
91396516
9139636
913962807
9139612
91396001
91395la
913956784
91395504711
913954135
913954
91395219*
91394nico
91394mexeric
91394aira
91394961
91394856
9139474
913945921
9139441077
91394379cercado
91394111
9139404
91393jlg
9139394
913938
91393640
913935838
913935197
9139320
913930k
91392helen
91392J
913926925leonel
913925252889237c
913922615
91392209
913920ed
91392011k
91391g
913919
91391766
9139168
9139145
913913913
913913301
91391300
91391158
91390t
91390j
91390cg
913906323
91390404452
91390314
91390269
913901723m*
91390024
9139000
9138jctc
9138RG
91389rlv
91389858
91389783
91389464
91389399
913893
9138900
91388do
913889459
91388622
913885989
913885505
913885299
91388468
9138833
913882573
9138806
91388
91387hlc
9138787
9138785
9138775
913875pro
91387574
913875
913874752
9138740
91387193
91387
9138698
913868991160
9138676
91386540
9138651
91386398
913863132
9138622
91386
91385920
913858
9138557
91385350
9138520
9138511
9138499
91384865venegas
913848
9138472
9138466
91384645692357139
9138460m
91384483
9138441983
9138417
91384149
91383jc
913839ha
91383762
91383614
9138357
91383547
913833358
9138310493
91383024
913828960
91382773
913826
9138243
913823
91382228
913822
91382007
913819
91381784
9138160
913814131
9138122
9138109
91380E
913807920
913804148
913802331
913801
913800
9137zm
9137mj
9137joel
9137BM
91379alb
913798935
91379864
913797036
91379618
91379515
913795
913792
913791
91379003
91378bz
91378928
9137886
913786
913784265
91378322
91378246/-5
9137817
913780
913777
913775
913773921
913771129
913770
913769
9137672
913767
9137661762
913764825
91376441
9137642468
9137631
91376246
9137614
9137602
9137596
913758
91375730
91375704
91375604
913755
9137546
9137530
91375201
913749CAT
9137495
913747007
913746280
91374551
913744113
91374268
91373963
91373793
913737116
913736923
91373447
91373385
91373263
9137323
91373091
9137303
9137289
91372864
9137258
91372541
913725
913723
91372078
9137201
9137191
913718d4131528
913717865
913716643
913714173
9137131055
913711
913710364
913710067.a
91370877
913708
913707
913704
913703
913700879
9137+-+tuyyox100pre
9136titty
9136memom
9136al
913699838
913699616
9136975
913696141
9136957
913694502
9136925
91369124
91369076
9136893
91368724
9136858
9136843804
91368397
9136814922
913680352
913679250
91367676
91367637
913674
91367338yoyi
9136712
913670087
913668148
9136657kt
913664774
913663886
913661974
9136613
9136605162
91366
913658782
913657442
913655140
913654463
913653143..14bk
91365187
913651343
91365
913647913
913646017joao
913645582
91364483
913643
91364266
91364146
913640833
9136404
913639605
9136382
913636880lelika
9136367
9136357
9136334
9136323
91363170
91363005
913626505
913625219
91362462
913623
91362266*
913621
91362
91361940
91361887
913616
91361409
913614
9136128
913612
9136112473
91361005
91360pepper
91360878
9136071
913606143
91360498
9136019
913600340ff
91360
9135peanut9135
9135SL
913597155
9135969602004
9135957
91359339
913591519
9135912
913591
91359000
91358723789
9135868
913584847
913583269
9135811
91357964
9135781z
9135763a
91357570
91357509
9135735
913571258
91357024lo
91356m
91356874
913567
91356628
913564800
913564221
9135632966
91356027
91356
913559434paulo
913558698
913557871
913557135
913556533
9135520E
91355108sh
91354aarons
91354952
913548440esmeriz
913548
913545604
913545462
91354321
913541615
913541
91354017
913539773
91353708
913536811
91353629
91353475
91353397
913533410
913531792
913530877ana
91352935jordan
9135292c
9135282123
913527380
913527
91352648
913525177
913524824
913523241
91352254
913520410joao
91351987
9135189G
9135180100
91351677
913516
91351495
913514618
91351407
913513772
91351299
91351063
913508667
91350820
913507481
9135057
913505574
913504892oyagi
913504
913503363
9135015
913500
9134za27
9134meat
9134CX
9134AC
9134995
9134990
913496
913495869
9134954
91349237
913490395349
91348922
91348864
91348799
913487050
913486350
913484313
913483126
913481100
91348
9134787
913478212
913476678
9134762688
913476
9134745h
913471580
9134710
91346foot
91346773ab
913466
9134658
9134649
9134637
9134621
91346103
91346
9134587
913457526
913455
913453
9134515
913450620
91345050
913450
91344j
9134495202
9134488
913447542
9134470
913446054
913445881
913445757
913445186
913444
913441999
913440939
91343912
913438
9134363
91343396
913433511
913432911
9134301233
91342ale
913428474
91342788
913427213
91342711
913426
913425208ls
91342378
91342290
913420
913418968
9134179855
913416950
913414489
913411336
913410840
91341003
91340984
9134069999
913405064
91340414babypop
913403470
9134026
91340204
91340184
9134008
91340000
9133rant
9133cp
9133986
91339751
913397143
91339641
9133961
913396
91339234
913391kad
91339113
913390463
91338950
913388710
913386528
913385866
91338472
913382227
91338138
91338005
913378c
913378557
913375342
9133747
913373503
9133729
91337218
913371856
9133712108
913368520
9133680d
91336791
9133671
913366292
913363576
913360
913359600
913358666
91335811
9133577
913356881
913355d
913355693
913354
913353690p
913353
913352362
913351785
913350912ana
9133501250
91334jag
913349184
9133481
913347989
913346853
9133455m
9133448
9133442
9133436
913342
913340596
913339666
9133363
9133356
9133350*f
913333
913331769
913331092
913330
913329995
913328291
9133281
91332798
9133277i
913327
9133261
91332219!gerson
9133215369152038
9133210c
9133210
91331jp
91331d
91331850122
9133179
91331711
913315234
91331496teamo
91331458
91331441
913313497
9133128
91331204
91331103
91330988
913309388
91330906
913305147
913304881
91330467
913304166
9133028489
913302142
91330201
9133011mind
91330105
9132np
9132998350
9132988
9132966
91329633
913296036
913296
913295632
9132950
91329391
91329220
91329055
91328liaocuiwen
91328893
91328804
913287
913285083
9132842209284
913283800ds
9132822k
91328203
913281541
91328
9132799
9132778a
9132761
91327390
913272048
9132712
91327044
913270057
9132685798
913267820
913267
913266582696357014
913265712
91326511
9132638
91326348
913261122
91326
913258989
91325853
913257791
9132559
9132554
91325508
91325395
913252155
9132509
9132507
91325
91324990
913248136
91324738
91324668
9132458
913245
913244131
9132428
9132420
913241588
91324059
91324.o
913239
913236896
9132362
9132349
913234441
913233755
91323204
91323132
913230089
91323
913228052
913227322
913226595abcd
913226376
913226355
9132261
913225
9132244
913223683
9132230
913222820
91322231
9132212
913220
91321948
913218933
913217s
9132175
913216wsl///
913215598
91321333
91321325
9132112
9132103
913210155
91320cf
913209646
9132083203
91320760
913207135
913206185
913204541
91320366
91320186
913201516
913200v
9132001
91320
9131ma
9131lamo
9131cyiril
91319amochito
9131999
9131994b
913199350
9131990e
9131990a
91319841f
9131983
913198
9131977
9131973
9131966
9131952
913193385
9131924
91319139
9131909
9131894
91318883
913188
9131865
913185436
91318447
9131834
913182420
9131807
91318!job
9131799
9131780
9131775357
913176
913175
913172127
91317146
9131710
913169
91316785
9131664
913165
9131648
9131620s
9131611
913160307
91316
91315980
913159410
91315888
91315581
913152218
913151349
913150407
91315
9131499
9131487
91314811
91314752
9131470
9131456
9131442
9131421323
9131412s
913139702
9131377d
91313677
9131362
91313476
9131333tr
91313186
91312824
91312806
9131272
9131244
913123
9131220as
91312006
91312
9131196
913118879
913117735
913116782
9131156
9131145
91311411986117257
913113741tania
9131133
91311146
9131110
9131108
91311
91310841
9131070
91310616
91310544
9131025
913102
9131000105
9130meowes
9130UWEC
91309996
913096556
9130954
913095014
913093503
913093
91309232
9130914
913090757
91308us
91308886
913088
913084389maf
91308399
913081
9130802
91307rylan
91307lyj
9130797
913079
913077825
9130754
9130744
913074053
9130728
913070767
9130703
91306james
91306a
91306941
913066613
913065563
913064401
91306419
913062994
913060512
913060142
91305isaiah
913056964
913056338
913056101
913055572
913054ever
91305390
91305352
913052638
913052067
913052
9130516
913051
9130501
91304973
9130480
91304611
913045447
913044502
9130440
913042580f
9130413
9130410999
9130405
91304
91303f
9130365
913035223
913034556
91303396
91303172
9130316
9130311
91303028
913029919
913029629
913028
913027091
913026955
91302524
913024
913023039
91302285
913021952
913021296
913021
91302055
913020
913019
913017105
91301682
913014ark
9130130
913012412
913012
913010594
91300jlt
91300897
9130073
91300363
913003
9130029
91300206
91300000
9130-jona
913-9007
913$cha
912yati
912wash
912todd15
912south
912sick0s0
912savage
912rockyou
912rime
912ozaeta
912oak
912neil
912move
912moh
912maple
912m16
912love
912king
912kathi
912jmp
912imapimp
912honeyb
912hkbp
912headdog
912googleyes
912gaboi
912elephant*
912ea15555
912dyme
912dodgeman
912dhm
912desi
912dem
912damn
912craze4u
912civic
912casper
912bookie
912bloodytoombs!
912bb7c5f921z
912atltown
912alton
912Lnjk
912KEKE
912Girl
912Deathstars
912AE279*
9129panupong
9129ang
912999658
912999113
9129987r
91299797
9129968pelota
9129952
912994243
912993934
9129926
912992253
91299205
912991
912990
91298t
91298963
912985958
9129845
912983919
91298310
91298206j
91298144
9129810
91297mps
91297925
9129777448
912976k
912976212
912975888
9129754
912975
912973509.
912973125
912972527
912970718
912970419
912969034
9129685
912966456
91296443
91296414
912963217
912961471eu18
91296012machin-
91295r
912959478
9129592
912958609
912957661
9129572
9129548
912953693
9129534
912953
91295226
9129503
91294vic
91294eli
91294982
91294801
9129478
9129467513
912944Ak
912943d
9129437
9129424
912940
91293joey
912939619
912937
912936842
912936479
9129357
912935615
9129339
91293225
91293115
912930819
91292mel
91292900
912926
912925670
912924A
91292410
9129237
912923
9129223
91292123456789
91292028
91291ac
91291911
912918818
912917135
9129167
9129162
912916
91291434632
9129134
912912kl
912912912
912912575
9129123
9129115
9129114
91291069
912910536
91290eg
91290bigjumpo
91290@94600
912907987
91290744
912906431
912905978
9129054
912904537
912903841
91290350
912900ann
912900075
91290000
9128texas
9128pedro328jesu
9128jd
9128da
9128bb
91289utd
91289luc
91289989
9128990
912898
912897523
91289687jy
91289456
9128924
912891n
912891
912890669
91288g
912889712
9128893
91288886500
9128878
91288714
912886p
91288666
91288416
91288203
9128812
912880793
91287973
912878473
912878238
9128776964
912876
9128747
9128736852
912873249
9128717716
91287064
912870505
912869541
912867
91286646
9128652
912865
912862877
9128614
9128613
912860
91285h
9128599
912859242
91285850
912856345
912856
9128550
91285361
9128523268
912852068
91284mari
912849303
912848
91284678
912845412+rute
912845123
9128444
912844
91284288
91284183
912841301
91284084
9128403
91283976
912839
912837676
912836920
91283666
912836142
912835603
9128338006
912831msn
912831
91282999
912829
9128289
91282786
91282727
9128264
9128256
912824510
91282271
9128219
9128213
912820302
91281K
91281985
9128186
912816852
91281660
9128153may
91281356
91281279
91281223
912811713
912810497
912810026
91280977
912808156vssl
912807156
912805679
912804969elo
9128049
912803268
912802251
91280212
91280126
9128007faina
912800
9127yloveyou
9127tav
9127anya
912797910
912797545
91279717
91279627
91279485
912792aao
9127918
912791279
91279
9127896
912787260
9127865
9127851
912783696
912782801
9127824
91278202
91278163
91278039
91277erik
912779328
912779
91277849
9127781
912777762
912775455
9127747
912774245
91277359
9127723
9127722
9127719640136061
91276n
91276930
91276890
912768148
9127679053509
91276616
912765061678
912761415
91275919
912758400
9127580778
9127576
9127564
9127554
912753zx
912753131
9127526
912752
9127516
912751439
91275
91274906
9127481
912747001
912746095
9127451e
9127428
912741792
912740984
912740688
912740087
91273956
91273861
9127381
912737310
912737
912735846
9127348
912734203
912734
91273272xxa
912731
912730
91272886
912728
912727405
91272725
912726677
91272543
912724857
9127243a
912724306
912722616
91272197
912721362
9127208
91272
9127187484
912716201cristovao
91271426denise94
9127130
912712677
912712
9127119
9127109144
912710
912707184
912706895cogoid
912706557
912706126
912706
91270408
9127032
912702257
9127020
912701840
9127011
91270021
9126skycb7
9126rockyou
9126nvm
9126hasg96
9126catracha
912698945
9126975
912695406
912694669
9126938
91269282
912692505
912692
912691
91268roedersheim
91268913
9126887
9126874d
912686589
9126860
912684759
9126832
912683
9126823
9126815491815
912681079
912680582
91267872
9126780
912676008
9126751
91267469
912674338
9126736022
9126726093
9126722
912670
91266995
912668888
9126675
912666717
912666626
912665736
91266374
912663
912661476
9126607
912660678
9126600
91265951
9126587
912657958
9126559600
912654541
91265382
912653
91265120
91264973
9126491
912648958
912648364
91264751
912646805
912645532
912645244
912643677
91264312
91264230
91264023diana
91263s
91263925
9126370
912636
9126357
912634981
9126340
912631798
9126308669269498
912630331v
912629659
912628654321001
912626976
91262665
912626170
912626
912625338
912624076
912623543
91262205
91262022
91261990
9126184
912616352
912615382
912615
9126144
912614
9126131
9126129
9126125
91261234
912612
9126111+64
91261
9126085534
912607989
912607
912605507
912605169316247
912603944
912601782
91260108
9126001
9125meaosms
9125cet
9125969987
91259321
912592935
912591996
912591
91258837ro
912588266
9125869
9125844
9125839
912583271
91258278
91258157
91258067
91257648
912574269
9125729
91257048
91257
912567v
9125669
9125660
91256424
912563716
9125628
91256203
912561459
9125607
91256011
91255783
912555467
91255503
912554
91255276
9125516
9125506551
91254868
9125482
9125464
91254482
912544460
912543678
9125414
9125407
91253959
912539454
91253895
9125381211952
91253779
91253511
912534jan
91253478
91253327122533
91253234
91253022
912529212
912528698
91252656
9125260433
912525LK
912525547
912525
91252415
91252362
9125233
91252199481923
912518223666333
912518
91251692
912515
9125142
9125131
912512420
91251141
91251114
912511
91251
912509
9125073452
91250533
912503
91250285
91250206
91250106
912500609
91250008
9124zakk
9124karen
9124gem
9124c3
91249967
9124984
91249552
91249461
9124940yanto
91249399
912493
91249127teamo
9124900
912489
9124878
912486
912484322
91248397
9124831
912482354
91248202
91248084
91248048
91247l1689
9124788
91247832
91247732
9124769
91247308
912471084
912470007
91246946
912467747
912466399
91246520
912463jvj
912463452
91246212
9124610
91246018
912458
91245780
912457647texuguinha
912456206
912455399
912453800
912452875
9124520
91245141
912451162
9124503s
91244d
912449278_VERA
9124480
912447926
9124467
91244659
91244598
912445
91244379
91244271
9124421
912441495
91243960
912438994
9124365
9124359
912435
912433740
9124327
91243124
912430409
912429382
912428703
912427815
912426550
912426170
912424
912423561
9124234
912422632
912421936
91242030
9124195
912418788
91241739
9124169
91241604
9124156
91241478
91241389
912412925
91241234
912411m
912410juan
91241013
9124100
912408831
912408703
912408190
9124068
912406309galp
9124038
912402810
91240209
9124019
912400659
9123krik
9123iiioiiii
9123checin
9123987
912396363
912394423
9123937
91239119
912390557
912390
912389792
912389
912388293tel
9123881
91238656
91238542
912384265
91238302
912382
91238181882
9123816
912380420
9123799144
912378t
912378626
91237728
912376876
912376
912374409
91237373
912373
912371006
912370634
9123705
91237000654d
91236969
912368614
912368
912366544
91236647
912365783
91236451334
9123634
91236202g
912361482
91236113
912361007
912360521
9123602
91235p
9123595
91235926
912358419
91235763
912357
9123559
912355226
912355040
91235447
9123529
91235220
9123518
9123515
91235
91234a
912347sb
91234706
912346366026
9123460
912345678TL
912345.q0
912343630
912342903
91234204
912341070
91234023
91234001
91233961
912338304
912338051
912337679
912335956
912335760
912335015a
9123344
912334
912333465
91233285
91233224
912332149
9123317J
9123316
91233124
9123306
912328662
91232783
9123262
9123252
912324224
912324
912322947
912322730af
91232222
912320773
912320343
912320
9123188
912317803
91231725
912316363
9123145
912313310
912312856
912312422
9123122
912311jj
912311519
91231138
912310355
9123100068
91231
912309177
912308mmonge
91230793
912306326964666172
912306
9123044
91230412
912303
9123029
91230256
912301855
91230129
91230032
9123.4560
9122f90081022262
912299
9122986
912297991
91229670
912295483
9122949t
9122944
912293954
91229280
91229157
912290853
91229023
91228989
912289107
9122884
912288
91228720
912286922
912286
9122858432
9122851182
912284161
9122836622
912282740
9122812
91228095
9122798
9122796
91227922
9122787
91227731
91227618
9122754
912275275
91227503
912274
9122730
9122727416
912272081
91227104
9122700250
912268882
91226850
912267
9122666
912265
912263593
912262613
9122612
9122604
9122578095
9122571i
91225520
9122550
91225462
9122540666555mek
9122539
9122534
9122531
9122530
91225289
912252517
912252320
912251919
9122512
9122482
912246575
912246
91224444
91224114415145
91224024
91224
912239383
91223678
912236
912235615
9122345
912234046
9122335608
912233159
912232521
9122319
9122316
9122314
912228
912225211
912224519amotemuito
9122244
912224
9122219
91222024
9122202
91221995
91221986
912219215675
9122180
912217807
912216596
912216
91221575
91221365
912212739
912212221
912211094
9122109
91221
91220917
912208573@
91220817
91220721035
912206593
9122051b
91220464
912202emcloveaxa
9122026
91220195
91220111
912200442
9122002
912200
9121t
9121les
9121jd
9121dyr
9121cmc
91219a
912199B
9121999
912199778
912199412
91219932301
91219923
91219912481988
9121989e
912198896honda
91219860
9121982b
9121978a
9121972
9121971
912196858
9121965
91219629
9121950
91219453
91219439
912193889
912193356
9121920nasg304
9121919
912191
912190516
912190
91218819
912188
91218747
91218629zein
912185767
9121851c
912184022
912183129
91218303
91218240
912180900
91218034
91217net
9121777
91217570
9121743
91217289
91217223
9121716
91216mmd
9121687
912167k
912167856
912166592
9121660
912162022
9121619
91216103c
912161
91216
912159904
912159
91215826
91215784
912156882
912156825
91215619
912155759
912154528
91215409
912153489
9121530
91215236t
91215225pac2
91215225c
91215225619208
91215225193152020
91215222
9121521580.*
912151728
912151420
91215011
9121500
91214989
9121492
9121485
9121476
91214671
912146429
91214585
9121454
9121445d
9121444
9121435
912143
9121426
91214201306
912141718.
91214
912139995
91213776
912137157
912136jim
9121368
912136095
9121357
9121354p
912134412
91213353_HJWKVTVQDYICGTI
9121330
912132171
912132
91213033
91213!
912129cc
912129
9121288
912126523
912126
912124319
912123572
91212256
912121cc
912121705
912121575
912121282
912120892
91211989
912119
9121179
912115621
9121152st
9121151
91211483357
912114063
91211375458
912113030
912112559
912112128
912111470
9121110
91211066
9121102
91210z
91210g
91210a
91210Fm
9121090001
912108828
91210856
912107407
9121069
912105930
91210546
912105283
912104bt
9121038
91210342
912102496
912102201
912102030
912101715
912100709
9121001258827
9121-45
9120pin
9120jeff
912099959
91209890
912098
91209703
912096288
912094805
9120934
91209318
91209151
912091
9120909
91209040a
912090
9120894
912087883
912087
912084994
912083583
91208164
9120809
912080000
91207999
9120793
91207905
9120780
912077645
9120774
91207594520
91207513
91207360
91207151
91207041
91206979
912069001
912068
91206714
91206699
91206605
9120652
91206310
91206243
912062
912061118
91206069
91206010
91205jaw
91205978
912057379
9120564
9120553
912053
912052327
912051770
9120512
912050763
9120504
912050015
9120497
9120489
91204816
912047690
91204713
91204656
91204575
91204463
912044
91204314
912042920
912041548
91204125
91204040
912039857
912039712
912039
912038
91203739
912036668balao
9120364
912036135
912035shar
91203553
9120346toya
912033906
91203336
9120327
9120316
91203131986
9120300
91202806
912027647
9120274
912026098
91202534
9120251D
9120249
91202400
91202250
9120219
912020392
91201k
91201cpa
91201910
9120171
912016490
9120161
91201549
91201514
91201406
91201367
912013
91201269
91201200
912010cielito
9120100
91200kika2874
91200924
912007steveniver
91200782
9120073
91200600
91200538
9120042
9120036
91200328
91200268
91200210
912001394
912001269
91200102
912001
91200096
91200012
9120
912-santos
912 ebenezer
911zoo5
911yodaboy
911ym
911yayarea
911ww2
911whore
911wassad
911valu
911usuck
911usapolice
911ufukoff
911tylzer
911twister911
911turbos
911tueresmivida
911trey
911toast
911tink
911tick
911teeney
911taylor
911taco
911sweetie
911swatpromember
911surgery
911summer
911su30mk
911speedy31
911sparky
911sosriihana
911sooners
911siaokiaa911
911shelton
911sexyalert
911sextalk
911sex911
911seqiwrm
911secret/o
911scc
911sav3th3w0rld
911sam!!!
911saga
911s911s
911s46787
911rue
911rose
911roppongi
911rofl
911rider
911revolucion
911rev
911redhot
911rcep
911ram
911quebvitasz
911qif
911puchaepal
911psi
911pruett
911porsche
911pop
911poop
911please
911pimp
911peach
911pb276th
911pap
911ozzie
911operator
911onmel
911offical
911o911k
911nwrtc
911nskulls
911notagain
911nix
911neco
911nails
911n911
911mystuff
911moot
911monkey
911mommy
911mofo
911mll
911min3015
911memo
911melon
911med
911mayday
911marine
911mar
911mandown!
911mami1
911macadmi
911lyra
911luke
911lovestation
911lotto
911loser
911lny
911lilmizqt!
911lex
911krystal
911kofi
911kittie
911king5
911keller
911kboli
911katrox
911kat2767211-
911jzg2
911jupjang
911jta
911joy
911jonas
911joaug
911jimmy
911jesusloveme
911jdogg
911jamaya
911ishott
911isajoke
911iowagirl
911iluvu
911iaa
911hotstuff
911hotie
911homebur
911hero
911heaven
911gunit
911gt3rs
911green
911gogo1167
911girls
911garra
911gal
911gabby
911fu911
911forpeace
911fevernova
911fatty
911fam
911faith
911ers
911erkin
911eoc
911enero
911emt4u
911emergencia911
911emer
911edwin
911dsy
911dork
911donovan
911dj34
911dick
911demond
911dell
911dearbhla
911data
911dancer
911cv1
911crazi
911cows
911cowgirl
911cool
911collyWOBBLE
911cmr
911ck212728
911chick
911chevy
911cer
911ceezgrove
911carohi
911cara
911caprice
911cancun
911callit
911cab
911bullets
911bsv
911brian
911brat
911br15
911boy
911book
911bombing
911boi
911bms666
911blade
911bew1
911beer2party
911bebo112
911base
911bamabelle
911bagurl
911b42l8
911at911
911ass
911ashley
911aol
911allstar
911alert
911ajs
911ahs
911aeps
911adb
911ac/dc
911abc
911Vjbny08
911Soljah
911SAM
911Ranger
911Pirates
911POLICE
911Makoto
911MCC
911LUV
911Kent
911JUSTIN
911God
911GT3
911CALL
911BOY24
911AV'M
911=popo
9119mimi
9119jaguar
9119dbl
9119aw
91199994
91199991
9119998
91199939
91199909
911997902
911996si
91199616
911995cl
911995_95
911994rani
9119945
91199399
911993237
911992717
91199200
9119919
9119913nil@
911991199119
9119910973
9119909606
911990546
91198n
9119897
911988188
91198816
911987tnm
91198772
91198713
9119864
91198620
911984442
91198338
911982799
91198228
9119818
91198147
91198118
911980133
91198
91197kk
911979793
9119793293
9119788667673
91197745
911977
911975889573
91197476
911973moon
911973600
911971o
91197128
91196xxx
91196c
911969glgl
91196944
9119688
911967n
91196775
911967
91196587
91196460
9119643
911963
9119624
91196139
91196104c
91195sara
91195ika
911959098
91195853
91195775
91195599
91195457
911953898
911951545
911951
911950
91194sangreyvida
91194hm123
91194955
91194689
911945
911942aa
91194227
91194088
911940713
91193m
91193LUV
911939884
911939299
91193845
911936
911934bl
911933498
911931
911930893
91192em
91192cheryl
91192DAVID
91192907
91192724
9119237
9119223
91192204
9119210
9119202
91191maf
91191kc
91191b
91191N
91191970
9119196
91191937
91191845
911917331
9119158
9119157
91191481
911912625
9119125
911911vic
911911rt
911911ok
911911j
911911eeincp
911911asdd
911911919
91191191
91191158
911911265
9119111
911911.
9119105
911910
91190s
91190female
91190972
91190910
91190903
9119083
91190654
911905026
9119034
91190221
911901j
91190163
91190111
91190090
911900422
9118jr
9118f
9118casino
91189virgo
91189me
91189kayley
91189898
9118989
9118944
91189320
91189224
9118902
91188k
91188jlo
9118890236
91188766
91188558
911884rr
911884
91188207
911881
9118800
91187magda
91187hel
91187755
91187366
911873
9118723
91187170
91187010
9118700
91186k
91186962960022653532585
9118688
911864
91186288
9118621
91186080
91185pgm
911858
91185747
91185547
911855
91185386
911853434
911853
9118513
91185011984
91184tink
91184597
91184458
91184343
91184248
9118416
911840
911836
9118353
911833793
9118309
911829
91182855
9118281
9118273
91182602
911825
911824
911823188
911823
911822
9118212
91181x
91181WHAT
911819
911818
91181565
91181463
911812fa
911812
91181150
91180virgo
9118083
91180643
9118053
911804
91180307
91180219
911800
9117sw147ct
9117ksg
9117jr
9117apc
9117990
9117981
91179511
911794
911791
91179
911789456123
91178895jmo
91178834
911785tjl
91178523
911784mo
91178414
9117827
911780
91177773
91177768
911777501
9117756628103
91177119
91177037
91176sf
91176820
91176560
911764911127
9117634
91176308
9117620
91176037
9117601
91175735
9117556
911753
9117523j
9117511
91174poy
91174692
911746
91174509
911744098
9117429
911742
9117416
911740
9117380
91173639
91173219
91173202josy
911730
91172918
911727mdf
9117261
91172546
9117237
9117230
91172251
91172075
911720
911718
911717
911714650
91171415
91171313
911712andres
91171213
911711NET
91171031
91170883
911708
91170546
91170369
911703
9117021m
911702
91170119
911700irin
9117
9116j
91169amtzl
9116994
91169622
911695
9116949
91169191
91168virgo
911688
9116864
9116854sam
91168381
911683
91168025
9116779
91167464
91167098
91167
9116691
91166689
91166447
911664
91166193
91166110
91165766
91165551
91165295
91165220070071
91165177
911650naki
91164978
91164752
911645.2011
91164483
911642
91163853
911637
9116353
911634
91163275
91162944619
9116287
91162421
91162398
91162320
911623
91162145
91162096
91161cp
9116190ABC
91161803
9116170
91161653
911616
911615
91161347
91161202z
91161196
91161154
9116112
91161
911606
9116058
91160410
91160188
91160062
91160016367
9116-29265
9115marv
9115klw
9115jr
9115green
9115aa
91159ofr1
9115981
9115964
91159512
91159480
91159238
911591152536
91158918
91158899
9115872
911586
9115845j
9115835
91158241
9115804
91158
91157jmh
91157951
91157863
9115765492899415
91157450
91157355
91157263
9115713
91156840
911565973
911565
91156444
911562636m
9115622
9115602
91156
91155838
91155643
9115554
91155446
91155263
91155126
9115510
9115475g
91154630
9115456
9115437
911543
91154204
911540
9115395
9115355
9115312163
9115293
911526
91152501
91152256
91152151cel
9115208
9115180
91151747
9115161
9115151
9115150
91151423
9115141
911511finna
9115114
911511234874
911511
91150853
9115079
911505ALEXA
91150410
9115033
911503
91150208
9115
9114tiger
9114mja
9114meli
9114luv
9114iyonk
9114god
911498204
91149715
9114961
91149596
9114951
9114938
9114933
911492
911491
91148701
91148580
91148535
911484
9114819
91148094
911479
911478
9114765
91147498
9114745254
91147
9114694k
911469
911468
91146607
911465
9114641
9114608
91146001
9114592
911458
91145640
9114548
911454
91145172
911450
9114490
9114444
91144221
9114400
9114381550P
9114344
91143350
91143251
91143200
911430
9114296
91142880
9114277
91142699
91142528
9114243
91142289k
91142202
9114216
911421
911420bk
91142013
911419
911415
91141281
911412181
91141208bb
911411m
911411711
91141128619868
91141051
91141020
91141
911409
91140766
9114064sax
9114050
911402
9114014
9114.patricia
9113se
9113moreland
9113elemento
9113abigail
91139957
91139659
9113951
9113930
91139114
9113909
91139
911387
9113863
91138286
91138256
9113804
91137828
91137766
9113760r
911375273009
9113743
91137316745
91137074
911370
9113691136
9113674
9113666
91136567
9113650c
91136486
91136226
9113615518
911360866756572
911360
91135977
9113577
9113566
91135541
9113548
9113533
91135211
911347998hector
91134686
911345ma
91134574
91134545
911345
9113435
9113419
91134078
91133906
911337gg
91133670
91133616
911333666
911332547
91132win
9113290
91132615
9113258
91132554
91132465
9113233
911323
91132249
91132201c
91132132532
911320838602826
91132002
91131a
9113170
9113163
9113136662
9113131
91131014334286
911308
911307
9113051
91130492
9113040817
91130226
9113016103
91130
9112winter
9112shaina
9112noka
9112ml
9112llan
9112jhon
9112gg
9112ck
9112asb
9112TENTA
9112987
91129715
9112964150
911295569
91129312
9112926930
91129193
91129134
9112907
91129
91128825
9112865f
911286
91128360
91128179
91127798
911276
91127540
9112743
9112733
91127263654
9112719427
91127115
911271
9112699
9112682
91126710
9112663
9112646
91126406
9112632
911261666
911261
91126000
91125damedev
9112599
9112594177
9112577c
9112564
91125609
9112548
9112535
9112532one
911253
91125266
91125245
91125216
911252
9112518
9112515
9112513
911250788034
91125001
9112490
9112468619
9112459i
91124564
91124516
9112436
91124166
91124000
91123904
9112369
91123566
91123465180
91123456
911233t
9112330
91123171
91123150223
911231015486
911230d
9112306493
911230135638
9112300750
911230016006
911229boyz
911229aao
91122976101
91122957034
91122953772
91122945
911229075017
911229035189
9112288meiu
91122861550
9112282628262
91122808969
911228035937
911228-6731941
91122758490
91122754591KAJUBABE
91122738
91122729821
91122723110
911227106473
91122706
91122663
9112261991
91122613238
911226085439
91122602988
911225rosalidia
91122578734
91122557591juli
91122556
91122528241122527
91122512
911225086560
91122508
91122503785
911224z
9112249322
911224146533
91122400331
911223y
9112239
91122362502
91122354747g
91122350890
9112231610
91122313145
9112230508
911222ns
91122271140DELEO
91122262389
9112225045
911222222
911222125595
911222015521
91122124172
9112211121
911221075223
911221025373
91122067278
91122051370
91122021543
911220105988
91122002727
911220015472
91122000
9112198
91121911804
911219103361312
91121905464
91121903763camilo
91121900730
911218mdfzrl
9112188
91121812075
91121802576
91121801456
911217udi
911217DERUMBA
9112176107m
9112175
9112171557621140
91121714
91121707212
91121700420
911216j
91121636
9112161185101234
91121604618
91121601090l
911215581
91121551301
91121506
9112150
911214huda
9112144
91121406425
911214026341
91121400869
9112137
91121355600
91121354255
91121346
9112125
911212155029
91121213384
91121210083
91121203
91121202552
9112119445
9112117m
9112112
911211146809
91121110881
9112111
91121103368
9112110
911210mrg
911210MSNAYRB1YRAMOD2
91121078959
91121077278bebe
91121057730
91121023
911210135243
911210115875
91121010609
9112101055627851
911210035381
911210-08-5303
911209yana
91120992
91120965420
91120956766
91120955085
91120915
91120912718
911209115261
911209075239
9112088
9112086261
91120851301
9112080353
91120789
91120764
91120752257
91120726
911207115049
911207085097
91120703787
91120694
91120668
91120656045
9112058wify
91120563888
9112056
911205135994
911205055441
91120501912
91120476985
91120461
9112042
911204135685
9112036437
91120355380YING
91120326290
911203085137
91120305510
91120305110
91120273057
91120214
91120207240
9112020507
911202025669
9112019
91120176825
91120167
91120158592
91120152039
91120151
911201305
911201075146
9112004new
9112004barbie
9112001z
9112001s
911200111
91120000
9111cd
9111aj
9111JIPJ
91119996
9111998
9111994yani
9111993moon
9111992hwhmo
9111991a
9111990_mn
9111988.
911198788
91119851986
9111984pz
911198098
91119770
9111975mm
911197269
9111967
91119660
9111963
9111962
9111957
9111952
91119438
9111922
91119112s91119112s
9111911
91118e
911189
911188
91118697
9111856
911184475
9111826cc
9111749
91117438
911172
911171831
91117074
911169940
91116963
9111687
91116800
9111671
9111642
9111632325243
91116258
9111619
91116023
91115st
911159174diogo
91115861
91115779
91115446
9111537
91115215829634
9111516783
911150
911149824111
911147
911145
9111431
91114167
911138
91113767
9111327
911132630
911132
911131
911130045352
91113003
91112timmy
911129644
9111294
911129065348
911129035421
91112900891
911129-01-5092
91112814
911128115139
91112803837
911127ig
911127910822
91112708
91112705118
911126ct
91112658934
91112632
91112610
91112522439
911125135628
91112509270
911125055425
91112501768
911124135992
911124085657
91112402689
911123886
911123335
91112311306
911123095036
91112303990
91112302323
911122nabila
9111228
91112264
91112255155
911122325
9111221
91112204348
9111220
911121asl
9111215684
9111214
91112116
911121125705
91112104521
911120valery
91112062900
911120499lool
91112016
91112007631
91111jf
911119jy
911119a
911119664
91111956052
91111950178
911119145846
911119045204
91111856368
911118115020
91111808436
911118016815
911117jl)
9111179
91111758117
911117125841
9111170750
911116sbbs
91111665716
91111652711
911116**james
91111553349
911115408
911115145128
91111471156
91111453956
911114145986
91111406389
911113betsabe
9111139111
911113577
91111355245
91111322576
911113125
91111304314
911112aixa
91111255240
91111225872
9111121436
91111212
911111hb
911111a
91111156978puert
9111114188689
911111246
91111111
91111106105
911110barrosolau
91111059638
91111056728
91111031
911110075415
911110065508
911110016829
91110dam
9111096
911109105859
91110904873
911108ling
911108613
911108146333
911108126383
911108085200
911108055255
911108025742
91110802
91110792
91110758958
911107135624
911107086543
911107065216
91110703720
91110652688
911106145097
911106075519
911105902705ryj
911105145618
911105086259
91110504328
911105-12029
911104877
91110427447
91110410870
91110406148
9111040
91110356191
91110327566
911103125752
911103086183
91110306984
91110304027
91110302024
911102xz
911102jjpp
9111024452
91110227383
911102105725
911102085015
911102055430
91110203
9111020
91110191
91110152944
9111014
91110101
9110tm
9110nz
9110mel
9110liz
9110ken
9110aur
9110NIYIRETH
91109ab
91109792
9110969
911095
911094
911092400
91109129
911090767
91109
91108bubbles
911088
9110875
91108658
911083414
9110828
91108210
911081
911080367fvm
91108
911077j
911077
91107465
911074328
911073252
9110722
911071
9110701
91106nr
911069
911068
911066176
91106500
911064021
9110621
911060
91105ILUVMARISSA
911058
911057
911056774
91105510
911054879
91105478
91105410
9110532
911052658
911051757
91104porgy
91104alonna
91104891
911048830
9110484
9110480
911046582
9110462
911045738
9110446
91104338900
9110428
9110409
91103pc
911038
91103700
91103666yary
911036227
911035094
9110338
9110331
9110321
911032
91103177923
91103159151
91103156888
91103150
911031085893
911030fh
91103050834_cami
911030456
9110301793
911030145858
9110301
91103004387
91103001
91102p
911029muki9
91102908
91102906352
91102871087
91102831
9110282
91102811793
91102806412
911028035430
91102758302
9110275319
91102717
91102709930
91102708275
911027016684
9110269PAKAVASI
91102628336
911026105933
911026085055
911026035955
9110260151
9110255289
91102551740
91102531
91102513
91102507
91102504416
911025015143
911024swarnam
911024ashley
91102476510
91102452
911024105454
911024075240
911024015715
911023771980
91102353612
91102326
911023126392
91102303860
91102279323
91102215437
911022055262
911021thmsam
91102161055
91102157198
91102118
911021105811
91102088
91102060844
91102045
911020102091
911020065096
91102004430lukre
91101e
9110195812
91101954760
9110192853
91101912
9110191012
91101907959
911018nak
91101862063jota
91101851627
91101827092
911018105490
911018075084
91101716
91101713
91101711206
91101705434
91101703350
91101700
91101614790
911016086230
911016065173
911015613
91101557737
91101557311
91101551038cj
9110151724
911015085527
91101507128
91101504048
911014hj!!
911014693
91101456329
91101416
9110141023
91101407379
91101403870
9110137
911013145514
91101303310
911012rhp
911012ma
91101271cel
9110123
911012135656
911012105553
91101210443
911012075278
91101205784
91101200588
911011kaianae
9110119
9110116791
91101163887
911011589
911011385k
911011254
9110111319
91101108193
911011015150
911010rq
9110104
91101028661
91101012994
91101008601
91101007748
911010035512
91100b
9110095721
91100924744
911008a
9110084037
9110083
91100811460
911007a
9110075310
91100728929
91100725
91100717
91100712585juan
911007106199
911007085316f
911007045285
9110070162146214
9110067emo
91100666
91100658130
91100652191
91100639
9110062
9110060209
911005601
911005592
911005105600
911005085021
91100502
9110050
9110047
91100428879
91100425055
9110041711
911004125597
91100411950
91100411062
9110040850
91100403620
9110033
911003146046
911003135152
911003065211
91100304185
911002815
9110026612087
9110025285
9110024q
9110024o
9110024m
9110024d
9110024C
911002145o
91100210
91100207210.
911001858592
9110017396807672
91100162267
91100158537lncv
91100151354
91100119
911001026
9110010147216
911000911
91100036
911000007power
911.com
911-babe
911-6611-zico-mm
911*ss$f
911 turbo
910yaknow
910wqq9190
910verret
910timberlake
910swebster
910sophea
910shortii
910ryn
910raeford
910purple
910pmas
910phxvw8
910oak
910nibejaadby
910mome
910llkr
910krioam
910justice
910john
910inad
910hen
910green
910gcc
910fiaa
910emmalouise
910drummer
910cuteasian
910cody
910carsks
910boy
910ben1986
910bear
910annst
910abaga
910Soccer7
910Coach
910AIDEN
9109claudia
910999208
9109959851
91099496
91099452
91099321
91099203
910991099109
91098939
91098612
91098594
9109836
9109815
9109807
91098045
91097angel
9109797
9109781
9109771
91097424
91097387
9109718
91096hottie
9109664
9109637547
91096333
91096249
9109600361
910957
910956
910954
9109535
9109532652
91095257790
9109516
9109514
91094helena
91094422
9109429
910940900355
91093laurilla
91093a
9109383668
9109372934
9109328345
910930r
91093067962
9109305485
91093018
91093000
91092kenpo
91092c
910929shaka
9109296
910929145931
910929105323
910929045180
91092900326
910928seingerman
91092853450
91092828
9109281814015
91092812427
91092807865
91092772
91092733900
91092713771
91092712953
91092711531
910927035085
91092701757dani
910926@520
91092628898
91092612916
910926086403
91092606746
91092601213
910925emo
91092556447
91092522836
910925125829
91092505931
91092500395
910924amor
91092453672
91092425
910924085765
910924025439
91092350873
910923126027
91092312181
910923087023
91092300183
910922bryan
910922635470
91092252200
9109222728
91092213310LI
910922075977
910922065285
9109215100
91092117FA
91092107499
91092104031maria
91092101132
910920Dani50101
910920882
91092063670
91092055480
91092053151
9109202
91092011
91091m
910919loveyou
91091931694
910919115579
910919065698
91091905
91091901
910918@d
9109185
91091812393
91091808515
9109180589
910918-11648
910917197552049
910917126549
910917115110
91091706097
910916nana
91091680
9109164580
91091581383
91091559019
91091558322
91091551
910915055185
91091464026
91091452842
910914086165
910914065509
91091404
910913r
91091314
910913125506
91091308482
91091304584
910912z
91091258892
91091252258
9109124
91091212787
91091201
910911w
9109111062802004
910911055188
910910cats
910910910910
910910669
910910277
91091015337
910910125551
91091009272
910910037*a
91090m
91090cm
91090bm
910909784
9109095
910909126055
91090909
91090907684
910909015208
91090863512
91090855935
9109085
91090814
910908136120
910908035768
91090800340559
91090708193
91090705747
91090703590
910906ccolque
910906290
910906105080
910906075635
91090603472
91090529388
91090518742
910905145187
91090511160
91090507015
91090491
91090411514
910904045088
910904025386
9109036156
910903378
91090327548
91090313555
910903075541
910903065714
910902fun
910902565
91090250308
9109021167100
91090205850
910901723000
91090168334
910901136371
910901035589
910900914
910900
9109
9108na
9108fn
9108cth
9108992692
9108967
9108959260
9108941
9108933768
910892101877
9108912
9108905027
9108898
9108891088
910888
91088769
910886
9108845351W
9108837
91088150
910880
91087isa
91087911
910877
9108766858
9108754
91087341
910872417449
9108719
91087*
91086dd
91086961
91086714
910866
91086466
91086397
9108620248
91086134
91085ka
9108584025
91085686
9108532
910852
9108503
91084fj
910846
9108444
9108439125
9108423
910841781004
9108411691
910839
9108372337
910835
9108345
9108329402
910832674e
910831love
91083172
91083158633
91083151035luna
910831.
91083078400
91083050727
9108302266
9108301366
910830075259
91083002234
910829shah
910829avenger_
91082955378
910829145686
910829015523
91082883
91082842
91082828570
91082820731
91082813018
910828086493
91082806798
91082761603
91082753368
9108272727278
91082711916
910827***
910826719
910826145701
910826105582
91082607
91082602750
91082601a
910825laura55116
91082594
910825711
91082561523
91082550920
9108254
9108252g
910825136037
910825045207
910825016377
91082417449
910824125248
91082406030
910824017263
910823sy
91082360650
91082327504
910822xt
91082260957
91082252890
91082251800
9108221
9108220
91082160332
91082153930
91082151937
91082130344
910821136507
91082101468
91082066123
9108205
91082026
910820145268
910820085242
91082004799maca
91082
910819136436
910819105525
91081906136
91081901053
91081900154
9108189370
91081856139
91081820
910817suvda
910817671960
91081757
910817125012yee
910817105257
910817085067
9108170029088
9108165054
91081619
910816126128
910816086461
91081607
91081602
9108160
910815fuad
91081575814
91081563506
91081558588
91081556046
91081552466
910815045537
91081469186
91081459261
9108142501
910814136496
910814085991
910814077
910813ha
91081353730
910813015895
910812_zi
9108125
91081225559
910812135561
910812085103
91081166205
9108115995
91081111818
91081103211
91081102398
910811-00018
910810699
91081060120
910810127551206
910810075921
91081000412
910809930723lzx
9108095499
910809145056
91080911
91080907
910809016051
9108090
91080818
910808115015
91080805
91080802493
9108077
910807106280
91080705560
91080633
91080616
910806126247
91080609499
91080604896
91080512622
91080507
91080505570
91080501639
910805-11162
91080475999
910804105741
910804075351
91080376168
91080355896
91080352773
91080324587
9108025371
91080226360
910802125642
91080204120
910801meli
91080115321
91080114120
91080110702
9108010853511991
910801065334
910800456
9108
9107rso
9107cc
9107@29
91079894
910796namecio
9107964741
910794
910792543313
9107873
910783
91078194
9107795
91077918
9107783
910777
9107764870
91077492
91077267
9107726194
910772
910770500
91077
91076691
9107640709
91076306
910759
9107570
91075653
91075597J
91075522
9107530
910751
91075028
9107483
91074678
91074612
91074463
9107402966
910740
9107389124
910738
91073765
91073471
9107346529
91073382
9107336952
9107332
9107318
91073110551
910731075384
910730w
9107306307
91073020633
91073009834
91073006290
910730.sts
91072962
91072910864
91072907294
910729016625
910728lzl
910728d
9107287868
91072863
91072852732ntg
910728135796
91072806
9107280125
91072754943
91072727075
91072712
91072700371
910726115252
91072605221
910726025753
910726/11930
91072529265
91072506656
91072503371
91072500330
9107249113
91072456950danielazapataquintana
9107245339
91072447
9107242198
91072412422
910723yosh
91072361011GATIK
91072354768
910723075632
91072300101
91072228290
910722138646
910722106150
91072207764
91072206415
91072205
91072201
910721855029
91072145
91072111260
910721025420
910720chocolate
910720599609
91072057983
9107195159
910719155023
9107191010
91071904
91071901241
91071810858
910718065982
910718015328
91071760559
91071752610
91071707984
910717055432
9107166550
9107164957
910715e
910715135770
91071507683
91071461322
91071454644
91071410310arv
91071252170
910712126692
91071203005
910712000
910711rock
91071159510
910711145795
91071078073
91071056371
91071050330
91071014601
91071010
91071000767
9107096531
910709146684
91070911685
910709075855
910709055299
9107087070
91070864539
9107085049
91070816828
91070810465
91070804862
910707yicel
9107076242
9107075913
9107075017
91070715
91070713525
91070707352
91070704434
910706f
91070658980
910706115321
910706065854
9107059825
9107056476
910704mewe5357
91070478302
9107045461
9107042
910704105613
91070404511
9107037723
9107032
910703136784
9107031
91070308415
910703045327
91070263985fatc
91070209018
910702015219
910701h
9107015358
91070152687
91070110
9107006290
9106tony
9106smith
9106melicia16
9106kc
9106ho
9106bonita
9106ab
91069893
910697
91069472celular
91069394
9106916
91069131
910691
91069
910688
9106866
91068635
910684t
9106836330R
91068068
91068
91067836
91067620
9106750
91067312
9106721458
9106712
910669774a
910668
9106662
91066478
91066226
9106614
91066091
9106590
9106551057
910652
91064938
9106481_hindipago
91064798
9106467380
9106447198
91064209k
910642
91064035
91063804
910636sc
910636
91063542
91063458
9106341
91063150
91063062338
91063052332
9106302995
9106301234
91063005725
910630003081379
9106295448
910629135678
91062906710
910629055088
910628910f
9106285166
91062810969
91062803636
910627yi
910627146699
91062712096
91062709230
910627075405
91062704018
91062700799
910626july
91062625657
91062612733
91062610323
91062602975
91062602
91062601200L
910625868
91062522255
910625126299
91062510345
910624145455
91062408940
910624085480
9106240
91062361897
91062359213
910623145330
9106230058
91062226
91062200192
910621kiat
9106211502085714715
91062104835
91062025roberto1.10
91062014526
91062010873
91062005446
910620035443
910620016365\\\\\\\\\\\\\\\\
91062000010
910619jf
9106197
91061958580
91061900239
91061830532
91061819717mayra
91061811
91061809126
910618076019
910617789
9106175620
910617520
910617125771
91061708
910617036111
91061675634
91061658365
91061655072
910616146036
91061608
910616055193
910615950
91061531
91061525195
910615106008
91061501571
9106145354
91061410622
910614085815
91061400414
910613j
91061358809
91061316090lufe
91061312078natik
910613085194
910612ngu
91061277841
9106126125
91061252466
91061231
910612106555
910612045342
910612015012
910611289
910611145472
91061105986
91061105072E
910611045420
91061104
91061102340
910610FER
9106107
91061056722
91061046
910610115415019
910610114
91061008751
91061005
91060974450pao
91060955293burbujis
91060911342
910609075321
9106090
91060824954
91060811844
91060800338
910607ffk
91060748CLAUDIA
91060717
910607075520
91060705750
910606haz
91060654510
910606145881
91060604741
910606045223
9106058
91060538
91060512030
91060501314
910604Gf
91060459
9106045581
91060418808
91060404840
9106040308
910603a
91060350936
9106031927
91060307
91060300262
91060258401
91060207793
910601kency
9106015
91060111540
910601065276
91060043
9105pink
9105muels
9105kia
9105jess
9105diana2718
910599
910597
9105961
91059447
9105917
91059105
9105907873
910585
9105815626
9105813217
91057854
91057777
91057539
9105712201
91056696
91056575123
9105645
910564
91056299
91056
91055960
91055676
910556
91055576
910554
91055219
91055024
910548
9105466
9105461313
9105459557
91054384
9105430
910541
91054
9105399337
910539
9105372193S
910536
9105347
91053251
9105319
910531136197
9105310457
9105306
91053028875
91053013282
91053010658
91053009056
91053004836
91053002450
91052b
91052911252
91052909622
91052908197
91052904094
91052900013
9105283610
91052823450
91052813323
910528125649
91052807676
91052803972
91052802410
910527_
91052764756
9105273883
91052712
910527105507
91052608223
91052600508
9105253
910525145222
910525065257
910525055016
910524f
91052414
91052406345
9105238359
91052359
91052354159
9105231414
910523085676
91052303309
910522618
91052227211
9105221151
910522075249
91052201433
9105218
91052124196
91052112082
91052110357
91052105450
91052100092
910521-13-6775
910520dera
91052054066
910520135826
91052002830
910519rc
91051988
910519145082
91051904538
91051862401
910518135851
910518016633
9105180
910517lc
91051705446
91051702854karen
910517.
910516armandito
91051627704
91051614033paola
910516086646
91051603953
91051549176
910515126175
91051509710
91051508420
91051505358
91051501085
910514tata
91051420
91051411248
91051403679
91051401854
91051352691
91051315265
91051308803
910513045275
91051304085
91051233
91051216461
910512125396
91051205788
9105120241010.
91051169200
9105116673
91051154849xxx
9105114
910511125343
910511075577
910511025537
91051101
910510baby
9105103791214
91051017
91051011525
91051006785
9105100300
910510015249
91050972
9105095219
91050902957
910509017087
9105082688
9105082
91050808675
910508075410
910507tunaz
91050755199
91050750910
91050722
910507145114
910506clo
9105067
91050617
91050605626
91050604239
910506-05960
910505900203
91050512
91050509660
91050501+++
910504dayana
9105049
91050427175
910504145717
9105040810223m
91050406704
91050401656
910503lalalove
91050311320
910503075796
910503025270
910503-07-5788
91050280
9105027
91050262j
91050217
91050209
9105020699
910502045106
910502025439
91050162180
910501588
91050151960
91050128399
910501085480
91050106239
910501035010
91050101792
9105
9104ka
9104jade_
91049jb
910495
91049363
91049205aa
9104895
91048701
910485623
9104853041
910483p
91048121
9104786
9104769
91047600
91047504
9104740
910471
9104702
91046907
910468
9104668389
91046624
9104660939
9104649151S
9104632
9104619
91045718
910456
9104552
910453
9104529
910452
91045163
9104510
910450488
9104497
9104493938
91044896
9104467
91044516
910443720
91044051
91044016
91044
91043679
91043111
91043060592
910430510970321333
910430125894y
910430075065
91042915713
910429055219
9104290490
91042903014
91042860153
91042855788
91042708220
910427025278
910426kc
9104265
910426277341101
91042614144
91042611706
91042604866
91042561865
91042558384
9104253079
910425146
91042506
91042500734
9104243
91042412614tato
91042407130
91042404395
91042401361
91042362
91042356307
91042328052
910423145897
91042307
910423065117
91042305133
91042303858
910422palestina
910422145238
91042211740
910422085781
910422025682
910421wta
91042174256
91042110510
910421075354
9104210
91042004052
91042000375
9104195545
91041918484
9104190594
910418633451992
91041859283
91041843
910418085762
910417td
9104177613
91041758800
91041756387
910417145858
910416amzar
91041659560
91041614
91041613
9104160660
910416-00719yop
9104159157
9104155
910415035188
910414a
91041417l
91041410278
910414075313
91041402704
91041359167
91041356508
9104133
910413106018
910413075629
9104130
91041257615
91041220827
91041204961
910411_shion
9104116959
91041153038
91041145
91041122
910411126330
910411085794
910411075756
91041106625
910410bv
9104109886
9104108122
9104106631
91041024033
910410146460
91041007961
91041005438di
91041003052
9104100
91040982
91040927960c
91040919088
91040850
91040826810
910408145514
910408106283
91040806089
9104076526
910407145790
910407125538
91040652
91040624150
910406135566
91040608619
91040603161
91040601
91040511976
9104051
91040505186
91040463874
91040462258
91040458498
910404125356
910404025355
91040329043
910403146754
91040311900
910403045194
910402s
91040259169
91040252687
91040227070ANGIE
91040210194
910401mm
91040113733
91040107105j
910401045123
910401036147
91040052
9104001
9103wtju
9103love
9103go
9103ag
9103982
9103968
91039572
91039502
91039370
9103935
91039104
910391
910383
9103826
9103818759
91038137
91038
9103751203
910373181
91037152
91037055
91036968
91036945
910368amit
9103681
9103650
91036204xandy
91036055
910360
91035986
91035844
910357
910356
9103530041
910350ASH
9103507ange21l-
910348a1
91034820
9103466419
9103455m
91034070
91034
91033762
910336
9103344454
91033425
91033310
91033219
910331liz
91033172392
91033154351
910331125573
910331085102
910330977
910330614790424
91033016897L
910330136262
91033009971
91033008339
91033002039
9103296413
91032956349
91032951223
910329145794
910329095184
91032901471yo
9103288^_^
9103284390
910328065362
91032800470
910327ja
9103275912080
91032752107
91032702495
910326y
9103263347
910325ar
91032560976ju
91032558572
91032552957
91032520940
910325075100
91032502127
910324a
91032477edwin
91032458
91032451905
91032413
91032410958
91032370158
91032353571
91032352010
91032317825
910323145857
91032308762
910323085356
91032305062
910322andres
9103229
91032245
9103221041017
91032207052
9103220405
910321s
910321jonathan
91032159139
910321136500
91032078180
91032059746
9103203
91032025
910320135813
91032009390
91032004852
910320016419
910319a
9103195
910319145053
910318waihoong.
91031815504
91031814141
910318055259
910317jase
91031758799
91031751930
910317146474
91031707949
91031705148
910316ini
9103164586
91031611119
91031604341d
91031512390
91031509799nafer
910315085567
91031506552
91031505106
910314sk
9103145997
91031410
910314085987
91031403320
9103135354
91031303643
910313025149
91031253875
91031212044
910312045172
91031202740
91031201026
91031171259
91031161458
91031126245
91031105701
910311035917
910310mrd
91031059548
91031010158
9103099
910309145586
910309085931
91030901156
9103089t
910308105152
91030805459
910308035377
91030802107
91030757438ladys
9103075160
9103071364
91030711020
91030707686
91030702609
910307-14-6024
91030679
91030666718
91030660353
91030657271
91030655694F
91030653624
91030615
910306135024
910306086808
910306036165
9103057104
91030522
91030512630
91030509086
91030504390
91030501891
910304p
91030459
91030410128/
91030409588
910304025454
910304-18846
910304-05-5055
910303mdfyrr15
910303666jfrce
91030358150
9103035202027785
9103031155
910303045293
9103029960
91030251
91030225576
91030209430
91030201499
9103017935
9103014
91030126802
9103012008
910301075704
91030104787
9103008
910300207
91030
9102rj
9102met
9102aishu
910298951432
91029664
9102951
91029483288
9102933
91029102969045
9102910
9102896
9102876
910287
9102844
91028299
91028229ssam512
91028166
910281
91028005
9102795*9
91027913
9102790
9102780
91027496
9102745
9102728151
91027116
91027009ayah
9102686
9102670
91026309
910261
91025956
9102587
9102558522
9102539
9102536
9102530923
9102530
9102529
91025277
9102526
9102524
9102522
9102521
91025204a
9102500*
9102499
9102485736
91024756
9102438=lg=love
9102430609
9102427
910242
91024158
91023931
9102381
91023692
9102358752
9102352
91023234
9102300ro
91022cow
9102294
910228lulisfer
91022815330
91022807787a
91022802580james
9102277
9102275692934129
91022725411
910227145750
9102271
91022707
9102267
9102264002
91022613346
91022602417
910226-01054
9102252138
91022509611
91022504784
9102250362
910224260581209
9102241182
91022410330
91022404852
910223andrescnd
91022367116
91022351970
91022323
910223105639
91022300941
91022300046
9102226789
9102225204
91022215219
910222064
91022204250
910222035704
910221r
91022126038
91022113190
91022111677
91022108250
91022105600
9102209474
91022056870
91022012
910220055234
91022003
91022
910219xx
91021913028
91021911
91021910
91021907893
910219036247
910219015665
91021867
91021851
91021815911518
910218075586
91021804830
910217j
910217J
91021755646
91021753594
9102175124
910217145589
910217115451
910217045238
910216colombia
91021629
91021609230
910216065018
910216016654
91021571x
9102151660
91021509863
910215075003
91021507194
910215000
9102144805
91021413297
91021410255
91021405
91021403119
91021402
91021361416
91021356315
91021354371
9102131910
9102130140
910212eqa
91021260052
91021212808
910212108502265
910212086057
910212075067king
910212035794
91021200
91021188
910211776802
91021159323
910211135734
910211055101
910210146183
9102101
91021008AMERIK.
910210000303961508
91020960
91020943
91020910670
91020903754
910208a
91020892
91020853
91020814590
91020812961
91020810420
91020808654
91020806015
91020803784
91020800696
91020752187
91020718
910207125568
910206ok
9102066
9102065274
910206146295
910206135625
91020611320
910206086528
91020605753
910206025012
910205Hh
9102058
91020529peter
91020512003
91020505228
910204s
91020476
910204145694
91020413528
91020408761
91020405800
91020404758
91020404090
91020403018
910204015486
91020366
9102032006
910203115397
91020300324
910202b
9102023474
9102021-NONA
910202085763
91020207413
9102016372
9102015650
91020116566
910201085200
91020105531978
9102007yay
9102006*
9102005R
9102001
9101race
9101ds
9101c21
9101998
91019946
9101992pupis
9101991@trah
9101990alex
91019860
9101985k9.
9101983cg
9101982t
91019820
91019777
9101975
9101971
9101968rabu
9101961
91019552
9101952
9101951
91019318
910192
9101918sooner
9101899
91018969
91018915
91018867
91018777
910187
9101839
91018380
9101826
91018116
91018032
91017pv
91017852
91017701
91017533
9101718
91016865
91016691
910165
91016341
91016233t0
9101615
9101608
910159
91015763
91015561
910155
91015444
91015290
91015272
9101511
91014cf
91014864
91014807
910147654125349m
91014507
91014432
91014215
9101416
910140820no
910139
91013641
9101349
9101341
910133
91013256
9101317
9101314
910131075559
91013104030
910130sinbandera
91013044
9101302322
91013017935
91013012
91013009673
91013006054
910129dang
91012955214
91012954
91012923
910129115347
910129055495
910128sya
91012849
91012817806
91012812596
91012810496
91012809994lore
91012804216
91012801888
910127wi2705
910127910207
910127145796
91012707105
91012704904
910126deenero
910126MA
9101265930
91012614
910126015280
9101259
9101255037
910125136132
910125115673
910125075835
910125036094
91012499
91012426556
91012417743
910124145328
91012411257
9101241
9101240120nks
910123sdsf3540.
9101233990
91012332
91012326578
910123230191
91012309680
91012308022
91012307166
910123016225
91012300234
910122lanny!
9101225263
9101223
91012209415
91012206947
91012205541
91012203182
910122015466
91012201368
9101213
910121115203
91012109984
910121085
91012105489
91012103358jorge
91012043
91012020
91012015
91012005852
910120-05097
91011sygali
91011c
9101196
910119145024
91011912180
910119085332
91011907
9101190651
91011905590Lin
910119035466
9101184
910118085867
91011807165
910117eone
91011712229
91011709
91011702983
91011676508
91011652382
91011610779MFLNAILUJ
910116085329
91011604515
91011538
91011515
91011513803
91011511924
910115075719
91011493
9101145eg
91011414
91011385716
91011361396
91011353172
91011326680
910113146325
910113126279
91011307480
910113-15
91011276895
91011259788
91011217961806
910112146155
9101121
910111910907
9101115
9101113945
9101112k
9101112131415
91011112345
9101103214
91011027
91011016
910110136084
910110115005
91011001
91011000
91010thstreet
91010996
91010961535
91010956736
91010954075
91010927345
91010909843
910109025002
910109016843
910108jjuliantv
91010862650
91010819
910108115217
91010803
910107nieces
91010771
91010713442
91010711911
910107085554
91010707736-mile
910107025228
910107-25980roke
91010612
910106065156
91010574
91010526396
91010505149
91010487
91010418491
910104136205
910104105695
910104075617
91010406159
91010404768
910104015809
91010400614
910104-0501219991
91010399
91010380503
91010363
91010360426
91010358120
91010336
910103145353
91010305190
91010302132
91010272jenny
910102126716
910102085520
910102065271
910102026109
910101CESAR
9101019
91010158023
9101015
91010130633
91010110470
91010104071
91010102834
91010101
91010036
9100westflamingo
9100snap
9100omb
9100girl
9100Jesus7611
91009933
91009888
910098
91009664e
9100941
91009295
9100922
9100907
91008xl
9100899
91008815
910087
9100850
91008435
910084
9100831
9100821
910080756
91007uvy
91007arcyluis
9100791
9100776907
910075
9100739
9100731
9100726
9100714065840510
9100706
91006n
910068
91006671
9100663
9100654
91006424
91006342
910062
9100611
91005forever
9100590
9100589
9100580
9100573
91005606
91005272
9100501
91004994SH
91004944
910046666969
9100460
9100459
9100445
91004341
91004321
910043
910042202k
91004140
91003lic
910039786810385
91003540
91003469
9100326
9100322
91003200
91003113
9100300981
9100277
9100244cjh
9100239
9100229
91002166a
91002108
91002001
9100186
91001730
91001643
91001455
910013
91001212
91001139
91001071
91001052
91000866
9100065
9100052006
910004
9100031475
91000166
910001#a
9100*
910/92
910
91/Wrangler
91/425
91/22/colochita
91/04/29
91.w.MYmedic
91.neso
91.fran.1
91.7.25
91.2758
91.12.16.
91.02.14.roxy.deea
91-GIGI
91-8-1meli
91-120-326-134
91-112145312
91-08yo
91-04-23
91+8082
91*07*08
91%hj$1085
91 doggie
90zyxukug
90zretro
90zolika
90zgurl
90zfr3sh
90zcrew
90zbabi
90yoyo1
90you90
90y*96wk
90xmax
90xjeep
90wjq1116
90wing
90west
90weise90
90wCs29
90volleyba
90virgo
90viki
90vasyim
90utuu
90uWqEWo
90ty33
90twinkies
90tv2sn
90truck
90tracker
90tosha
90tonhydro
90toad
90tmoo
90tima
90thorium
90theriverchildr
90teatro
90tch4ym9
90tavius.
90tammy88
90taco
90t051eep6tt1me
90supra
90summer08
90student
90storm
90stils90
90starrst
90st6923
90srock
90spunk
90sprincess
90sorano08
90solamentetu
90slocum
90sjohnnys
90silvio
90silje
90sihatch
90sica
90shorty
90shoes3
90sheri
90shaggy
90sgirl
90sf53545
90sex210
90sereia90%
90sentra
90sent
90semtb
90seligman90
90seanfaris
90satlife
90sasha
90sandomil
90s__baby
90ruthjane
90roses
90rocks
90ricorio
90reylin10
90retzma
90remingtion
90reds
90razliff
90ramitos17
90radnirroc
90ra90
90r91931
90quattro
90qpn07
90puteri
90psawsjik
90proof1600
90prep
90pppo
90popeye
90pokemon
90po90po
90plmko
90pk90
90pink
90piglet
90peru90
90payo04
90pandas
90p90op
90ovec
90ott05
90opl;\\'#
90opklnm90opkl
90op99
90op-=[]
90oli87
90oct17
90oakdale
90nza
90november
90nov75
90nisan90
90nire
90ninja19
90niney
90nikkid
90nigger
90nidia
90newks!
90newberry
90neely
90nana
90nado
90n4wlbew
90mustang5.0
90munk09
90mos.
90mooka90
90monquie
90mondo
90molly90
90mmxse5
90mlk98
90minnie98
90mimilove
90milk
90milebeac
90mgtjd
90medmel
90mcdonald
90mavs
90marta
90mariposa90
90marie
90maisco07
90mai2005
90ma15
90m04t27
90lynne
90luisleones
90lucky
90low7
90love95
90loser90
90lopes
90lolli11
90lola
90lion90
90limefielddrive
90lilmama
90liat1991A
90leonardo90
90lembu
90lego
90lain
90l4u57k6e
90kumi
90kralcnnadmada
90km14
90kl24albert4
90kkck&
90kjkj
90kiss2b
90kingqueen90
90kiko09
90kaoz2156
90kaka
90k95t
90k01
90jy7h4
90julio2
90joshua
90jonny90
90joker/67lies
90jhy2311
90jetta
90jen;;;
90jeep
90jaxsis
90jaime
90j777
90j06y09j
90iznalda
90isuzu
90ismaliah
90iop10
90io80io
90inches
90imparator
90ilovejony90
90ig33
90humma
90hs13
90hms15
90hippo
90henry
90hector1606
90hch26md6
90hatchsi
90hannah
90h10j17y
90gunit?
90gstdsm
90grover
90green
90gramfile
90goth
90gol102
90gmcv8
90gkv11
90gisela90
90girdie
90geqtu
90gd9c
90gavilan
90garves89
90gETONLINE
90fxstc
90fuck50
90frooger
90freddie
90foxracing90
90four
90fivefour
90firemen
90filk-mi
90fella09
90fee2fd
90fatu
90fathersl
90fan12
90f2501265
90ever
90esrichrollin
90ert90
90engel99
90elmo
90elirja
90eli
90elayne
90ebab
90dummy
90drtDRT
90dream
90dpst
90dodge
90doapoaclipse
90divapaogp
90dime
90die19
90dic19
90design
90delia
90deckk
90deadmeat
90dcu161
90dbl3551n9m3
90daytona3535
90datsun
90dat
90dark12
90dane
90daisy90
90d4ddyzg1rl90
90d2kdna+
90cw4lrr
90cressida
90creativetiv90
90cowgirl
90cortez03
90corolla
90conche
90colombia
90cmk90
90claudia90
90cl0set090
90chris
90child
90chick
90chevrolet
90charlie
90ch79y
90celticfc#
90ccbike
90casie
90carmen
90candyshop
90c3374
90c1a70a
90c15b4032
90bubulubuS
90brmanuel
90britt
90bradz80
90boom@danger.
90bone
90body
90bn1tita
90blunts
90blakco
90bittu4231
90billyjr
90bigdog
90bianca
90belgie
90beeches
90bbhoney
90basma90
90bananas
90babygurl
90babyface
90babi14
90babby!
90b22163
90awdtsi
90august14
90at30
90as1234
90arkmn6
90arak90
90apples
90anultmj
90anis
90angie
90anflow5
90analovesme
90amanda
90alissa
90akirant
90adelita
90abercrombie
90ab6g
90aallen
90a90b90c90d90e9
90a2506
90a+10t
90_ty_you
90_karen_1104
90_branson
90ZBABY
90TINKER
90Sunbird
90Sokrates
90SMART
90SEB23
90SBABIES
90RACING
90Proof
90PLAYGURL
90OREJNNA
90Nm123
90NISSAN
90Mamm!391
90Lilica
90K940w
90J0303L
90HeR0eS
90Gnome08
90GUADALUPE
90FFFFFFFFF
90Corvette
90CHEVY
90BoxingFairy
90BNIGGA
90B80B
90Ash--x
90Aimsamoa
90@12@11
909zaidasio
909wolfie
909virosesT8
909turtle
909to210
909thefunk
909shel808
909sexygal
909queen
909ppll
909pokz
909playa
909oxnard
909opl3
909nikki
909mpp1912
909mommy
909mits
909meyer
909mariela
909love
909lol
909lindin
909kui
909koa
909kn0nd2493n3
909kids
909joy
909jft
909jackson
909hot973
909henry
909greenfire
909glamour
909gangsta
909foxu
909finest
909er714
909dreamer
909destiny
909cool
909cijef
909chick
909center
909candy
909burke
909brohoe
909bo123
909bitc
909arizonaa
909ab12
909TL909
909Severe
909PTOWN
909PLAYER
909JYZ
909IEKIJ
909IE13
909G25
909Diva.
909DIZZYS
909CHERRY
9099xyz
9099kids
9099a9
9099998
90999695
9099965600
9099941
9099920
909990999
9099899
90998745123
909984
9099810844
90998019
9099795299875962
9099701769
9099662
909964mariajose
9099612
90996
9099569
90995461789
90995324
90994878
9099477150909930
909945h
90994477
9099421
90994071
90993920
90993743
90993
9099281
90992691
9099263199
90992511
90992424
909923
909921
90992
90991621
9099152001
9099136206
90991106
909909a
9099091wvan
909909099
9099083511
90990551
90990388
909900999
9099
9098utya
9098me
9098k@teco
9098fivis
9098ahte
9098987
9098978
909897
9098924
90989098a
909890
9098898
9098886
909888
9098868710
9098849964
9098803
90987996
9098780
9098755
9098728z
9098715
90987
9098691730
9098687
90986654
90986326
90986216
9098612678
90986
9098575
9098540
9098518
90985
909844
9098431
90984106
9098352
90983069
9098295
90982519/*
90982428
9098223
90982159y
9098210952
90981894
9098183
9098161
9098123
90981094
90980897
9098078
909805
909803
9098024
909802248k
909802
909801
909800898
909800
9097xxx
9097jejasmine457
9097co
9097_lucky
9097983
9097923508
90979076
9097890
9097859415
909783
9097816
90978100
9097805
9097763
9097716a
9097675d
909766jnm
909765
9097628j
90976011
90975927
9097521bj
90975077
909748.
909747
9097463330
909744429
909741B
90974
9097395
90973469
9097310091
9097302
90972686
90972573
9097243
9097233
90972189
9097200
9097181
90971445
909711R
90970pvibm
9097086
909705fn
909704
90970193
9096nccu
9096982
909696
9096945858
909693asd
909693
90969096
90968958
9096884400077
9096878
90968530
9096851
909680t
90967583
909674
9096718968
909668i
9096670
90966645211kl3
9096635
9096608
9096561341
90965158
9096483018
90964533
9096446068
9096426777
90964171
9096408
9096316415
9096313
9096297079
9096234
909623
9096213122
9096166098
909614
909610
90960856
9096066
909606
9095stangs
9095lynne
9095999
9095976365
9095972604
90959667
9095962205
90959397k
9095918
90959096
9095905358
9095864
90958140
9095767
90957441
9095729
9095727081
90957198
9095686
909567
9095652
9095626900
9095606
909560
909557
90955595
9095550
909554
9095534
90954924
90954139095413
90953poop
9095374
9095358295
90953297
9095322
9095309
9095294123
9095267
9095236
90951px3
90951994
909517
90951422
9095118
9095114
9095100
9095055t
90950
9094ua
9094trixie
9094life
9094kids
9094dcjb
9094am
90949974
909499
9094976
90949670
909495
909490
9094800
9094769259
90947627
9094743
909472v
90946921110
909468
9094657
90946492
9094638268
90946106
9094556335
9094532125
9094504
909449
9094460n
90944412
909442
90944014
90943752
909432
90942803
90942744
9094255618
9094250136
9094237
909420762k
90941761
9094155464
909410
909406
90940460
909403
9093skyline
9093lacaua
9093boys
909399LULU
909397kj
90939699
90939597
90939499
9093939
9093922
9093900
9093890443
90938825
90938715
90938531
909382
9093792
9093767
9093756
90936736
90936688
90936311
9093601085
9093577465
9093559451
9093542
909351
9093498
909348
9093463
9093448lk
90934
90933L
909339
9093385855
9093289
9093278
909323
9093228003
90932086
909318
90931564
909314
90931377
909312mey
90931216
909310
9093092277
9093040
9093039
909302162
9093021
90930083
9093
9092ty
9092ma
9092=sndkarlita
909297
909295BSM
909294k
90929352
909292
9092917961
9092891
90928862
90928691
9092847950
90928345
9092828
909281
90927811
9092778291
90927607
909272b69
909272
909270
90926929
9092686
909268
90926570
9092626
90926
9092579
9092560799
9092539
909253
9092525
9092504
9092460
9092451
9092428
90924181
9092414
9092396247
909238
9092363
90923458
9092324
9092288932
9092279
90922323
9092222
90922188
90922121
90922
9092169663
90921314
909213
9092104d
90920891
90920789
9092068
9092022
909201k
90920
9091yura
9091mtv
9091mate
9091girl
9091994
9091985
909198274
90919700
90919670
90919504
9091929394
90919
90918833
909186
909185
90918425
90918240
90918091988
909177r
90917588
9091735
9091728
90917022
90916593
9091612345
9091574
9091568
909156666
9091536
909152
9091499
9091459867
909144@@
909143
90914236
90913910alex
90913630
909135
9091324
9091307
90912994
9091263
9091238
909123456
909122518
90911m
90911819
9091146
90911388
90911272
909112
909111
909105a
909105
909101jk
9090yo
9090tuna
9090ss
9090pp
9090plop
9090miha
9090koko
9090jt
9090joy
9090ee
9090dc
9090dar
9090c
9090alb
9090TRENT7
9090NM
90909piyush
90909as
90909A
9090999
9090990
9090981r
90909766
90909563
909095
90909458
909091
909090rd
909090j
909090e
909090cacaca
909090ILU
90909099
909090909090
90909077
9090905
9090901
9090898978786767
9090893
90908832
9090880
909087654321
9090831
90908271
909082
9090808735
90907azcd
909076909
9090745
9090732
90907123
9090703
909070
9090685k
909068
909066
9090639
9090630490906304
90906250
909060noufa
90905Morgan
909058
909053312213
909049
9090474
9090470gti
90904606
90904545
90904397
9090394
90903584
9090341
909033
9090313
909030lok
9090300
90902ga
909029
90902837
909026k
909026
909025
90902081
90901p
9090199
9090190901
9090171
9090169261
90901515
9090131SS
909012s700
90901234
909012042
9090116
9090114
9090099meda
9090099
90900723991915
909007191
90900654
909005
909002
909001
9090007
9090--88==
909*ie
908wod
908uu
908sanjose
908poohbear
908noel
908lepot
908kansas
908josec
908gurl
908fuckin
908dmx
908bouvier
908bedford
908angel
908abby2005
908QCO908
908ELI
908BITCH
9089uggh
9089pipif
9089PIUV007
908999
90899808
9089937
90899089
90898938
908987
90898250
9089793
90897876
9089749
908973
9089708
908969
90896670
908961
90895a
9089587
90895502
908953123456
90895
9089438360
9089433465
908941
9089381148
9089325
90892z
908929
9089255365
9089246ja
90892083
9089190516
908916a
908915
908911
90890918
908908a
9089070
9089051s
9089022646
908900a
908900072
9088nb
9088jle
9088988
9088959
9088919*
90888999
9088861A
9088845h
90888198
90888
908876b
9088759
90887514
90887483
90887317
908871
90886s
90886684
908865
908861
90886
90885755
90885465
90885396
9088505
908845
90883269
908831977
908825kk
90882345
908822
90882020
9088172
908816
9088156
9088118
9088099k700
9088089
908808100
908807765qq
90880514002147
908803
908802
90880077
9088-9888
9087yu
9087pops
9087j
9087990
9087978
908796
90879417
9087909qw
908788
9087854
908783sme
908780sec
90877963
90877620
90876chocolate
90876795
908766
9087654321
90876343
908759
9087564375
908749
90874489
90874101gaby
9087385
9087334
9087325
908730
9087289
9087266
9087232162
90872107
90871922
90871518
9087125
90871017
90871005
90871
9087087
908707
908704
9087031
9087018
908700
9086ocacam
9086995552
908698
9086957401
9086942
90868913
90868619
9086858
9086723
908668963j
9086674
9086658
9086615
908658
908655
90865321
90865
90864886d
908647
908644977
9086421727
9086406
9086354025
9086302968
90862879jr
90862424
9086166
908615
9086107802
908608
908602
9086006
9085vnr
9085harp
908596
908592
90859162
908590
9085863
90858512
9085831
9085828
90857962
9085758
9085699
908564
9085604
9085594
90855869
908558
9085568
90855203_e
90855086
90854764020
9085439
9085400
9085383
9085317
90852z
9085289
9085271
908524614816
9085239
908519
90851645
9085100124
90850953
9085076416
9085042
9085026
9085018
90850148
9085
9084ernest
9084ben1
9084a0
90849734
9084937309
908491
90848908
90848589
90848355
9084816
9084778
90846409
908457
908454
908453
9084508
9084505
90844971
9084461
9084434
9084356
9084324656
90842974
9084237
908422
908420
9084188
9084180258
9084131582
9084112790
90841
90840882
90840713
9084059471
90840483
90840158
9083blk
9083983
908387
908384
9083758658N
9083744120
90837035
9083685
9083648
9083616660
9083614119
908358
908355
9083511894jc
908351
9083472
9083437110
908340c
9083379
9083353
9083317
9083256
908321
908320
9083141
9083122
90830787nia
908307
9083036852
9083011690830116
908300
9082w
9082964281
9082911
9082888
908288
90828298
9082815436
90828058
9082788923
908275
9082682
9082669
9082643
9082608
90825nnawh
9082578
9082538
90825290
9082517
90825060
908246
90824189
9082387020
908237
9082339214
90822960
9082235350
908222
908220
908218
9082162175
90821496
9082139068
908211
9082108
908209
90820552
9082038962
90820128
9082008
9082005
908200020
9082
9081john
9081991
9081986
9081980
9081970
9081969
90819517
9081908
90819019
9081887
908186
9081855522
9081841
908180
9081726354
908172
90816qwe
908166d
9081654MN
9081590
9081574
908155
9081522
908144
90814199
90813me
908136
9081331
9081300
9081242
9081239304
908123
9081216
9081170love
908116
90811437
908112
9081097
908109080a
90810763
9081073
90810565
908103
90810070
9081-egs
9080orange
9080996
908098
9080933
908091
908088tj
9080849
90808320
90808013
90807fla
908079
9080788112
9080770
9080740
908071l
908070abc
908070PI
9080707
908070605040302010
908070605040
90807053a
908070405080
90807016
90807
90806VC
9080690047
9080673
9080630
908061019
908061
90805lbc
90805TONY
9080576
9080524
908051
908050
9080490804
9080446
90804274
9080401
90803tkzav
9080374
90803521
9080321
9080302
90802pimp
908029785121
90802708
9080242
908022
9080215
9080208
908018
9080156169
9080148
908014
9080129240
90801228157
90801020vv
90800903
908008
90800414
908001600ticsa
908000
908.,!/zxc
907wtcc
907vpt
907swife
907rider
907playgirl
907nicole
907kyle
907jeffers
907home
907hic
907foilole
907euderia
907clsd
907cameron
907biotch
907baby
907apg
907akrip
907_rodane
907RICHARD
9079ygovd
9079adpb
90799796
90799369
9079926
9079877
907982a
907982
90798
90797555
9079732
9079716
90796131
90796031
9079581
907955
90795091
90794d19
90794774
907946
90794411_*ss*
90794405
90793959
9079380
90793166
907930
90792964
90792886
90792490
90792
9079197
9079147
90791079*
907908
90790749
9079050
90790305
90790177
90790085
9078vznr4
9078nqk
9078moon
9078kjls
907896
90789231
9078910
90789078
90788949am
907888
9078862
90788342
90787995
907878
9078755
90787
907868.
907866k
90785924
907857
90785655
9078563
9078541632709
90785086
9078494
90784875
907844
907842
9078400
907837
90783643
9078318
907828
907824
9078216
90781825
9078171
907813jm
907812
907810
90780686
90780423
9078018
90780
9077984
90779077
90778kah
907787
90778344
90778264
9077723578
9077713
9077711
90776a
9077606
90775798
90775145
90774892
9077402WYC
907734
90773294
9077232009
90772136
907718217t
907712k
907710
9077093c
90770872
907705
9077008
9076yr04
9076ha
9076999
90769660
90769
907688
907686
90768269
9076815
9076765905
90767396
907672
907666
90765nmgr
90765899
9076562112
9076543
90765314pollo
9076510a
907650
9076488
907644
9076382
9076346887
907633
907628
90762741
9076233
90761987
907618446
90761754
907612
90760816
90760443
9075nw
9075ctrkc
9075amr
907596
907594
90759205
90759075
90758859
9075873m
9075860
90758188
9075804
90757967crln
907579
90757409
9075725
90757079
90756986
90756757
90756322
90756141
9075574
907555
90755273
9075514
90755
9075495i
90754597
9075433
90754012
907537
9075354
90753324
9075328
9075285006
907526
90752278
90752235
907520
9075190
90751894s
907518
90751308
907512
9075099
9075066
907503
90750039
9074j
9074996985
90749688
90749426550
907488977
90748513
90748301
90747862
90747723
90747472
90747280
90746995
90746853
907467
90746283411005
9074623
90745C
90745782
9074565246
907456
9074509
90744ha
90744BABE
907446
9074455
90744307
90744172
90744047
90743935
90743580
907433
9074262
9074252
90742322
9074227
9074191518
9074187A
907417
9074168
90741582
9074130
90741223
9074118
9074094maju
907406
9074039
9074007
90740
9073blue
907397
907395
90739073
9073853
90738264
90738
90737843
90737601
9073733
907372
907369510
9073636
907353
9073490jg
9073451342
90734256
9073404
9073350699
9073340945
907332
9073306
9073281
90732427729411
907323
9073190731
90731725
907312050
90731031
9073090497871285
907304kd
9073016404
9073
90729rebecaZ
9072988
90729256
90728811a
90727ogcp
9072790525
9072728
9072674
9072654
907264
907262
9072588
907258
9072550
9072540
9072529
9072471
907243me
9072420
9072410593
9072401
90724
9072390723
90723651
907232
9072307
90722chachacha
9072299222
9072274422
9072244
9072231
907221
90721516
907213
907210
9072096948
907207
9072047092
9072012
90720
9071jw
9071Alcatel
9071998
9071995
907199
9071984
9071954705psp
907192
90719117
90719
907185
90718
9071771
907176
9071719
9071702
90716j
9071692910
9071671
90716469RKDS
9071634
9071600
90715972
9071579
907153
907152
90715003
90714682zx
907143ass
9071424
90714062
9071403
90713580
90712LU
907125626342610
9071240
907122
9071203
9071177
9071157
90711162
9071112890
90710ag
907106
907105
907103l
9071021
90710086
90710
9070_1
907099
9070979
90709655
90709421
90709291
90709070a
907090
9070897
9070884
9070868
907085
9070847C
90708459
9070826
907075
90707023
90706ez
907068073421rs
907068073421
90706520
90706080
907060
9070595
9070490
90704869
9070465
9070448
90704272
9070354
9070339
9070325
9070306
90702998
90702577
9070243
90702147
907020
9070198
90701714
9070156
90701312meli
907012
9070097
907007
90700653
90700493
90700100300
9070001
907-640-2947
906zuwu
906travis
906siuh
906parkplace
906msh
906liveoak
906kpx
906iopiop
906ciccio
906bry
906blic
906band
9069eg
90699wemet
9069986
90699642
90699255
9069911
906990
9069886
90698614
9069824
90698180
90698082
90697894fit
9069760
9069743
9069696
906969
9069667
906963297
9069588
90695644
9069552
9069533jp
906952
9069479
90694596
9069404676
90693wxftb
90693756
9069338verizon
90693328
90693
90692812
90692726
9069241765
9069222
9069200
90691sd
9069184
9069161656
9069157
9069112
906909
90690677
9069033
9069022
90690066
906900
9068shay
9068957
906893
9068892r
90688391
90687wjkrn
90687744
906876
9068756n9725999n
906875
9068740
906871
9068687
90686464
9068622
90686141
90685925
9068551
906852990685
9068512
9068466
9068449
9068417
90683859
9068377
9068361
90682451
906823
90682051
906819
9068118
90680717
906806M
90680580
90680320
90680155
9067jlm
9067dr
9067VEROCM
9067978
9067958
90679
9067884
90678464
9067821
90678064syl
9067774
9067757
906774
90677144
9067697649
9067687
9067682
906767
90676477
9067600mint
9067598878
9067558702
9067545
9067519
90675113
906749
9067447c
9067437
906741
90674006
906738160
90673752
9067353
9067303
9067278
906726
906723211
906720
90671766
906716
90671280
9067103
906705
906704240
90670110
9067006
9066969
9066945
9066925
90669066
9066900
9066898loveger
9066861
90668435
90668132
906681
90667917
9066744083
906673
9066712
90666eqw
9066680
90666455
90666397
9066608
90666
90665861
906655ac
9066537
906652
90665
9066472
90664623
90664534
9066433
9066421
9066359
9066339
90663154
9066288
906627
9066254476
9066222
9066196
906618
906616
90661414
9066128
9066120
9066103
90660pico
906609v
90660815
9066066
9066043977
9066021
90660120
90660033
9066
9065szili.
90659708071998
9065946890
906590
906582
90657868
906577
9065735882
90657
90656135
9065600
9065577556
9065558534
9065544
9065526
9065509
90654827
906541
9065353
9065307
906530
9065277mf
906525jj
90652424
906521
9065168
9065163
9065143
906512
9065113
90650x
90650eddy
906509
90650562m
9065046
9065024723
906502
9064txpou
906499
906498
90649573
9064922a
9064899
9064850
9064785
9064758957
9064754
906471
90646956f
9064660713
906464
9064629333
906457661
9064572173
90645457
9064531087
906449
9064481409
9064464
9064446
9064376
90643565
906433230
9064301
9064281
90642733
906425
90642188
90641792
906416JR
9064129998631419
906411
90640aud
906408
9064064651
906405
906400m
9064.3452ci
9063jl
906396
9063901
906388
9063852
9063805908
90637699832103
9063737600
906373
9063706
906367
906366
906364
90635lg
9063594102
9063587
906353
9063498661
906344
9063417
90633959
9063387
9063359
9063305
9063237
90632013//nany
9063156046
9063135amor
9063117
90630hdsfs
90630717
906306
9063049
9063012512
9063000815
9063
9062js
9062cancer
9062989476
90629622
9062938667
906291
90629062
9062881
9062880
9062846904
9062826
9062804
90627691
90627508
9062740
9062726mama
9062717
9062663
90626530
906263
90626233
9062599
9062566666
9062549
9062534
9062525
90624teddy13
90624912
90624702
90624525
90624353
9062423234
9062403877
906238
906236
9062347
90623352
906233
90623169
9062304
9062276
90622680
90622622
9062245
90622335
90621rg
9062195122
90621099958
906210
90620a
90620632
90620335
9062028613
9062013
90620087
9062005H
9061tims
9061kro
9061JM
9061997
90619943
9061989
9061986
9061981
906196
906194458
9061934
906191
90619014
90619
906185
9061834820610
9061805
906180
90617833
9061738
906171
9061694
90616744
906164
906163
90616181monica
906160
90615884
9061584
906158
9061549
9061511
9061495
90614825
90614553
9061411
9061392942
90613763
90613
90612875
90612810
9061269
90612649s
906125l
9061246
90612291
9061216
90612148.johnnydepp
90612117
90611998
90611832
9061176
9061163452
9061157
90611538
90611490
9061135
9061126536
90611152
9061104
906104941
9061014koryu1
906100
9060ym19
9060mivane
9060jazz
9060cuzman
9060S
90609662380107
9060940945
9060928
90609174
906090my
906090cl
906090adi
90609093
90609080
90609073
9060902007
906090123
90609010
90608423
9060839
9060815
906080197
90607848
9060739BD
9060694
90606520
906064
9060620
90605norwalk
90605egcn
90605962
90605752
9060556
9060542
906052085426
90605063
90605029
906048
9060456
90604466yovi
906044
90604200
90603854
90603745
906037
9060365
906035just
9060357
9060345
906030960
90602916520
90602788
90602731
90602633
90602525
9060232456
90602299
9060210
90602003
90601sa
90601986
9060183
9060170042
906015
906014
9060124
90601143o
9060110158
906010
9060060
90600126
906000363
90600000
9060-fx
905venus
905ruby
905nevin
905mauricio
905love
905lawnview
905killa
905kds
905jmbck
905fleming
905eunice
905cottage
905columbi
905billy
9059xhxut
90599988
9059970611claire
90599617
9059958
9059941572
9059936
9059932
90599059
90598b
9059878
90598664
9059836
9059813
9059794614
905973
90597
90596800
90596604
905965
905960505
9059549
90595297
90594aaf
905947
90594480
9059438
90594182
9059358698
905932
9059309
905930
90592td
9059286104
9059251
9059214
9059207
90591947
9059150
90591377
9059125525
905910
90590qtbgh
9059097
9059095
9059085
905907
905905b
905901
90590028091
9058god
9058LT
9058983
90589672#
9058956
9058951
9058938
905891
9058903
905889
90588818
9058878557
9058867
9058858
90588391
90588295
9058816
90587932
9058748704
90587383
90587
90586606
9058655224Steff
90585890
9058576443
90585674
9058547
9058543325
905854
9058527235
9058514
9058482356
9058469
90584359
90584042
9058402080
90583966
90583619hr
90583586
9058326065
90582648
90582499
90582436
90582261
9058189987
9058181099
90581644
905816
9058149287
9058113
90580886
90580314
9058017
905800
9057kt
9057exwf
9057augie
905796172
9057928586
9057921518
9057910
90579057
9057897967
9057879742
905785
905783
