9867845
9867827394
98678030
9867785
986776653575362
98677321
986771v
9867703
98676798
9867669
98676572
9867637751
9867613
98676052
98675g8
98675830
98675780+61
98675454
9867542310mirwe.
98675321
9867527
98675163
9867485
9867469
986746
98674423
9867411
9867398673
9867379
9867372
98673418
9867324076
986732
98673033
9867302
9867297017
986729
9867287725
98672745
986725
986724
9867180
98671380
98671174
986711
9867080
9867052
98670498
98670377
9867022
9867015
9867*jza
9866random
9866and3008
986699
9866971020
986696
9866907
986689687
9866881
98668770
98668736
9866867316
9866844840
9866833
9866819553
986681
98668040
9866781
9866751
9866737
9866723697
9866712521
9866704868
98666877rylaxs
9866682602
9866677
986667
9866665
986665a
9866644627
98666369
9866629
9866614041
98666
9866598131
9866589
9866569
9866552
986654
9866537
98665257159357
9866513
98665084
9866487837
9866481jd
98664646
98664631
9866462
986644
986643
9866425216
986641
986640
9866396
98663886
986637
98663616
9866352
9866346852
986633898
9866333
986632
98662810
9866278
98662694
9866258
98662530
9866248133
9866240
98661cy
9866180j
9866152
98661414
98661342
9866129476
98661183
9866116
986611
98661051
9866103342
986610
986607
98660478
9866040
9866028
9866000041
986600
9865tuca
9865skye
9865jj
9865amarie
9865ED
986599
98659874
98659865margulis
9865982
98659699
9865965
986594jp
98659279
986591
98659
98658821
986587
98658531207
9865818
98658167
98658072
98657892
9865774697
986575
98657432
9865712681
9865695c
9865653
9865626
98656161
9865582
98655549
9865546
9865532
9865522
9865518401
9865507
98655007
9865492
9865475
9865467946
9865460s
9865443
9865435981
986543210
9865422252
986542
986541
986538
9865375
9865366
98653469789159ri
986534
9865335852
986532q
986532a
986532953
98653265
986532235689
9865321z
9865321k
986532147
9865314472
986531012z
986531
98652922
98652416
98652341
98652297
98652166
986520652
98651975
9865184
9865146
986514
986512675
98651227
9865115
9865106507
986510
98650997
986507
9865043
9865038
9865019738
98650052
986500
9864pant
9864dest
9864a
9864PR19
9864985
98649638
986495887
98649538
98649349
98649275
98649209
98649056
98648946
9864851378
9864840
9864824
98648210
986481779
98647968
9864780
986475450
986473290691
986472
9864719382santa
98646844
9864664
9864652@
9864652
98646477
98646313
98646170
98646125
986457urlp
98645654
986455022
986453
9864525048**
98645201
9864515475
986450024
9864492
986448
9864443768
9864431
9864424
9864414508
98644006
9864354
98643396
98643217
98643185
98642rtfvv
986428+986428
9864267229
98642581
98642301
98642289
98642193
98642054
9864183
98641724
986414b
9864140kmg
98641288
986411
98640919
986409
9864079698640796
9864068149
98640632437
98640535
98640359
9864025
9864016153
98640103
98640027
9864000
9863ukias
9863nmci
9863ar03
98639863
98639647
98639390
98638876
98638576
9863838
9863770gtc
986376
9863751
9863747
9863722
9863680
98636534
98636394
9863632
98635981ddr23718
986358@26
986357
98635601
986351
98634j
9863472047
986345
98634376672
9863403
986340
9863387
9863377
9863368
986336
9863336
986333
9863321
9863319
9863311175
9863304
98632932
986328
9863252
9863247
986322727
98631841
98631704
98631547
98631512
986313
9863120
9863117320
986311
9863089810
9863068
9863062303
9863046
98630336400
9863003
9862zvikb
9862toy
9862mg
9862dad
986299
986298132
986298
9862974
9862931A
98629149
98629106
9862895SAMUEL
9862889
98628419
9862835
98628019790
98627981
986278ghj
986277
98627522
986275
98627424
9862722d
98627113
9862705366
98626wa
986269
986268870
98626581
98626488
9862619mar
9862584
9862563
9862557
9862549
986253
986251
986250
98624781
98624569
98624558
9862450
9862442
986243
9862423
9862417
9862402
9862362
98623555
98623469
986234003
98623243
98623205
986232
9862306a
98623
98622830
9862274
9862262
9862238
9862234571
986221
98622021
986220
9862161
9862148503
98621347
9862126
9862099
9862084
98620641
98620392
9862033cf
98620160
9862012
9862005
9861luci
9861gu)
9861alexis
9861993fion
986198
9861978
9861961
98619411
9861927
98619100
986189l
9861882
9861831
98618022
98618
98617866yetzita=)
98617669
98617594261288
98617429
9861734
9861718
9861693
9861680632
986167624
9861644
98616267
986161
98616019
9861598
986159
98615733
9861568
9861537
986151
98614710
9861454
9861434
98614058
98613t
9861381
98613773
98613397temucos
9861323844
98613090
98613039
9861299
9861295
986127
9861258
986124
9861213031
986119
986118
9861168
986115D*
9861141a
98611382
986112p
9861112
9861102d
9861098610
9861093008
98610845xiaoidiot7
98610784
9861073911
98610656
9861061ybag
9861050GERMAN
98610413
9861031842
9861014653
98610000
9861
9860kmcq
98609732
9860962
986093855
98609263
98609184
986091
9860901642
9860882
986085b
9860832
98608117
986080
98607871
9860744
98607275
98607113
9860708
98607
986067
98606684
98606639
9860641
98606221
9860616
9860579
9860571
986055
98605264
9860497
9860470
986045630
9860452329
9860430*
986041crh
98604127
9860401
9860385865
9860369
986035
9860327
98603093
9860290626
98602802
98602645
98602543
9860243596
9860240
98602351330
98602214
98602170
98602139
98601997m
9860188fernanda*
9860178808
986015
98601274
986010440
986010
9860096
9860079
98600598
986005711
9860049
986004012
9860034405me
9860034
9860027
98600182
986000c
986-4328
985tonga
985slidell
985sakuragirl
985p70394
985ntc6rg8
985nicole
985lion
985kfox
985jerm3896
985gurl
985geraldine
985est__yo
985e100s
985dogs
985boyjd
985boi
985aaron8
985Loser
985Huhbruh
9859988
9859939
9859933
98599175
9859904
9859899
9859885
98598820
9859859859654
9859859
9859856
98598382
9859822
9859817
985980
985977453
98597160
9859698
985966me
98596407
98596285=*telef*
9859614
98596
98595829856539
985955a
985951030
985950
9859461_:d
98594529641245
98594493
98594311
9859404jaja...
98593693
9859337
98593
98592790
985925
9859237
985922
98592
9859176
9859129
985912
9859112
98590813snow
9859014
9858wyukon
9858andaa
98589988
98589952
9858990
98589866mjbv
9858982
9858968
985893
985891769
98589132
9858894
985888
9858872
98588595mama{
98588576
985884798
98587904
9858787
98587656
9858731
98587212629
98587088
9858683
9858662190
98586598
9858650
985863703
9858622
985861032
9858606
98586033
985860
9858594024
9858589
9858580k
985857778402
9858558
9858544
985853
9858528-98
985851821812
98585110
98584937
98584889
985848
9858448
9858423
98584124
98584
9858397pl
98583909
98583714
985836955
985835
98583395
98583229
9858287
98582794
98582757
985825
98582427
985824
98582228
98582117
98581992
98581775
98581754
985817
985815815
985813
985812345852
985812
98580d
98580885
9858070
9858060353811
98580554
9858044
98580398
9858039
9858020
9858007
9857wl03
9857gmghs
9857@9857
9857988
985798
98579730
985793671
985792
9857913
985789k
985789
9857882
9857877
985784
98578183
98578015
98577926
98577752
98577614
985775
9857735
9857726
9857720
985770
9857691896882078
985767
985766
9857640097
985763
985761
985760
98575805
98575748
98575733
9857554
985751582390746]
98575132
9857493
9857470
98574491
98574455
98574123
985741
9857400
98573823
9857367
98573542
985732609322703
98573232
98573155
98572927
9857277e
985727
9857261557
98572281
9857219
985721
98572060
985716
98571142
9857100
98570850
9857081
9857052906
98570456
98570422
98570374f
985703
9857
9856wer#'
9856sklunk
9856psj
9856mm
9856kar
9856goh
9856Liz
9856997
9856985kem
98569855
985698
98569739877800
9856968
985696
9856951
9856943
9856936
985693
98568915
98568801
98568745
9856863
98568160
985680
9856785
9856772
9856765p
98567413
9856740
985673412
9856713
98566tw
9856694b
9856679
9856665
9856657
9856641
9856622
98566163
985657591618
98565704
9856566
9856556
985654952259856
98565422
9856506
985647
9856459820
9856443MAYRA
9856437
985642527486
985642
9856411880
985639154
98563792
985637
98563646
98563497pv
985632pond
985632l
985632741tessa
98563232
98563214789
985632145
98563212
98563192
985631207
98562hz
9856281910
985627
9856263o
985625
9856244
98562413
9856236
9856225439844
9856207
98561995
9856182957
9856169lady*
9856147
985614
98561225
9856067
98560631
9856058990019355
9856038
98560291
9856026039
985602
98560061
985600098
9855so
9855grene
9855990
98559845
98559759
98559699
9855932
9855928
98559087
98558872
98558669
98558660
98558552
9855853600
9855841
98558332
9855824641
985580
98557805
985576bb
9855760
9855755
9855751001
985575
985574
98557287
9855712m
985570
98556jks
98556655
98556579
98556530
9855641
9855637
985563
985562
9855609123
9855607
985559002
98555662
98555589
98555580
985555
9855541239
98555200
98555146
9855504299
98555014
985549
9855475993
985547
985544621
9855428812
9855421
9855409160
985540
98553739214
9855348822460176
98553284
98553231
9855313000
9855295
9855276919
985525018
985524
98552123
98551988
985517736
9855169
9855160221
9855142
9855137232
9855129
9855113,kevin
98551
9855092097
98550817
985507
98550589
98550562
9855044137
9855030545rimpa
9855013
98550111
985500oo
985500
9854pa
9854ar
98549930*123
985499
98549854
985497332
985494
98549214
9854909
98548956
9854886
9854881789
985488
98548641
9854854
9854842347
985482
98548125
9854786132
98547791**RODRI
9854762130
985476
9854746
98547272
98547079
98547011
98546T
9854674
98546521as
985463729
985462317
985461510
98546088
985460
9854581
98545773
9854557rosa
9854509749
9854477
985447
98544546patty
985443gla
9854414
98544039247
985438
98543705
9854328a
985432159
98543191
985431267
98542_!%dob
985429
9854281
9854271
9854268
98542625
985425089
9854234
98542234
985421shiva
98542132
9854211
9854195
9854172
9854164263
985414
985413083b
9854126
9854123
9854115
9854102lflo.,
985409
985407503
98540543
98540282
9854025989
98540204
98540123
9854002
9854
9853vanj
9853swim
9853doc
98539956
9853991
98539844
98539548
98539249
98539
98538687
9853862350
9853842
9853811
9853796
98537935
9853765
98537453261
985374
985372140hg
985371616
985371394
98537115
98536lK
98536792
98536738
98536592
9853642
985362
9853606
98535997
98535861
98535717
98535619
985355889
9853551
9853533
9853516823
985349983
98534935
9853464
985346
9853452
98534365
9853395
985337746
98533704JAVIER
9853367
985335
98533252
985328
985327274
9853261
98532490
9853246
9853240a
98532345
98532296
985322
98532167
985321
9853198856
985317001
98531693
9853154
98531462
985313116
9853125
98531221
985309996
98530937
98530689
98530597
9853015
985301
985300514
9852meng
9852jgda
9852997n
985298
98529774
98529731
985296
98529467
9852925529
985291
98528li
9852882a
98528746
9852851
98528404
985283303
98528011
98527962
9852779
9852767
985275
98527216
9852670805
985266
98526547
985265
98526471
985263228
985261p
98525vbakn
98525903
985257394
985255
985254
9852528
98525217
98525068
98525
9852499852
9852489...576858
985247
985246123
9852456
98524503
98524303
985242847
985241763
985241337
98523p
9852393475
9852388
98523799
985237
9852367410
985236417
98523628
98523494
98523305
9852328j
985232589
98523167g
98523020
9852295117
98522818
9852271
9852260
985225
985223
9852223
98522132
98522040
98522
9852197
985219507
98521878
985218
985217456302
985216
98521553
9852151829
985214830
98521456
9852136547
98521295
985211dj
985211258
98521100
985210lol
98521099
98521053
985210,
98520716
98520613
985206
9852047832
9852046280
98520334
985203
98520190
9851n8
9851km
9851clm
9851997
9851994
98519851
9851979
98519741
98519590
98519568
985194481988
9851925213795
9851898715
98518751
98518671
9851850
98518388
98518300
98518185
9851798
9851790
98517830
985178
9851772
98517614983
9851751
98517371966
9851724
98517105
9851698
98516923
98516821
9851667
9851660
98516333ornela
985161997
98515764
9851560
9851556
985154
9851535AE
9851514
9851490
98514813
98514723
9851461
985145518
98514436
985143
98514155
9851372
98513654
985133
985132467
9851313
98513044
985128447
98512460
985124030
98512396
9851235
9851225
985122
9851208
98512
98511m
98511945
9851191
98511747
98511589
98511495
98511424qwe
9851136
9851127
9851120
9851119
9851100627
9851098404
9851092145
9851090797
9851087176
9851084652138725
9851081949
985107j
9851076892
98510721426
9851068105
9851065758
9851065059
98510626vm
9851061042
9851056065
98510534
985105
9851048
9851045193
9851044
9851041611
9851040457
98510376
9851034094
9851031943
9851030550
9851029260
98510270
9851026288
9851024526
9851023099
985102
9851018338
98510140
9851013
9851011074
9851009696
9851008163
9851007402
98510033
9851001156
98510
9850nad9850
9850gocyv
9850LOI
9850998531
98509978kelly
9850995
985099
9850985289
9850965013
9850949850
9850929
9850924
9850912
9850905
98509020
9850891
9850870821
9850856
9850823830
98508168
98508000
98507bob`
98507875
98507835
98507633
98507580
98507413
98507286
9850720
98507116
98506896
98506739
9850668707
9850640
9850626257
98506212
98506033
985058047
9850568
9850550
98505409
9850537
985052yij
985052j
9850519
9850510
9850506
985050
9850489
98504818
98504764
9850467312
9850464
9850445
98504183
9850414
98503jrc
9850392
9850360
9850351kiss
9850332800
9850316
9850314
985031
9850282077
98502769
98502681
9850262912
98502576cg
98502555
98502512
9850225520
9850214
98502040
985020
98501kb
9850172
9850159
9850147
9850137
98501346
9850124011
98501228
9850121872
9850119
9850117
985011
98501022
98500861
98500798
9850068o
9850047
985003
98500221
985001ag
9850014
985001
985-4912
984x611
984sgdlhk
984qjw5m
984pn
984owsh
984life
984gracie6124
984fbj
984erzebetchild99
984cris725143
984alonzo
984KMP
9849tl
9849ak025
9849998
9849984
984998
984994
9849913150
9849890250
984988
9849865
98498557
9849845
98498201
98498
9849788021
98497457
98497356
984973
9849694542
98496481
984964
98496328
9849628
9849614003
98495900
9849576145
98495604
9849543
9849539999
9849529391
9849511
9849500aylinmaxd
98494beth
9849484719
9849478n
9849463
9849436
9849391
9849375
9849325787
98493235
9849297411
9849282802
9849268594
98492500
9849241946
98492393
9849225816
984922
9849196421
9849191
984919
98491866
9849181fio
9849169535
98491618
9849144523
9849128
9849117
9849097985
9849078359
9849069tati
9849062198
98490596
9849050970adil
9849031624
98490049
9849
9848lg
9848cm
9848996288
984899
98489832
98489818
9848964110
98489631
984895
9848941
9848913j
9848907981
9848894
9848880790
9848875
984886033600
98488519
98488486
9848843093
98488274
9848819
984881130
98488072
98487945
98487767
9848757753
98487240
9848710
9848690**
98486841TITI
98486624
98486476yo
98486420
9848597
9848592007
9848586934
984857
9848567
98485457
9848522
9848516289
98485
98484780
98484762
98484674
98484472
9848443700
9848404931
98483803
9848370
98483604
9848343074
9848318
984828
98482661
9848247
9848216919
98482127
9848187
984818264
984817
9848156554
9848131885
9848118112
9848101206
9848078
9848073373
9848059
9848032422
9848028615
98480202j
9848007589
9848005
984800
9847bhd
98479931
984799
98479735
9847964
9847954
98479512
98479295
98479226
98478933Yo
9847879
9847872099
98478600
98478541
9847834132
98478240
98478097
98477703
9847757353
98477561
9847747
98477326
984770
98476960
98476722jjj
9847662748
984766
9847649
9847628353
9847620296
984756514230
98475433
9847527
98475144
9847487
98474694
9847449988
98474415
9847435
98474282
98474173
98474159
9847409906
9847398
98473669
9847321960
98473114
98472955
98472781
9847255
98472492
9847222506
98472065
9847178
984716
984715
9847139644
9847128
9847115182
9847103218
9847101848
9847101000
98470889
98470714
98470544k
98470528
9847045294
984704
9847029447
9847022773
9847020
98470047
98470033
9846fbrj
984699j
9846980c
9846952
9846900
9846880
98468501
98468466
984680pfkpetra
98468026
98467nk
98467874
98467543pm
9846747
9846722895
984670
98466889
98466817
98466595
98466544
984665
984661
9846604
98466026
98466
9846572
984657
9846567
98465417
984654
984653302
984651327
9846500
9846474kylle
98464627
98464568
98464519
984644
98464119
98464056
984639
9846379h
98463739
9846364
9846358
9846345
9846331
98463286
984632
9846287
9846272
984627
98462468264
9846227
984621
9846173379
9846162468
9846121345
98461173
9846109959
984610
9846099139
9846078033
9846065861&salma
9846062624
9846058330
9846052
9846048980
9846041352
98460382
9846032727
9846032020
9846030227
9846024654
9846018
9846013398
9846004
9846
9845morris
9845993580
9845931804
98459139
9845880314
984586773921689
9845839583
9845816821
9845806
9845795
9845777520
98457617
98457446
9845738
9845723979
984572
98457067
98457
98456940
984569
984568035chela
98456733
9845663806
9845657977
9845654983341
9845644
98456321
98456242
9845623
98456173
98456026
984559
98455724
9845558
98455159
9845504
98455003009
9845492
9845444484
9845438
98454278**
98454263
9845417
9845410276
984539
984538
98453721
984537
9845367072
9845355189 2353907
9845347457
9845332
984532167
984531606
9845307
98453015
9845289535
9845276553
9845263
9845247445
98452398
9845231
984522
98452080
98452
9845187v
9845175
98451601
98451521
98451441
9845132
98451140
9845105259786
9845103031
9845092652
9845080652
9845072235
9845066385
9845051
9845050599
9845047662
9845045440
9845042701
98450398
98450266
9845024960
9845022352
9845016
9845013
984500567
984500
9845
9844qwerty
9844mikayla
9844bmpo84625
9844DIVA
9844975
984496
98449457
984492K
9844914
98448913
984487
98448518
9844849
9844844
9844818758
984480h
98447938
98447781
9844766
9844753407
98447404
9844737765
9844701
9844675400
9844666..
98446449
984464
9844630
9844615707
98445993
9844592541F
98445817
98445740
9844550
98445422
98445285
9844488870
9844481
9844453916
9844426
9844414529
9844390774
9844389
98443839
98443819
98443708
9844352658
984435
98443274
984431
98442l3
984428444
9844276268
9844267
9844256
9844229
98442252
9844214397
9844179806
9844148
9844136264
9844127
9844119934
9844116
9844113007
984411269
984410
98440798@@
9844054962
9844039
9844034094
9844028
98440267
98440245
984402230
984402
984401
9843narin
9843hp
9843bank
9843987561
98439853
98439843
98439694979
98439562
9843932
9843921390
9843898438
9843894
984388
9843854
98438435
984382204584120
9843817575
9843727
9843714
9843697
9843686
9843672552
984365
9843611
98436006
9843592293
9843588
9843575
9843567
9843564271
98435347
9843514367
9843508
9843466493050929
9843456391
9843442637
98434365
9843431824
98434183
9843392
984338522
98433768s
98433632
98433561
9843327
9843322
984331
9843309880
9843288820
98432685
9843260
9843252
98432490
98432111
98431952
9843189980
98431769andi
984312
98430835
98430734
98430647.emeria
9843058621
9843056
9843047
9843039
984301fay
98430076
9842lum
9842997
984299
9842981980
98429689teamo
98429419
98429
98428913
9842881675
9842861
9842826038
984282
9842807
9842803b
9842794346
984277148
9842750677
98427462
9842721
98427135
98427032
984270
98426909
9842675854
98426710
98426568
9842654132
9842649
9842641
98426333
9842629652
9842602
984259832
98425888
98425833
98425822
9842555511
9842535381
984252
9842502
984248244442
9842468011
9842464
98424253
9842412316
9842396324
9842391
98423732$ck
9842371
9842363592
9842339
9842332383
9842328402
9842326
98423000
98422s6k27k62
984229
984226
9842251915
9842240
9842230196
98422111
98422001za
98421959f
9842192144
98421683
9842136
9842123
9842119
9842111504
98420a
9842097670
9842091648
9842081314
9842073687
9842067
9842061383
984205353
9842051533
9842050185
9842043508
9842037547
9842035758
984202560789
9842023028
9842
9841saroj
9841kaw
9841infj
9841dnc
9841avo
98419985
9841985868
98419803
9841973337
98419644
9841958182
98419547
9841941861
98419296345
9841927191
9841924570
984191334
9841904776
9841896304
9841880575
9841878366
9841869179
9841865860
9841860277q
9841858
9841853053
9841852118
9841849324
984184181
9841826666
9841823266
9841822885
9841820991
9841819
9841816591
9841812985
9841807
9841803512sn
9841790681
984179
9841785834
9841782849
9841780159
9841778158
9841773858
984177
9841769194
9841759747
9841758418
9841755749
9841755448
98417523
9841749726
9841747595
9841745466
9841739933
9841739
9841732745
9841731
9841728280
9841724
9841722978
984172
9841716454
9841707522
9841705122
9841704198
9841699496
9841696348
9841693780asd
9841692793
9841691031
9841684298
9841679563
9841678412
9841673734
9841671200
9841668854
9841666127
9841663664
9841658085
9841654574
9841652246
9841647664
9841646930
9841646
98416440
9841643740
984164
9841635916
98416321
9841630563
9841619361
9841615148
9841609252
9841608514
9841606756
9841603970
9841602534
9841601099
98415987
984159272140705
9841589834
9841587587
9841580618
9841579962
9841578212
9841577541
9841572648
9841568240
9841566463
98415656
9841564
98415621683
984156
9841554728
9841551214
984155
9841549161
9841545917
9841543334
9841541246
9841535953
9841529952
984152748
9841524244
9841522280
9841522
9841521340
984151s
9841512972
9841510
984150977916719
9841508175
9841506290
9841504852
9841501061014289735
9841500
9841496809
9841491953
9841487161
9841486780
9841484910
9841483201
9841476480
9841473118
9841465379
9841462376
9841457038
9841454585
9841451463
9841450131
9841449083
9841448248
9841445352
9841443867
9841443268
98414413
9841440515
984144
9841436246
9841434852
9841432180
9841431990
9841428693
9841428413*sss
9841424
9841423372
9841423020
9841419596
9841419
9841416138
9841415902480.0
9841415248
9841414182
9841414
9841407616
9841402969
9841402095
9841401477
9841399804
9841398
9841393581
984139
9841389322
9841389085
9841383818fire
9841379372
9841378551
9841373556
9841372701
984137
9841368511
98413675
9841363090
984136007
9841358160
9841356239
984135071
9841343160
9841341271
984134
9841336178
9841333706
9841331338
9841327650
9841327016
9841321840
9841321
9841320095
9841319100
98413145d
98413123589841468044
9841311569
9841311211
98413105
9841305687
9841304192
9841300748
9841297859ismyno
9841297342
9841295476
9841293514
9841288887
9841287169
9841285580
98412838
9841280875
9841276350
9841273478
9841271753
9841270320
9841268885
9841266947
9841265723
9841263588
9841260
9841258778
9841255155
9841246413
9841242513
9841241356
98412393
9841234768
9841230590
9841227236
9841222914
9841221141
9841219663
9841215415
9841212793
9841210198
9841207
9841206082
9841204042
9841201786
984120
9841181069
98411746
9841170831
9841164552
9841152577
9841142617
9841137
9841130097
9841116038
9841111583
98410972
98410910
9841088876
9841085
9841070h
984105BH
9841053209
98410426
9841038
9841031435
9841026715
9841022290phone
9841013370
9841
9840jc
9840crl
9840Orphen
984098
984097
9840962002
9840949689
98409286
9840902
9840896152
9840872828
98408394
9840835567
98408081
984080
98407739
9840767652
9840737670
9840729
984071
98407070
984070
9840684
9840681534
9840665676
98406546ll
98406481
9840616
9840613
98406090
98405787
98405528
984054518
98405068
9840504376
9840497919
9840486
9840457330
98404271
9840423873
984042
984040jew
98404
9840385
9840349
9840310894
98403027
9840300
984029
98402784
984027
98402685
9840250
98402273
98402162
984021
98401943
98401688
98401601
9840139624
9840129tkmninio?
98401248
9840112
9840109052
9840099428
98400878
98400663
984005M
9840050698
9840048
9840036380
9840025g
9840010336
984 5549
983u323
983rmit12
983grumpy
983fzf
983cris7
983blue
983=tjaj
9839989_9949089
98399853
9839983
9839959
98399212
9839911
98398jjp
9839884
983987641405523
98398463
9839844
9839838
9839827
98398219
98398083
9839794
9839780
98397592_barbara
9839744205
98397400
9839712
9839703
98396468
9839636
98396272352
9839620852
9839610
9839607
983959826
983959
98395614*-+
983954798
98395241
9839502
9839467
9839447
98394343
98394285
98394084
9839382
983936
98393581
98393454
98393342
9839272968
98392414
9839234
983922
9839202
9839180
9839164
9839136
983912522
9839119
98391099
9839083
9839074566
98390501
98390457
9839043
98390233
983901
9838stan
9838cool
98389987
9838986
98389539
983894
98389251
98389016
98388949
9838845531I
983884
9838822
98387971
9838780
98387657
9838742
9838715
9838665292
9838656123
9838650624
98386397
98386207
98386087
98385841
983855
9838515977
9838505
983846741
98384588
983845
9838448
9838434
98384204
98384145325
9838402as
9838399
9838389786
9838372
983834
98383146
983829
98382424
9838233234
9838223
983821001
983820871316
98381948
98381836
9838179
9838173
9838143
98381280
98381231
9838116
983811
9838069
9838060
9838046
98380450
9838033
98380170
9838002
9838.s
9837983
9837969
983796
9837922
9837910m
9837834
98378177
98378
983777
98377586
9837741
9837734mae
9837732
98376966
983765
98376259837625
9837615
98376073
9837572
983751ana
9837516627
98374as
9837493967
98374710
983744
98374319
9837414
98374066
98373jt
9837398
9837376
9837362
98373302
98373179
9837288
9837271855
9837261024720
983725
9837247
9837216
98372038
98371700.igle819
983716
9837145j
98371284
98371247
98371236
98370961
9837072172
9837049990
983704
9837032509
983702678
9837009667
98370000
983700
9836lh
9836LIMONES
983699
9836971
983695
98369438
9836912
983688
9836870
9836863
983684
983681
98368041997225
983673
98366628
98366547
9836634
9836616
98365784
98365463
98365289
98365223
983651
983650270TANKSlor
98364984
98364633
98364615
98364459
9836431
983642
9836373983
983634et
9836308
9836284
983626tam
9836255
9836241h3ro
983623
98362263
983621b
98362006
98361829
9836169
983615
98361414
9836127360
98361017
98360681
983605
9836039721
983603
98360210
983601
9835nocr
98359835
98359711
98359233
983591102
98358998
9835859
98358425
9835821
98358022
98357paszg
98357710
983576
98357403
98357279
983568
9835660257
9835657
9835645881
98356347
983562k
9835615301
9835607
9835589
9835557009
98355562
9835538
9835521
98355125
98355032
98354gryrw
9835493496
98354882
9835482875
983546
9835452674
983545
9835441660
9835432
9835416
98354082
983540
9835396
98353702
98353527
98353281
98353180
983530
9835292
98352714
983525981234
9835254452
9835242
9835218322
9835210
98351996
9835195651
9835189685
983516
983515
9835133
9835131
983512682
98351213
98351082
983510224588
98350932
983509
9835075
9835072
9835046
98350289
98350210
983501
98350069
9834stevie19
9834ce
9834991
9834981
98349632
98349384
98349201
9834897
983489
9834865
98348452
983484
983482
9834801
983477
9834754
9834736
983470
98346aptag
9834683
983468
983466702534
98346614
98346394
98346245+98338347
983461
98346
983459
9834579
9834563
9834531
98345057
98344904
9834476
983447
9834460
98344269
983442
98343759
98343642
98343413
983432m
9834313431
98342gzxn
9834257
98342482
98342427
98342094
98342
9834163
98341558
98341455
98341306
9834116
98341087
98340945
9834091
98340815
98340634
98340498
9834041
9834017
9834003
9834
9833jj
9833aras
98339967
98339833gg
9833966
983394254
983394
98339267
983392
98339018
9833890
9833880rm
9833859a
9833853220
98338242
983381621
9833805
983379
983378
98337579750304
9833735
9833719
9833678402
983366
9833651
98336425732501
9833620
9833601
98335931342
9833560594
9833548
98335420
9833512
9833504403
983348
98334696
9833452
98334423
9833436548
98334151
983340m
98333875
983338
98333639
98333524
9833347405
983333
9833305
98333017
98333000027
9833299077
98332778
9833253
98332460
98332427
983322s
98332283
9833211080
983321
98331forks
98331957
983318
9833175
983315sh
98331536
9833138443
98331214
98331013
983309393
9833077751
98330595nxr
9833046579
9833010090
9833001
9832nipsu
9832RLL4656
9832KALOALY
9832991
98329853
9832944
98329379846664
98329216
9832911228
983291
983290
98328i
983288
98328797uam
9832877
983286
98328541
983283
9832801
9832789322
98327760
98327641
9832757
983275
9832738
98327223
9832704
9832696a
98326879
9832677
9832673
983267
983265714
98326541
983265
98326182008
983260
983259
9832568
983252681
9832521xavfoxy
9832510203
98325040
98324844
9832469247
9832466200
983245671
98324504
98324322
98324116
98324
9832389463
98323817
98323725
983235kp
9832352
983235
98323396
9832333625
98323287
98323245
9832315871
9832315
98322ighrd
98322901
98322612
9832242
983223
98322196
9832208
98321je
9832194034
98321712
9832164
983216
983215515
983215
983213
9832123541
9832122
98321036
9832097319
9832091032
9832088300
9832076m
9832055056
98320407
9832035
9832031365
98320055
9831pmjj
9831is
9831dah
98319320
9831915
9831910323546
9831899
9831892158
9831879
9831865625
9831854
9831845745
9831836506011988
9831822
983181
9831799107
9831790
9831781730
9831763459
9831755378
98317370
98317206
9831707655
9831703691
9831694
98316638
98316498
9831632514
98316214
9831572
98315630
9831562
9831552660
98315516
98315445
9831528
98315008
98314950
9831474711
98314226
9831414
9831383
9831369
9831357
983135
9831341491
983132417
9831314711
9831307
9831289197
983128
9831255
9831248047
98312423
98312244
983121492
98312008
98311b
9831187793
983117j
9831158220
98311566
98311400
9831129676
9831120
9831112
98310772
9831074609
9831062
9831055
9831053507
9831048
98310396
9831029729
9831025
9831011960
98310087
98310040
98310
9830tiara
9830hmk
9830antz
983099
983096
9830959
9830943978
9830922083
9830893
9830888896
9830871712
983085
9830846
98308421
9830832
9830811
9830789
9830777
983075440
9830744
98307308
9830708
9830699
9830685sid
983068
98306712
98306615
98306549
9830641
9830612937
9830604
98305a
98305894
98305709
98305670
98305535
98305446
98305354
983052367
9830514
98304982
9830495
9830484706
9830471671
983045983045
9830450(fkza)flor
9830419175
98304117
9830408908
9830401
98303delcar
98303883
9830382
9830358
98303376
9830329138
9830327284
98303188
983030
98302mosdp
98302984
9830289145
98302649914263
9830247924
9830247
9830246491
98302367
98302342
9830221150
9830201098
9830194
98301822
9830162
98301600
98301592
9830139652
983013
98301164431235
983011
98301024
983010
9830086
9830074818
98300700
98300661
983003cena
983003
983002
98300056
98300
982wibble
982sycvm29
982riodemoinhos
982patolina
982lqt1m
982hardtodO
982gdsm
982du573
982burela
982PBYXU72
9829mzkpn
9829jalyssa
9829boom
98299887
9829971
9829938
98299287442004
9829895425524
9829856
98298531
9829844
98298399
9829816718
982981
982979kris
9829748307
9829741719
9829688414
982967123
98296653
98296404
9829618643
98296058
9829598870
9829590436
9829577264
9829565
9829558
9829537307
9829527
9829499
982949180m
982946
9829454lqp
9829435
9829418000
98293846
9829379
9829375678bb
9829359256
98293476
9829343
9829318856
9829303
9829274743
9829269
9829233282
982920
9829178680
982916
9829146
98291334
98291218
982912
98291132
9829108850
982910
98290560806039
9829052232
9829028213
9829024298
98290110
9829
9828nti
9828aeju
98289954
982899
98289828
9828958
98289456
9828930
98289108
98289086
982890
9828869
9828860117
98288381
9828820
9828815+
98288056
9828797
98287926
98287612
98286915
982868512
9828649
982859
9828555818
9828518321
9828511000
982850
9828489308
98284848
98284756
9828457
9828436
9828412982
9828405
9828400716
9828387
9828369
98283608
9828335
98283281
98282973
9828283
9828253
9828226102
982820
9828195
98281877
9828176
982814618x
98281367maher
982812
9828116
98281018
9828093265
9828077473
98280625liseth
982805
9828047032
9828042342
982802jr
9828010
9827sbgku
98279827
98279799
9827969
982794l
9827910
9827882
9827861057
982784
982782a
9827797
98277544
9827749960
9827704
9827696
98276912
9827678088
98276561
9827638
98276123
982759512345
9827571
98275571
98275492
982754
9827532.
98275221
98275
982749
982745
98274328
98274252
9827422
982740
9827393709
98273898
98273836
98273790
9827365
9827353uw
9827344
9827314635
98273086
98273
9827278487
982727
982726
9827235341
9827210720
9827205
98271966
9827167551
9827140
98271284
9827125
9827123
9827114
98271044
98270m
98270961
982708
9827075
9827067071
9827061
98270509
9827042
9827024
982701a
9827010432
98270013
98270
9826nolan
9826iren
982699
9826981
9826959536
982694
9826926
982689
982688
9826878
9826868
9826850013
9826836744
9826830602
9826829
98268160
982678j
9826773302
98267525
98267427
982672
9826711
9826694
98266874
9826669573
982665hg
98266477
9826645
98266337
9826610730
9826598
98265906
982658
9826566
9826559
982654
98265293vc
9826513
98264623
98264542
9826431507
982642
9826405pnc
9826398818
9826369
9826362258
982635
982634
9826337
98263318833836
98263255
9826315
98263081
9826298004
982628
98262606
98262564
98262457
98262385
9826223105
9826222969
9826217
9826200
98261933
9826168
98261642531
98261522
982614142261
98261229
98261093
9826101soly*
982610
98260848
98260621
982606
982605
9826046028
9826030
98260
9825mgme
9825er
9825bego
982599632
9825983
98259825
9825973410
9825971
9825941006
982593697
9825933
9825922612
9825912
98258963
982589541324
98258861
98258733
9825862
98258522
9825832202
982581
9825796
982579
9825774
9825762256
98257424
9825735a
9825703914
98256jasmine
98256907
98256679
9825658589
9825629708
98256222
9825610257
982560
9825591
9825584007
9825582777
9825565
9825557148
9825555
98255446
98255352
982551217
9825502
98254922
982548206
9825475192
9825469006
98254658
982546
9825447
982544
9825437
9825433688
9825427777
9825423d
982542
98254088
98253888
9825383648
982538
982536284897
9825359515
98253370
98253283
9825319125
982530a
98252qkpdd
98252890
982527
98252589
98252514
98252427
98252424
9825220
9825197756
9825163826
98251560
98251408
9825129982
9825122275
982512
98251199
982511
98250xzgw
982509
9825076273
9825072101
9825066316
9825063458
982505260421
982502651372
9825009717
9825000070
9824jm
9824jall
9824casa
98249bri
9824993
98249883
9824980
98249600
98249556
98249473
982492
98249120
982491
98249011a
9824889020
98248827
9824865+teamo
9824860
98248496
9824846
9824827198
9824816453
98247875
9824781
98247679
9824757
9824738306
982472a
9824723105
98247091
982470
9824694198
982468
9824667
9824652
9824632910
982459897
9824572240
9824560212
982454
98245365
9824532767
9824500741
9824468
98244502516
9824425
98243mzjtb
9824374407
98243666
9824362461
9824355319
98243450
98243217
9824315182
98243074
9824293
98242864
9824260
98242530
98242528
98242313natasja
9824211101
982420
9824191814
9824189
98241663
982415
9824138
9824121733
9824111431
9824102007
982410
98240sx
98240911
982409
98240885
9824072
9824060
9824052neo
9824046786
9824042
98240369
9824033155
9824022
9824013826
9824001602
9824001
9824!03yes
9823kg
98239c
982399
9823982
9823978134
9823965
9823945123
9823942
98239234
98239015
9823892
98238874
98238822
9823871146
98238490
9823827
9823812c
98237gzemc
982378889
98237791
98237525
9823742
9823712
98237078
9823698236
9823684
98236737
982366
982365
98236380
982361
98236
98235882
982358
982355
98235419
982354
98235193
98235029
982348lau
9823471
9823460
98234546
9823414
9823398s
98233862
98233781
98233554
98233480
9823339
98233328
9823331172
98233289
9823314298233142
9823309406
98233021
9823284160
98232759
98232651
9823261
98232528
98232507
9823245
98232222
98232143
98232123
9823210
9823207noemi
9823199300029
982319039
9823185515
982317
98231656tmi
98231625
9823153
98231290
98231234
982311DANI59
9823112
98230lovety
9823090374
982308059
9823079109
98230660
982306
982304224
9823040
98230334
98230215futte
9822th
9822as
98229995
98229901shame*
98229834an
9822955
98229497ss
98229261
982292
9822908
9822902
982289982289
98228895
9822885
9822868777
9822843
9822835
982283
982281a
98228163
98227k
98227841
982278
98227719
982273
9822722
98226962
9822671
98226638
9822651
9822644
98226360
982262
9822612689
982260206
982260
98225983
98225882
98225678
98225588
9822532234
9822527345
98225223
982252
98225048
9822500312
9822498653
9822455
9822454
982245
9822446
9822430j
9822427
98224
98223YAN
98223744
98223670
9822361142372519
9822355
9822343
9822332
982232
9822292
98222829
9822273
9822269
9822253
9822239377
9822235
98222285
98222118
9822202
98221wa
982218799
9822175021
98221530
9822145
98221315
982211j
98221146
9822102
98220926281425
982208491
982208
98220724
9822059691
98220512
982204
98220291
982202468
982202
9822013
9821ppey
9821jl
9821isa
9821dennis
9821989694
98219639
98219564
9821928283
982192
98219162
9821908sys
98218949
9821879967
9821872002
9821865
9821831657
9821810
9821803
982179031801
9821777523
98217600y
9821734650
98217193
9821704950
98217
9821688
98216489
98216272
982162
9821614
98216113
982161
9821605
98216
9821596583
9821575963369
9821546
982151
9821481
9821472812
982145
9821437099
9821435
9821426898214268
98214236
98214151
9821401
98213s
9821382718
98213740
9821369555
982136
9821335028
9821320
982131
98212980
9821279
9821258
98212505
98212318
9821230
98212202
9821216696
9821202
982120
98211n
98211946
98211851
9821168317
982116
98211506amor/e
9821140340
982111jz
98211106
982110356
98211
9821088
9821060ydiana
98210512
98210344
9821032
982103
982101b
98210054
98210026
9821
9820numbuck
9820leb
9820Nelson
98209th
98209956
9820983
982098
98209613
9820959
98209292
9820908
98209004
98208poop
9820859
9820833
98208163
9820811
9820809601
9820802144
98207p
9820773326
98207625
98207422
9820722
982071b
9820714
982070tg
98206911
982068
9820658
9820641
9820608951
98206042
98205978
982059
9820531
98205200
9820508876
9820501622
9820501
9820491027
982048
982046
98204439
9820437
9820419470
9820392899
982039
98203833
9820373146
9820360
9820355
9820334
982033
982032
9820309
9820302
9820287-8
98202689
98202550douguie659106duarte
98202550
9820234290
98202237
98202177
98202117
982020sedruol
98201jan
982018
98201727
98201707
9820157824
9820152
9820150454
98201288
9820123900
98201215
98201180
9820114746
9820105
98201029
9820099
9820096265
982009
9820082586
9820076
9820068071
9820048
98200280
9820013
9820001
982.8698
982-3381
981wenty
981princesshour
981molly981
981k983k
981e355
981bzl
981CRAZYcajun
9819mmc
9819acf
9819987990
9819981769
9819955C
98199462
981993laura!
98199260
981992*john
981991d
9819910
981990paola@
9819909
98199
981989a
9819899
98198984
981987ed
9819871
9819846373
981983b
98198313
9819822717
981981708708beniaffet
9819812008
9819805
9819792
981977
98197495
98197258
9819709466
98196faggot..
9819685
9819671
9819665
981966
9819655
981964
9819630
98196225
981961
98195895
98195734
98195678
981956
9819548178
9819540950
981953
9819527
981950
981945h
981944
981942
9819413254027
9819383944
9819380451
98193346
9819296
9819279
981927
981924339
981924
9819234
9819216
9819204078
9819200
9819176
981916pre
9819167793s79284
9819157
98191350
9819088
9819079
9819073933
9819071
9819042657
9819032637
9819021ino
98190090
981900220
981900
9818ohmmy
9818PUNK
9818990
98189825
981897z
9818967
981895av
9818947930
9818921
9818911
9818884
98188789
9818877875
9818862
9818847065
981884
9818835839
9818830218
9818813133
98188038
98187854
98187763
9818748187
981872963
98187068
9818699
9818688
98186794
9818659
9818646410
98186293
9818615945
98186027
981857
9818563
98185456
9818535
98185186
9818511k
9818503933
98185
9818498308
9818481560
98184744715
981845
98184458
9818435415
9818425091
9818422480
981841026
9818392228
9818388960
9818376
9818362453123
98183428
9818323067537233
9818319
9818316661
9818293
9818280
98182638
9818262225
981825
98182359
9818228076
9818212388
98182
9818196458
9818179
9818167
9818165498
9818158
9818154245
9818140079
9818131415
9818128244
98181189
98181132
981811
9818103782
98180983
9818084
981807
9818066020
9818053205
9818034
981802
9817reverse
9817lml
9817atoc
98179980
981798290640
981796
9817951
98179201
98179028913174
981788729
98178756
9817838
98178222
98178085
98177q
981777
98177645
981774019
98177
98176736
98176385
9817625
981761tyf
9817611
9817596
9817554
9817530c
981752
98175080
9817500
981745350
9817447590
9817433150
9817406
98173610
98173221
98173027
98172902
981727z
9817267624
9817246
98171917
981717
9817136
9817132
981711
9817091me
98170877
9817080468
98170761
9817069118
981706
98170474
98170449
98170405
98170213
98170100
98170006
9817
9816connors
98169899
9816970
9816954
9816949
9816932
98169131
9816903
98168929
9816864585
98168632
9816861
981685193489
981685
981677
98167672
98167477
9816721
98167
9816690
9816686
98166599
9816651
9816636
9816622
98165b
981659t
9816584
9816577019
9816554
9816549
981653687180496
9816528
98165241
9816515727
9816490656
9816480354
98164535
98164376
9816434
9816412
9816401
98163953
9816388
98163415
9816325758
9816301
98162919
981628
98162761
981627
98162537
981624
9816196
9816188780
9816164521
98161544
9816145921
98161421
9816138405
98161270
9816115005
9816108806
98161014
9816098
981607
98160590
9816042
98160261
98159753
981597
98159497
98159420
98159174
9815906
9815895m
9815886
9815870365
981585a
9815844799
981583
981582
98158140218-
9815813426
98158084
9815789
9815780
981577a
98157685
9815751k
98157436
981574
98157226
98157004
9815669
981564t
9815646603
9815640
981563
98156229
9815604243
98156
981558
9815571448
9815564870
9815557559
9815534122
98155255
9815521173
98155166
981551
981550332350956
9815501
9815497554
9815485381
981548
9815470585
9815464416
9815457
9815441
98154254
98154152
9815411454
9815406
9815405
9815398153
981539276400
9815384
98153730
9815355890
9815350042
9815330473
98153285
9815324472
98153204
9815311110
98153055
9815284e
9815281
9815277933
9815272367
98152643
98152578
98152474
981524
9815224641
9815212794
9815208123
9815187999
98151828
98151700
9815165104
9815152
981512Nalle
9815125349009
98151150
9815098150
9815073119
98150703
981506
98150490
98150467
98150351
98150312
9815024
9815015
9815012360
98150037
9814ma
9814994
9814971
9814964
9814949479
9814942692
9814906889
9814898n
9814881
98148404
98148314
98148260b
9814819
9814804221
98147937
98147708886
9814765
9814747
9814743
9814721
98147071
9814699
9814689363
9814686
98146678
9814662
9814658
9814645
9814624521
98146164
9814601263
9814587
9814571893
98145667
9814554
98145447
9814537
98145229
98145090
98145
9814492707
9814487
9814482
9814455
981444607850
98144427
9814435
9814417
9814409099
98144006
98144
9814398128
98143836
98143649
98143576
9814338
981433
9814325
981432
98143136445
981431121merina
98143
9814281085
9814274408
9814256
9814245
981424
98142200
9814200042
9814196593
98141739
9814169a
981416
98141491
9814143
9814111
9814106
9814102722
9814098875
9814065
9814052
9814040tuesdai
98140391
9814033295
9814029054
98140233
9814011439
98140092
98140083
981400287
9814002302
9813sme
9813avro
981399
98139864
98139813
981397
9813957
98139469
9813930911
98139184
9813896
981387
981386026661906
9813830
98138121
98137ha
9813783pr
9813769
9813750
98137423
981372
9813702
9813663
98136393
9813630323
98136124
98136026
98135935
98135614
98135535
9813538m
98135215
9813511
981350483
98135026
98135
98134712lcl
98134413
98134343
9813422
981340guadalupe
981339a
98133736753
98133233
9813318
9813302
98132bob
981328
981327
98132516
9813232
981323
981322
9813215
98132101
981320
9813186009
9813164
98131425
981314
9813136626
981313
9813127
981312
9813114C
98131081
9813103
98130noddy
98130804
9813071
98130499
9813044
98130246
981301
98130066
981300207
9813
9812vdsf
9812ghm
9812ava
98129998
981299
981298
98129334
981293
9812922
98128951
98128841
9812852197800
98128469
98128381
9812823
9812811
9812794
981279
9812780
9812766
98127495
9812730
98126982
981268761
981266
9812654
981265
9812642
9812635817
9812613
981260
9812568
98125611
98125588
98125560
9812547
9812544
981253
9812513474
981250745
9812503363
98124951
9812463
98124565
981244
9812424
98123t
9812392
981237125
98123633
981236
9812351
981234d
98123456
9812330
98123223
9812319
981229
9812276
98122651223
98122611043
98122583
98122527
9812251bf
981223_15513295
9812220
98122121
9812211
98122082
9812188
9812175
9812174
9812167
9812150
9812147ana
98121434
9812132
981213
98121267489
9812122
9812117572445ok
9812108
98121006a
98120994
98120927
98120829
9812080
9812078.
9812074
9812066264
9812064
98120575
98120519
98120478
981204125182
981203208
9812029
98120185
9812017
98120131
98120074
98120004dp
9812000
9811nel
9811mx
9811997
981199
98119875
98119811
981198
9811978765
98119668
981195
9811947
9811941977
98119310
9811928
98119237
9811910
9811907
98118k
9811895
9811891906
981188
98118730
981187
98118591
9811855
9811833
98118279
9811815748
9811811674
981181
981180
981179
9811782
9811779231
9811769
981176
98117526
9811743
981172
9811714428
98117024
98116Aa1
9811695937
9811689987
9811684389
9811682
981167
9811655
98116422
9811640240
98116287
9811624936
9811619
9811609
98116
9811591
98115864
9811581
9811573
98115682
9811560_18_luis
98115530
981155
981154
9811537719
981153
981152335
9811518868
9811506656
98114R
9811481016
98114751
9811462578
9811462
9811459134+sim
9811453008
9811445
981144
9811427
9811421099
9811416014
98114148
98114083
9811401271
98113992
9811390b
98113872
9811375166
9811369m
9811366188
9811361
981135856
9811354117
98113415
9811332
9811319136
98113124
9811301
98113
9811292
9811290250
9811289
9811277
98112694
9811268457espan
98112632
981126
9811255370
98112455
9811244550
9811241
981123sl
9811223
981122
9811213
9811211150
9811204186
9811198
9811194
98111824
981118
98111767886
9811171822
9811168920
9811162
9811157724
9811156
9811152962
9811138795
98111274
98111245
98111234
98111134
9811105673
9811101
981109z
9811098110
9811094
9811085
9811075.
9811071518091982
98110710
9811061844
9811060965
9811053105
9811050981
9811047677
9811036
98110331
9811027394
98110231
981102
9811019
9811003559
981100192
9811001144
981100
9810ma
9810jona
9810acaj
9810abc
9810Ly
9810998256
9810997069
9810992
9810985174
9810983039
98109810
981096IJ
98109655
9810950
9810941157
9810939233
981093
9810919
9810908909
9810905
9810901
98109.98
9810896106
9810883
98108672
98108601175
981086
9810849084
9810834
9810824
9810822741
9810813
98108010259811014374
98107892
98107842
98107705
9810767428abhi
9810759401
981075
9810730
981072
9810711840
9810701399
98106xv
9810698
981069
9810676
9810670670
981067
9810664
9810656579
98106504
981065
9810625197
9810623
98106214v
981061181
9810609yo
9810602fzmourao
9810594788
981058411
9810577307
981056te
9810561660
981055y
9810555
981055
981054327
9810531
981052
9810515713
98105117
9810510
98105005
981050
98104ashu
9810492261
9810487686
981048
9810472420
981045945
9810453809
9810449969
9810433809
9810423
9810419c
9810412485
98104001
9810389
9810379429
981035354
9810341
9810335
981033
9810324224
9810320392
9810308
9810304987
981030
98102905
98102845
9810281774
98102713958
9810265821
9810260
981025
9810247
9810241959meryem_
981024
981021rosie
9810217
9810214
9810213013
98102084
98102017
981020
98101jh
9810198
98101977a
98101888700
9810187
98101822
98101681
9810166
98101647503
9810156
98101448
9810140183
981014
9810134
9810127595
9810123
98101161
98101149
981010981098
98101052
9810102383
9810100340
9810090
9810085085
9810075108
9810072
98100702
98100644
9810062
9810052213
98100480
98100456532
98100367
98100342y
9810032648
9810029
9810023
9810022
9810020
98100194
98100135
9810010
9810008974
9810008
98100039
98100025049
9810001101
9810
981#2
980xvsey
980tkn22
980tem
980takethat980
980pizza
980mat
980kat
980hpf[5180
980ec5fa
980bat560x
980Z2744
9809junkey
9809jj1289
9809dawn
9809Punky
9809JUNKEY
980999p
9809988
98099809
9809967
98099511
9809929
9809910
98099001
9809896
98098751
980987
980986
98098540
9809833
9809821
98098
9809783chom
9809761
98097404
98096mgfy
98096824
980967745833215
9809671
9809664
98096482
9809635
9809619
9809599
980958555
9809567
98095598
9809534
9809511
9809497
980947320
980946169
980945
980944
980943
980939997
9809398
9809374
980936805
9809352
9809294
9809288
980927br
980926pa
9809261
9809252
9809221h
98092/8
98091994
98091933
9809190aa
9809174
9809172
98091673
980915j
98091571
9809155
9809145
98091358131
9809119420
9809116
9809096
98090830
980908
9809078
980907084
98090639
98090521
980903557994
980903014
980902
980901400bryan
9809005
98090011
98090
9808xx
9808hi
9808bexley
98089tsiw
98089drtya
980898imagen
98089808
9808974
98089634
980894
9808922
980890251
98088811
980885357
98088488
98088120
980878087
9808766
9808745
980873815488
980871150
980870
9808686
980867970
980865772
9808650
9808639
9808625
980860
980859592015416
980858l
98085825
980856896
9808567
980855099
980854797
980853284
9808525
98085191
98085106
980845
98084261
9808419
9808400
9808369p
98083630
98083439
9808339
980832
980831951614
980831437
9808311
980830
980828
980826
980825
980824194318648241
980823!m
9808220
980821
9808204
98082
98081808putney
9808179
980816
98081569
98081439ll
9808135
98081311
9808124
980812
9808108lola
9808102009
980810
98080828
9808080
9808064
98080601095
9808052nano
9808050
98080463
98080370
9808023831
9808013
98080
9807wal
9807lfo
9807ivy
980799013693
980797862n
9807967
980796
98079234
98079091
9807906
98079040
9807899
9807897
9807879
98078681
98078370
98078308
980781
9807800
98077960
980777
9807736
9807711j
98076999
98076842_
98076667
980765a
98076415
980764
98076055
98076
980757688
9807560
98075590
98075239
9807509
980749530
980747
98074656
980745321
980744747
980743025
98074257
9807417
980741202sise16
98073826
9807337daryl
980730819
98072885
9807281
9807278
9807273
980726
980725
9807237
98072223
9807219
98072123
98072
9807193080
98071625
98071559
98071255
9807121
98071061400
98071000
98070matts
9807090
980708
9807076495
980706050205
9807041
98070312
98070261
980702
98070125
980701190s
980701
9807-Sjc
9806sgaa
9806jg
9806cjjyb
9806alyna
9806Leslie
98069813
980696006
98069560
9806949
98069356
9806925799085126
9806912o
98068953puto
9806863
98068553
9806837
9806829a
98068219
98068130
9806808
9806798
980677582
980675
98067391
98067331
98067136
980669556
98066940
98066856
98066748
98066729
98066366
980663
980662990LOBITO
98066076
9806599149
9806572
9806571156
9806565
980656
9806553I
9806544707
98065384
980653
9806515
9806506745
9806498
9806488
980648060
980646813
980645
9806432
98064223
98064158
98064
980634
9806329890
98063172
98063001
98062825
980627
980626182
9806254
9806236
980623
98062220
9806215616
980620vl
9806209
980620084
98062
98061975
980619
98061837
9806183
98061758089
9806156
98061528
9806128
98061221
9806121
980611118553
9806099
9806083
9806079
98060700
98060632
98060609
980605
9806036123
9806028
9806022
98060183
980601282
9806010038
98060049
98060
9805soni4eva
9805girls
9805aa
98059965lb1ny
98059843
98059805
9805968
980595
98059102
98059050
9805895
980586
98058455
98058284
98058278
980581
9805805
980580
9805795
98057778
98057619
980574922
980573bv
980572nh6
980570155
980568
9805670
980564801
9805628064
9805611
980560
980555
9805526
9805500
980549
98054817
98054638
980546005
98054055
98053hiukn
9805378
98053670159
9805345
9805331
980532904
98053
98052605nari
98052599
98052572
980525
98052382
9805230
9805225
98052109
98052081
980517
980514udme
98051417
98051352
98051304
98051234
98051164091
9805108
980509
98050854779maria
98050723
98050655
9805033a
9805032
9805024
98050
9804vk,
9804patum
9804mal
9804haha
9804cs
98049984
980498a
9804976a
980494
9804926814
9804924708
980491
9804900975
9804888Hutt
980487d
9804867
98048648
98048448
980481
98048072
98047t
9804796
98047543
980474
98047303
9804716
9804710506972tka
98046934
9804685
98046503
9804646
9804633
9804630
98046223lalo
9804606
9804590
980456open
980456
9804552
9804523385
98045000
98044817m
98044724
9804461285
98044521bf
9804448321
9804435
9804415
9804410w
9804402238
9804396j
9804375
9804363519
980436
9804344
98043383
9804326947
9804323471
98043200
98043117w
9804304
980429990
9804291
9804282575
980425
9804244
980424172
9804238526
9804232823
98042280
9804214163
9804212735
980420jg
9804205928
9804199
9804196643
9804192
980418
98041743
980417
9804144544
9804144100
98041405
9804133063
9804127658
9804121
98041086lair
9804108
9804104313
98041029
9804101820
980410111
98040xxx
980409
9804081688
980407L
98040723
98040668
98040519
980405059
980404
98040269630
9804020
980401
9804005
9803west
9803oy
9803life
9803death
9803998
9803987553
9803985947
98039800e
980397
980396
9803958
9803933
9803929892963466
98039128
9803899
9803897
9803888
9803868d
9803862554
9803849m
9803846
98038199
98038126cl
98038024
98038012
98037859
980377rfb11
9803776
98037666
98037614
9803757035
980375
9803733654
9803727298
9803723
9803718423
9803708
9803697
9803688tlamaya
9803677351
9803659
9803641
98036306
9803626
980360222
9803601
9803600181
9803598190
9803589914
9803581
9803578
9803576
9803573
98035701
980356horses
9803566760
980356
9803552397
98035517
98035403
98035253a
98035178915689
980351
9803509
9803498582
98034827
98034742
98034722
9803464045
9803460194
9803455
9803450
98034479
9803442080
9803438726
98034315
9803426730
9803420165
98034190
9803405441
9803403
9803401790
9803398
9803396303
980339267
980339
98033860
98033708
9803368751
9803363060
9803354312
9803350072
9803343418
9803338
9803329280
9803321895
9803315519
9803311
9803308
98033
9803298403
980329
9803289661
98032854729
9803283264
98032719751012
9803266
98032581
9803253198
9803238005
9803234q
9803228301
98032222
9803220314
9803217844ruku
9803210251
98032
98031962269
98031919
9803190668
9803186016
9803178917
9803177022
9803171256
9803170360
9803168143cdu
9803166165
98031648457
9803162340
980315d
9803157088
98031541
98031488emmanuel
980314
98031340
980312a
9803128
98031222
98031205
9803116
980311
98031010
980309m
9803098829
9803094668
9803091506
9803090
98030859715
9803081095
980307k
9803079
9803076948
9803076760
9803070782
98030646
980306
9803058362
9803057517s
9803052549
98030480
9803045949
98030339766
9803032903
9803031427
9803028458
9803024647
9803021546
980302
9803015048
9803013390
9803005892
980300263
9802summf
9802jr
98029kazbb
980298
9802977381
9802964
980295641
980294
98029236z
9802910
98029
98028928
98028796
9802863
98028593624855
98028314
98028285
9802806A
98027c0n
98027847a
980278
980277
9802764
98027454
98027382
9802702
98026d
9802686
980265
980263
9802627
9802621
9802603
98025993
98025892
98025821597693505
980257
9802563
98025448
98025333
980252I
9802525
98025191
98025123
98025
98024999
98024966
980247105
9802458
9802451jose
980245
980243988
980243
9802417
9802411
9802410
98023956
9802389
980238
9802371
9802358
98023490
980233al
98023336
98023310
98023149
98023000
980228416
98022790
98022715
9802267
98022583n
980225
980224
980223
98022253
9802215
9802207
9802202
98022*
98021890_steph
9802182
9802177
98021669
98021640
98021554057
980214LB
98021362
98021261130
98021233
98021191
98021183
9802100402
9802095
98020908
98020813
9802073
98020664177
9802054
980205270lagata
98020460822
9802027d
9802024
980202
98020110141
98020031
9802
9801ozp
9801m
9801king
9801dvb
9801ac
9801999
980198993
98019655
980195
9801948
9801924
980192
9801919
9801904
9801892
980188
9801873
98018684
9801858z
9801847
980184206
9801830
9801805
98018043
980179737
9801782
9801773
980177
98017605
980174995853
98017451
9801705
98016aa
98016776
980166338
9801659
9801651
980163
9801617
9801610
980160703
9801604
980159098
9801579
9801566
98015397
98015348
98015111
980149
98014796
98014751
9801474
9801468
9801459
9801455
9801447
9801432316
98014249YUKI36
9801421
9801418m
9801414774
98014065
9801402
98013896
980138
9801375
980136440255
9801352
98013462
9801340
980133a
9801323*--
9801320m
98013156
9801311
9801303215
98013018
98013001
98012kirk
98012859
980127
9801258a
98012560
980125
9801245
98012417
98012375
98012360
9801232
9801228
98012210
98012153
9801213
980120jt
98012022170
9801198
98011911
9801188a
98011804772
980116661
980116
98011527
98011432
98011356265
98011307
9801127c
98011273
9801123
980112053564479
98011081
9801105
98011
9801094088
980108998hola
9801088md
9801073
980105s
9801055
9801042
98010406
9801031
98010305
98010204
980102
980101472
9801011I
98010062
9801003
9801000
98010
9800ycjvn
9800solid
9800pro
9800o9800o
9800lynn
9800kg
9800ibb
9800hm
9800grl
9800east
9800cmb
9800boss
9800bjbbitch
9800babbies
9800abc
9800JRU
9800CG
9800BITCH2
9800993
980096darwin
9800967
980095186
9800948
980093yun
980092
9800914
9800907
980090
98008936
9800889
9800886
9800881
98008793
9800874
980086
9800852
9800844
980083405
980082879
980082231
9800813
98007s
9800798k
980078
98007763
9800771
98007693
980075810
98007439
9800734
980072823
9800722
98007124
9800702
98007
98006853
9800676
9800675
9800668
980065667
980065
9800642
9800635
980063
9800618
98006164
980060774
98006055
980060
9800594
98005757
9800573
9800566
9800557h
980055343
98005507
98005366
98005200
98005187
9800505
980050
980048766
98004734
98004696
9800463
9800460
9800455
980043
9800419c
9800416
9800402
98003qtdwz
9800382
980038
98003615
9800353
98003500
98003320
9800318$
9800303
9800297
980029
98002862
9800276
9800270317alipate
9800269384020
98002533
980024
9800222
9800216
98002053
980020416
980020088
98002
9800195
98001924
980019
9800183
9800172443
98001716
9800165k
98001589
9800150
9800147b
9800138962227
98001376
9800123080
980012234jh
98001193
98001178l
9800114
9800112
9800106
98000990
9800093
98000845
98000763
980007
980006c
980005KB
9800054n
98000492
9800045
980003kids
9800034
980002yahoo
98000223
98000212164
980002067
98000204
98000168
980001
9800007
98000006
9800++ppablitomo
98/98/98
98/22/01dt
98/*-+.0
98.8kissfm
98.7kissfm
98-jose
98-Eclipse
98-6130
98-3883
98-34896
98-19073-9
98-135
98-0230
98--109c
98+58people
98*rep*e
98*48*55*63
98%sexii
98%angle
98%Access
98  hj
97zor76
97zn8x24ym
97z12
97yu48jlv
97yfz750
97yesus
97xoxo
97xlcustom
97xd30ja
97wrangleR
97wings98
97wide
97wadele
97vwgolf
97vortec
97viagem71
97vette
97uj80
97tupida
97tsi27
97trea
97tracer
97towncar
97tower
97tn3103
97tkey
97tinkerbell
97tiburon
97teeth
97teddy97
97tcheadle
97tama
97syko99
97supra514
97suburban
97straw2
97steps
97stephers
97star
97soso97
97sol78
97soccer
97so999
97snfire
97smokey
97smc1
97sky732
97skeet
97sivart
97silveroa
97sierra
97shyenne
97shixuan
97serpiente
97seprix
97secrets
97saturnsl2
97samantha
97salamander
97sable
97rurry
97rossrd
97roenick
97rock
97roadking
97rh007
97renran
97release51
97regions
97redjeep
97redbrd
97rayray
97racing
97racer
97racecar
97r3e62n
97qwl3dss
97qrs1
97python
97pulsar
97prince
97preston
97poeta
97pink97
97pimp
97percivallane
97peluch
97peacockes
97passport
97p10h
97out08
97ooboob
97om28ar
97o97o
97o4305
97o101
97nxek
97norby
97nnnnnn
97nigger
97nella97
97nation
97n5089
97mustanggt
97murphy
97mount
97monkeysinaTREE
97monkey32
97mmpa
97mirror69
97mindfreak
97miata
97mercury
97mec43
97mazda626
97mayfieldroad
97mastercrafT
97march
97malamute
97macdr
97lushs
97luka
97ltuane
97ls2468
97louis
97lonewolf
97loMoRD
97lips
97lilly
97lilac
97leu72
97ldenholm
97ld1523
97layedout
97lancer
97lac16
97kzx8
97knk99
97kk2494
97kiasephia
97katie
97ka52te4ri2nA
97k3gsmith
97juan
97jrs98
97jon
97joeyjo
97joanne
97jks11
97jjm
97jeslyn
97jeepjeep
97jdenisecoco
97jaycob
97jadin79
97jack
97izod45
97israel
97integra
97impreza
97ibu7808
97hyves
97hx8bqz
97hoty
97horse
97hondacivic
97hoe7685
97hipposeatchickens
97highrider
97hestiny
97hearst
97harley
97hannah
97h6t
97gwzjmmr31
97gsxr600
97grouch
97grammarian
97goofy
97goffsgirl
97gmmalibu
97gmcsonoma
97glo21ria
97girl97
97garcia
97galant
97g9dk
97g47ap
97g34x13
97fxdwg
97fucked
97forever27
97fluffy
97fifi
97fe4e37
97family
97f250
97etoppi
97equwas97
97enelejna46
97en96
97em7724
97elier
97eclispe
97eclipsegst
97e871a2
97dubgang
97dodgeram
97dncbenas03
97dl804
97dirt
97diego
97diaz
97dec23
97ddaayyuumm
97dav26
97dancestar
97dabn
97d6wst
97d41320
97d27071
97cw2320
97curse
97cuartos
97cr603
97courtdawn
97country
97corsa
97colorado
97clover
97cl01
97civicjay
97civicg
97civicc
97cheyenne
97chevysport
97chato12
97cedar
97cdoyle
97cavi
97castles
97carrasco11
97camaross
97caddy
97c7125
97c2003k99c07
97c10147
97burwooda
97bull
97brooke
97breeze4u
97bravo$$GO
97bower
97bonnienclyde
97bomers97
97bmwm3
97bmw
97bluetruck
97bluebird
97blk200sx
97bkKNIGHT
97bird
97bibi
97bettle
97beetle
97bdf
97banana
97baby
97b2pn7
97aymet!
97austin
97astra
97asco
97arrrow92
97aropet
97aq09749
97angeles
97and95mopars
97alva11
97alexis
97akc3643
97ag2bu
97af10
97aclipson
97abcaag
97a9jj
97a8db
97a5ej
97a429
97a2005
97_ehgIF
97_57653tayooba
97XROCKS
97UYUL
97TOWN
97TALON
97Stratus
97Sanoma
97SUMMERAGV28
97Rules
97REDCHEVY
97Phssen27
97POLLO
97MuStAnG
97MJCAS
97MAXIMA
97LilT
97ISOp90004r
97Gran
97Gate???
97GMCz7!0ff
97FORDVAN
97Explorer
97EC46227E
97Coleridge
97Cel_BW
97Catera
97CRIMSON
97CADILLAC
97Austin
97Aa94de79
97ACURA
97@rEj01
97@dotcom
979yehwz98
979virgo
979thebox
979monkey
979kristi
979kitkat
979kcngu49
979issac
979gurl
979fdaau38
979eNEO
979VNXtm75
979AVQ
9799ss
9799pa
9799joseoh
9799bm3233
979999999
97999854
9799966
97999566
979995
9799944
9799927
9799903079
9799886
9799879
9799864257
97998465
97997863
979976R
97997555
979974
97996998
9799677
97996545
97996212
979961499
97995963
9799593421975
97995544
97995251
97995
9799494141
97994567
97994563adham
9799449
97994325
97994054
9799390
97993669
9799357
97993447
979933
979931
97993018
979929
9799275
97992708
979924
97992110
97992009
979920
9799179977
97991461
9799133197
97991273
9799121
9799120
979911
9799091
979908jal
97990740
97990566
9799049
9799032
97990203
97990140
9799010307
97990002
9798rr
9798mp
9798froggy420
9798cr
9798aaa
97989941
979899100
979898m
97989798k
979897024
9798966
979896
979894962
9798927
979891
97989032023
97988899
9798873
9798821
9798807
979875649676814
979873
9798700
97986602
979864
9798628
979860775
979860
9798577
9798565
97985575
9798544689
9798534
97985129
9798470kuz
97984399
97984215
97984090
97983820
97983686
9798350
979833
97982991
9798291476
9798281
9798269762
9798223
9798215
97981975
9798188
9798166
97981415
979812
9798099
979809
9798074051
979806
9798044
97980352701432
97980306
979802315161515
97980206
979802
9798011
97980102
97980026
9797vf
9797pamela
9797krumpet
97979`1
97979942
979798
979797mar
979797E
9797979
9797966
9797950
97979219
97979141
9797898
97978818
979786
97978554
979785
97978384
97978345234
9797826$%&AFMRYJ
97978140
9797799
9797779
9797761
9797749
979773317
97977220
979772
97976949
9797656
97976506
9797645
97976365
979761
9797584
979757
979755
9797520l
97974796
97974598200563
97974266
9797378282
97973527
9797347
9797328a
97973090
979730
9797270
97972289
97972128
97972
97971980
97971858
97971682
9797146ALL
97971313a
979713
9797123
97971174
979711
9797106
9797098997
979709
97970811
97970614
97970480
979703bpa2
97970359
9797012220
97970024
9796l
9796bc
9796998903
97969702
97969597
97969553
97969375
97969317l
97969238
9796901
9796857
97968548
9796835862okok
97968186
979676kx
9796741161
9796715
97966aibsa
97966951
97966815z
97966426
9796562
9796547
9796531howeverr
979649262
9796485kj
97964698
97964530
979645
97964347
979643
9796414
979641
97963qtqdj
9796394225Kk
97963531
9796344
97963260
97962eefsq
979626679
9796213
9796210
9796180879
97961532s
9796146123
97961174
979610862
9796103
97960789687075
9796063
979604
979600
9795hsm
9795asm
9795998
97959795
97959695
97959393
97959369
97959263
979591
97958923tkme
9795889
97958623
979584
979582
97957cmxux
9795790213
979578
97957602
9795747
9795734
9795692_adri
97956700
979566
9795629
97955992
979558675
9795575
97955645
9795561
97955505
9795547
9795503001
9795499
9795481248
979543288
97954231
97953975joa
97953797
9795376
9795371
9795361
97953518
979533214
97953230
979530
979529q
97952695
97952406
97952245
979521
9795191
979518
97951683
97951598199215
9795151
9795136156
97951295
9795123zx
979511
979510152
9795062sp
979505
97950281
9795020275
9795
9794frxyy
9794an
97949866adri
97949732
9794966
9794963
9794953__cliff
97949491
97949367
979491693
9794901
97948998
97948896
97948817
97948634
9794819c
9794800958
9794780
97947660
97947534
97947308
97947274
979471
979469
9794673
979465
979463
9794599
979455300
97945350
9794508377
9794491
97944879
97944773
9794452
97944018
9794389
97943742
9794356
97943449
97943248
97942928
9794259
97942517
97942376Susy26
97942200
9794209
97942
97941968
97941880
9794173
9794156
97941386
9794131
97941245
97941123
979411
9794072
97940606
97940588
97940490
9794037
9794033
97940117
9793ware
9793koolpiC
9793997
9793989
97939767
97939712
979396489
9793939
979392129
97939088
97938980
9793830
979381175
9793794
9793779
979376859
979373
97937240
9793705
9793667maxine
97936588
979365
97936403
979362-3
97935924
9793547894
9793528
9793509
97935072
97934yvpgm
97934659
979346
97934491jt
979343
9793392628
9793357395
97933499
979331504
97932865
9793271
9793262
9793246
9793243
97932041
9793186
97931713
979312
9793101088
97930845
9793055
97930193
9793
9792qyxqx
9792gmnjy
9792dfd
9792993141
979298
97929777
97929509
97929067
97928705
97928580
9792854
979285
9792820
9792793
97927885
979278
979273
979271681peter
9792705
97926808
97926529
9792646h
979263909()
97926035
97925993
9792589
97925828
97925762DAniel
97925588
979254300
97925240mus
979250
9792496
9792487
97924725
97924638
97924535
97924498
97924227
9792384
979238
9792368234
9792333
97923281
97923175
97923068
97922952
97922743
9792266
9792260
97922399
979223
979220
9792159mjk
9792104
97920595
979204
979202601
97920207dx
9792013
9792*9763
9791st
9791mmm
9791GG
9791988
9791971
9791949737
979194147
97918637
9791852
97918399
97918243
97918
97917743
979173tin
9791732
97917062nmrg
9791702
9791696397
9791671
9791651
979163
979162
97916155
97916096
97916
97915915
9791581
97915563
97915374
9791528982
979152
97915117
97914o
97914919
97914891
9791463
979143
97914189
97914058
9791386
979133072
97913071
97913030kp
979130307k
979128
97912597
97912533
97912376
9791230
9791229500
979122
97912120
9791200
9791199
9791197
979119
979117650
979117
9791166
97911584
9791145
97911386
9791118112
9791075523
979106b
9791058
9791055
979104
979102h
97910211
97910164
97910000
9790stripe
97909945
979097909790
97909788
979096734
9790959
97909522
97909336
9790919
9790903403
9790859616
9790845
97908388
97908002
9790794
97907750
9790763
97907575
9790750431
979074
979071676
979070
9790690170
9790677
97906584
9790649
97906070
9790592
9790567
9790559898
9790539juanita
97905139
97904862
97904661
979045
979044
97904167
97904
9790385
9790376
979037058
97903590
97903347
97903109
97903003
97902758
9790265jl
97902319mile
9790182848
97901790ok
979017
979016
9790144666
9790123950
979011
9790100
97900852
9790075
97900704
9790061
979004782380194
9790032
9790020054
979/5/6
978yasemin.
978rupp
978pimp
978nena
978mamli
978m978m
978laurel
978kgb
978hbos
978dtvnh42
978dina
978click
978chellsue
978byhbh92
978buffy
978arana
978OR0507
978KKLm
9789rd
9789fa
9789alphea
978998
978997gris
9789959974
9789934
97899139
97898962
9789865
9789847liz
978981e
9789795
978978j
978978978978
97897816
978977
97897671s
9789766590
9789753422451
978975
9789749218136
9789747823322
9789745009615
9789744896155
9789744029065
9789740830211
9789740116554
97897320029572122109
9789726
9789722563210
978972
978971
9789699828
97896962
97896716
97896553
9789647444
9789640
97896346
978962
97896088
9789604
97895824049189
9789575360
978956932793
9789557
9789553
97895302
97894830
97894734
97894574
97894460
978944164653905
97894398
9789420
978940
9789391
9789371b
97893561
97893532
9789346
97893146
97893061
97893
9789298k
97892882
9789262
97892578
9789249
97892474A
9789242475
97892394
9789233
9789223241
97892194
97891991
97891909
9789165590
97891567
9789154
97891460
978914
9789134
97891116
9789108288
978910
97890555
9789050
9789021292
9789003
9788qoqyy
9788ds
9788ME
97889832
978896
97889354
9788914
9788907
9788897
9788882
978888
9788877
978886812
97888483
97888327
97888197
97888146
9788804
978879978
9788798
9788796029
97887889
97887829
9788776
978877
97887564
9788746yes
97886ayqux
9788673
978866587
978866
978864553122000
97886440j
97886335
97886179
978861
978860111
978859
978853jb
9788526943
97885
978849
978847
97884548
97884247
9788419
9788416oo
97884030
978838560
97883608
97883577
9788345/*/
9788336685
9788332
97883142
9788283688
97882814
97882525
97882436
9788212206830
9788201
97881915as-
97881743
97881714
9788149
97881388
978812
978810
97880911
9788071
9788054559
97880424nour
9788027
978802445
9788010
978800755.9935323
9787tlc
9787jt
9787bbore
97879879
9787967
9787945
9787942222
9787907003
97879
97878903
97878839
9787874
9787870
97878671
9787852
97878433
97878315
97878228
97878028
9787799
9787792
97877800
9787770
97877625
9787753
9787740
9787736037
9787729778
97877233
9787693407101995
97876777
9787654
9787644aa
978764315200
97876330
97876016
97875997
9787571
9787561
9787539398
978753615
9787533rony
978753
9787518
97874694
9787462400
9787450856
97874457
978744
9787434
978741rb
97873982
9787391939
9787380
9787372233
978736
97873526
97873448
978733
9787318
9787310
9787273
97872610
978725362
9787245
9787236336104820
9787216
9787211
9787199D
978719
978718
9787178
97871665
97871577
97871391
9787135
97871217tk
97871130
97870956
97870738
9787065
9787054
97870425
9787033
9787022
97870084
97870
9786woode
9786oidbh
9786at
97869999
9786985
97869675
97869444call
9786936
97869314
978692
978691
9786902933
9786899861
97868952
97868872
97868850
97868801
9786875773
9786867060
9786851051
97868415
9786836705
9786830027
9786815581
97868030
9786799024
9786792555
978678
978675CP
9786752
9786731
9786667h
97866104
978660027
97865889
9786579311
9786569
9786555
978654brito
97865471
9786543
97865324a
978651
9786498433233
9786492513
97864883
978645ld
9786454411
978645312N
978645258963
9786435
978641sss
97864102
97863834
978636
9786342
978632
97862dxgsc
97862664
9786252863
97862475
97862365
9786217
97862004
97861997
97861984
9786190
97861856
9786172229670135
9786161
978615
97861437
978613
97861225
97861139
978610
97860897
9786085
97860777
9786069141
9786065
9786042
978602
9786005
9785pibull
9785jm
9785clm
9785bella
97859785t
97859566
97859310
9785911997009442
9785905942
97859
9785895KCC
9785853home
9785836
97858317garo
97857787
9785758
97857480
97857207
97856832renee
97856653
97856423
97856372
978562
97855985
9785594
9785586625558288
9785579757
978554
9785530
9785504
97854859
97854723
978546132
978545
97854286
97854163
97853930
97853885
97853724
97853696
978534612034
978534104x
9785312
97853007
97852765
978526o
978525
9785236
9785227am
9785218
9785206143
978516eh
97851668
9785155
97851420
9785138
9785123423
97851042i
978509
9785080
97850717
9785059
9785049
97850392
97850311
978501
9784s7328o
9784lucky
97849999
97849785
97849744
9784942bbbbb
97848829
97848659
9784863
97848269
978480
97847996
9784763818
978475
978474
9784729
978472
978470
97846849
97846660
9784659893083158
9784653120
978465132
97846270
9784610
9784603
9784581789
9784555
9784549
9784537436
9784528
9784522
97845022
978449
978447
9784458
9784454
97844471
97844321
97844296
9784419
978439141
97843688
9784344
978433
97843143
978430ee
9784289171
9784275
97842466
9784243
978423
9784223
9784216
9784210polla
97842002
978418
9784143
9784118
9784111922
97840862
97840779
97840456
978404
978402pa
97840186
9784017
9783tdy
9783rezei
9783kim
97839822
978397
97839422
978393
9783916
9783908190max
9783888868
9783883234
97838812
97838591
9783853
97838452
9783839
97838179
97838125
9783808664
97837952
97837535
97837387
978371133
9783698
978367253482386
978364
978361j
9783596
9783581
97835384
9783529
9783513
97835102527
9783491739
9783484
9783474
97834673
9783442
97834345
9783424
9783400
97833930
978333
9783323
9783299
978326san_wil
9783261610
97831991
9783195302
9783162
97831458
978313
978310
97830768
97830718
9783046hpgl
97830403
97830331
978300
9783
9782somthawin
97829962
9782976
97829694
97829513
9782942
9782902
978290
9782895
978288
9782877
9782856
978283726685
978281_0
9782796
978278625242
9782777
9782735593
978272
9782713cj
9782692
97826682
9782658
97826499
97826365
97826012
97825916
978259
97825807
978256
97825446
97825395
9782530
97824827
97824738
97824394
978242
978240
97823820
978235
97823205
9782318
97823123
978231
97823040
97822tuh
9782297
9782294
9782261
9782233193mp
9782223
9782202
97821r
978219
97821724
978215
9782144
97821290
978211
978208a
97820722
97820405
9782032
97820205
9782014
97820102
9782008
9782000
9782
9781mhmmd445346734500
9781love
9781cz
9781994a
978198
97819533
97819451q
9781933
97819226omar
97819066
97818832521898
9781877326431
97818672k
97818613
97818441
97818079
97817942tula
9781781
97817744
97817262
9781719
97816977
9781663
97816476
97816102
978158794
97815752
97815460
978152
9781512
97815062
978150
978149
97814786
9781431
9781425jj
9781414
9781405
9781392
9781381
97813676
9781364
97813431
978132
9781303
97812713
978123698745
9781235
978123
978121PT
9781217
978119
9781178
9781171ohio
9781164
97811557
978115
97811161
97811000
9781085
978107
97810127
9781011
97810098
9781002
9781-louisa
9780yv
9780nst
9780m5
9780brandy
97809780q
9780978
978096
9780948
97809262
978090
97808824
9780866
9780855
97808492
97808402
97808368
978083
97808216
97808
97807717
97807612
9780732001
9780722
9780705
978070
97806osfys
97806875
9780678
9780669
9780652y
9780652
9780640
978062
97805739
9780553
97805428
978054
97805011
978048mb
9780470
9780443s
978043
97804173
978041
978039
9780360607
978034ah
9780337yoli
978032509
9780312696443854
9780304
97802992
97802730
9780261
97802390
9780220
978020luv
9780201
978018
97801673
9780155
97801449485988
9780141312125
97801386
9780107
9780065
978006
9780047ReqpayoR
97800361
97800277
97800215
97800063
978
977snb
977lpfm
977kdt
977jo-jo
977hill
977fm
977ccz
977ST259
9779xn
9779luis
9779985gt
9779964
9779959
9779949
977994
977988
977987
9779842146170
9779841490735
977984
97798339
9779817
97798002m
9779790
97797797743
9779778
9779777
9779741008949
977973k
97797326
977972
9779699664
97796889
97796690306
97796643
97796500
97796388
977963
97796165
97796023
9779599
97795901
9779559
97795522
9779533
977953
9779513
9779502
97794809
97794533
9779444
977943
9779419
97793916
97793841
977937
97793513
9779336
9779326
977931
9779303
9779279441
9779263
97792475
977919
977914708
97791287
97790rfrqd
97790916
977908
97790622
9779009
9778yee
9778tkj
9778mm
9778hcfg
9778ec
97789mc
977899
97789779
977897
9778958
9778941
97789013
97788967
977888
9778877
9778862
97788342
97788093
9778806..
97788037
97787bob
97787992
97787800
97787790
9778763
9778754
9778725
97786785
9778633
977861
97785722
9778548
977850470
9778493
977848
97784773
97784731
97784422
977842
9778385
977838255
9778370
97783419
9778313
9778293
9778275
97782700
977822315566
97782020
97781981
97781739
9778145144
97781138
9778100*KLITA
9778074
97780629alex
97780593a
9778024
97780192
97780
9777pydou
9777993
9777987
9777985
977797
97779656
9777951
977795
97779381
9777927
9777925
9777901
97778989sandra87
9777893
97778660
977782
9777780
9777779
97777690310
97777419
9777732
9777717
9777707k
9777675
9777664
9777640h
97775qihpr
9777588
97775581
97775530
97775195
9777517
9777507010
9777474
977747
9777440amias(l)
9777411
9777407santaindi
97773970
97773802
97773251
9777308
97772795eve
9777262
97772455
9777192810
97771845
977717
9777162
9777150
97771234
9777107
97771011
9777081q
9777048
97770115
977700383487925
9776ez
9776971
97769623
9776956
9776939
9776924
97769003
97768695
9776826
977680
977677838
977676
97767117
97766826
9776664
97766411
9776635
9776630
97766089
9776597
97765612
977654321
97765224
97765046
97764740
97764492
97764191
977641
9776401
97763580
9776332
9776297
977629
9776272
9776241
977623
977622
97762108c
9776196solomio
977619
97761852
97761814
977618
97761498
977613vbs
97761348
97761285
977611
9776098
9776092
9776070
9776067
977605701
9776041
97760273
9776016
9775pink
97759alexis
97759775
9775967
97759571
977594
97759304
97759125
97758rbvtc
9775879
9775870
97758618
977585
97758461
9775829
97758217
97758186
9775811
97758
9775790lili
9775740
977573
97757217
9775708700
97756868190930
9775643
9775612
97755922
97755468
9775544
977554
97755177
97755048
977550
9775489
9775448842
977544574251984
97754376
9775423
97753994
977537
977534153
977532
97753021
97752868
9775265
977523
97751865
97751678
97751406
97751333
97751209
97751143
97750890
9775078
9775058
9775012cama
9774srgjrg
9774997017182006
97749714
97749590
97749525
97749400
97749361carnal
9774905
97748967
9774884
97748794
97748624
97748519
977481a
9774790
97747752005joell
97747704
9774764654
97747553
977475208081696
97747509
97747393
977472
9774697143
977469621
977468
9774660
97746470
97746423
9774633
97746212
977461
977458
97745673
97745651
97745561
97745040
97744917
97744837
977448
9774464
97744200
97743922
97743710.k.b.c
97743482
9774337
9774332
97742833253
97742618
977424
977423
97742072
9774197
9774187
9774159
97741327
97741
9774078
977406
9774044
9774027
9774016
9774011
977400675
977400
9773mqu
9773982
9773933
977391
97738delta
9773854
97738407
97738209
9773811
9773802
97737ry
9773788
977377444
9773757
977375123
97737366
9773729
9773698
977366a
9773657
97736474
97736350
9773624
97736181
977360
977359
977358
9773566
97735599
97735556
9773547611
977354
977353615365595
97734871
977348
9773475
9773465
97734471
977344
9773434
97734260
977341920
9773416
97733898
97733727
97733712
9773360207360
97733508
977335
9773331
97733126s
9773292f
97732667
97732543
977323209
97732084
9773193
97731678
97731444
9773125496
977311
97731064
9773082615
97730756
97730332
9773020
97730001
9772lkb
97729778
97729336
97728582
97728448
97728320
97728191
97728048
9772776
977277
9772726
977271b
9772705
9772689
9772668
9772664
97726010
97725930
97725527126
97725447
97725251
97725213
977245921
9772442
9772432
977241
97724049
97723711115
97723693345
97723583535
9772347tornado
977234
97723132
9772295
9772242
9772219
97722087
97721753
9772138
97720818
97720482
9772043
977204
97720100ra
9772
9771high
9771breeden
97719782
9771977
9771951
9771933
9771928
97719137
9771910rena<
97719086
97718945
97718778
977187
9771854
9771845
97718420
9771826
97718216
9771814
9771793katherine
97717717
977176
9771731
97717247
9771710
977169
9771676
97716647
977164gm
9771645
9771637
9771631
977161
977159357
977159
9771569
977156
977155
97715486
9771523
9771513940909
97715111
97715098
9771495
9771475
97714671
97714573
97714429
9771421
9771398
9771387
97713786
97713556
97713419
9771325
9771307
9771297
97712820
97712712
97712597
977124
9771220lizaa
9771210
97712
97711952
9771174
9771150
9771133
9771113
97710estrella
977109
9771068
97710529
9771049
9771029302
97710190
9771016339
97710112
9770dora
97709904
977098
97709770
9770944
97709247
97709007
9770877
9770864210887
977085814792
97708533
9770852
97708421
97708062
97707976
9770778
9770760736
97707589
97707395
9770728
9770671
9770669j
97706608
97706411
9770635
9770627tadosito
97705964
977059
97705843
97705760
9770545
9770540
9770528
97705142
9770499
97704948
97704754
97704691
97704584
977044
977042k
97704
9770399
97703877
9770382
9770356
9770350057
97703256
97703131
977027942
977024u
9770241
9770216
9770207149
9770197
9770171
97701439
9770128
9770112
97701050
97700982YRP
9770078
977006
977005
9770032
9770023pc
97700207
97700181
9770011
977000
9770
977+2441
976zgOP
976tom
976som9
976queen
976penny
976mrB
976lori
976gjg
976evol
976dave
976brat
976beans
976anabel976
976am81
9769ncsu
9769bjjb
9769991
97699844563
9769973
976995999
976993667_linda
976993
9769909
9769900
9769885
976983
9769804100
97697n
976977
97697699
976973
97697098
97697001
9769693093028143
9769662
97696591
97696416
97696223
9769611
97695866
97695530
9769549
9769547
9769534
97695301
97695179
97695081
976947728326361212
9769460
97694214
9769411
97693924
9769388
97693328
97692932529
97692790
9769277
97692595
976923
9769204
976920
976918
9769151
9769136
97691295
97691139957763
9769107
976908900312
9769040na
97690370
976903
97690236
9769012z
9768verok
9768la
9768fl
9768be
97689jan
97689768
97689605stephani
976895
9768948
97689419
97689317
9768900
976889
97688786l
97688679AD
9768855
97688409
976883
9768783
97687760julio
97687474
97687397
97686986
9768659
97685848
9768550
9768538
97685190
97684822
9768467
9768453120
9768440harrypotter
9768434
97684164
976839100
9768358
9768302
9768286
97682780
976824
976823269
9768220
976821
97681820
976815
97681245
976811
97681019
9768020
976800
9767ptf
97679866
97679797
9767971
97679061
97678923
97678697
9767822
976781
97678070
97677606
97677487
9767741
97677271
97677194
9767708
97676832
9767677
9767668
97676387
9767631
97676208
9767573
97675622
9767534
97675141
97674699Ting
9767436
9767421
976740
97673935
9767355
9767347
97673304
9767329
9767282
976726
97672354
9767227
97672138
97672023140207
976720
97671980
976717424
97671661
97671503
9767149
97671462
9767135
97671081
97670950_jce
97670613TULOKITA
97670538
97670228
9767013
9767005
9766viel
97669813
97669766
97669459
9766932
97669248
97668805
97668343
9766827
9766807
9766805
97667813
9766771569
97667675
97667561
97667505
97667160
97667020
97666707
976666
9766601
97665908
97665830
97665715
9766567010
97665566
9766548
97665396
976652
97665010
9766471fiorella
976645r
97664584
97664500
976644
97664342
976643213
9766427
97663858
9766370
97663548
97663129
97663098
97662806
97662757
97662505
9766242
9766222
9766189
97661578
97661187
976611
97660982
97660718
97660602
97660414
9766035
97660107
9766
9765mglh6a
9765986860
976598530
976597659765
97659659
976594
9765908
976588
976587
976586
97658548
976585
97658432paopao
9765821041991
9765819
97657966
97657657loveme
97657576
9765714
9765684
976566675
9765654
976565126
9765620
9765612204
9765597
97655833
97655766
976556577
9765555
9765541nawaf?
97655327
976551335
97654zooyw
97654849
97654790
97654764
97654608
9765442
976543210
976542
976541
97654068
97653921
976538756
97653816
9765355
97653305
9765327
976531tlndck77
976531
9765300
97652893
9765264
9765247
9765230
9765222
976521
97652075
97651998
976518262400
97651710
976514
97651389
97651234
9765098
9765094235
97650532*
976504
976503
976500r
97650
9764ringos.
97649713
976496
9764923
97649072
97648685948761
97648515
976484
97648303
976482
97647996
9764790
97647559
97647548
976472
9764686
97646715
97646602
97646488
976464
9764619
97646085
97645960
97645633
97645593
976454748
97645390
976453
9764513
97645022
976450
9764492ss
9764465
9764460
9764457
9764442
97644349
9764431
97644120
97643887
9764372226
976435
97643383
976433
976431zoe
976431K
976431@852
976431852n
9764318525
97643185
97643164
97643158
9764312xl
976431258123
976431250
976431200
97643105
9764310102aglf
97643090
97643058
97642flaka
976427
9764259998
97642463
97642383
976423
9764217666
97641963
9764186
97641796
97641676
9764154
976415
976413
9764123
97641164
97641135
97641120
97641068
97640asdxz
9764073
97640698
97640660
97640534m
97640460
976403224
97640100
9764000
9763wvpri
9763ada
9763976
9763954
97639374
97638ukjpz
97638763
9763855
97638469
976384
97637bfbrr
97637943
97637844
9763782446
9763773
97637558
9763739302
97637215
97636966
976367
9763621
97635710
97635357
97635324
9763511
9763496
97634707
97634593
976343
97634250
9763420
97634131
9763383
976337254
976333527837496832622268246
97633090
97633010
97632936
97632676
9763256
97632385
97632316
9763206
9763194
97631366
9763123
976310201
97630905
9763083
97630490
9763021
97630062
9763000671
9763
9762piqa
9762jd
9762fvtoe
97629937
97629791
97629701
9762924
97629009
976290
9762883miaDARK
976288
9762865
976283121376190m
9762810
9762773
9762737
9762684017
97626657
976264
9762631212
9762610
9762581
97625623
976254
976252
9762482
97624666
976245
976244
9762398
976236672169981
9762344
9762330-yamy
976229
97622614
976226
97622284
976221jo
97622100
97622050
97621B
97621713
97621525
9762141297217319
9762127
97621228
976212
9762118djwin
976211
9762098
9762030
97620181201
9761pjf
97619941
9761952
97619277
97619197S
9761842
97618313
9761789
97617791
97617245peru
9761715
97616999
97616889
97616669
9761651/1248/ala
976164
976162b
976162
9761594699
976158
97615713
9761543210
97615335
976151
9761466
97614483gaby
9761425
9761409
97614
9761350
9761345
9761307
976128
97612737
9761271247033512
976126
97612385
97612337
97612028
97611978
9761196
9761172
9761144kire
97611137???
976111
9761103083
976110
9761086
9761071
9761068405
97610379
9761029
97610067
976100145275055
9760vigoj
9760sam
9760kame
9760dg
976098044
97609726
976089543
97608851
976085
97608096anthony
9760792
97607089
97606829
9760673808
9760656842
976062702
97606087
9760594
9760564
9760545
9760531
9760488
976047
9760453
9760422q
9760413
97603788
9760345
97603352
97603131
97603
97602661
97602611
9760255
9760252574
9760244
97602372
97602235
9760209fA
9760203734
976020
9760187
9760156
9760137644
9760128
97601006
9760067
97600575
97600388
97600225
9760005
97600
975xsuba
975shaul
975riverroad
975osme
975nayeli
975lsjf
975hjnua
975d95c5b6
975almond
975ace?x
975abc20
9759niw
9759bih
97599863
97599763
97599633
9759946
97599027
975989
975988
9759847
9759800
97597817031986
975975radio
97597076
97597
97596933
9759671_evelin
975965523
97596461
97596321
9759585
97595737
975955885
9759544
97595323
975951144485
9759501
97594805
975947
97594666
97594261
975937
97593265
97593206
97592936
9759285
97592535
9759236
97592258
97592040
97591996
97591773
97591697
975913
9759115590
975908
9759072
97590531
9759020
9759001
9758hope
9758SL
975899
9758958
97589404
97589265mn
97589132
9758905
975886j
975886
9758835
9758822
9758813
975878680000
975877
97587226
975870c
97586pickmynose1
9758675
97586522
9758642
97586009
975858
97585567
9758518325
97585117abc!752u
97584886
9758475
975847
9758461300fws
975846
9758435747
97584045
97583921
97583468
97583050
9758293
97582800
9758264310
97582526
9758245
975823
9758216
9758211TATTY247
97581924
9758168
97581491
9758101
975809
975806582463
9758053
9758050
9758028
9758012344
9757nicole
97579755
9757968
975796
975795
975794
975791
97578907
9757877
9757870
9757861
9757855fp
9757812D
97577884
9757783
97577711
975775
9757707
9757696
97576801
9757670
9757647
9757629b
975762000
9757603
97575722
9757547
97575086
9757497574
97574940
975748
9757440
97574020
9757347
9757323
97573017
975727
97572219757221
9757216
97572073
9757187
97571601
9757144
975713
97571167
975710
9757062
97570487
97570203
97570100
975700
9756yam
9756finished
97569sdox
9756972417LK
975694318
97569187
9756850
9756843
97567821
9756766
975675ls
97567449
97567264
975672
97567113
97567
97566918
97566612
9756636
9756611
97565e
97565765
975657
975654
9756516
97564859
975647
97564659
97564526
97564477
9756425
9756412
97563708
9756352
97563378
97563256
97563192
97563033
97562929
97562829
975625
9756233
97562294
9756180c
97561644
975612438
975611
97560b
9756083
97560737
97560536
9756040
9756018
9756017
9756012
9755sb
97559932
97559786
9755954
97559440
9755922
9755910
97559
97558760
9755849986
9755766
97557595
97557450
9755738
97557198
975567
975565
975563
97556182
97555965
9755579
975557
9755565
97555126
975551
97554ujisi
9755482
9755471624
97554568
9755423
975540
975539
975534
975532
97553
9755293bp
9755273745
97552557
97552293
97552112
975520
97551574
97551290
975511
975509
97550857
97550732
975505mnb
97550535
97550376
97550088
9755001
9755
9754pr
9754chicagoheights
9754KYRA
97549817
97549622
97549601
9754941
975492
97549156485
97549015
9754885
9754870
9754818
9754807carlos
9754795
97547725
9754755
97547159
97546831
97546587
97546524
9754649amor
9754623
9754611
975461
97545948
9754588jb
9754579
9754569
9754550091878295
975455
975454
97545196
9754501
9754491
975446
975445653micky
9754389
97543639
97543467
975432916
975432
97542ucfxp
97542821
97542723
9754268526
9754244
97542359
9754222
97542059
975420
97541601a
975412n
975410
97540808judith
9754048539933
9754034
97540101
97540000
9753nove
9753jlr
9753ipa
9753984
9753915
9753899
97538839
97538741
97538642
9753839
9753808
9753782
9753775
97537382
97537368
9753711
9753700
97536674
9753657
9753644
9753614DAMY
9753604
97535936
97535694
975354
97535165
97534TJ
9753488
9753477
9753468
9753456
9753446
97534383
9753425
97533988
9753375
9753370
97533337
9753327
97533162
97533033
97532996
975329
975328
97532451
9753210
97531x
97531sd
97531mcm
97531im
97531asd
97531CLRnei
9753198
9753197
975318642l
975318624
975316df
975316
9753146
9753135
97531286400
975312468rg
97531246810
975312345
9753120
975311q
975311998
97531123
975310c
975310975310
97531092
97531012
9753098a
97530866
975308
9753074
9753059192
97530552
9753044
97530290
97530158
9752wmp
9752LT
975297
9752967
97529620
97529300
97528iBMW
9752886
97528608
975284
9752831
9752824
97528155
9752790
9752734
97527
97526902
975267
975265486
97526252
9752591
97525758
9752562
9752524
97525229
9752515
975250
9752499
97524891joe
97524681
97524619
9752453
97524421
97524281
97524
9752383
9752329
97523266
9752324
9752305
9752283
9752267
9752257092
97522493
9752223
97522194
9752207a
97521776
975217
97521434
9752135
975212
9752100
97520805
97520671
97520629
97520385447386
9752017
975201012533
9752008
9752
9751quinn
975198003
97519751c
9751941
9751916j
9751850
97518239
9751809
97517dmtd
97517423
975172l
9751700
97517
9751695
9751667
97516612
9751637
9751613
97515688
9751565
9751561
9751551
97515467
97515300
9751523492
97515167
97515134
9751493j
9751456evelyn
975144
9751429
9751418186
97514031
9751387
9751322
9751305
975130
97512833
975127
9751248052
975124
975123456
97512188
9751197511
9751193
9751185
9751180
9751174
975115
975112220
97511154
9751046523
97510277
975102
9750tab
9750somk
97509924
97509889
975098
975097
975091
975088
975087
9750843
97508291
97508
9750778
97507525
9750736
97507221
9750679111
97506548
9750632
9750610
97506+800
97505njtjn
975059500
9750570alma_
975054711289
97505350
9750515
975050
9750480800
97504686
97504015
975040
97503637
97503449822
97503306
975030
97502929
97502680
9750253
97502313
97502228
975021
97502
97501979
9750175093761949
9750148w.
975013810
97501116
97501078
975009
975008
975006704
975005082
9750039
97500276
9750020667
975/2149reyes
974wes
974titan
974soldat
974radio123
974mun
974maboner974
974lrnfh88
974kemp
974gangsta
974crppz55
974ajhdu44
974ad85
974=cooldude
97499gkkp
974999
97499742
9749969
9749964
9749944
9749931garegu
97499066
9749898
974988a
97498501
9749826
97497962
97497935
974978131o
97497585
97497486
9749732
974972
9749700
9749675921102004
97496511993
97496232
974961
9749595
97495788
9749570
97495581982
9749551
9749532a
97495257
97495244
9749503
97494813
9749450
9749443
97494200
9749410
9749369
9749346221
9749335
97492578
97492405
974921
97492028r
97491836
97491597
9749143
97491291
974911
9749081381
9749035
9749-5317
9748suratkoy2531
9748998
9748973
97489556
9748923
97489171
97489091
97488540
97488493
9748832
9748799
97487801juan
97487778
9748742
97487327
97487245
97487113
974869
9748680
9748675
9748673
974867
97486559
974863f
97486206
97486083
974860
97485961
9748572
974856
97485266
97485033
974850
97484712
97484452
974842
97483iqfw
97483891
974837
9748335
97483090
9748294
97482800
9748277
974827219
9748252
9748210
97481810
97481605
97481560
97481324
97481303
97481233
974812
97481138
97481033
9748090
97480815
97480702
974806
97480520
97480270sophia
97480091
97480032019
974800
9747vitzx
97479934
97479875
9747971a
9747948
9747919
974791
97478748
974787
974785
97478462.nina.
97478444
9747823
97478139
97478050
974779
9747766330
97477519
97477220
97477
974769
97476726
974763m
9747634
97476284
9747626
97476183
9747576
97475517
97475444
9747537
974751513464
97475115
974749h
974747
97474319
9747419
9747414
97473us
97473828
97473714
97473645
97473566
9747342
974733
9747316315
974731
974727833
9747252hussein
9747234
97472
974718
9747174
9747160
9747121
97471054
974708sc
97470818
97470466
9747032
97470247
9747016
9746vjrjq
9746mlm
9746CHANGO
97469941
974696
97469353
97469213
974688
9746859
974685
9746824575
97468056
97467930
974679
9746777780
97467712
9746756
974674
9746735
974672
9746710
9746707qw
9746702
9746630
9746624
974662
974658
9746569
974656221
97465400
97465353
97465162
97465094
9746508
974650
974644
97464243
9746415
9746409
97463945
974635
974631971365@sG
974631136479
974631-
9746291
97462618
9746238
974622624100049
97462
97461952
974618
9746147
97461302
97461295
97461190
9746115743
97460871
97460646
974603971
97460265
9745wire
9745dpbus
97459745
974596341250
9745948
9745911
97458942
9745875
9745865
974586123
974585
974584
97458329
97458222
97458206
9745799048
97457778
9745758
97457355
9745716
9745681230
97456674
97456621
9745638879123456
97456280
97456003
9745584
97455628
974555
97455474stt
9745498
97454782
97454710
97454588
97454541
974541792006-
97453948
9745382011blossom**:)
9745377
97453712
974536984840795
97453421
9745324
9745317
97453040
974530
9745295
97452874
97452545
97452321
9745221
97452122
97451976
97451869961600
97451649
9745154
9745135359
9745120513
97451173
97451133
9745110017
97450853992169++
9745075026
97450642
97450404
97450292
9745
9744miguel
9744april
9744Awy
97449860
974497x
97449701
97449602
9744946
974491
97448b
97448758
97448634megj
9744862
9744840
9744831
9744809908
97447avii
9744784
974477
9744765243
9744738
97447081
97446688
974466
9744648
9744644732
97446306
97446224
97446015763285
97445427
97445126
9744510
974450
9744478
9744463593
974445
9744447
97444266
97444185
97443710
9744364e
97443520
974433
97443060
97442635
9744259
