8398850
83988
8398722
83986tguxn
8398678
839862
8398618
8398605
83985722
8398565
8398483
8398466418
8398354
83983228
8398282
8398239
839821052
839817
83981373
83980qpihu
8398093
83980305
839800
8397liza
8397VHM
8397BETO
8397964
839795sg
8397934
8397918
8397889
8397862
8397823
8397812
839777
83977405hector
839768523
839765854
839761=395
839757536
839755
83974859
839743707
8397414
83973644
839730817949
8397253120912528
8397200
839717
8397112
839710
839708
8397065g
839705
839701
8396xx
8396jf
8396959emoleng
8396937
8396914
839686
839674028
8396728
839666
8396638
8396615
8396604
83965uzhgj
8396588
8396554
83964hgaq
8396480
8396456
8396435
8396389
8396380
8396363
83963
8396296
83962756c
83962396
839617
839614jk
839612
8396037t
8395waoch
8395lucy
8395boy
8395LAYLA
8395986
83959533huan
83959300
8395901
839590
83958395o
83958395
8395792144G
839577
8395749
8395732
839571
839568j
8395666
839565
83956392
8395623
8395611
839559romeo
839559
8395552
8395541
8395499
83954873
839544
8395396
8395382
8395329
8395320
8395314
8395294
83952767
8395270
8395264
8395231
8395219
839520
83951111
83951
83950865
8395056
839504
839503
8395-argusvlinder
8394wr
8394love
8394g24315732
8394ddw
8394cena
8394M2937
83949631007
8394938
839491
8394875
83948394
839481
8394784
839477
8394753
83947
839467
839462
83945742
839455
8394516
83944Aa1
8394476
8394452
83943824
8394375
839436
8394336
8394239
839423
8394162
8394157
8394143
83941183
8394088
8394017
839401
8393zbr3452
8393sac
8393mich
8393lp84
8393agd
8393995
8393959
83938786
839383hhk
83938393
8393768
8393732
839365
839361
83935752
8393538989102
839352
83934rh
8393466
83934266
8393405
8393387
839338
8393344
8393294
8393281s
8393251
83932221
8393200
839319
83931765
8393120
839310
8393096
8393084
8393076
8393053
83930220
8393016
839301
8392wcr60
8392jm
8392brz3
839297
8392918
839289
8392887
839281
8392777
839275001
839273
8392692
8392657
839265
8392617547
8392588
8392570
8392551r
839249767
839246
8392422q
839241
83923953
839238
8392317
8392295hH
8392246
839224
839222
8392215
8392175
839215
8392131
83921198
8392108
8392061
8392034n
839200
8391ym
8391liovi
8391kg
8391jrd
8391983
8391961
83919403
83918991
83918826
8391820
8391751
839172
839171
8391704
83916491
839163
8391584
83915774
839155
839152
83915
8391445
8391436
8391416
839140
8391355
8391321
83913
8391289
8391277
839125ck
83912414
8391234
8391226
83912225
8391210
83911s
8391157
8391122
839110
83910911
8391076
839106
8391058
8391049
839101
83910
8390megan8390
8390deb
8390arely
83909mnavh
839096t
8390912
839077
8390754
8390720
839070
839067667
8390638
839063
839056801
8390537
839052
839051
83904789
839041
839037
8390365
8390337j
83903193
8390224
8390201
8390185
8390164
8390151
8390123
83901107033
8390060
8390037
8390034
83900022
839*/9301
838x7t42h8
838ubfnf45
838sanjacinto
838qxefq
838ozzy
838knc
838ertsu
838chin
838ako2
8389wayne
8389cgtd
83899pvjbz
8389986
8389957
838991
838990
8389849
838983
838976uk
838975
83896jhfmp
838969
8389632i
83895cfumv
8389579
8389569
838955
8389540
838953
8389523*
8389519p
83895123
8389491
838946
8389391
838938
8389342
838928
8389274
8389247
838920C5!
8389178
8389164
8389143
8389126
838910
8389068
838904
8389015
83890
8388vhc
8388jtt
8388ees
8388debora
8388bs8388
8388blr
8388allen
8388987
838897
838896
83889381
838892
83889091
838889845
83888388
83888240
838881
8388786
8388757
838872
83887079
838868
83886565
8388629
8388608
8388598
8388578
8388552
838854
8388518
8388481
8388453
8388400
8388370
838834
8388314
83882815gr
8388270
8388265
8388254
83882527
838822
8388200
8388170
8388138
8388100
838809
8388036
8388025
838801
8388007
8387sp
8387lk
8387fayn
8387bdo
8387996
8387979
8387962
8387955
8387949
8387932
838793
8387920
838789
8387857
8387824
8387785
838776
8387735m
8387729
8387706
83876733r
8387636
8387618
8387590
8387588
838756
83875496
838749d
83874154
838736
83873241
838731
8387297
8387275
8387269164
83872227
83872008
83871810
838714
838712
8387066
838706
838704155
838702987
8387011
8387
8386littletiger
8386dtewz
838699
8386941
8386926980
83869092
83868900
8386825
838677424
8386721
838671
838668
8386675
8386633
8386623
83866012
8386564
8386520
838651
83864941
838648
838646
8386451
8386441
838642da
8386403
8386380
838637
838635675383
83863027
83862veu
838629
83862821
838624
838622
8386190
83861823
8386156
838614
8386109
838607
838605p
83860506
8386048300
8386020
8385toro
8385mw
8385mama
8385gp
8385bamboo
8385989m
838597
8385959
83859396
838593
838592
838590
8385892
838587
838586--c
838577
838574
838573
83857258
8385710
8385673
8385626
8385607
8385588yaojing
83855672
8385561480
838556
83855078
83855
8385443
8385433
8385403yo
83853850123
838537
8385302
83852595
83852282
8385217
83851944
8385165
838515
83851214
838510
8385096745614562
838506
838504g
8385033
83850203
8385001
8384universal
8384love
8384jap1
8384asd2589
8384986
838497
8384933t
838492
838489
838486287474
83848569
83848340
838483
83848041002023
838479
8384779
8384775
8384767
8384739
8384735
8384675
8384659
838463894v
838460
838457
8384547
8384543
8384531
8384511
83844910
8384487
83844678m
838443
8384400
8384370
8384362
838434
83843017112
838430
8384260
8384255
838424975
838424
8384215
8384195
8384144
838410
83840M
838408
838403wt
838403cc
8384002
8383twon
8383susi81
8383sa
8383ocp
8383miles
8383jcs
8383gyl
8383angel
83839daewr
838399
8383943
83839240-=
838389
8383888
8383877
8383868
838384
838383n
838383gcp
838383c
838383A
83838367
8383792
83837758
8383745
83837170
83837
8383690
8383683
83836565
8383628ryan
838361
838359982796
8383557
8383545
8383530
8383513
8383497
838348
8383431
83834260
838340
8383384
8383310
838330tl
838329
8383281
8383274666
8383262205
83832450
838324
8383230
8383228
83832121n
83831983
838319
8383180pad
838316
8383133
838313
83831
83830797
8383070
8383067vs
838305016
83830385056
838303
8383023
8383004
8383*tequiero
8382mam
83829902
8382980
8382955
8382928543
8382894
838288
8382877
8382858
8382845
8382818
8382805
838279
8382728
83826633
8382647
83826281
8382612
8382596cel
8382580
838257j
83825588
838254
838251
83824887
8382443
8382435
8382428
8382415500
8382403
8382382
838236
8382335
8382309
8382293
838228292
8382242
8382224
83822167
8382199
8382183
838212
83821174
83821063vaio
8382097
838207
8382060
83820281
8382017
838201
83820
8381leigh
8381blue
8381amri
8381978
8381956
8381922
83818862
8381868
838185
8381837
8381823
83818120
83818085
8381794
83817619
8381721
838169
8381632
83815983
83815760
838156
8381535
8381522
838151111
838151
838149
8381470864
838145
8381425
8381407
8381398
8381377
8381347
8381314
83813
8381299
8381232510
838122
8381213
8381199
83811926
838117
8381161
8381135
8381113
838107043
838106
83810592303bhem2423
838105
838102
8380rebel
8380mww
8380gu7628
8380aa
8380960
8380941
83808ipgxv
8380890
8380866
8380845
838083
838077
8380727
838071
8380648
83806130
83805553
83805350
838044
8380351
83803206
8380293
838028dk
838027
8380247
8380229
838021
838018
838013
8380113078
83801
83800522
838004a
8380038
8380002
838/33
837tnn
837red
837oqpra
837newton
837kegs
837i266
837hw
837gh5pq
837esuew58
837anagel92
837SOLO994ZD
8379yxpn
8379pmptk
8379jennifer
8379M2335
837997
8379897
837985a
837983
83798153
83797884cr
83797780
837977
837971
83796865
83796186
8379601
8379588
8379544
837950
8379477
8379444
8379413
837940
83793942
8379339
8379318
8379306
83792826
837927
837925
83792009
83791471
8379133
83791252
83790uytgh
837908
837905s
8379046152
8379026
83790116
8378uskyq
8378empire
837895
837889
8378862
837885
83788285
83788172388
83787xuetp
8378791
837877
8378745
8378703
837869
8378657
8378652
83786383
83785xsvhf
8378579
8378576
837857
83785469
8378535
837852
83785
837846
83784376642323
837843763467
837843
83784249
83783817
8378375
83783381
8378319
8378293188
8378293
837828rap
837826
8378233
8378217
8378203
83782
837813628
83781234
83780818GEO
837807r
8378047
837802
8378007
8377tg
8377nephy
8377lB
8377goose
8377943
837791
8377887
8377858
8377842
8377823
837781
83777devzf
837778
837776012389
8377721
8377701
837769
83776307
8377587
8377557
837754123
8377490
837747
83774503
8377426
83773bc
8377380
8377373
837737
83773583
8377355
8377340
8377322
8377289
8377284
837726
8377237
8377213
837719
8377179
8377145
8377102
8377072
837705
83770222
8377011
8376vk
8376km
8376hummi3
8376a
8376973
8376910
8376873
8376825
837677
83767232
8376677
8376673
837666
837664403
837664
837663
83766
83765598
83765448
8376533
8376523
837651
8376445
837643264356
8376426
83764112
8376401
837639
8376348
83763
837628
837622
83762026
83761805348393
83761591
837614
8376135
837610
837604
837600
8375pinpino
8375covilha
8375978
837593
8375910
837588
8375865
8375811
8375800
8375796
83757555
8375737
837572
83756b
83756422
8375623533X
8375580
8375564
8375547ljs
83755158
837550
8375463a
8375430
8375407
83753313
83753021
8375294
8375253
837524
8375227
8375198
837514
8375133
837512fatin
837512
83751
8375016
8375
8374vj
8374r
8374ggu
8374batman
8374979
837491507
83748efewk
83748683266
837486
837483973
8374836ano
8374825
83747bdoqy
8374752
837469z
837463s
837462
83745miwnn
8374583
83745542
8374530
837449
8374475
837439
837434
83743079
8374296njtransit
8374253
8374223
8374182
837416
8374123
8374107
837405
8374033
8373tiff
8373kj
837399
8373925
8373896
8373871
8373856
837382228
837381483
8373796
837378
83737577
83737405
837371
8373683
8373673
8373640
8373620
8373567
83735499
8373540
8373491
83734350
8373383q@
837334
8373322
837330
83732684nick
837322
8373193
8373158
83731456
83731381
837312
8373097
837307
83730279
8373011
8372ys16
8372td
8372melisa
8372jc
8372dd
8372brebre
8372980
8372894
8372871m
8372863
83728
8372789
8372754
837271_me
8372699
8372673
8372643
837261ba
83726
8372568
837254
8372520
8372478
8372471
8372420
837241
83723147
837231
83722occto
8372269
837225i
8372247
837223670
837221
8372196erika
8372166
8372145
8372112A
837207
83720307
8371damian
8371992
8371942
837190
83718676
837184
837183
837181
8371741
8371735
837173
83717221
83716842
8371659
8371638
83715876
8371552
8371534
837150
8371482
83714211
8371413
8371402
8371393c
8371364
8371303
837124
8371221
837119
8371140
8371103
83710757
837105
837100
8370sk
8370b&b
8370999
83709260
8370896
83708520
837084
8370794
83707694
8370718
83706983
8370670
837064300
837064
8370611
83705730
8370565
837055
8370532
837051
837047
8370443
8370402
8370351
837033
83702611
8370237
8370201
837018
8370165
8370152
8370123
837011346
83700936
8370070
83700603
83700508
8370000b
837 9148
836westpanoramadr.
836sparky
836peachtree
836lemon
836jess
836dollie
836d1661f
836af3df
836TBWLX99
836BG608
8369bp
8369966
83699230
836990
8369866
8369859
836983
836976albina
8369732
8369719
8369696
836968
8369645
836963
8369594
8369554
836954
836951
8369489
8369473
8369445
836943
83694
836938914
83693635
83693398
83692706e
836925
83692
83691261
8369117
836909
836907
836902
8369003
8368cp
836899
8368936
8368916
8368901419
8368886
83688368
8368818383688183
8368802
836877
8368724
836871
8368693
8368626
83685vknjz
8368516
8368473
836839
836836yari
83683201GHx
8368228ef
836820
836819
8368148
8368130
83681175
836811
8368076
8368055
8368025
8368014
8367lee
83679trbsi
836798d
8367964
8367921
83678367
836781ha
83677435
8367716
8367699
83675901
8367582
8367544
8367517
836748
8367428
836736
836731
8367209
8367206
8367158j
836715
836711
836710
83670652
836703j
8366pitta
8366ap
8366993
8366982
83669010
836687
836685
83668366
836681
8366779
836676
836675
836673
83666dzy
836667
836664
8366634
83666
8366573
83664xqpt
8366481
8366448
8366368i
836631
83662venna
836628693358
83662652
8366250
83661929
83661585253090
8366130
8366112
8366103
8366032
8366026
8365zc
8365lee
8365c28
8365976
836594
83658jydjv
8365818
836577210
836573249381
836566
8365637
8365602
8365590
8365583
8365523hb
83654jd
83654887
8365448
83654222383
8365398
8365380isai
8365373
8365364
8365341
8365313
8365294
8365277
8365242
8365236
836521
83652
8365179
83651298
836511
8365043
836502
836501
8364me
8364byrd
8364bd1
8364991
836491
836489978
8364878
8364865
836484
83648255
8364815
83647443
8364729
836467
8364642
836462p
8364605
836458
836456
8364536j
836453
83644962
836445
83643enus
8364380
8364356
836432
83643
83642776
83642692
8364255
83642523
8364224
836419
836416
8364144
8364123
8364090el17
8364070
8364029
8363rms
8363dgvd
8363cb
836398
8363973
836394l
83639311
8363893
8363856
836384
836383
83638
836373
8363719
836369z
8363683
83636710
836363
83635716
8363532
8363517
8363495
83634574
836345
8363438
836342
8363369
8363360
83633433
8363337
836333
8363319
8363234
8363154
8363148
83630uuitf
836309
836305
8363027
8362sm
8362lg
8362998
83629273682283
83628700
836276
8362743
8362724
8362701
8362693
8362638
8362634
8362628
8362608
8362566
8362530
8362495
836247
8362426
8362371
8362357
8362327
83623
8362286b
83622447
8362236
8362208
8362148
836213a
83621212
836211
836208p
8362079
8362062
8362020
8361larry
8361e123
836199
8361969742
8361958
836194jj
836193
836185
8361833
836182
83617889
8361782
8361774
836176
8361694
8361684
83616352
8361596
83615457ana
8361518
8361478
8361430
83613857
8361344
8361281
836127
83612499
8361237
836123
8361206
83612
836117
8361144
8361132
836112
83611034
836108
8361047
836102jana
8361004285
8360znwmm
8360mtts43
8360kdf
8360eeyore
836097
83609550
836092
836089
836083
836077
8360758054
83607466
8360723
8360708
8360686
83606753
8360670
8360647olguitaro
8360643
836062
836060
8360548zo
836051333
8360421
836040040638
836036
8360349
836032386
8360306
83602899
8360268
836024
83602290
836020
83601998
8360177
836012
8360109274
8360047
8360021
836000
835wwf
835spe4h1
835ros
835r3q
835obbez
835mos
835kuya
835jade5787
835hmkmc69
835hehehe
835gney
835chlet
835bokay
835aily2937
835a9104672
835NOIDS
8359yung
8359iesy
835997
835994
835988
8359845
835980
8359784122
835974
835970
83596kkctr
835967
835965
8359620
83595827
83595400
8359538
835951
8359452
835942jarolav
8359382
83593598359359
835932
835930
8359284945
835926
835924K
835924
835923
835921j
835918m
83591770
835915
8359136126
83591234
8359117
835910
8358spvbs
8358hbk
8358943
83588855
8358862
83588358
835877
8358758
83587195
835870id
835869
83586586
8358644a
83586271116
8358604
835855
8358546
8358534
835853
83584qoibu
835845
8358405
83583858
835837
8358359
83583323lol
835830
835829
83582737
835826
8358217
835817
835813
8358102
835805
83580
8357patch
8357abcde
8357995
8357934
8357897
8357877
835785
835784
83578295
83578123
835778
83577665
8357742
8357710
83577
8357695
835766
835763
8357599ls
8357572d
8357529
835746
835744116
8357406
8357387
83573768
8357355
835728
83572505
835723
8357179
8357122
83570l
835707
8357036
8356qkomy
8356Chaparro5683
835698
835697
83569357
8356888
835686t
8356848
835681
8356767
835674
835672
8356680
8356641
8356614
8356591
835655
8356524
835651455
835646
8356435
8356351
835633
835630
8356277
835626
83562362532
8356235347179+
835623
8356223736423
8356211
8356188
8356158817503732
8356146
835612880
8356113
8356069
8355sue
8355ja
8355bk
8355JOJO
835593729
835591
83558eftee
835584
8355830
8355777a
83557025bg
8355666
8355643
8355638
8355629
8355603
835558
83555555
8355445
8355430
835541
8355388
835536
8355297
83552876
8355276
83552596
835525
835522
8355205
8355200
83551981
8355139
8355122
835510
8355064630
8355031
8355025
8354rwrd
8354loo
8354@fadik
8354990
8354941
8354809510
8354801tml
83547565
8354721393
8354702927
83546kneib
83546719
8354585
8354548
8354503
835449
835444
835441992
83543856201
835438
8354352
8354335635bao
8354319
835428071
8354255
8354246
835421
8354176904
835413
83540956
83540506022
835403163816682510
8353tf&jf
8353MK
8353991
8353963
8353952
8353917
8353901
835389
8353887
8353862
8353840183538401
8353829
8353816
835376
8353711
8353676
8353665
8353654
835363
835359
8353556
8353509
8353478
835345519
835339
8353362
8353309
8353288
8353273
835324901
8353246077
835323
8353226hackeraxl
83532006
835319
8353170
83531164
8353101
83530444
835300a
8353003
8352rrtg
8352huhu
835298
8352940
835289
835283272
83528077
835276jj
8352760
8352722
835271
835268
835263
83526186
835259
8352565
8352551
835252
8352481
8352455
835244
83524164
8352390
8352360
8352275c
8352261986
8352255
8352244
835224
835223
835221
8352191
835216nt
8352159
835215
8352133
835211990
83521180
8352109
83520el!ng
8352052
8352030500
8352015
8351keh
835196
835194
835193
8351901
8351854
8351835
8351811
835180
835179
835175
835173
8351701
8351674
83516605
8351631
83515831
8351550
8351518
835151
8351468
835144
8351425
8351418
8351321
8351316
8351309
8351304
8351292
835124
8351221
83512014
8351164
835114thorbn
8351125
8351110
8351087
835107
835105
8351045
835103
835101
8350mike
8350dell
835099
8350919
835087
83508437
83508111hdt
8350776
8350728j
835071801
8350708
835069263
8350664
8350618
8350565044
83505638
8350543
835051
835048
8350425
83503kghxq
83503807
83503715
8350318
835029
835021
83501796
8350167
8350130143
8350101
8350071
835006ar
8350065
8350009
835-4639
834x4s
834skips
834s2g14
834life
834kdmax
834god
834forlife
834evelyn
834abyss
8349zqeie
834999
8349969
834994
834990
8349856
834983
83497727
8349755
8349746
8349667
8349595
8349552
834950
83494510anel
83494381
83493b
8349366
83493601
8349321
83493
8349275160
8349265
8349215moo
8349188ste
834916213ei
83491365
834912585
83491111
83490875
8349007
8349
8348kobe
8348joel
8348TYGH
8348940
83489218
83489
834886
83488348c
8348805
834875
8348742
834869
834864
83485857
8348550
834851300
834849
834842
834838
83483539
834831
8348301
83482818
8348236
8348198
83481726
8348125
83480mdaii
83480815
83480584
834803
8347karoline8347
8347hsdf
834799
834794339
8347903
834786
834783mks
834777498
8347738
834772
834768qed
834767arrie
834765821
8347654
834761php
834756
834751
83474399436
8347431
8347274
8347262
8347230000
834715
83471182
83470rkw3
83470813
8347029
8346ggnvs
8346990
834697
83468rsuwk
834689
834687
834684367
834682
834680
8346714
8346648
83466217
8346559
8346547
8346528d
834648
8346448963
8346423
83463905a
8346382v
8346364
834632
8346254
834624
834623
8346211
83461813
83461721
83461214
83461184
83461048
83460531
8346033
834601
834600
8345out
8345kaika
8345993
83459605509250
834590
83458558
834582
83457b
8345787
834577018178
8345758
8345738
83457338
8345718
8345704
8345688
83456789
8345652
8345606
8345559vw
8345555
8345532
83455
83454888
83454470
8345350
834532
8345221
834521
83451962
834518*#$%!*
8345170
83451331
83450900
8345088
834504
8344prpr
8344JUN
834499
834497552
834495a
834490
8344877
8344838
834483
83447832
8344757
834473c
8344722
83446d
83446800
83446619
83446321
83446135
8344583
834451184
8344455
8344414a
8344381
83443709
834433511
8344325
834429125N
834425
8344232010
8344227
8344212
8344182
834416
834415
834411
834408
8344056
834405
8344015
8343xk
8343984
8343951
8343888h
834383
8343816
8343799
83437699
834374
834371
834369
8343672
8343622
83436097
83436
8343564
83435225
8343518
8343495
834348
834346
834343win
834341
8343406
834339
83433652
834336
834335
83432iopid
8343291033
8343270105
83432557
834324
834323
8343210
83432006
8343187
83431202
8343114
834307
834303
8343/k
8342xxxx
8342mb
8342church
834299143143
8342988
83429604044
8342959
834294
8342884
8342853
83428342a
83428247
83428
8342772
83427293670
83426kcoko
8342694
8342671
8342662c!
8342660
834265k
8342633
834262
834261
83425783
8342555
834255
8342512
8342505
83424507
8342432n
8342418
8342399
8342380
8342362
834236
834235
8342331
83423207
83422sc
8342287
8342282
8342260
8342253
834223393
83422022
83421908
83421777
834216
8342127
834210ma
834207
83420515
8342035
8341gemmy
83419804
8341959
834193
8341910e
83419
8341867
83418341
8341813c
834177
8341753
83417196
83416ss
83416921
8341671
8341644
834163
83415968
83415924
834156
8341546
8341525
834150m
83414l
8341492515
8341473
8341437526
8341423
83414121
834138787
8341366
83413610
8341347
834128
834123268
8341227587
83412188
83411_aoy
8341198
8341120
834111e
8341102tad
8341090wit
8341072
8341066
8341028
8341000
8340la
8340949e
8340919
83408863
834086
83408340
8340829
8340823
83408052
834079
834077
8340733
834072
8340711
83406829
8340668
8340597
8340586
834056
8340547c
834051
834049
83404838
8340464
834045-MARIAM
83404222
83404177
8340405
8340401
8340357
834031
8340306
83402knra
834026
8340233
83402228
83402102006M
834017
8340144025
834013
83401224
8340108
83401
834009
8340077
8340039
8340036
83400307
83400156
83400000
8340
833w50
833sagewood
833rnuttts
833ranui
833limo
833happy
833d80o4
833cfjat79
833apple
833TONS
8339svqbu
8339alyanna
8339989
833994
8339921
83399
8339888
833987
8339855
8339806MTG
833979c
833979
8339784
8339763
8339746b
8339728
8339689
8339626
8339607
833959
833957
8339498
833949
83394505
8339413
83394035518440
833940
83393756
83393208c
83393138808868
8339281
8339261
8339225
83391888
833916
833915
8339133
833912r
8339122
833912
83391008pm
833909
83390829
833907
8339067
8339038
833903
833901
8338sexy
8338nitaki
8338cijhq
8338994
8338988
833896
833893
83389106\\\\\\'
8338897
833888
8338843
833883
8338803yb
833876
83387407
8338687585
83386653
8338652014
833864
833862
8338612
8338600
8338598
8338573
8338557
833854tgb
8338517
83384bmgwh
833849
8338445
833841176
83383grcdv
83383863
833838
8338374
83383551
833835336
833833833
83383274
8338308
8338291
833826
8338248
833823
8338217
83381713
8338162
833815698
833813
8338109D
83380e
8338093
8338087
8338060
8338023m
8338013
8337rk
8337ldn
8337dtnqo
83379927
8337991
833799
8337981
83379317
83379044
83378retyu
833789
8337871
83378521
833783
83377inqwm
8337776
83377570
8337737
8337719
83376135
833761
83375904
833758
8337570
8337559j
833755
8337516
8337507
8337417
83373ed
8337361
83373311
833730
833729
83372592
83372570
8337224
833720
8337185
83371500
83371
8337035
83370335
833702
8337
8336mdnps
8336980
83369691
8336937
833693
8336887
83368795
833686
8336819e
8336798
833677
8336734
8336693
8336681
8336674e
8336618
8336589
833658
8336554
833655
83365456
833653
8336503
8336459
8336432g
8336401
833639
833637
83363325
833631994
83363
8336288
833624861
833624
8336219
8336199
8336161133am.
83361486
833613
833610
8336074
83360569
8336012
8336004
8335isgreat
8335986
8335970
83359685
8335920a
83358728335872
83358406
833582
833578
833577025
8335752
833572nd
8335673
8335655c
8335653
8335651
833564
833563
8335609
833558
8335571
8335554
8335513
833550
8335417
8335383
8335366
833535
83352654
833525
83352386
833518
83351435
833514
83351093
8335087
833504987
8335038
8335019
8334spgz
8334jd
8334978Has
8334968i
83349552
8334940
833493
833492
83348844
8334876
833487
8334856
8334831522
833483
83347950
833476
8334732
833469
83346561
83346123cai
8334589
8334577
8334536230
8334524
83345001
8334491
833448
8334479
83344599
83344411
8334421
8334411
83343641
8334354
8334318
8334303
833428
833424
833422
83342103
833416
8334131073011
8334102
833410
8334096
833406
8334028b
833401
8334
8333pam
8333969
83339444
833390317
833390
83338850
8333874
833384
8333808
8333790
83337400
83337375678888
8333721
833370129
8333683
8333615
833350
8333451
833344
83333908
8333383
83333652
83333497
833333333
8333304
8333278124510
83332603
83332181973
8333212
8333182
83331584
833311204
833310.
8333099
8333082
83330702
8333042
833303
8332z
8332FUCKU
8332982
8332978k
8332941
8332918665
8332905
833286me
8332811060
83327tp
8332783af
833276654
83327189711473
833271083
83326s
833269
83326666
8332663551
8332634d
8332614903
8332609
8332568829
83325669
8332562
83325421
8332527
8332514
83324ash
8332462
8332440
8332416
8332412
8332401coxdick
83323929
83323840
833236jn
8332344010
8332335
833231073v
833228
833227
8332254ella
83322532
8332239
8332233
8332222JACHIRA
833221ddd
83322020
8332176478DME
8332159
8332127732cyd
8332120
8332087
8332041
83320292
8332024517
833201
83320000
8331sn01
8331mich
8331ax
8331997
833197
83319235
83319110
833191
8331898
8331881
8331844
8331837
8331829
83318139
8331803
833177818ja knok
833176
83317470
8331725
8331707419
8331689
83316727
8331646
83316101
8331604
8331591804
833156
833154
83315374
8331510
83315
8331472
8331461
8331457
83314332
8331428
833141
8331365
833134
8331312
8331269
8331255
8331240
83312250
8331200
8331191@E
833119
8331178wjk
8331154
8331116
83310885
8331057
8331054money
8331046
8331036
8331023
8331014
83310
8330patch
8330993
83309598
8330953
8330942
833089
833088
83308670
8330846z
8330822
8330814
83308008
833078
833074
833072
833068emo
8330670
8330648
83306291
833060
83305cam
833058
833054
83305184
83305087
833048
8330472
8330421
833041
8330389591149284
83303500
83303344
833030
8330288
8330271
83302548
833023
8330211
833019
8330167
833016
83301293
833012
83301
8330090
8330078
8330058j
833002elle
8330011
833-9150
833-2895
832watitdo
832ordbn
832leaf
832ke
832h281
832cduak88
832bsbt
832ayden
832angel@
832_fr13nd
8329r
8329ha
8329997
83299581
8329916mamu
83298973
8329856
8329844325
832981
8329797
832978
8329751mp
83297425
832974
83297195
8329705
8329698840
8329655
832963
8329616
83296008
832955
8329472
83294128
832940
8329319
8329288
832925p
8329243
83292117
8329192
8329156
8329140
832912
8329116
832910
8329072189874
832907
832905
832901s
832900
8328kwa
832898810
8328972
8328953
8328932@1990
8328904797
8328881237
8328870137
832883
8328814975
83287hvswg
832878
832877
8328759364
8328755a
8328727
832870
8328694
8328679130
8328662
83286541
832864
832861
8328607
8328593066
83285841
8328566
8328556
8328531
8328522
8328515649
8328482a
832842007
8328407
8328368
8328356
832834
83283310
832832832
83283052
832830160101
83282gwiok
83282499
8328226
83281981
8328184706
8328159
8328144201
832813177
83281234
832811
83281012
832810
8328053tue
8328030
8328022
8327oren
8327cxmem
8327980906
8327971127
8327945771
8327914
83278tqbic
8327885
8327879
8327851900
83278327
8327799
8327789
83277829
832776au
8327756
83277
83276975
832768
832765
832761
832758
8327552
8327545//
8327526
83275119
83275
8327467
832742
8327410631
832731
83273
8327272
8327270
832725377
832724
832721
83272024
8327189
83271396
8327135
8327123
832712
8327117
832709
8327069
83270449
832703LD
832701
8326rl
8326dd
832698
8326955
8326935
83268k
832686989
832685
8326841g
832682
83267879
83267664
8326735499
8326716321
83266roma
83266mm
83266jesus
83266eli
83266c
83266beto
83266anamaria
83266J
83266Aa1
8326699
83266926
83266842867
8326678
832667637446
832667286
8326670e
832667
832666363
8326648935
83266419
83266373^^,
8326630
832662412
83266211983
8326610
8326609
8326606
8326600
83266.93
8326555224
832655
8326541h
8326520xL
8326511
8326498
83264890
83264693
8326460538
8326457
8326414
832640
832636ma
83263662
8326345
8326334
8326309580
832629
8326282
8326256
832623105k
832622
8326200622
83262
8326182611
8326121545
832610n
83260ili
832608
8326070
8326066
83260594041405791305
83260254
8326000varinia
8326
8325mami
8325eqsee
8325983
8325975
832596a
8325959665
832595
8325931
832588156
832585
8325799
832578y
8325772
832575
8325740
83257332424
832572
83256974901237
83256794tumadre6
832561832
8325610
8325586
8325503
8325501
8325492
8325480275
8325475
8325456
832542
8325390
8325371
832535sk8
832534
8325336026
832532022477638
83253041
83252vdtge
8325269c
8325243
8325235i
83252310
8325223
832521
8325203
83252.
83251982
8325194513
8325191
8325185
8325169
83251369
8325122032
832511l
8325106
83250974
832509
8325064d
83250410
8325031
832502
832500
8324tur7
8324pla
8324mechi
8324c
8324alfie
8324984
832498
8324967315
8324956
8324933
8324920189
8324869913
8324840
8324830
832482
832478
8324756
8324745
8324734
8324710596
832468123
8324663
83246518
8324602
832457530c
8324559337
8324553678
8324537885
8324505
83245
832449
832443
8324423rdma
832442
8324380
832436
8324349847
8324340922
8324332335
832433
8324320
83242864177
83242665
8324240
8324195
8324177
8324156
8324146363
8324139
8324122
83240911
832404
832402
832401+2529
8324007
83240
8323reema
8323jsqqc
8323ag
83239970
8323985859
8323971
8323964
8323955
8323930
832392
83239096
83238mgj
8323898
8323879
8323859112
832382ca
832382
8323796
8323751
83237421
8323736
8323705
8323687515
8323684057
832368
8323672507
8323663410
8323661b
832364
8323620
83235m
832356
83235200
8323511
8323509
8323493225910925
832347
8323447
83234316
8323389a
8323383791
83233809
8323350
83233397
83232j
8323299815
83232967
8323266
832324
83232236
8323209j
83231979
83231849
8323178
8323157
8323133
83231283
83231010
832309700
8323074
8323053
8323025
832302
8323016
8323009
8322tiger
8322983229
83229664
832295
83228help
8322899g
8322891389
832288
8322872442g
832287102918
8322842mh.
832283
83228234
832279
8322764197
8322751
832269
8322675
83226600
83226240
8322618
83226148
8322596947
83225958
83225610
83225477
832254
8322522
8322503
832249a
8322481
83224740
8322454220
8322447
83224365
832240
83223909gt
8322388
832237813p
832236
83223441
8322338139
83223236
832231
8322307
83222920
83222745
83222508
832224
83222217
8322216768
83222121
8322200z
8322188
8322167635
8322160
83221448
8322126753
83220899003115
8322084
83220605
83220357b
832203
8321w400n
8321pongphan
8321heh
8321bukol
8321DL38
83219869jc
8321943
83219166
83219
832188
83218345
832183
832182078
83217715
8321768
83217420
832174
8321727
8321668
832165
8321645
832163
8321613
8321599
832158
83215648
832156
8321540b
832153
832151
8321470
832146
832144
8321429
83214099
8321396gaby
832139
8321329
8321325
832128
83212749
83212699
832124
83212179
832120
8321193
83211880
832118
8321164
8321143
83211316
8321112
8321097
8321077
832107
83210509
8321049dj
8321031
83210268
8321009
8321
8320o4JL
8320935
8320921sb
8320918
83208991
832085
83208320
83208253
832080
832077
8320720282455
832070
832068
83206588yy
8320637
8320619484121
832061
83205910
832057
8320544
832051
832047
832045k
832042
832040047
8320362
8320342
832032
8320278
832026
8320249
832023
8320206959
8320183
83201596
8320141
832011
832010790
8320081
832005_xinezinho
8320040785
832004
8320023
8320013h
832.s.a
831zelji
831yourself
831yello
831vhin
831tude
831trina
831tom
831thrill
831tc
831ster
831srry
831shred
831shen
831sexi
831scott
831sam
831ronaldo
831rny
831rj637
831rexas
831ray
831raiders
831r.com
831prettyeyes
831poetry831
831pickles
831p281
831onelove
831nothin
831nigel
831mylulu
831ms02
831mlm
831mike
831mickey
831merdeka
831mary
831marcus
831mar
831lynn
831luvdj
831lu121
831lp13g
831loco
831lillian
831lbd
831kwei05
831kimmy
831kiler
831kenny
831kapiolani
831jose
831jmt
831jessi87
831jerrod
831jeffy
831isdead
831imrek
831ilu
831holli
831hate
831gummy
831georgette
831gabe
831flw
831evan
831elsa
831ekh
831drake
831doraemon
831dneif
831diana
831derrick
831dan
831dagj
831crunch
831craig
831cody
831clarissa
831christina
831chismes
831chic%
831chasity
831cassieconn
831caf
831bso
831boss
831bert
831bdn
831baybee
831barb
831babygurl
831b4sy4
831ashley
831anionly
831ang
831am124
831allday
831alice
831alexis
831abe
831_kathy
831Niglet
831NELL
831LYNN
831LLL
831Jel
831DRAMA
831Cage
831BITCH
831ANIONLY
8319far-+341983
8319eg
831995j
831994a
831994+-
831993560812813
8319918
831989pioneer
8319891314
8319869960
8319852109
831983Love
831983779vb
83198114
831980
8319787
8319760
8319736
83197329
831970mom
83196kcw
83196812
831966
8319642
831962j
8319616
83195bria
8319582019
831958
831956
831955
831953
8319479
831945lokim
83194304
831942075038
83194100
83193ljt
8319398
831937898
8319346
8319328
83192p
8319283
831927dawidawi
8319238
83192160
831921
83191e
83191902
8319178
8319162c
8319109
83191022
83190a
831904
8319033077189848
831902
8319001
83190
8318morelos8321
8318jbs
8318g108
8318drub
83189j
83189630
8318913
83189044hongo
8318900
83188vr
83188mg
8318876
8318863089
8318839
8318819
83187n
83187608
8318742d
831872006
831871ella
831871
831868
8318661
831862
831860
831858585
831856
831851
83184jlo
831849
8318443
83184310
831841
831839
831838
8318378
831835
831831q
831831k
831831a
831831A
83183183
8318315
8318288
8318270
831826865
8318253
8318232
8318206ab
83181G
8318121
8318111
8318106
83181
8318073
831806
831803
8318
83179jnt
831798yr
831798
8317959
831794
8317924
8317915
831790124
83179
83178885
831785
83178317
831783
8317821
8317812
831777
831771
8317703i
831769
831765
831760317
83175p
83175483
831750111
83174hyukjea
8317458
831745
8317445toper
8317425
83173sbg
8317389
831736
8317276
831723850
831722
8317215A@
831720
8317199
831718
83171597
8317149
8317133
831712bs
8317100
831709n
831707
831705
831703475
8317002
83170
8316led
8316grady
8316990
83169614
8316948
83169328
8316926
83169104
8316905
83168946
831688
8316820
8316810
83167868porritas
831677
8316742401
831673
831670525
8316699
831664315
83166138
831659945
8316543
831652
831649258
831645y
831645
8316431m
83164035
8316368
8316330
8316245p
8316222510
831620
8316163
8316131
8316121
831611282
83161028mc
83161
83160532
831604
831602
831600
8315y:25
8315tweety
8315katy
8315991
8315967
8315964
8315952
8315911
831588
8315841
83158315c
8315830
8315827
8315775
8315729
83157131
8315697
8315678
8315650
831563850
83156
83155601
831554
831552
83155071
83155
831548
8315474
831547
8315453
831543530
8315430f
8315419e
831539j
8315377894
8315324
8315301
83152ma
8315283121
831527
83152466349
831523
83152124
83152121
831521
831520
831517SP
831515
8315127
831511
831509IABLA
831509
831508
8315051
8315015
83150022
8314jmh
8314fvgh
8314eternity
8314danny
8314c
8314ZH05
831498
83149694
8314960
8314957
8314947
8314919
83149011
8314886
8314876
831486
831485
831480661
83147911
83147438
8314705
831466
8314606
83146003
83145938
83145684
831456
831455NN
831451
83145
8314480
831444
8314424
8314409
83144055
83143990
83143915
8314385
831434
831432
831430c
8314271
831425
8314230
831421
831420621
831419
831417
831415
831413b
831411
8314088
831406
8314043
83140111
831400455
83140000
8313tanag
8313mc
8313hakebc
8313butter
831399
831398
8313932
8313908
8313832g
831381nan
83138103
8313768
831375
8313745b
83137111
8313709
83136851
8313669
8313628f
831360
83135a
83135540
831354
831353
8313522
8313503
8313501
831349
8313480
8313464
8313459x
831343
831340GM
8313386427
8313369
8313358
831332
83133133
8313300
8313299
8313295
83132882
83132599
83132588
831325
831322878
83132132
83131yovita94555
8313181
83131721b
831315
83131391tum
8313129
831312
831309
831306sas
83130414
8313019
8313004
8313
8312saad
8312bb
8312aa
8312980
83129422
831292762008
8312920
831290karlofff
831290485
8312899
8312894a
8312889
831288
8312853d
8312850
8312823
8312808
83127710martin
831277
8312758
831274bb
831272
8312705h
831267cbm
8312651
831261a
8312594
8312582
831254
831251987
8312505
83124k
8312495
8312479
831247223
831244
8312428
8312421
831241alr
8312406
83124-1518-forever
8312383123
83123765
83123681
8312343
831233
8312323
831230ka
831230.
83122u
831229ychyancaihong
8312292244
831229005p
831228145917
8312264371
83122611
83122530
831224aaf
831224115286
8312233
83122304178
8312226
831222105623
83122190
83122145
8312206488
8312202
831220015106
831219aa
8312199
8312188bb
8312180959
831217yy
8312172
83121653
831216055076
8312154
83121488
831213145922
83121300411
83121210
831211WOAIWOZIJI
83121
831209135000
831209025741
831208mj
8312068
831206268
831206015468
831204hahaman
8312041088
8312037
83120320
831203036351
831202nike
831202075324
8312020
83120133
83120100
8312004
8311va
8311rosehill
8311jlw
8311end
8311dasaplace
8311afrotc
8311997
8311992g
8311980
8311977LUV
8311972
83119709
8311962
831196
831195
831194
8311936
83119123
8311895
831187
831186
8311832
83118268
8311819
8311815
8311805
831179
831177559
831176hds
8311752
8311739
8311732
8311722cute
8311716
83117
831168
8311667
831166
831157
831155
831154
83115111
83114xiv
831146
8311453
831145
83114403
831143ei
83114310
83114279
8311390
8311354
8311348j
83113207
831130xy
831129bb
831129030604
83112822
831127wsy
8311275c
831127015814
83112619
8311256
831125045235
83112446
8311244
83112408
831123125688
831123085014
8311226
83112214
83112184yahoocom
8311212
83112107n
8311210208
8311206
83112
83111927
831118hdfrrm07
83111823
831117105621
831117045147
8311164439
83111501
831114035779
831113115400
8311127
831112206
83111107
831109gypsy
83110944
83110909
831109045075
83110814
831108.
8311074
83110604931
83110527
831104liwenpeng
8311044krespo
831104075304
8311025188
831101zxc
83110101
8310son
8310rosy
8310lucy
8310coin
8310b
831099
831096
8310939
8310931
83109283
831088
8310854
83108311
831083108310
8310810
83107t
831077
8310748
83107181
8310708
83106love
8310689.
831067g
83106610
8310647
831064.
83106
8310595
8310545
8310511
8310494
8310477
8310467
831045
831042
83103bnb
8310363
8310334
83103232
83103121ps
83103107531
831030420
831030125697
831029145586
83102911
83102901
831028105347
831027tyl
8310274025
8310251129
831024085035
8310235415
831023105145
83102222
83102160
8310211
831020csy
8310202
831020075120
83102
831019146809
83101852989666
83101807
831017145917
83101555120
831014jsha
8310147
83101301
83101205633t
83101159
83101103
831010204
831010035862
8310091
831008100200
83100803
831007048
83100612
83100510157
8310043
831003055013
83100292
831002135070
831001pms
831001045268
831001006
831001+bday
831000.
8310
831...7
831-4322
831*69
830yjs
830vpd
830son
830schee
830robin
830opryc
830maple
830kttk
830kaitlen
830imfjhocson
830gcj78
830deb
830d.m
830babe
830armand
830ange9
830Snickerdoodle
830ALL8390
8309rudy
8309ab
8309999
830992
830990
8309864
8309823
83098
83097626
8309757
830975
8309716
8309693d
83096771thaty
83096523
8309614
83096
830956830956555
830956
8309555
8309518la
83094kp
83094900
830945rl
830940jjg
83093703
8309357
8309309
83092954482
830929156
83092706268
8309257569
83092440
83092406140
8309231395james
830923075549
830920055463
83092001314
83091lb
8309192
8309178
83091654892nana52734794
8309161
830916-51095
830915065340
83091500887
83091334
830912105765
830912016658
8309115685
8309101713
8309089
83090808
8309074
830907045147
8309069
83090678
830905leo
830905085962
830904juanjuan23
830903i
830902125949
8309015
83090108060806
830901-08959miel
8309008
8308kk
83089980
830899
830898
830896
8308943a
830892007
8308901f
83088zekelc
83088nmb
8308892
83088402
8308838
8308821
8308806
83087az
8308792725
83086nsrtq
8308693
8308668a
830865
8308636
8308609b
83085mmd
830858
8308544
8308532
8308507
830850
8308497
8308477
8308384f
8308348
830830cs
8308304
83083011184
8308294
8308284
830826e
8308266
830826115414
8308259N
830824831215
830824015524
830823146004
830822805051988
830822016304
830821wk
830820M
83081822
830817025919
83081613
830816-14-5038
830814fabdafear
83081421
830813145200
830813085519
83081205
830811095043
8308109
83080amf
830809035690
8308090
830808870505
830807cyl
830806065384
8308036
83080200ag
830801800609
83080100
8308-kud
8308
8307pk
8307ash
830797
8307941yalli
8307912
830789
8307853
8307849
83078306
8307805
830777
8307742693
8307715gh
830769
830764
830763
8307622b
8307611057
83076
83075787800
8307569
83075622
8307505
83074h
830747
830745508
8307413847
830739
8307364
83073357frank
8307315c
83073069
8307305465
83073
83072931011
830729055106
830728123
83072780
83072563
830724086368
830722145547
830722016200
830721015
8307202415
83071808
8307173378685349071749
83071705350
8307156
83071517
83071490
8307132237
830712025365
830711135765
83071103237
830710ej
8307101734
83071001
83070983
8307090850
83070809969
83070360
83070300977*+
830702015366
8306vtswr
8306sb
8306lgo
8306hg
8306ab
8306980
8306938D
830693
83069171
8306910d
830690
830686
8306846
830682
830677832
8306773z
83067539
83066iznez
8306672
830667
83066038
8306597
83065909
83065784
83065341
8306506
8306499
8306476
8306456
830644
83064253
830640061mam
83063birth
8306370
8306316
8306303
830630035658
83062d
830629075345
8306290022
83062784
830626055250
8306244159
830623715006
830622086746
830620lsh
83062
83061919
830619045038
830617800204
830616108
8306150420
8306117919
830610170280
83061002
83060912
830609*
8306085392
830608
83060787
8306069
8306063070
830605830605
8306045
83060332
830602259
830602135846
8306017
8306009
830600
8305jlt
8305hell
8305bebo
8305985
8305975
8305949d
8305916
830590
8305874
8305834b
83058263
83058027
8305759
8305699
83056111601
8305597
8305567
8305541c
830553
8305506
830547
8305435r
8305404
8305381
83053504
830532
83053105
8305305
83052907872
8305273
83052608
8305252
830524ty
83052455
830523075339
8305226
83052105
830520zoe
83051983
830519086094
830518025134
830517015057
8305166
83051501
83051405
83051343
8305130
830511075219
83050912vyn
830509095069
830508jj
8305072
830507015635
83050683
83050622
83050610
830505la
8305054
830504y
830504035104
830501wwjd
8305015
8305003
8304smj
8304noah
8304mkd
8304aPERRY ST.
8304998
830499
8304961
8304903
830488
8304807
83047643
83046yqc
8304696
8304663a
83046529
8304646
8304638
8304550co
83044424
83043rdvfs
8304366oo
830435kelly
830431
830430alva
830430025156
8304291
83042906
83042888
83042828
83042708
83042703
830426125453
83042550
830424115091
830423moises
830422i
83042210
830419075638
83041850
830418025962
830416621
830416075157
83041512
8304150030
830414075401
830413135433
830412hp
830412085235
8304115312
83041126
8304075884
83040700
830406092
8304057
8304053670
8304046319
83040399
8304022
830402135163
830402086170
8303vx
8303morph
8303bis
8303BD
8303919
8303869
830386
830382007
83037o
830379
8303743805
8303726a
8303703
830368
8303670
830366d
83035tz26
8303594
830354739
83035299
8303506
83034bpi
830348
83034211
8303367
830333
8303327e
830331145267
830330474
830330145935
830330125619
830328qd
830328dan
830328086745
830327126274
83032609662
8303256
830323a
830323085997
830322085469
8303213
8303209
830320045324
83031912
830318w
83031711
83031690k
83031515
830315085873
830315015243
83031302
830312035425
83031201384
830311j
8303118
830310820224
83031026828
83030908
830309015474
830308r
83030831082
83030810
830305erul
830305115638
830304145659
830304040740809033
8303033992
8303031028
830302i
83030212
8303020
83030107
830300
8302you
8302lukas
8302huxley
830296
830289
8302868
8302861
83028302
8302820
8302783935
830272638
8302710
830266
83026388
83026071993
8302583g
830255
8302539
8302535
8302515
83024yah
8302453
8302442i
830242
830236
8302322
83023184a
8302310
830228105347
83022800
8302276
83022703
8302260387
830225478
83022425
830221sopn
8302217048
8302211
830220583106
83022014
83022
830219075297
83021807
8302175568
83021607870
8302156
8302151
83021426
8302135
830213045265
8302125512
830211vu
830211135259
83021
8302097!
83020774
83020601
83020505314
83020400725
83020320
83020305
83020192
830201025822
83020087
8302006
8302004s
8302002
8301tina
8301nal
8301ken
8301devayd
8301c6yu
8301bc
8301997M
8301995
8301990k
8301982
8301976
830197
8301966bday
830195
8301930
8301907
830188
8301848
830182k
8301789
830174
8301685
8301664g
830163360
830162
8301613np
83015926
830157
8301550
83015170
830150
8301429
8301381
830136
8301330
8301323
830130055222
83013
83012956
83012790
8301275492
830125ma
830125a
830125015779
83012322
8301205
8301195642
830118126147
8301180
83011620
830115125293
830115105260
830113831212
83011304608
8301130
83011192
830111016316
8301095
8301090
830108145643
83010656
83010612
8301049
83010306
8301029
83010201
8301020
83010114
830100
8300sgbj
8300km
8300hotone
8300adler
8300998
8300977
8300937t
830092
830091
8300881G
8300848
8300838
8300802
83007954
83007818
8300751
8300704
83006pie2
8300693
8300683
8300664
83006234
8300615
8300600705
83005p
830059
830056165
830055258
8300547
830053
8300503
830050
83004jake
8300496
830049
830045
8300446
83004378
830042dj
830038
8300363
83003424
8300313
83002924
830028
83002596
830025
8300233
8300218
8300192E
8300144
8300104461
83001
830008
83000506
8300045
83000306
830001520
83000031
830*club
83/*-10/*-24/*-
83.82jed
83.266
83.036.790
83-nerak
83-41-34-03
83,Mhtng
83*kcuF*38
83&83r24
83!icandothis
83 266 635859
82zizzer
82zaxo82
82z538fl59
82youhavenoidea
82y45x
82xffza3
82worms
82wingatesquare
82win85
82wc83cc
82wal72
82w3r3
82vispi84
82violet
82vhe43h
82vero82
82vag2398
82v4cr7g9
82uece
82ty9834
82tuna587
82transam
82trance
82tornado
82topps
82toha86
82thurso
82thomas
82theparkway
82ten109
82tbaye
82tahoe
82sykoo
82surasak82
82superdad
82sucks
82sting
82staziastoli
82stang
82sr2000
82southridge
82solorzano
82sobo
82slps
82sk23m7
82simpson
82shz82
82shovel
82shoes
82shiny16
82sexydoggy
82seduction
82seaworld82
82scorpio
82sb84mb
82sarah
82sally21
82sadiya
82s02z07s
82roystreet
82rose
82robert
82rjsxiq
82rhdx
82reflux
82reds
82redcj7
82rebzz82
82reasons
82raye
82ranch
82qkntfi
82pyghtle
82purple
82puerto
82pr86
82politecnico
82playgal82
82pinotnoir
82percent
82peelst
82payne
82panda
82p63m75f
82otiey
82oooo82
82ojspil
82nt97
82nm63cb
82nights
82nichole
82ndcavalry
82ndairbourne
82ndab
82naije
82mynewpassword
82ms83
82mosspark
82monky
82modu91kk
82mmck
82miller
82mel75
82mdmo83
82matk
82marzo6
82maryamor
82mariposa20
82maria
82mafia
82ma06
82m71o
82lucasd
82love78
82looney
82llt5474
82linz82
82lindsey82
82lincoln24
82lewl
82lesbian
82leon08+03
82leen
82larimore
82lara20
82ladyville
82la24
82kurt
82kris
82kitties
82kimmy
82kfvhjh
82kcll
82kaito07
82k85k92
82justintime
82june
82july22
82jrbird
82joseph
82jolie
82joana
82jklo7pq
82jesgladwe
82jeep
82jaycoub
82janesh
82james
82j-90cp4_chavi
82italy
82invincible
82intern
82independiente
82hydfyv82
82hugoboss
82hotmail
82homestead
82hofstede
82hitz
82heartbroken
82headache
82harold
82hanunfaya
82halstock
82hajimah
82h5he8sff6t
82gtop
82gregory!
82grecia
82gogo520
82gi30
82getrdone
82gbhard_
82ganya82
82gaby19
82frogger
82frank
82fords
82flyingmonkeys
82flood38
82finaltest
82faith
82fab27hot
82exodus
82eugene
82enero
82ehdl
82eddy
82ebszsj
82dusty
82dsigbn
82dragonfish
82doyoqx
82dodgeram
82dkaila
82demraeno
82deereyes
82deaf82
82danny
82dallas
82dablock
82dCk*8365
82crumbsoflife13
82crew
82cr2000
82combat
82coach83
82cmlbn
82clara8
82chris
82chick
82charley
82centre
82catty
82catie
82carebears01
82c9761e
82butterfly
82burnout
82bunny36
82budman
82brtfan
82brewers
82boyce92
82boston
82blazer
82blacktea
82bird
82bills
82bigstack
82begg04
82bebop
82bear
82basco
82baller
82babe
82azzu24
82avenue
82at78
82apr10car
82andie82
82amores82
82aly00
82allday
82ale01pio
82aj%X8W7Z
82airb
82aguroy82
82aehyt
82acbulldogs
82abril99
82abnDIV$$$
82aaddiill
82a32b
82a12m20d
82_maude
82_gogo
82YOUNGC
82Teach
82TYSON02
82Simple
82SEtiENpah41CRA
82Peru19
82PINK
82NORTH
82Medgrp!
82MALIBU
82LBDIANEGRO
82Infinity76
82Hamlet
82HENRYST
82Feliz74
82ELCO
82DrJ83CcC037
82BSTR8YUP
82BORN
82Awesome
82AkelA
82Aetairpy
82AIRBORNE
829yhenm63
829sn
829simran
829shane
829scraPPy
829qqcnn42
829nicholas
829n1k0l1t@
829msb17
829loveme
829kokomo
829klk
829jzobp
829felio
829edw
829coty
829btn
829asd
829alante
829PAH07etcp
829BEBE
8299tayz
8299swt
8299oo
8299993
82999681
829995
8299948862
8299941563
8299939923
8299937016
82999307401
8299904484
8299903770
82999
82998T
8299885
8299869614
8299865001
829984c
8299844
8299840465
8299839850
8299836275
829983
8299826001
8299820
8299813248
8299808445
8299804878
8299801530
829980
8299795657
8299794
8299792
8299783814
8299770
8299758370
8299743496
8299741
829972
8299706023
8299701960
82996ln
8299694439
8299692540
8299691299
8299686646
8299681
8299677515
8299672429
8299660730
8299651155
8299645105
8299634202
8299632007
8299622411
8299607644
8299605.555
829957
8299567
829953
82995123
82994harold
829945
8299432
82993mc
8299398037
8299391
8299339024
8299337405
8299334552
829933
8299319116
8299317341
8299307485
8299304120
82993
82992stanly
8299291374
8299275877
8299265904
8299265274
8299262498
8299256596
8299255
8299252821
8299248304
8299236153
82992243
829922
8299217960
8299214837
8299214
8299211025
8299206186
8299201982
8299201
82992
829919j
8299194071
82991879916
8299187234
8299181553
8299181370
8299179
8299175407
8299171529
82991630
8299146239
8299140759
8299138449
82991365
8299133222
8299132040
8299130764
8299129643
8299127147dsa
82991260
8299123448
82991224081687
8299120
829911
8299108547
8299106564
82991027
8299101215
829910
82990c
8299095753
8299085618
8299083
8299081854
8299078
8299076617
829907249+1
8299066389
8299061737
8299059764
82990510
829905
8299038873
8299037327
8299033449
829903
8299024695
8299023411
8299020953
8299019858
8299011972
8299010247
8299003
8299!!
8298lar
82989m
8298984791
8298982408
8298961
8298935
8298922933
8298919421
8298909938
8298907593
8298905415
8298904653
8298901018
8298895507
8298871161
8298869
8298862893
8298860338
8298858709
8298855010
8298854335
8298852952
829885
8298847550
8298842024
8298841069
829883905302
8298838141
8298836194
829883296514
8298830644
8298829450
8298825553
8298820242
8298815825
8298815002
8298807260
8298805263
82987tc
82987des
8298790057
8298789537
8298787580
829878
8298777780
8298775320
8298774272
8298773
8298770848
8298768720
8298764370
8298763526
8298750126
829871e
82987
8298684740
8298673599
8298669793
82986646
8298663473
8298655jj
8298651739
8298651093
8298640321
8298633377
8298632943
8298629718
8298627383
8298617056
8298612492
8298610290
8298607759
8298606
8298603176l
8298600336
8298587562
8298574422
8298563056
8298560
8298557
8298550513
829853398
829852
8298514601
8298512702
829851
8298506237
8298501402
8298490818
8298487680
8298484142
8298483763
8298482294
8298480444
8298478802
8298475281
8298470125
8298464864
8298463981
8298460269
8298451
82984
8298389952
8298389153
8298385436
829835
829833gbdm
8298308462
8298303
82983
829829j
8298299936021
8298277976
8298267778
8298264664
8298255
8298230
8298208100
8298207517
8298205505
829820
829818255
829816
8298148242004213
829812977
8298106520
82981024
82980aa
8298086367
8298083952
8298081932
829808
8298072301
8298068102
8298065289
8298063063
8298054097
8298049726
8298048066
8298044391
8298040891
8298032055
8298015751-
8298010657aw
8297oipt
8297Lore
8297979387
8297975052
8297973925
829797
829791805
8297909529
8297879912
8297876677
8297871856
8297866733
829782
8297803403
8297797727
8297794648
8297792066
8297764
829773
8297708988MAMIyyo
8297700815
82976r
8297695
829768
829766247
829765
829764
829763
829757
8297544563
8297543307
8297541309
8297534
8297522
8297474608chelo
829745
8297442674
829741
8297403485
8297401174
8297385
829735
8297323356
8297313009
8297312660
829731
8297304480
82972caj
8297293221
829729
8297283524
8297277947
8297276804
8297269
8297251657
8297237776mami
8297229128
8297217608
8297213338
8297211213
8297200299
8297194856
8297189388
82971863
829718
82971556
8297147263
8297144485
8297138106
8297134389
8297131462
829713
8297121846
8297098556
8297094
82970800
8297075427
8297061655
8297059407
8297058
8297051645
8297043775
82970266
8297019558
8297017817
8297014827
829700b
8296997736
8296988
8296976130
829697
8296964759
829696046517
829694
82969
82968755
8296868315
8296860765
829686
8296858
829684
8296821
8296784
829678125
8296777136
8296763694
82967552
829672348108
82966nic
8296695920
8296693848
82966918air25919
8296690429
829665
8296643
8296635
8296630746
82966253sparky
8296620446
8296616216
8296608212
8296605480
8296603
8296600
82965mjy
8296559
8296548397
829653800
829652
8296486
8296463388
829645
8296444617
8296443541
8296412
8296409
8296405181
8296401322
8296382
8296337145
8296333187
8296330525
82963067
82962leigh
82962642
829624
82962185
82961998
829618
8296162377
8296136529
8296135766
82961111
829611
82960938
8296061
8296057924
8296056008
829605
8296040593
8296039125
8296037759
8296034851
8296031250
8296025331
8296024210
8296021402
8296017111
82960160
8296012361
829601
8295oyksu
8295music
8295ma
8295hi
8295airam
829598a
82959617
8295919
82958798
8295874761
829586
8295845
8295802
8295782
8295775
829575191955
829575
829570421
8295694433
829567t
829567929t
829563r
8295630
8295626485
8295592855
8295558
8295540
829553
82954yuon
82954947537
8295465331
8295450
82954419
829543
8295375
829536cb
82953441
8295339
8295312765
82952njer
829528
8295270
8295243072
8295223
8295219
829520
8295187969
8295168
8295140308
8295099901
8295062144w
8295050624
8295030
8295
8294pafpg
8294fkcrm
8294BornFree
8294986
8294979
8294962
8294931378
8294931
8294898
829485
82948221
8294800
8294795691
8294788210
8294766521
829475p
829475123tiamo
8294712
829470
82946791
8294663187
8294656323
8294645396
8294620
82946150
8294602689
82945918
8294590190
8294584221
8294565401
8294563
8294540
8294530
8294508373
8294506211
8294503612
82944rfpnh
8294489990
8294487889ok
8294481145
8294479648
8294475752
8294474934
8294472374m aria
8294470
829446496
82944537
829444*
8294435
8294421675
8294417
829441088
829440
829439
8294375
8294359
8294336
8294321039
8294312
8294297
8294294786
829428937211
8294285728
8294278393
8294275542
829427
8294255273
8294252
829423a
829420
8294187466
8294164
8294158s
8294109941
8294102103
8294100549
82941
8294084
8294067964
8294051
8294049
8294047851
8294043826
8294041890
8294017968
8294015520
8294012
8294010506
8293lazzy
8293d
8293DVS
82939sjm
8293998454
8293995969
8293993788
8293989091
8293984149
8293966981
8293963340
8293961
8293949
8293938873
8293938
8293924
8293900717
829389mercedes0
8293891773
8293883T
8293879307
8293866651
8293864
8293838780fm
8293834
829383
8293824199
82938168293819
8293803053
8293795243
8293794081
829379
8293776632
8293759329irak
8293756599
8293737401
829372
8293710177
8293700
8293687821
8293685699
829367
8293665821lomejor
829366
8293648424
829362
8293606589
82936
8293599595
8293592007
8293578
829357
8293560
8293555933
8293544057
8293540352
8293535
8293531960
8293527654
8293517637
8293510336
8293500
8293478602
8293448
8293436400
829342
8293409
8293400790
8293398233
8293383
8293375082
8293369977
8293368722
829335h
8293346570
8293339542
8293335742
8293331012
829332
8293311041
8293305
82932944
8293280762
829326D
8293259
829325
8293239267
8293232741
8293220185
8293206183
8293204115
8293190305
82931848
8293174016
8293166754
8293165443ca
829316
8293153289
8293151546
8293134
8293128761
8293109
82930e
8293083913
8293082023
829308
8293055878
8293050527
8293048056
8293039
8293028
82930188489
8293018255
82930
8292zudvg
8292kelli
8292joyce
8292gilman
8292996388
8292993495
8292991k
8292991617
8292988
8292979540
8292976079
82929702
82929677
8292950
8292939838
82929282
829291204
8292906749
8292905017
8292901766
82928917lu
8292873341
8292866415
82928615
829286
829284a
8292830832
8292819413
8292804321
829279
8292770802
8292764725
8292753737
8292745904
8292742
8292738199
8292726368
829272
8292710
8292708910
8292702093
82927
829268801
8292648316
8292637
8292632
8292625315
8292622457
8292604
829260
8292593
8292576994yoca
8292558
8292546321
8292527500
8292524604
8292523562
8292506493
8292504149
8292486
82924428
8292393
829237
8292359
8292347
82923333
8292330958
8292322500
8292310
8292301588karina
8292300892pau
8292287995
8292282
829227
829226
8292236
8292218
8292214507
8292214
82921b75e4
8292185450
8292178940
8292160252
8292147483
8292144940
8292128816
8292120
829210O
8292108
8292097146
829209
8292060114
8292049
8292047632
8292044205ricky
8292040770
82920371
8292016520
8292008
8292006
8292
8291pintainho
8291hstu
8291hi
8291colenge
8291azza
8291JeSSica!(*$
8291997
8291993
8291992aaa
8291990b
8291988
8291984
829198
8291968
829196
8291923
8291918
8291900
8291860
8291845
829183640
829182
8291757
82917346
82917136
8291682jr
829166
82916318
829161992
82916
829154
82915051
8291493
8291474
8291472
829146
8291418
8291403
829140203
82914
8291397
8291370
8291358
829131
829129
829126
829124
8291231
829121
82911921
829119
829115
8291128
829112
8291104
8291083
8291015f
8291008
8290sasa
8290onot
8290ml
8290leslie
829098829098
8290960
8290935
82908716
829082908290
82908261
82908
8290796
8290779
8290752
8290733
829071
829070680
8290680
8290658
829063
82905rmd
8290554
829054
82905
8290463uae
829041356
8290392
8290383
82903
829029
8290278
82902478206
8290216
829019
829018
8290153
8290139
829011
82900lg
8290061
8290002
829-410-1996..
829-262-0687
828yda
828waikato
828th78
828suzifootsies282
828spiller
828sc28
828rave828
828praise
828nna
828min
828love
828lingmu
828kenny
828jos
828jmalj
828jeffee
828jane
828home
828goo
828finest
828drapmal828
828dalestuh
828colombia88
828camirain
828black
828ally828
828MOMO
828GOLD
8289fly
8289deo
8289an
82899tr
82899g
828999
828995
8289921
8289873
82898491
82898289P
82898215
828980
82897d
8289795
8289780616
82897268
8289700
82896malo
82896KENZ
8289658
8289639
8289613
82896048
82895th
828958
8289548
82894j
8289497
8289465dub
8289449
8289430960625
828942
828940
82893jnr
828938229392
8289373
82893344
8289312
82892tay
8289294
82892838
8289257
82892121219113
82891kad
82891982
8289162692
82891212]
8289117
8289100
82890O
82890759
828906
82890313
8289024
8289018
8288sg
8288jc
8288ehh
8288davee
8288alex
8288IGM
82889d
8288985
8288981
828897ffb
82889717
82889545
828894
8288922
828891
828890
82888lmd
82888799
82888528
828884577
82888303
828882vv
82888222m
8288819
82887het
8288794
828878
8288737
82887
82886918
828866420
8288658
82885trs
828859
82885697
82885408
828852415
82885
82884ever
82884496
8288431
82884283
8288426
82884078288407
8288388
82883539
828834
8288318
82882l
8288296
8288282
828827
8288224
828822
828820
82881988
828818
8288172
828814
82881284*/
828811
828808mah
82880713
82880608
82880431
8288019
8288007yhc
8288001\\\\
8287ss
8287jesus
8287bk
8287995
828792
828791
8287892
8287881
82878781l
828787
8287851474
828782s
8287828
8287816
828780
8287788
8287773
828777
828773
8287725
82876pnqkp
8287670000
8287662
8287657128284723
8287649923
82876138
828759
828757
8287557
8287497
8287472
8287464
8287448
8287417
8287402
828737
8287353
828734dj
8287325
8287274
828727
82872514
828724
828722r
8287223
828713
828711
828709
828706life
8287031
828702
8287008
8286mar
8286fc0506
8286998
8286964
8286942
828692
828690
82868idfcd
828685
82868286k
828682
82868
8286752
8286696
8286672
828665
8286598
828658957
8286579249
8286571
828655
8286526
8286509
8286464
8286448
828644
8286412taytay
82863kab
8286365
828634i
8286338
828631310
8286306
828630
828629
82862609
8286244
828623200
828620Ar
82862
8286181
828618
828617550
8286157
8286138
8286131
8286110
82860a
828607
8286000
8285mamz
8285franet
8285cory
828599a
828598
8285936479
8285916
82859103
8285899
82858781
8285848
8285822
82858
828578
8285751
8285737d
8285700
82856jqbrd
82856997
82856923855207126/03/1994
8285670
828566
82856518
8285647
828562
828561
8285571
8285547
8285538
828551
8285500
8285480
8285479
8285454
8285444
828543
8285365.
82853515
8285346012n
828534
82853
8285262
82852478
828523
8285213
8285206
8285199
82851542
828513575
828511
8285102
828510
8285068
8285056jj
82850305
8285008
8285000
8284tbt143
8284portsmouth
8284mico
8284kew
8284fatrat
8284aquarius
828497
82849412
8284916
82849092
8284898
82848761
828485vv
828485
8284813
82847mr
8284785
8284756
8284744
8284728
82846911
8284690
828466
8284634
828463
8284611029
828459
8284577
8284563
828455
828453e
8284521
82844843
8284415
8284364
82843320
8284331186
8284319
82843054
828429
8284287
8284277
8284262m
8284259
8284224a
828421youyu
8284212
8284208
82842006raba
8284200
82841982
82841763
8284165514410320
82841565
828415
82841307
82841234
82841
82840916
82840765
82840506
8284046
82840392
8283ttcmx
8283kp
8283er
8283chiki
8283ba
8283Lickme
8283966
8283950
8283921
828387ok81
8283864
82838587
8283848
82838418
8283834
82838
828379
82837476
828371
82836541
8283625
82835934
8283582835
82835646617
82835542
82835442paty
8283523
8283505
82834hdgag
8283483
8283474
82834289
82834113
828339
828336855
82833564
8283349
828333
828329
828327t
82832676
8283245
8283232
8283227
8283220l
82831842
82831821
828316b
82831617robjr
828314990
82831333
828313
82831266
82831234
828311osa
8283066
8283028
82830130
8283
8282mojito
8282mj
8282honey
8282cube82
8282chap
8282c
8282a2
8282FILAN
828298
8282974
828297
8282939
828290
82828akuizzy
8282889
8282876
828287
8282852
82828383
828282c
8282828q
828282452
828280
82827777
828277
8282715
8282692
8282689
828266
8282651
8282642
82826262
8282614
828260
828259
82825826
828256
828255444664
8282549961
8282542
828254
8282529
8282523
828251382a
82825115
828249
828247098
828246468624
8282463535
82824422
8282441
8282423
82824185
8282406
8282383
8282374
828235656
828232
8282312
82823
82822739
828227
8282260
8282256
8282241
8282226179
82821982
82821706
828216531
8282160T
828216
8282150
82821417e
8282134
82821212
8282116
8282104
82820bee
82820917
8282086
82820568
82820492gilmoreg
828203613440
8282008
8282005c
8282001
8281quincy
8281mNr267
8281g7
8281_Texas
8281994
8281991a
82819888
8281985
8281982
8281975
8281967
8281964
828193
8281919
8281905
8281882513
828188
82818471
8281828
8281808
8281801a
82818
8281774av
8281770
828174
828172
82817
828168
8281661
828165
828163
82816
828157
8281561
828155
828152
8281476
8281437
8281399o
82813900
8281380matute
82813418
8281280
8281247
828123
8281226
8281224
8281207
8281200794
8281186
8281149119
8281138
82811288281128
8281121
8281085661
828102
828101
828100513
8281000
8280edit
8280993
8280982
8280977
8280948asd
8280937
828091
828090
828087
828084210
8280840
8280817
82808048
82807eqopr
828074
8280727
82806jn
828069
828067
828063
8280611
8280524
82805
82804j
8280486
8280420
828041
82804061189
8280331
8280315
8280272
8280249
8280233
828022086
82802031
8280197
8280183
8280174759
8280162
8280145
828014
8280129
828012
8280106
828008
82800731
8280051
8280036911
8280026
828000
8280
827ya
827vanessa
827shady
827missy
827johnson
827ggsclock
827flamingo
827dyno
827dma
827cc5d
827boogboy
827bh
827ax827
827albeysgirl
827SICHOK
8279emmie
82799nq
827997tk
8279966b
8279915
8279867
8279821225
82798
827978
8279758
8279722
82797011
82796a
827967
827965s
827962
82795961
827959
8279541
8279512
82794c
82794613
8279433
82794286
8279415
827940
82793t
82793gr
827936v
8279346
827932
82792me
827929
8279275
827927
827925
82792397
8279214
8279210
827920
8279199z
827915928
8279121696
827911029
8279103
8279094
8279063
8279007n
8279003
8278totaly
8278md
8278cissy
8278998
8278988568
82789626
827896
8278907
82788mls
827889
8278880
8278878
8278872
827885
827883
8278815kta
8278755
8278727
827872005
827871
82786S12484
8278677
827866
8278637
8278621
82786
8278594
827854a
8278530
8278494tra
8278492
8278467
8278421
8278387
8278374
82783404
827829
8278275
827826
827823
82782212me
827821
82781982
8278181
82780jen
8278071
827801111
827800
8277kitty
8277ajd
8277996
8277958
82778zgdec
8277839
8277836
82778277
827782
82777ar
8277782
827773726
8277727
8277717
82777
82776644
827765
8277628
8277571
8277534353
82774cfmwn
8277493
827744
8277385
8277366
8277334
8277317
8277273gurl
827727
8277259
827722
827721
8277199
827718
8277168
8277152
82771410
82771219
82770n
827707
82770308
827702
8277
8276hailey
8276adriana
82769770
8276942
8276897
8276872
8276860
827684
8276796
827678626235362
827675860
82767
8276695
8276678
8276621
82765mex
827659
827654321
827654
8276527
8276508
8276489
8276458
8276426
8276404
8276344
8276312
82762908
8276225
82762104
8276194
8276180
8276153
827614
8276059
827601
8276
8275love
8275gw
8275ajb
8275985gg
82759663
8275958
827592
8275884
8275858
827583
827581
8275787
8275758
8275757
8275724
8275716
82756955
82756827
82756579
827559301426
827557
8275533
8275528
8275515
8275485
827546
827543
8275410
8275367v
8275359
827530
8275258
82752517
8275227
8275204
82751988
827519
82751588
8275146
827512
8275110
8275109
827505
8275037
8274scion
8274ever
827499
827492000
82748992h
82748472
8274806101
8274772
827476
8274720
82746r
8274659
8274647
827462
82745700
8274518
827451
8274484
827444
82744116133662
82743508
8274319freeze
8274314
8274260
827424
827422
827420a
82742
8274188
8274123456
8274113
8274105
8274089
827407
8274052
8274030
8274015
8274000
8273love
8273jp
82739291
82739164
827391465
827390
8273887
8273834
82737rejv
827379827379
8273765
82737382
8273722
82736903
827365
8273634
8273596
8273561
827355717
8273545
827352
82735
8273495
82734757
82734332
8273413
8273393605489
82733724
8273331
827331
8273263
8273258
8273244
827322tl
8273211
82732
8273161
82731412
8273119
827310
8273080
8273070
8273046
827300
8272releep
8272lovee
8272dale
8272bank
8272966
827295
8272938
82729
8272896
827288452
827285
82728387
8272830
827282
827278
8272769
8272763
82727282
8272721
8272698a
8272686
8272590
82725619
82725472
8272539
8272515
8272471
8272450n
8272438
8272420
8272403
82723itev
827238
827237
827236
827235
8272329
8272317
82722govfe
82722866
8272277
8272256
8272245
8272195
8272161
8272140domart
827213000
827212
8272101010
82720jgcfu
8272093a
827209
8272048
827204
8272017
82720077
8272005
82720014
8272000
8271oo
8271999
8271996
8271994b
8271988
8271984
8271981
8271977
8271975
8271972143.
8271969c
8271958lsf
8271947
827193
8271905
82719
827187
827185
8271832
8271811
8271764
827173142
82716kdo
827167
8271649
8271643
827163
82715583
8271502eot
8271456
827143
827141
8271391
827135
827134
8271325
827128777
82712430
827122
827115
8271120
82711013
82711
8271082
8271066
827104
8271018
8271014
8271005p
82710
8270sj
8270hawaii
8270dgwc
8270996
8270950ploy
8270943
827088
827083
82708
82707j
827076055849
82707162j
8270651
8270624
82706+
8270593t
8270544
8270485
827041599
827040
8270374
8270313
82702a
8270255c
8270237
8270233
8270223
82701aa
82701584
8270138
8270129
8270123
827011s
8270105
8270101982
82701
8270088
827005
827001
8270001
8270-amor
827-0645
826wildrose
826tom
826soap01
826sanwood
826rh5uq
826red
826of1955
826macky
826keke
826feb
826esilevi1
826devin05
826cqsb
826chewee
826chas
826bichodavid
826a59
826_03
826LFMP
8269rox
8269ml
8269lp
8269974
826993
8269902
8269869
8269840
8269786
826975
826971cd
8269626j
82695swope
8269595
8269579
82694hv
8269482694
826945
826944
826940
8269394
8269341
826933
82692n
826929tnw
82692816
8269223
826920
82691bma
8269181
82691280123
8269110
82690kd
826908
8269065love
826904K
82690223
82690!08k
8269
8268lynjn
8268avittx
82689907
82689605
8268951
826893
826891
82688vbsrv
8268850
8268841
8268816
826881
82687y
82687act
8268786
826875050
8268749184458633
826874
826873
8268722
826868
826866
82686341
82686142
82685me
8268587
8268571
82685568
8268541
82685268
82685217
82684slf
8268477
82684571417274
8268435
82684311
8268402
82684
8268384
8268353
8268329
8268315
82683
82682gls
8268296
826828
826826r
826826826
8268268
826825569
82682532
826821m
8268216
82681j
8268182
8268168
8268164
8268159
8268111982
8268064
826806054289
826804
8268028a
82680175
82680002582
8267westpoint
8267moon94
8267al
82679keith
8267991
826796L
8267959
8267923
8267916
826786
82678267
8267796
82677391
8267719
8267702
8267696549
8267692
8267632y
826759j
8267518
8267504
826749526
8267480
8267457
8267446933
826744
8267423087
826737
826733b
8267303
826730
8267255638
8267221
82672
82671959tlm
826718423
8267158k
8267141988
82671234
8267105
826705k
8267036
8267029
8266ruth
8266loves
8266gtk
8266fe
8266eve
8266IID
826699
826693
82669227
826690
8266883
826686
8266809
82667tukqo
826677
8266743
82667271rita
8266700
826662
8266579
826656
826654
826652
8266495
8266460
8266436
826640788
8266377
82663696
826635343
8266322
8266310
826630
82662p
8266296
826628
826624984
8266236
826622
82661975
826619
8266151226
8266144
8266123
82661
82660745
826604
826601051529
8265sjm
8265mr29
8265ling
8265dkd
8265ac
826595914
826591
82659
8265862
826584
826577
8265755
82656ajc
8265695
826568
82656612
82656546
8265648
8265641
8265594
826555
82655121
8265504
826549
8265483jb
826547
826543
826541
8265400
82654
8265357
8265346
8265335
8265311
826528410
8265251
8265232
8265224
82652003
826517
8265143
8265141992826514
8265122
82651111
8265105
82650c
82650724ashikawa
8265042
826502
826501j
8264tomas
8264sixy
8264now8264
8264mvmwq
8264mile
8264gabi
8264bws
8264_vial
8264JKMR0953
8264CAZT
8264992
826498
8264973159731
826497315
8264959
8264950
8264934
8264922j
826491375
826490101
8264896
82648547wwe2
8264840
826482649
826481
826480
8264795
8264773
8264740
8264728
82647193515
8264718
82647137159
826469
8264664
82646566
82646482
8264636
82646218
826462
82645fra5no
8264595
82645646
8264557931
8264550
82645321
8264526
82645100
826451
8264501
826449
826446
826442
8264386
8264357
826432
8264312
826430
8264299
8264285152
8264258
826424689
826423
826419
8264168
826415
826411529
826410
826408
82640600
8264053
826404
8263sitaemosa
8263ecm$$
8263cel
8263972
82639462
8263926
826391
82638704
8263859
8263824
8263814
82637oyxyw
82637945629
8263772vt
8263772pvco
826377238726
826376
8263744jrd
82637372
8263721695
826369
826367
82636447
8263609j
826360
826359
826357
8263569
82635303748nnd
8263527
8263523
82634904
826348
82634592
82634428
826344
82634326
82634274
8263421
82634094
8263391
826337kc
826335378
8263351
826334
82632tanec
8263291
826325748
8263239
826322
8263211
8263206
82632
826319
8263174
8263164
82631562
826314cer
8263138
8263128
826310
8263074
8263011
8262tana
8262n
8262gh144
8262Peti
826298
8262948
82628462
8262833
8262819
8262810
826280185
826279
82627772CD
826277
8262736
8262728
8262722712
8262659
8262655
826263ta
8262630
82625848
826258
82625640
826256
82625444
826253
8262526
826250
8262482624
826247
8262465
826244990
82624433
826243
82623msah
8262369
8262362
826233c
8262328
82622stonino
8262285207
8262270
826226
826221
82622068vin
8262196
826218
82621701
826215b
8262137123
8262125
826209kmm
826209
82620147
8262012296865286
8262008
8262004Emma
8262000
8261ew
8261999
8261995
8261990
82619861987
8261981
8261971
8261966
826193
826188
826187
8261845
82618261
826181
8261794
826176
8261756
8261753
826173084804189
826171adel11
82617
826166
8261623
8261604
826157s
8261565
826156
8261532
82615128
82615026
82615
826149
8261482
8261473
826145candy
8261457
826143
8261421
826140
82613abc
8261388
8261352
8261339
82613282
826130
826127
8261262
8261231
8261218
82611kkkk
826118
826117
826116,52a
8261156
826115
8261137
826113
826111
82610d
826108sv
8261073
8261052
8261030
8261023
826101
8260harley
826099
826091
826089
8260875
8260842
826083
82607735
8260733
826071
82606kurt
82606d
82606991
8260682
826066s
826066165
82606525
82605tina
82605da
8260573
8260562
8260556
82605225
826051
82604k
82604d
8260489
826046k
82604398260290
826042750
826041
8260380
8260368
826036
8260354
826035
82603385
82603
82602bezar
8260284
826024
8260226
826022
82602100
82601n4ti777
82601668
82601619
8260129
8260110045
826010
8260096
8260082
82600628
82600543
82600000
82600
826.629456
826-9226
825z8504653
825vp
825tlh
825smk
825roses
825rel
825piega
825nikki
825mouth
825miri
825len
825klk
825jlb
825iluvu
825hope
825gkm01
825flora
825dog
825dee
825d00
825cedar
825basker
825airell
825a3159
825Layla
825@619
8259tiafp
8259ab
82599cat
825999e
8259947
8259931
82598gh
8259825
8259815
82598010304
8259785
8259753
82597399
82597
8259693
8259662
8259632
8259625
825960402
82596
82595jim
82595ifw#1
82595859
825956
82595401
8259539
82594elise
82594bklyn
825948
8259447
825941a
82593inj
8259330
8259301
825928
8259260
825924
82592301
8259217406
825918590
82591762
825916
8259138
8259126
8259121904
82591015
82590jls
8259092
8259082
8259060
8259058
825904
825900841
8258tung
8258khmm
8258_mg=
82589adr
825896709T
8258918
82588t
825888371
82588733134678
8258863
8258847
82588245
825880
825878371
825877
8258749853
8258716s
82587
8258694
8258689
825865k
825865
82586365
82586197393
82586
82585a
825858
8258557
8258552
8258549
8258533
825852
8258517
825846
8258424
825842
825841
82583b
8258281823
8258275035
8258257
825824875
825824417
825822
8258204
82581love
8258186574
8258165
8258129
8258105uslu
8258086
825806
8258041
8258033
825801
8258005
8257nhewe
8257barkley
8257999
8257988
8257965
8257949
82579
825786
8257823N
825781632
8257782577
825775230
825774
8257727
82577
825764677
8257605
82575774
825755
8257535
82575200
8257511vv
8257475
8257467
82574511
82574330
8257431
825741
8257399
8257391
8257363
8257341
825733
825731
825730398
8257266
825725
82572177
8257199
8257193
825717
825714
8257113
8257108
8257080
8257077
825707
82570526
8257021
825701
8256vm
8256millie2
8256@Lg
82569860
8256973
8256961
825696
8256936
825691
82568962xavier
825688
8256856
825684
8256830
82568256
825680
8256797
8256755510
8256741
82567
8256678
825666
8256610
8256586
82565763
8256565
8256556
82565495
8256521
8256516
8256495WWE
8256482083gilliamjppc
8256455
8256445
8256439l
825642
82563506
8256324
8256299
825625
825624
8256217
82561793
8256174
8256157
8256122
825611
825609
825607825607===
8256041
8256015
8255lr
8255jg
825599460
8255956nc
8255943852951
825594
8255921
825590
8255891mina
82558876
8255865
8255828
825582
825580
8255769
8255736vs
8255711
82557041
82556dr
82556969
825566d
82556674
82556504
825565
8255646
825560
82555r
825559
8255556666
825553601
8255510
8255506
82554613
825543
825539
8255385
8255323
8255301
8255300
82552831
8255278
8255236
825521xxll
82552
82551730
8255141
82551261
82551194m
82550800
825506
82550269
82550055
82550
8255
8254qqifx
8254mb
82549pjtan
82549766
8254950
82549023
8254879jp
8254872814
8254865
8254861
8254850060633
825483s
8254835
8254813
8254782
82547741
825476
8254740
825472h
8254717
825469130500231
8254665
825465jessenia
825465
825463197
8254631
825462
825460
8254577
82545684
8254562S
825454
825451
8254490
82544535
82544425
8254437k
8254425
8254396
825438l
8254378
8254335
8254328
8254300
82542708
82542666
8254262
82542571
82542430
8254238hum
825422
8254205
8254198
825419
825418
825417
8254137
8254115
8254107
82541025
825409.
8254075
825407
82540551
825403
8254023
8254010
8254
8253ss
8253pd
8253n
8253cm
8253SONRIE
825398
8253960
8253935
8253924
82539068
8253888
8253879
825387078
825383996
82538323
82538253!
8253804c
82537aby
8253796
82537528
8253744
8253743valerie
8253742yunue
8253734
8253709
8253695
8253679
8253657
8253632
8253613
82536
8253553c
8253534
8253521
825352008
8253518
8253495j
825345
8253410
82534
82533956
825336
825333
825330a
8253282
825327183461
8253264
8253234121
8253225
825320@d
8253201
8253196
8253166
825315
8253146
825313
8253117
8253110
8253107
825308
825306
8253057
825304m
8253038
825303
8252zamue
8252ts
8252mb
8252969
8252952
825293038319
825291
8252905
82528mjcb
825289
825288
8252870
8252845
8252836
825283
8252824
825282
8252781j
825277
8252763
82527328
82527228
825272
82526966
8252659
8252636
82526232lomejor
825262
825261
8252585
8252580
825256
8252546
8252528
8252520
8252511
8252499
825247
82524656
8252437fiery
825242
8252410
8252353
8252336Y
825233
825232
82523
825225aa
825225
825222
8252208
8252179
8252155
825214852
82521405
8252139
8252131
82521148
82520alf
825206730
8252042515
8252023835
825202
8252011
8252004
8252001
8252
8251jk
8251KIM
8251994
825199018
8251989e
82519884163133
82519868
8251980
8251975
8251967
825196
82519544
8251949g
8251937
825190
8251876
82518518
8251825
82517ace
825179
82517731
825176
8251751
825174A
82517341693
825172
8251716
8251700
82516916holmes
82516751
8251670
8251651
825162
8251612
8251608251
82515907
825158
8251575
8251556
8251506
82514914-514027
8251455
8251431
82514278
8251413226
82514
8251389
825136
825134
8251320
8251306
82513*
825129
82512505
8251248
8251241314
82512393
825121
8251181
8251147ken
825114
8251133
8251125
8251114
825110ej
8251079
8251042
82510046v
8250tu
8250kcfd
8250cas
8250995
8250981395
8250971
825095
82509210
8250914
8250885
8250868
8250862
825085
825084d
8250825
825082
825081
8250770528
82507453
8250728
8250701
82506jk
82506MD
8250690
825068
8250670714
825063
8250605
825060
8250585abc
825058
82505430
825051306
82505067
82505
82504925
8250473
82504504
825044
825041
82503t
8250340
82503260
8250322a
8250308
825030032
82502m
8250275
82502388
825022
8250215
825020210
825020089
82502
82501807
8250144
82501234
82501211
825011
8250082500
8250079
8250068750920
8250040_13
8250022
8250016
825001
825-2843
824y10y33y
824ujf
824sthirdst
824royce
824qwerty96
824mob
824malaga
824kuddr59
824kimo
824john316
824jial
824fexni
824eric
824cyclone
824cf24a
824boys
824army
824Shaka1
824JRS
8249ocso
8249erss
82499911
824994
8249920
824991
8249900
82498783
824987
824979
8249785
8249769
824973
824968824968
82496210
82496
8249584
8249555
824953
8249518
824951
82494k
82494947
824945
8249409
82493c
824939440
8249335
8249303
82492lb
8249279
8249264
824925
824922penny
8249211
8249203
82491car
8249173
8249143
8249139
824912ko
8249116
82490rlj
82490lm
8249044
8249027
824900
8249#l
8248r
8248p1
8248g
8248aiko
824897
82488802958
824885
82488248r
8248818
8248802
82487a
824877mark
8248718
8248707
82486ajc
8248636a
82485cs
8248578
8248550
8248516
824850
82484lilj
824848
82484374
824842
82483tae
8248339r
8248284
82482701
824826
824824xxx
8248248
8248240
8248226
8248203
82481941
8248183
824816
824813
824812
8248104
8248097
8248047
82480186
8247ab
82479986
824797
8247960
8247911
8247835
82478247
82478045
82477851
824777m
824773A1
8247731
824772
824768
8247644
8247616
82476
824755
8247533
82475
824749
8247455
8247430
8247398nat
824737
824734240
8247331
8247296
824727
8247257
8247247
82471994
824718r
8247176
824716
824713
8247123
82470lou
8247056
8247013
82470
8246wyatt
8246philip
8246og
8246nga
8246masflow...
8246love
8246kkll
8246honu
8246dai
8246cg
8246bj
8246bagay
8246amen.
8246aj
8246_hong
8246994
8246971355
824696
8246951478
824695123
824695
8246938271
824693715
8246935
82469299
824691cd
82469173587
8246904
8246894
8246877
82468650
82468268
8246824682468
824682465
8246824
824681
82467979
82467931
824679135m
824679135077
824679130
824677991133am
824675824675
82467539510
8246751
82467391uhnj
82467391552602
8246739152qaedw1
82467391465
824673591512
824673158246
824671935
824671395
824670
824669
8246668246
82466482
824664287913
824664285
82466428123aqp
82466428/*-+
8246637
8246625
82465ssdr
82465m
82465jk7
82465gdjb
82465ampm
824659977
824659700
82465969
8246592
824659173
8246580
8246579315000
82465793
82465789
8246575369
824657139
8246571
8246562
824655a
82465582
82465558
82465555
824655*
8246541
82465252825282
824651991
8246515
82465130
824651235
8246510
824650(*)maga
82465*
8246482464
824646
8246433
8246425
82464173
8246401
8246395
824637lmh
824636
824634
8246321
8246310
82463067mj
8246298
824628246
824628
8246262
82462432
8246232
8246225033
82462007
82461990
824619735
824618437903667
824617935
8246170
824614counter
824613975
824613579
8246134679825
824612388
824611715
82460ahheh
824608246
8246053
82460285
824600a
82460000
8246*flor
8245L5
824598
824594
8245855
82458264
8245814
8245798
82457512
824573
8245710
8245702
82456karen
824567pom
824567778
8245673
8245664
8245648GV
82456310
8245619h
8245618
82456112505
8245592
824557
82455371
8245519
82454bzpdh
824547
8245457
8245414
82453930
8245377
8245357
8245302
824530
82452796a
824525v02mp2
8245222
8245216
824515KAT
824515
824513s
8245139
824513
8245122
824511
8245106
8245076
82450140
824500
82449829
8244959ASH
8244950
82449059
8244882
8244840
82448244
82448
82447746671991
8244759
824475
8244742
82447352
8244724ma
824472
824468
82446534ross
8244632
82446
82445749
824451
824450
82444657
824442
82444
8244382443
8244374450
8244368
8244337777
8244310147
8244268
82442398mumsfone
8244220ly
824422
824421
82441858
8244155
8244143
824413
824411
824410
8244086
8244065
8244063lg
8244062R
824404
8244
8243rj
8243ara
8243934
824390
8243840
82438243
82438159
8243802
8243791
82437658
824375d
8243745k
824373
82437236
824371
8243701
824368b
8243649
824363
8243595
824357
82435218
824348
82434511
82434
8243389
824335
8243336
82433005330320
82432preg
8243292b
8243263
8243251674
824324
8243214
82431979
8243187
82431718
824315icaflux13
8243147j
82431392
8243122
82431185
824310
82430795
82430624
824304
824302
8243010856
82430057
8242u
8242di
8242cb
824299
824297998
82429666
8242958
824295
824292541200
82429163
824290
8242871
82428487
82428275
824282
8242779
8242775i
82427455
8242720
82427
824269
8242674
824265
824264
824263
82425qcr
8242585
8242561
8242553
82425288
8242527
82425232
8242500
824246
824242
82424189
8242411
8242400
82424
824236
824231
8242281
824227
8242255
82422316
8242223
8242211l
824221
824220
8242167
8242147
8242137H
8242128
8242119
8242084
824207
8242058
82420315
82420143
8242006
8242002m
8241sch
8241naidnarfbb
8241997
8241996
824199502411
8241991c
82419902411
8241982
8241977
8241972
8241959
8241955
824195
8241939
8241903
8241886
824182q
824181
824180
824179
8241745
824174
82417270
8241693vic
8241683
8241679
8241659234297
8241629
824161
8241588
8241580
8241570
824155
824153
824152
8241514
824149arr
8241474
82414314
8241411
82413902766964
82413407
82413339
8241301025
82412967
8241288
82412723
824127
824125
8241241
8241232a
8241222
82412137
82412118
82412
824119
82411827
8241179
82411579
82411225
82411013
8241083
8241037
8241021
82410143
82410
8240jc
824095
8240913
82408444
82408240s
8240806
8240794papa
8240747
82407151
824069j
8240682
824067
8240647
8240624
8240609
82405rt
824056mpb
8240555
82405483
8240514
8240502i
8240496
82404617
824044
8240415
8240401
82403sdl
824037
8240342
8240324h
82403233
82403133
8240301
8240292
8240282
8240258
824024yj
8240228
824021
82401kiti
82401919366
8240171
8240162
824016
82401524
82401240
8240115j
8240101
8240071
8240061
8240043
824001355013
824000
823you
823wifey
823tiece
823tate
823reina
823provo
823pce
823noelle
823nico
823msgc
823miniclip
823megc
823mb637
823martin
823man
823lokas
823lit
823kqoh
823jus10
823jet
823jefferson
823jay78
823imsofine
823i6jc
823hanmie
823george79
823gadiel
823frank
823fish
823ever
823dst
823dick
823darts
823cnyuz
823bryant
823bitch
823bbb
823bails
823anurat09
823alize823
823Vegas
823Rmvbn
823ROCK
823EDSON
823Calores
8239wgpdq
8239TT
8239999
823997
8239956
8239936
8239904
82398@
82398757
8239827c
823981
82398
8239781
823973
82397084
82397
8239698
8239696
8239672
82396636
8239658
82396369
8239624a
82396101
8239582
8239570318
8239526
82394mh
82394b
8239486
823946
82394214
8239413
82393ks
823939
823936
8239327s
82392k
8239289
8239268
823923
8239211214
823920
82391m
823919409046
823918
823917170
8239168
823915
8239145ojkiyd
823913159
823911
82390sd
82390UNC
8239092
8239052
82390261lyg
8239002mv
8238vrw
8238lova
8238jb
82389a
823899
823896
8238958
823893
82388d
82388A
8238879penpen
823885790
82387djf
82387951261
8238759e
8238738s
8238711
82386n
823867
82386188
82385tarrayoRN
8238585
823857871198joe
823854
8238461d
82384356
823842337
8238421
82384020
823840
8238393
8238379
8238357
8238339
8238300
82382njc
8238295
82382776
823826
8238238823w
8238212
8238200
823819
82381727
8238112
8238108
8238084
823803
8238011
82380
8237xx
8237sabian
8237fg
8237blv0
8237994j
823798
8237936
8237924
8237889
8237842a
8237805
8237757
82377419
8237732sam22!
823771
823768
823762
8237601
8237563
82375
8237469
823746
82374474
823743
82374235
823741
82373771
82373257
823726
8237247
8237239
82372
823719465
8237140354
823714
82371016
823709
8237085
8237031
823700672
8237
8236lenore
8236emily
82369789
82369635
8236946cg
823692
823688
8236867c
8236863
823685
8236827
823682
8236729m
823671
82367
823668
82366460
823663
8236600
82365a
8236589
82365707
823655650
8236518
8236486
8236445
8236442
8236412
82363vaa
8236381cm
8236339
82363327
8236303
823629
823626
8236233
823621mj
82362006
82362
82361818730
823617
8236161w
823614
8236123131022
8236115
82360747
82360531
8236044
8236022
8236017
8236013
8236008
82360
8235tri
8235hfezr
823596
8235936001P
823591
8235856
82358236
823582
8235808
8235804
82357833
823576569
823574
82357352
8235726
823571
82356db
82356733
8235633
8235615
8235608
8235600
82355rydyv
823556857
823555
823552
82355074
8235497
823547
8235443
82353d
823535
8235312
82352kzfpo
823527
8235243
823522478
82352128981007
8235184
82351637
8235118
823509
82350719
82350517
8235036
8235023z
8234xe
8234diana
8234ashley
8234978
8234897
823489
823486
8234814
823479
823477
823475
8234678
8234652
82346371
82346309
8234602
8234591
823459
82345678
82345502
82345323
823452
823451
8234503
82344888
8234465f
82344425
8234435
823442
82343woxcw
82343452
8234333
823428833
8234235d
8234212
823420
823415769d
82341516
823414
823412533
82341072
823405j
8234042
8234022
8233tmc
8233jec
8233963
823394180xana
82339139
8233900
823388
8233843
8233839
8233823
8233818
8233766
8233708
823370
8233685
82336531
82336406
823363t
82336299
82336054
8233582
8233566h
823356
8233531@
82335130
82334974
823345
823343
8233419
8233409l
8233381
823337
8233358
82333524
823332656
823330
82332tyjjv
8233245414520
823322656
8233207
8233192
8233160
8233154
82331428
8233124G
8233118
82331099
8233086
823307
8233056
8233046
823303
8233
8232jia
8232aprmj
8232998
82329799
8232943
8232904
82329.v
8232877
8232870123
823287
8232859
8232855
823284
82328235
8232823
8232810
823279
8232769
8232751
8232734
8232701
8232689
8232649
82326
823256698
823256
8232543
8232528
8232507
82325
823246lsh1990
8232456
8232449
823243
823242
823240
82323844
8232345
8232336
8232329
8232306
82323
8232249
823224
8232234
823222
82322082
8232198carlos
8232180
823215976
82321427
823213
823211
823209
82320804969615
8232075
82320721
8232064
8232053796183
8232033
8232000
8231ba
82319999
8231996
8231993t
8231990j
8231982
8231977
8231970mom
8231969
8231964t.v
8231940
8231930617S
8231919
8231893
8231858
8231835k
823183/lucas
82318231
8231817
823181
8231760
8231742
8231702
8231687
8231667
82316423
8231624
82316
823157
8231556
823153
823151
8231485
82314754
8231457
82314325@aol
8231429
82314216
8231404
8231389
8231375
82313160
8231298
8231282
8231260
8231251
823124
823123
82311985
82311860890
82311824
823114
8231131
8231126
8231102520
8231096lol
82310848
823108
82310510
8231025
82310105
8230queu
823098
82309683
8230950
8230914
8230904g
82309
82308d
8230897
8230892
823088
8230874
8230863
8230835
82307955
823079
823076
823070
82306mill
8230686
823068
8230669
8230645
82306278230627
82305j
8230598
82305708
8230567mom
82305650
823055
823054
8230511
8230500
82305
8230489
8230467
82304343
82304088
82304
823035
82303
8230295
8230263
82302530
8230238
8230227
82302
82301ar97z
82301904
8230178
8230174
8230169
823016
8230141978230141978230
82301373
823013
823011
8230103
82301
823009j
82300940
823007
8230069
823006
8230032
823002
823000
823-824
823
822wgpjc72
822shock
822secave
822ryan
822red
822ocean
822newyork
822mrrv
822mnm
822meg
822m9952
822jeg
822ipij36
822gkvio
822girl
822feli
822egpct39
822casa
822bellota
822art
822JaNn
8229bill
8229963
82299
8229880
8229877
8229846
8229809
822979
82297393
822972
82297098
82296anp
822967
822966
822962b
82296031
82295849
8229559
82295338
82295218127108
82295152
82294ac
82294996
8229457J
8229441
822940th
8229398
822937
822935
8229320
822930
82292n
8229287
822926
82292506095
8229224
8229214
8229203321
82291n
82291F
822919
8229186km
8229123
82290mra
82290987769072
822909
82290755
822906
82290428
822902
82290110
8229008
8228s
8228findlay
8228abc456
8228CC
82289991
822898s
8228983
8228964
82289386
8228932
8228917
822891
822890
82288ranchodusit
82288915
82288888
822888
8228859
822885
8228828
8228811fw
82287aug
82287460
822874
82287345
82286jm
8228689
822868
82286577ruijing
82286413
822861
822860
8228584
8228570
822855
8228531016
82285293
8228527
822852
82284958
82284750
82284372
82284216
82283viper
82283banks
82283537
8228343
8228331h
8228300
822829
8228285
82282430190197
8228225
82282172
82281sd
8228181
82281635
8228145
8228138
8228123456
822812
822811
8228100
82280ann
822809
82280807
82280650horst
82280474
822802
8228012
8227tun
8227oyrmd
8227jef
8227996
8227987&8227876
822797
82279321
82279091
82278jkrt
8227862
82278227
8227820
8227795
822779
82277644
822774
8227723
8227711
8227694
8227662996
8227613
82275r
82275990
822759
8227582
8227560
8227550
8227539
82275361994i1994
8227529
82275183
82275020
822747
82274187
8227408
8227361
82273381
8227331
8227321
82273136
82273074sarimele
822728
82272466
822723
82272114
82272
8227192i
82271523
8227110
82270phizb
8227093rb
8227043
8227030
8227000bg
8226pttja
8226fl
8226ARNOT
8226985
822698
8226968dgr
822695
82269282
82269242
82268976
82268882537953
8226870
82268514
8226836
82267932723319
822677
8226761
82267465
82267448226744
8226737
822672443
82267105
822671
82267
82266811
822666ja
822666
822665
8226634
822662
82266050
8226588
82265763
822657208
8226562s
8226524D
8226491d
82264800123
8226473
822646
82264513
8226422
82263c
8226378
822635
822633
8226326
82263179
82263058
822629
8226277
822626
8226248
82262355
8226214
82262
822619
8226176
8226154
822614
822612
822610k
82260960507
822607abc
822605
8226014
8226
8225me
8225cm
8225COOL
82259745553
822596
8225940470
822591
8225906
82258sam
8225866
8225855
8225837
82258225a
8225813
822580
82257929
8225788
822575m
82257432
8225717t
82256937
8225677A
82256752
8225656
82256492
822562
8225583
8225558
82255250
8225502
822548
8225427
8225417
822538
8225352551
82253453
8225335
8225331
8225323
822532272
8225310
82252pnebo
8225284
8225263d
