25981079
2598088
25980587
259805
2598020
259801
2597sjzqk
2597san
2597nr
2597mact
2597io
2597cj
259799868
259799611
2597989f
2597981
2597973l
259795moni
259794593
259793786
259792537
259791902m
2597908
25978dkjkf
259788
259786
25978423981858
259782536
259781be
25978123456
2597801
25977m
259779674
25977907
2597781
259778/*-moto
259777616
259776513
2597758
259775
259773973
259773
2597717jk
259771393
25977/////
2597686
259767
2597644
25976379821493499
2597631
259761
25975cmd
259759773
259759023
259758673
2597582009
259756
25975468
2597533
2597525
2597516
259750154
25975
25974801
2597470900
25974439
25974360118
25974275
25974236
25974107
25973902
2597386
25973792595881
259737746
2597371
2597359
259735
259733185
2597315
2597231
2597227
259722006
259720453
259719999
259717753
259716825971
259716
2597149
259714
259712skd
259712
259710536
2597101
259708
2597054
2597051
259701
2597000
2596ta
2596itau
2596eddie
2596dw
2596ch
2596autumn
2596MT
2596988
259697274
25969695
259695333
2596945
2596938
259693390
2596933
259693
2596918
259691571
25969051
25969
2596889
259688
25968624
2596853
259683
2596802
259678
2596770
259675032
259672cr
259672
2596698
25966716
2596650
2596625966
259660
259659963
259658100
2596576
25965684
259654647
2596545
259652945
2596523
259651056
25965048
25964rnasz
259648
259645c
259645
25964456
2596437
259642
2596417
25964
2596393
2596388
259638
259636mike
2596355
2596352
259634a
2596342
25963318
259632616
259631234
2596308
2596301234
25962889
259628
259627
259626
2596250
2596239
259623
2596226
25962102
25961sp
2596170
2596164
2596134
25961280
259612375
25961221
25961158123456
259610764
2596077
2596063.0
2596056jlr
259605
25960414
2596026
25960020
2595thebear
2595naza
2595jay
2595blp
2595alt
2595ERIKA
259598
25959706
2595967
2595956
2595952
259595
2595938
259591
259590
2595896
259589
259588259588
259587a
2595864
2595862
2595859
2595844
2595826
259581
2595802b
2595797
2595787
2595772
2595759pw
25957573
2595718
259569
259568145
2595670a
259565
2595639
259562
2595600
2595581
259557359
259555937
25955335
2595527
2595516
2595513258
259550394224067
259549
25954565miguel
2595445
259543802547576
2595427
259541
259538161185
259537688
25953562595356
259535
2595328
25953210
25953045024
25953
259527
25952595ayn
25952591
2595252
2595242
25952128
2595205myboy
259519k
25951984
2595184
2595175
259517388
2595164
259514488
2595137
2595125952
25951226
25951103
25950950
259508512333580173166498
2595066
2595051
25950245damaris
25950146icpn
2595000
2594sah
2594n7692
2594m17
2594ladii
2594diego
2594LOCK
2594984
259496
259494742
25949327
25949070
2594903k
2594887
259487
25948487
25948422
2594828
2594825948
259482
259481
25948063
25947948
259479
25947739
2594758
2594751
25947494
259473286
2594720
25947127
25946922hb
2594691
25946756
2594673
25946605
2594656231
2594655
259464739251
259464
259461890
259461
2594605
259460
25945963
25945746
2594563
2594547
259453
25945149
25945123
259450
259449
25944789
259445583
259444206
2594438
25944235
259441u
25944157
25944136
2594389
2594373
259437
25943529
259433174
2594324
25943147
259431247
2594300369
259430
25942ha
25942905
2594279
2594264
2594237
2594224
259422
25942006
25942
25941a
259418
259417020
259416
25941542
25941400
259412346
259410878
2594103
25940kav41118!
2594082
2594068713
2594055
259404
2594025
259401beto
259400g
25940
2594
2593sofia
2593ra
2593payotqm
2593lupita
2593klsp
2593ej$$
2593cem333
2593STAR
2593FEB
25939l
25939872
25939832
2593980
2593961
2593936
25939208
25938goh
2593887
259387
25938634
2593849
25938407
25938351
2593812
25938046
25937g
2593743
259373
25937271
25937233
25937177
25936928
25936813
259368
259367629
25936690
25936540
2593641025936410
259363
2593619
25935maimiku
2593579
259357
2593557
2593549
25935372
259353
259351790
25935147
2593503426
259350
25934974b
25934861
2593480
259347
2593461
25934513
25934346939304
25934289
259341719
2593404
25933aw
25933939
2593388
25933804
25933655
2593362
25933600
259336
2593354
259335
25933448
25933282800940
25933230
259332
259331950077933
2593313
2593298
25932783
2593264
259325931864
259325442
259325302s
25932492
25932471
2593239
25932201132
259320mw
259320
25931880
2593184
259317goy
2593160
2593154
259313im
2593129
25931229
259310468
25930wrpnf
25930821
25930788
25930694502204
259305
25930382
259303
259302
25930075
2593003
2593000196
2592sr
2592lt
2592jc
2592\\
259299
259295890
259293
25929139
25929
259288faikubkub
259287
2592850
259284
2592808
25928.
25927751
25927300
259272
259270
259269a
259268359
2592666
25926475
259264
2592612001004146
25926046
2592601
2592596
2592592
2592583
259257123
25925667
25925545
259254806061260091393
2592540
2592536
2592531
2592526
25925219
2592518
2592514
25925128
259249
25924793662
259247
25924555
259243
25924072
2592396
2592394
259238
259237
2592368
2592363520
2592358azucena
2592349
25923339
2592322
259231
259230
25922987
2592272123
2592267
2592259
25922415
259222
259221
2592204
2592193
25921908
25921752
25921740
25921703
259216
25921502
2592149
2592143
25921314
259212
259211
2592106
25920993
2592092
2592078
2592065213M
25920570
25920534lore
25920500
25920426j
2592017
25920044
2592000
2592..
2591sh
2591esp
2591dara
2591busyhands
2591belkan
2591_ori
25919ANGE
2591991m8haha
25919903
259198888
2591988085426875
25919812130439
259198
2591974
259197
2591960
2591946
2591929
259192
25918t
25918891
25918850
2591854
25918464
25918021
25917918
2591784
2591773
2591750
2591733
259171
259170
2591679
2591665
259165
259164711
25916307CRIS
2591621
25916171
25916
25915812
25915753
2591550
2591515gil
2591494
259148790381
2591486
259148
2591462
25914471
2591444
25914366andres
25914290
25914191
25914146
2591407
25914040
2591400
25913943
259139
2591371
2591367
2591359
2591349
2591340
25913310
2591323
2591315134
25913136
25913004
25912935
25912619
2591243a
2591234
2591230
2591216000
2591212
25912007
259119
259117b
2591162
2591140
259113a
259113
2591123
259110636
25910nu
25910818
2591071
2591054
2591032
259103
259102k
25910259
2591025062
259102307
2591018
2591011
2591009
2591004a
2590yli
2590pollito
2590n
2590kk
2590jm
2590gardner
2590bela12*
2590Woodland
25909kuspq
259098698024742840159200
259096
2590915
2590911
2590900
25909
25908894
259088!@#$%man
259087
2590852
259082
259080852
2590766
2590752
2590749
259073
25907107
2590705
25906l
2590690
2590672
25906679
259066416
259065
259064
259063
2590629
2590625
2590620
2590606
259060
2590590n
259056J
2590541
2590525905
25905208
2590511
25905021
25905
259049
259048
259047
259046
2590434
259042716
259042
25903841
2590368
2590352
25903274
2590314
259030
2590276
2590267
25902530
25902485
2590231
2590214407
2590211
25901mj
259017kd
259017SARALUZ2007
25901605
259015k
2590157
25901469
2590135
259012
2590100
25900959
25900793
259007
259006
2590058
2590035
2590031
259001a
2590.401
259-81-9671
259-2569a
258zaq
258xsw
258volume
258ulc
258teamo.
258szn
258sto
258spaz
258silva
258rywhas
258rooty
258qwert369zxc789
258poli
258plm
258perdiste456
258oceana
258nodz258
258nataly
258mother
258mmasspm
258miguel
258lok..
258lkj369
258ktn
258kby
258jwafom
258joseph258
258john
258iamg8
258ht36
258hna
258hanna7447
258ghf6u
258fuller
258feo
258f.unal
258ec
258dog36
258dfg
258denise
258david456
258crazy
258cora
258cat
258bmxer
258bitch
258bhu258
258benaple
258b23b82b
258az@
258avec
258andrea
258alex
258YiNg
258MJGG@__AL
258CAMD
2589sp
2589sh
2589mj
2589mb
2589jm
2589hi
2589es
2589dy
2589david
2589daniel
2589b
2589ahh
2589PG
2589999
2589987
2589961
2589955
258994522
2589923
258992
2589915
2589901
2589895
258989
258987c
2589878987
258987412
258987321
25898688
2589867
258986
25898210
2589814
25897mm312
25897a
2589785201
258978
25897701
258976ms
2589764310
2589761
258975
258974631
2589741360
2589733_gulum
258972472
2589722
25897155196123
258971345
258971
25896e
2589696
2589689
2589683581
25896734
2589669
25896584
2589654
25896512
2589648
2589641
258964
258963t
258963jj
258963gs
258963c
258963E
258963951753
2589637410
258963652
25896356325
258963258741
258963220
25896318021989
258963147963258
25896314
25896310
258963000
258963/a
2589624
258962
258961
25895hs
2589597
258959
2589581
2589574
25895388
2589522s
2589517530
2589512
2589500
25894948
25894863
2589465
2589458
2589442
25894346
258942541
2589414
25893yari
258939259
258937..
2589369
258936342a
25893624
2589359095680
2589348
258934
2589335
25893318
258932474a
2589314
2589304
2589299
25892903
2589271
2589263
2589258925892589
2589244
2589234
2589222
25892121
2589207
25891944
258919
2589173640
2589172
258917
258916324
2589162
258915300
2589145t
2589141
258913
258911
2589104
25891
258909
258908
258907
258904
25890210
25890171084
25890155
2589008
2589-bb
2589***+
2588rmab
2588lory
2588jt
2588jk
2588ht
2588gk
2588fatima
2588cz
2588cc
2588JM
2588993
258897897
2588973715
2588964
2588961
2588954
25889456123
258893861
2588931
258892
2588900a
258888vvv
25888888
25888720
2588867aj
2588862
2588859
2588856
25888525
2588852
25888471zorey
2588844
25888337
25888122
258880
25887963
2588795
2588793P12
2588792
25887913
2588772
258875
258874
25887285
25887155k
25887125
258871027
2588682
2588680
2588666314
258866
25886544
2588643
25886216
25886161may
25886130
2588610
2588607
2588591
258858233
258857829
258857090798083
25885600
2588555520260
2588552
2588544
258852v
258852lg
258852gfj
258852c
258852ae
258852Y
25885266
258852369963
25885223
258852147
258852077
258852+12
2588514
25885067504987
2588498@_8
2588492
258848
2588474
2588465
2588461300000pmrial
2588456
258845
258844
258843386
258842664
258842241474
2588416
25883deks
258838458
258838
258837173
258836236
25883605
2588343
258833301
258832
25883126001
258831
2588302
2588296
2588290
258828
258827209nea
2588267
258825th
25882585
25882536
2588248
258823loca
2588223
2588200m
25881968
25881935
258818649
258817822
2588175017
2588165gallego
258814g
258814668
258813
258812907
2588123
258811053
2588105
25880josh
2588096
258809
2588081
2588077
258807
25880583
2588050
25880340
258802375
2588022
2588020
25880194540304ms
25880153
2588002
2587sj
2587mc
2587konc
2587jh
2587isis
2587gfb
2587bunny
2587a
25879ton
25879n
25879erickedgar
2587998aB
2587992.kevin
25879789
2587973
258797043
25879651
258796432tiff
2587964
258796314
2587958
2587953
25879513
2587947
2587946123
258794486
2587941
2587931
258792894
258792421
258791542
258791408
2587913111
25879000
258789nzmcn,,
2587899511982
258789654
2587896
25878951
258789456159357
258789258789
25878914863
25878899
258788
25878792557437q
2587878dani
258785971978
258785
25878335
25878282
2587821
2587800
25877k
25877947
258779122
25877900
25877896
2587782
258778
2587770
2587769
2587760
2587755
258773857
258772244
2587718
2587706654
2587694
2587690c
2587689+3642391
2587675
2587673
2587655439
258765
2587633
258761369
2587611235
2587606
2587602
2587588
25875825
2587574
2587571
25875646j
25875412
258753951+
2587536y
258752598
258751614
2587511c
258750000
258750
25874tip
2587484
25874691
2587456987
25874569
2587456290789
2587448
258744
258743
2587426
25874210losamomu
258741jhf
258741bmr
258741A
25874136
25874112
258741.0la
2587409
2587391
258738
25873694
25873575
258735
2587340
258733467
258733
25873225
2587316
2587310
2587302
258730
2587287
2587273
25872670
258726
25872569
2587241
2587236
258722270
25872008
2587196
258718
258717678
258715164
25871419LOLA
258713852397ega
25871364
2587123369
258712
2587111
258710801
258710
2587090
2587078
2587051
2587030
25870165
2587004
2587000
2586zuleta20
2586vs
2586sat
2586nrb
2586nc
2586medina
2586jen
2586cs
2586cool
2586chang
2586bidokan
25869pop
258699412
258698861
258698
258697
258696672
25869553
2586948
2586942
258694
2586938
25869373
258693200
258693040
2586928
258692302
25869147
2586910
2586905
258690
2586899
258689
258688231
2586876
2586868
25868659311
2586857
2586848
2586812
25868
258679g
258679010
258676
258674746
258673dad#
2586725
258672
25867142
25867120
258670919
25866jkl
25866a
2586687
2586675383
25866666
2586659
25866373
25866349
258663
25866157
25866037
2586592v
258659
2586575
2586574
258655
258654gatitos
258654987321
25865486
258654753951
258654615
2586544eva
258654258654
2586541593570
258654089
2586525865
258652007
2586514754
2586509
25865007
2586498f
258649
258648
2586472000
25864357
2586421
258641o
2586414k
25864.019*
25863a9899
25863817
25863752
258637
258636559
25863490
2586343
2586341
2586339!!!:D
258632598959395paola
2586325760
258632
2586314
2586281804
258628
25862760
2586250369
2586246
2586241
2586236=mynumber
2586235
2586231
258623
258622
25862061
258620
25861v
258619
258617
258616868
25861587
258614j
258614
258613747
25861347
2586126
2586112
258610
2586093
258608
2586066
25860341234
258603
2586027
258602
2586014
2586007
25860019
258600
2585tp
2585ss
2585sj
2585rr
2585merry
2585kiss
2585jony
2585hot
2585dude
2585cecitA
2585amor
2585NAY
2585FF
25859ml
258598r
258597742
2585963
25859620
25859542
2585950
2585932
258593
258592-8
258590874
25859013
2585896
2585894
258588503
258587
25858600
258585a
2585853
25858428
2585834
2585828
25858196
2585810635
2585802
2585796
2585773
25857575
2585753
2585742
25857340
25857218
258572031g
2585714190700
2585712
2585708153
2585703
25856horse
25856993
2585686
2585667
258565452
25856520
2585649
258564007
25856209
2585618
258560vik
2585604
258559327a
2585585fm
2585574
258557054
2585565
2585557m
2585549f
2585543
258552690
2585525
258551984d
2585518
2585512
2585505
258549
25854889
25854850
2585476
2585469
2585467
2585457
258545639710
2585449
2585443
2585435
258541
2585399
258539569
258539
2585387
2585381
258537
258536
258535
2585324
258532
2585313
25853110
25852mejd
25852898
2585280
25852791
25852789
258526813165752
258526577
2585264
258525el
2585247
25852448samix
2585217
258521478963
25852137
2585212
258521007
258520258
2585196
258519
258516613
258515846
258515671
258514FEBRERO
25851421
25851299
25851274
258511051
258510140
25850965
25850822
25850691
2585065
25850536
2585052
258504seby
2585048
2585040
2585031ne
25850262
25850254dani
2585014
2585.mcan
2584niva
2584n7
2584loka
2584hope
2584eh
2584andress2584
2584HOME
25849exapi
2584995
258499
2584977jasr
258497
2584963
258495
2584949
2584947c
2584946
258494
2584921
25849123
25849025
25848llkj
25848840
2584877123e
2584868m
25848624
25848597
2584851
2584848
2584842
2584827
2584816
2584807jb
2584800e
25847MN
2584792
2584790
25847786
258477
2584741don
258472634
258472
2584715
2584711
25846mn
25846_629
2584695/2584695
25846949
2584692
2584683
258467913l/
25846739
2584669
2584655
25846418
258464
2584639
2584631
2584625846buknoy
2584623123
2584621a
258461937
2584616
25846126
258460a
2584604l
25846025
25846017
25845m
258458455
25845740
258456vagv
258456re
258456quiereme
258456mv3
258456lp
258456kritsanapo
258456kn
258456ja17
258456eb
258456c
258456J
258456987
258456966321
258456951753456
258456951
25845691
2584568456
258456791311
2584567891
258456753d
258456753
258456654
25845658789
258456456789
2584564482545
2584563a
258456369741
258456357DRACO
25845632544
25845628
25845625
258456244886623
2584561597535
258456153159
2584561254
258456123000
25845611206
258456/
258456-angie
2584557
258454776
258454509
258454015C
2584535
25845311p
25845245
258451925881751
25845157
2584509
25845.6
25844881
2584479
2584459
2584458
25844443
2584434tkm
2584432
258442m
2584424
258441234
2584411
25843l
258438980a
2584384
2584381hr
2584379mh
2584375
25843568
258434kvh
25843476
2584341
25843367317428
258433197
258432ybh
2584320
2584304
25843
2584296924
2584277
25842699
2584265
2584254
2584246
2584241
2584234
2584227115
25842203
2584218
2584213
2584209051975
2584202tx
2584201
25842
25841905
2584175
2584159632147
25841464
2584139
258413
2584122
25841212
2584114
2584112
258410789
2584105
2584094
258408
2584047
25840430
2584042
258403
25840267!
25840130
2584005
2584000
2584*
2583ymwu
2583xxx
2583tz
2583mr
2583me
2583gordo
2583fenix
2583eulb
2583clue
2583bera
2583Tee_74
2583JV71
2583D6D
2583982
258397123456789
2583962
25839435
2583940
25839371
258393
258391EHR
25839059
2583900
25839
258389
2583882
2583874596
2583865
25838422
25838325
2583823
258382
2583807
25838
2583787
2583774
258376985
2583728m
25837199884898
25837120
25837001
25836bsb
258369s
258369mj
258369852
25836974189
25836941
25836923
25836915946
25836914
2583684
2583678
258367
258366852
2583655sr
2583645
258362917
25836229
258361087
25836.
258359
25835828
258358158247
25835753
258357159456
258357
2583561
258355
2583536
2583513146
2583512
2583503b
2583498rc
258349
25834621
25834488
258341amo
2583407
2583406
2583393
2583380
25833692539103
258336588
2583362
2583357
25833476
2583344
2583334
2583325
258332
2583303
25832z
2583280
258327
2583263
2583261
25832554
2583250
2583242
258324
25832352
25832334
258322118212512
258322
258321686
258321584
25832142
2583212
258321052
25832040
25832
25831992
258319764310
25831933172
25831910
2583183o
258317pump
2583169
2583166
2583156
2583136
258313146
25831157
25831121
258310m
25831031
25830jtvzv
2583090
2583064
25830552
25830390
2583036
2583031131
258303
2583011
25830/*-
2582ricara
2582nagn
2582megato6785
2582lro
2582ct
2582aoe
2582AA
2582993
258297
2582957
2582949
25829438
2582938
25829248
2582919
2582910
2582906
25829
25828993
258289
2582884
2582872
2582859
2582855
2582844
25828388
25828301
2582817
2582810
258280826
25828
25827cdtp
2582797
25827901
258279
2582787000
2582777
2582774
25827702
258276mA
25827609
25827553
258273a
25827342
25827326
2582730
25827267
2582720268
25827186henlyz
258271
25827028
2582694
258269
2582668
258266124
258265
2582644
2582630
258261230
2582609
258260131
2582601
25825b
258259294
258258samuel
258258oy=
258258mp
258258jjww
258258e
258258ash
258258VG
25825877258
258258741
258258528
25825843
25825831
2582582588
2582582563
25825823
25825800
258258.yan
2582575
258257259
2582565
25825593
258255
2582546
2582537123
25825360
2582533
2582529micky
25825262
2582524
2582520
258251
2582506
2582500
25824qwink
25824a
2582495
258247
2582464
2582458
2582453
2582443
2582437
2582415
258241
2582387
25823801
258237386
2582368
2582366082
258235894
2582353237
25823492
25823413
25823304
2582310m
2582302
258230
25822david
2582261
2582257
2582251
2582249
2582235
2582230
2582221813202112
2582206
25821987
258219
2582184
2582167
25821572r
2582152
25821422
258213a
258212541
2582122T
25821124
258211123
2582110
2582108
2582104044
25821020
258210
258208
2582074
2582067
25820628
25820522
25820506
25820418
2582037
258202
2582012q
25820108
258201
2582007
25820000
2581te
2581soft
2581ray
2581palomopa
2581moor
2581mcvh
2581ismypass
2581baseba
2581at
2581abc
2581SS
25819961481995
2581994channy
258199215
2581990aiw
258198sp
2581983
25819792522
2581977
2581972
2581969
2581963
2581961
2581957
2581940
2581920
2581910
2581890
2581889
2581869
2581860
2581849
2581845
258184
2581827
2581792
2581784
25817708
2581765j7n2z9
258176
2581742
258173
258171392234493
25817070
25817
2581686
258168
2581665
2581652lufer
2581646
25816447
2581631
2581623
2581617
2581605
25816
2581598n
2581596321
25815963
258159357852
2581572
2581553
2581546
2581536
2581532
258153
2581517
2581515001
2581506
2581504
2581495
2581489
2581478963
258147369fb
2581451
2581430
2581428936
2581419
2581417
25814127448
258141
2581400
25813900
2581379364
2581375258123
258137258639
25813708
2581356
258134679852
25813467
2581343
25813393
2581337
25813239
2581313
258131
2581306
258130
2581296
2581288a
258127
2581264jorge
25812404
258123tjba
258123r
25812345
2581231
2581213
258121
2581202123
25811ab
25811941g
25811817
25811718
258116
258114t
2581136mpl
25811282
2581118
2581112
258111
258110442
258110
2581084
258108
2581079
2581071
2581054
2581050
2581031s
2581009
2581006
2581003
2581
2580wisdom
2580st
2580smws
2580shelby
2580sar
2580sajsaj
2580rl
2580r
2580pooh
2580pass
2580oo
2580natie
2580nEnE
2580micah
2580maylee
2580lv
2580love
2580loka
2580kmds
2580jzone
2580joe=bigbro
2580jnha
2580iubire
2580honey
2580gus
2580gigi
2580gg
2580gc
2580fc
2580ev
2580emreilhan
2580eh
2580dp
2580dennis
2580cv
2580comp
2580brayan
2580bl
2580bh
2580bba
2580at
2580anisa2580
2580alton
2580alex
2580ag
2580a16_
2580TINK
2580Mai-Fon
2580FIZZINIT
2580AV
25809zzohk
2580996j
2580990325647281
25809858
258097600greys
258096a
2580963
2580959m
2580951m
25809365
258093257557
25809262
258091a
258090yuz
25809090
2580878
2580867
258086
25808562
2580851985
25808484
258083ng
2580828
25808203
258081319380030
2580811all
258081
25808086
25807d
258079SS
2580796
25807883540
258077
2580758
25807490
258073291130617
2580731
2580724
2580722
25807181
2580715
2580709
258069971
258067a
25806767jr
2580667
25806580
2580656
25806508
25806481
2580641
25806378
258063
2580627
2580619
258061
2580606
2580601
25805888
2580577
258054512
25805424
2580525407
2580512
2580503
258047d
2580473
258047
258046l
25804679
258046.a
2580456p
2580450
25804445
2580435242
258043
2580428
258042
258041447
25804116042
25804071
25804000
25803958
2580381
2580375
258036b
25803691
25803681
25803610
25803551415
2580343
25803340950
25803313
2580330439
258032
25803125
2580307
2580303
25802914
25802806
25802795
2580274
2580271
2580266
258025J
25802580_i
258025800
25802546d
258025258025
25802522
25802512
25802452
2580242
2580240
2580233
258022g
25802261
2580214bj
25802101
25802094127
25802060
258020508
25802046
2580201
25802001234997498
25801992xp
25801987a
25801981
25801971394
2580194
25801922588338
2580188188
2580185eli
2580177
25801689
25801633
25801598
25801594
2580158789
2580148
25801473
25801470
25801437
2580139
258013258013
2580130CM
25801303
25801293
258012580
25801234ophsis4
2580123123102580
25801211
258011d
2580112056
25801086
2580102122248923
25801016
25800pyp
25800happy
25800e
25800A
25800930
25800852bayram
25800829
25800777
25800726
2580068
258005822
258004life
25800478
2580033
2580032
25800286
25800210
2580012
258000p
258000T
25800077
2580005
2580001
2580000000
2580.
2580++
258/852
258/52
258/240
258/*-+a
258.bsb
258-lll
258+jj
258*susi
258
257sunnydale
257s257s
257pussy
257people
257msd
257matalan257
257maleja
257legna
257kmrra
257jhjhb46
257heavyweights
257granny
257gaskin
257farout
257e1ST
257bitches
257auburn
257a096
257^*^degita
257TC1692
257RSH
257AXEL
2579tnt
2579pass
2579mc
2579kaliz
2579k
2579fjk
2579daniel
2579a
257997
257992295
25799146
25799007
2579900033240
257990003048
2579900026405
2579900001330
257988
2579872
257986222006
25798608
2579854230016
2579846
257983
2579825798
257982
257980
257979sn
257979445
2579775
257976
257975061186
257970
257969710amm
257967217870
257965
2579641
257964
257963148
2579621
2579610
257957641450
257954
2579520
25795043
25795027
2579486jimmi
25794789
25794645797632563112345678910
2579453
25794496363
25794386
257943168
25794257951336
2579424536AMNO
2579401
25793E
257938
25793728_alanisoriana
25793706
2579349
2579334
2579321
2579287
25792768
25792594
25792579123456
2579234
2579202
25791xk
2579196
2579185
2579174
25791605
2579157
257914863
2579137
25791327
257913
25791234560000
25791019
25791
2579068
25790630
25790434421752
257904
2579025
2579020
2579009
2578sand
2578phenix
2578ha
2578fr
2578KATHIE*
25789nicolas
2578998
2578988
257898523
257897427
2578966
2578963
257895938
257894L
257894507
25789230651Bee
25789191
2578917
25789143
257891011
257890xgv
25789.0003
25788910
2578870
2578851m
2578831...
25788132
2578810
257880
25787u
2578760lol
257875316o
25787402
2578739
2578729
257872
25787133
257870515
25786q
25786777
25786440
25786314maria!
2578624
25786047
2578595
2578580
257855982
257852077
2578518
257851
2578506
25784956123
2578484
25784744
25784623
257841
257839651
25783893
257836jrq
2578364
257835862
257834
257832lalo40NENA
2578321v
2578311HEVC
257830
25782marielli
2578298
25782724
257825
25782359
2578227
25782197
2578218
25782056
257818333
2578168
257816160
257815786
2578145
2578143
257813849
25781279
25781193
25781
2578091
25780812ps
25780481
257802
25780060266
2577x5
2577rene
2577oden
2577kta
2577joana
2577hk
2577c
2577blessed
25779carla
257799271071
25779872
25779854
25779756
25779686
257795812wb2
25779320
257791234
257789a
2577893
25778825
257786l
257786
2577855
25778046920
25777adelis
257779979
257779073
2577787
25777806
25777777
257777521
25777682
2577752
257774352
2577740
2577725777
2577720
25777140
257771
257770732
2577689
2577653
25776375207
257763
257762
25776
257759432
257758255
257757s
25775768
2577556
25775383
257752909
2577520
257751272
257750123
25774856
2577482
25774571949
25774175
2577410
25773927jiserura
25773634
2577351
257732
25773086
257728
25772705
25772506
257722ab
257720
25771978
25771828
257716486
257715680c
2577156
2577143
257713892s
257711568
257711
257710935
257710124
25771
257709
25770780109683828*
25770747
257706
25770158
2577001
2576mmy
2576and8710res
257698556
25769677
257694274
257693430
257693335
257692660
25769184375302
25769
2576898g
25768942
2576861
25768300
257679356a
257677549
257677
25767445j
257673
257672669
257672222
257671m
2576714
25767032
25767
25766966
257668
257665
25766358
2576616
257659608
25765899
257657029
2576543
2576515w
2576511
25765101
257649
2576484
257645700221
2576442
25764301991
2576419
25764
257639448
2576376
257636co
257635M
25763419
257633
25763217+9*
25763145236521=f
257631050
2576305
2576295
2576275
2576231
257622538
25761alan
257619
25761838
257615934
2576103
25760938
2576085bg
257606503124
2576050
2576038
2576022
2576000
2575su
2575n2
2575julz
2575josema
2575gee
2575emtb
2575Pattiway
257599856
2575994
257598053
257597736
257597
2575931
257591
2575903
2575891
257586
257585
257582
2575805
257580
2575779a
257577304
257575152
2575742
2575711
25757053
2575683
2575663
25756529
257564839
257562a
25756282
2575597663
257558123456789
25755744
257556582
257555621
2575550
2575537
25755339
2575513
2575511
25755066
25754wcqb
257547a
25754702
2575464
25754541
25754488
2575442j
2575429
25754179
257539LRV
2575388
257536359
2575356
25753238
257531
2575290
2575287
2575274
2575258
2575253
2575225
25752141
2575192
2575177
2575171
257517
257516664
25751573
257515
2575143
25751306
2575123
257511897
257511
25750oyys
257507
25750378
2575017
2575001
2574oqu
2574mj
2574jesse123
2574abc
2574GgOo
25749ec
257496450
2574961
25749355
2574911
25748qmodb
257488
257487
257486
25748368
2574826
2574823
2574818
25747dzxwh
2574790
2574783
257475
25747409
2574738
257471
2574708
25747
25746742
2574658
257465
2574627
257459
2574574
25745679
2574562
2574556447
25745530
25745511
257455
2574533
2574526
2574509
25745
2574481
2574472a
257447
257446090809
257444
25744324
25744250
25744217
2574405
25744021
25743874
25743821
2574366
25743541
257435
2574340
257433
2574307
25743007
257430
25742584
2574247
257424
2574235
2574230A
2574224
25742139
25742012
25741999
25741968
257419
257417
25741515
257413884
257412
257411ea
25741051
2574087
25740679angel!
2574065
257406
257404
257402
25740
2573mddb
2573b
2573994
257397892
257395sagi
257395
2573942
2573925793
2573901
257389
25738804
2573868
2573853
257384jp
25738401111
25738314
25737a
2573792
2573777
25737709
257375xx
25737589
2573741
2573730
2573716
25737089
25736923
25736841
2573666
2573625736
25736
2573572
25735516
257354
25735214_
25735108
25735009
257349094
2573485
2573480elmejor
257346quereguan
2573451
2573436
2573423
257340iach
25734
25733869jahziel
2573354928
25733253
25733114
25733105
2573301
2573297
25732764
2573270
257326
2573240
2573233
25732237
25732214
2573198
25731878
257317
25731565
257314
257313000
2573123258
257311LJ
257311217
25730MIAMORCITO
257308
2573063
2573048
2573038
2573030
2573025730
2573014
257300152981
2572ypgzi
2572od
2572h
2572dc736
257299catxxxx
257299
2572966s
257295
257294
2572938
2572933
2572911
25729036981331
25728fmnqt
257289
2572887
2572884
2572869
2572839
257281
25728
2572791
25727843
257277
2572757
25727392144139097
25727233
25727123
25726713
2572668
25726633
257266
2572650
2572641
2572630k
2572602416s-
2572600
25725zky
25725epwae
2572590
257257m
257257257
2572559
2572552
2572543
2572538
25725336
2572531
2572528
2572525
257252
257251603
257251
2572505
25724840
2572465
257245
257241
25723857
2572376371002
25723730a
2572354
257234835
2572340
2572336
257231l
2572303
2572291l
25722821
25722730
2572271
257225kon!
257225321
25722269
25722238bd$
25722035
25722
25721822
2572174
2572155
25721510
257213
257211
257210104
25721
25720883
25720852
257208
2572061
25720597
2572040
2572021
2572016
2572010
2572008
2572006
2572002
2572001
25720
2571tiki
2571cf
2571brit
2571Axl
25719977
2571994haz
257199
2571989
2571981jaime
2571975
2571966r
257196
257195
25719286
2571910
25719
25718905
2571874
2571861b
2571856k98hs3q
25718388
257182dtm
2571819
257181
2571806
2571803
25717986
25717871
2571778
257177
2571762
2571746
257174
2571721
25717182
25717071
2571693
25716909goz
2571683
257168
25716741
2571667b
2571650
25716334
257163
25716225cedula1
25716177
25716086
2571602
2571595
2571592
257159
2571572
2571558
2571546
25715404
25715319
257151
2571505
25714927
2571488
2571483
2571452
2571438
25714359
25714273
2571422
257141819ac
2571409
25714062571406
25714037
2571398
2571387
257138147270401
257137525
257136
257135
2571343
257134
2571333
257133
2571321lw
2571314
25713055
2571300031109
2571300
25713
2571288acb
2571285
25712752571275
257127309
25712611
25712590
2571256
2571242
2571235
2571226
25712111
257121
2571197
2571187
25711739
2571161
257116
257114
2571136
2571127422
2571123
257111
25711070
257109i
2571072hellomc
2571069amgv
257104s
2571032
2571030
2571027
257101517
2571003
2571000024638
2571-179
2570yqppi
2570pat
2570longlane
2570TROY
25709994
257097281
2570961
2570935
257093
25709257090878969652
2570906
2570900021511plo
2570897
2570880
257087373
2570871
25708590
25708462646743
2570827
25708202
25708000
257080
257079
2570778
2570730
257072
2570707
257070
25706844
2570679
2570665j
257065
2570638
2570612
2570608
2570592
25705254789
257052
2570500
25704j
257047484
25704592
2570443
2570432
25704150
2570414
2570402
2570391pig
2570382
25703604
257035
257034
2570330
257032
2570312
2570306
2570296
2570288
25702791
2570273
25702454jessi
25702398
257023456
25702285cricri
2570222
25702177
2570200
25701jc
257019
25701720
25701608
2570149
2570129
25701250
2570121goh
2570118
25701053
2570100025121
25701
257008acasa
25700875986
257008
257006
2570032c
257002dividi
2570021
25700111
257000
2570*peacan
257...
256zx254
256vale
256tsd
256stella
256sillogerdxx
256scottave.
256qr1bvs
256qaqa
256perth
256paay
256nisha
256mpbit
256mekia
256mbpc2700
256luigi
256kbm
256karen
256jjsarah
256irbyroad
256haz
256girmp
256gata
256dustin
256cutie
256chick
256car31
256bloods
256barbero
256afg
256Wissem
256SE48K
256LAURA
256Ht3LoE
256AS56
2569sp
2569pimp
2569kat
2569j
2569hi
2569danse
2569blow
2569SASA
2569996
256998
256996sao
2569958
25699522
256995
25699465
256993
25699233
2569913
256991202
2569907
25699
25698eb
2569887casimir
256987gokhan@@@
25698756
25698701
2569856325
256985200
2569847
256984
2569815
2569810
256979mb
256978912
25697722
256976334
25697582032711
2569741
25697314268
25697159
2569696
256967292007
2569671
25696632
25696581
2569652
25696482
256963t
25696350
256963
2569621
25696137
25696107
25696001
256958213
25695732
256956clv
2569569
2569550
256954593
2569542
256954
2569533
2569518
25694p
256949
25694737
256947022
2569455c
2569448
2569441
2569434
256943
25694211
256941682
256941
2569403
2569400
256939y
2569390007
256938
256937
2569367
2569352
256934
2569333
25693252
256932159510822
2569320094321
2569310
25693068
256930011
25692aci
256928249dn
25692616
25692547
256924230
2569232
25692277
2569215288
256921
25691993tmm%
256919879n
25691933
2569178
25691729
256917
256915314
256915
25691423
25691313
256913
256912
2569116
256910W
25690k
2569090
256908
2569069
2569060
25690560
2569050
256902j
256900990099
2569*58964421*
2568venice
2568qb
2568lkacup1
2568gj
2568epxy
2568dave
2568brad
25689k
2568991
2568983
256897xime
25689775
2568971
2568948520
25689437
256894191
256893d
256893592aa
256893
2568919342
256891
25689017
25688eacr
256889451
2568887
25688791253zero
256885513
2568848987
256884
25688357mayy
25688195
25688125
256880317
25687m
25687941
2568789
2568765
256875727
2568748
256873kt
256872
25687022
2568700
25686k
25686929
256869
256867
256866630
25686624
2568658
2568645
2568636
25686299
2568616553
25686007
2568596219
2568589b
2568568673
25685665
256856
256855
256853553
25685275
25685254
2568522
256852040
2568517986
2568513
25685071
25684922
2568485
25684781
256847
256845822
25684481
25684439
2568436d
2568418
25684143
256841190V
25683900
256836806
2568362
25683526
256834135
256833750
256832
25683147
2568305
256830153
256829
2568265
256825718
25682541
2568244Q
256824
256823732
256823
2568220
25682137p
256820
25681918
256818892
256818
2568171994
2568147
25681411
256813521m
256812995
25681222
25681216
256811251811
25681121
256810041
25681
2568096
25680577
2568054
256804562
2568040429
2568038
256802119
256801014
25680000
2567zi
2567love
2567levi
2567cj
2567995
256799
2567978
25679654
25679582
2567950
25679466
256794504a
25679384
25679375
25679203
2567919281
256791344
25679
256789gengtomey
25678987
25678906011
2567890
2567878
25678717
2567870
256786
25678488
25678298
2567816
2567812x
2567788123
2567771
256777
2567758
25677542
256775121
25677500
25677428007
25677373
2567723218232575
256771439
25677089
256770
25676gyvom
25676851
2567669597
25676555
256765
256764896
25676301
2567623
2567617
25676123
25676087
256760335
2567598
256759485
256759217
256758
2567566
2567560
256754414a
2567536
2567533
256753
25675259
25675012513525
25674_hi
256749613
2567480
2567454
2567444
2567429
2567424
25674039441202
2567400
256739754
256738425652510.
25673821
2567377
25673636
2567343
256734
256733267
256730392
25673
256729301
256729
25672824
2567272
256725matt
2567252
2567221
2567213
2567208
2567203
256719480
256718954
2567177
256715429
2567150
25671416
25671355
2567130
256712568
25671218
25671204
256711
25671008595
25670jrk
256708
256707
2567056
2567040
2567036
25670243
256702087
256701
256700
2566thpj
2566karinilla
2566cA6995113749
2566blom
2566ali\\'
2566ROBERT!
25669nppjt
2566991
25669896
25669856
25669670
256695957
2566936
256692733
2566921
25669169
256690787
2566889961
2566883
256686421
2566859
25668519
256682536
2566823
256681798
2566816
25668113269ac
25667921
2566784123
25667823
256677raejtg
256675
256673460
2566715
256670
256668asp
2566654
2566639
2566635
2566627
2566605
25665968
256657mine
25665605
2566545
2566538
256652658
256652111
2566503123
25665
2566479
25664499
25664345
25664298
2566427
2566408
25663z
25663g
256636A
256635632
256634life
2566344
256634
2566339
2566326
2566318
2566308
25663***
25662895jheni
25662862
256628
25662708
25662642a
25662594vale
25662557
25662410
256624
2566234565
2566227
2566214
256621
256620
25661955
25661773
2566160
2566157
25661560
25661489
2566143
2566132970
2566128
25661226x
256611389
2566103
25660974
2566097
256609
2566077
2566054
256605
25660478
2566044
2566034
256603
256602403
2566021
25660148
2566006
2566*fxo
2565ty
2565state
2565love
2565camila
2565amoramos
25659921
256599
25659843
2565976
256597
25659633
2565953
256595039
256593470jc
256593215
2565924
2565911
256590439
25658901
2565863
2565858
25658545112230ce
25658545
2565848
25658361
256582j
25658254
2565813
256581
25657rzimg
25657909carlos
2565780
256577
2565765
25657579
2565754565754525
256575
25657451
25657411
25657272
2565703
256567
2565642_
2565635
2565633295
25656240
25656197
2565612602
25656087
256559939k
25655955
256558y
2565575
2565570
256556576ef
2565563
256556
256555
256553670
256553533
2565533
2565525
256551
25655000
256549
256546909
2565458985
25654565
2565452
2565446
25654369
2565432
2565430618
2565420304
2565419
25654045
25654
256539505w
2565383
256537598772807
25653706
25653580
256535
256534406
2565335
2565327
2565304
256530
2565292
256529
256526
2565259
2565254585236524
2565248x
256524
25652296107
256522
2565212325101
256520
25651nov
25651983
2565194
2565190
256518043
2565174
256517
2565161
256515222t
2565149bp
25651474
2565142
256513
2565129
25651257
2565121
2565120
2565110325651103
25651028
2565100
25650929
2565061232
25650525
25650486
256503windows
256502691
25650123
2565007356
2564nsw
2564gogo
2564dh
2564d8w4dpwlasalle
2564corey
2564KEV2564
2564984
256498
256496
256494540
256493861
2564930140
2564921250651
2564920
2564914a
256491
2564900
2564897256489725
2564893
25648910
256488
2564871
25648692
25648633
256485na
2564850
2564848
25648356256
2564833191
25648299
2564825190
25648210
2564811
25648041aj
2564800123
25647989
25647896
25647706
2564764
2564752
256472448
256471
25646933
2564684
2564676
2564664
256466
256465807
2564644
256463973
256463
2564625646
2564608
2564599
256459492
2564592
256458852
256457571
2564568521
256455115a
25645443
25645420
256454049
2564534
25645298
256452564525645
2564524
2564519
25645000
25644k6
256446
256444
2564432138
256443
2564415411
2564405
256438e
25643850
25643825
2564378
256437
2564343
256433039
256432862121718
25643212798891
256432
2564317
25643130
25643028
256428
25642733
2564262
2564256431
2564255
2564243
2564235317021994
256423244
25642288
25642155
256420
25641seth
256419920000
256418112300
2564172
2564160
2564152
25641461
256414
25641333456
256413
2564120
2564116
256410620
256410123
25640jac
25640920
256406893
25640531
25640518
2564037
2564029
256402285d
256402052
2564014
2564011
2564000
2563qwert
2563nicolleteamo
2563mk
2563kj
2563hr
2563gg
2563date
2563al
2563JP
256399
256398741
25639802250996
2563971
256396
256394552224268
2563934
25639322
2563925431
2563921
256390516
2563894216
25638900
2563873
256387
2563860
2563846
2563819
2563812
25638006
25637940
2563785128
2563784
2563780
2563769
2563758
2563747
2563742355
256372017
256371
25637019
256370
25636ixora
256369582
256369258
2563688
25636774
2563658955
25636540
2563651
256364
25636332563190
2563626004
256362363100
256361
2563605
25635966
256359
256358
2563571z
25635696
2563561123
256355cool
256355372
25635408!!
25635305
256352
2563506
25635011
256349
2563489
25634789
2563465
256346
2563456
256345
256344
2563434
2563431a
2563422
2563418
2563414
2563412
2563399
2563380
2563365214
2563362625
25633484184952
256334388
256334205
2563339
256333
256332567
25633214
25633126
25633
256329
2563288
2563283wl
25632807
256325aor
25632583
256325632563
256325412
25632533
2563248
25632467
2563237
2563227
2563214789
256321452
2563211
2563203816
25631989
2563181
25631690
256316
256315
256314789
2563145
256314374
2563139
256313
2563124
2563117m
25631026
25631
2563094
2563090
25630739
25630699
25630575
256304114
25630330
256302534
256301832011
2563014
2563009
256300443
2562ypfaq
2562reddevil
2562miwaz
2562dtt
2562alma
25629973
2562992
2562984
2562974
2562956
256292a
256292
256291
25629
25628fjcat
2562891
256287582
256287
2562862
256284
2562822
2562818
2562812
2562806
25628
256279
2562783
256277
25627331
2562718
25627120
2562711
25626731
2562671
25626694
256266
25626467
2562638725626387
25626354
256262y1732690
25626263
2562622
2562601
25626
2562592
256258t
256258789
25625800
25625780
256257
2562568
25625638830774
2562563
256255D
256255772
256255
25625474368962214041
256254235628
256254
2562537
2562535
25625327
25625288
2562525
2562520
2562487
25624789310258
256246
25624520
256245
2562443
2562439
25624331
25624309
25624242562425
256239937
25623950942702
25623881
256238
2562372++--
256237
2562365
2562357
2562351
2562344
2562343
256234144
2562333041
2562329
25623240
2562322
2562312562
256231000
25623073
2562305
2562301
2562290
2562280
2562279
256226523
256225622562
2562255
256225
256224
256222761
256222
256221802
2562216
2562207
25621915
256218
2562150
25621400
2562132a
25621203
25621132
2562112
2562100
25621
2562090
25620835
256207988394224
256207
2562060
25620552fenella-
256204004
256204
2562023
25620201
2562010
2562006
2562004
25620019
2562000
2562+6
2561lg
25619hem
2561997
25619946666
2561992l
2561988e
2561986031
25619835
2561980
2561977
2561972
256196
2561951
256194
256193
2561923
256191
25618warish26995
256189jco
25618949
2561878494
2561871
2561866m
25618537
25618512561851055
2561848
25618380
2561829
256182396
2561818M
256180xc
256178
2561754
256174
25617210nadiyana
25617181
256170
2561683
25616822
25616772561677
2561662
2561652
256163
2561627
256162
2561611
25615emre
25615765secret
2561553
2561530
25615189158241
2561506-2224564
256150
25614946r
25614937
25614890
25614888
256148
25614789
2561463
25614589
2561450
2561447r
2561445
2561431527
256142
25614130
256140
2561396
256139
2561378
256136
25613486
2561340
2561331
256133
256132
256131
25612962
2561288
256126642
25612563
256125
2561242
256123621
256122
2561213
25612050
2561200885
25611995
2561199
25611963_48
2561160
25611505
256114
2561135
256112641
256112
25611172
2561112
2561110
25611
25610817
25610716
256107
2561061
25610545
2561039
2561030
256102561038710
25610209
256102055
2561013
256101
256100249
25610
2560repzz
2560mark
2560et
2560deedee
2560as
2560Jang2458
25609867
25609778
2560969
256095
2560932
25609179
2560914m
25609123
25608kathi
2560875
25608598
256085498
2560849
2560835
2560829638161
25608286
256081
25607814
2560777
2560751
2560724l
256071
25607009
2560698
25606863
25606853w
2560664922
2560645
2560640
2560628
2560611
256060
25605888
25605698
2560551
2560544n
2560534
2560513
25605
2560485
256047676
256044
2560432
2560420
2560419
25604161
25604
2560391cc
256038794
256038
2560358
2560349
2560338
2560332
256031349
25602e02
256026
2560241
25602394
25602266
25602196
2560211
2560202
2560200001738
25601r
2560191
256019
2560179
2560158
25601479170296
256014
2560136
256013256013
25601283
2560119
25601122
2560103424021992
2560100025210
2560100023993
2560100019881
2560100013751
25600904
2560072
256007
25600576
2560053
256005
2560044
2560030
256000m
256/570
256.256
256-591-9658
256-0012AI
256+4497622719+6
255ydsps
255westend
255vet
255ton13
255swire
255sna1991
255shawk_
255rex
255qrm
255nona785
255minera
255maria66
255love
255karlita
255jeremy
255ghs
255front
255cnn
255cjl
255bece
255angel
255STH
2559tutu
2559normand
2559ad
25599867
2559975
2559948
2559946
255994
255991
2559895
255987
255986
255984a
25598444
2559838
255983
2559813
25598
2559789
2559770
2559766R
2559764ml
25597508
255973
255972550
255972
2559700
255968lee
25596800
2559672
255965
25596390
255963
25596137
2559601
25595vicho
2559596
25595839
25595660
25595486
255953x02
25595321
255953
25595212
25595116
2559500
25594delfin
2559490
2559473
2559469
255946
2559453
25594518
255945
255942aln
25594103
25593polanco
2559399
25593828308
255938
2559369
25593656
25593563
2559345kfb
255934317
25593331
255932002
2559308
255930
255929
25592579480
2559255
2559242
255923
255922
2559215b
255920088
25592
2559194
25591898
25591805lok
25591735
2559160
2559151
255914670
2559131
255912
2559113
255910225LOVE20
25591
255909mynumber
255908eva
25590778
25590740
25590640
2559040
255903
2559017
2558spanky
2558njky
2558miss
2558love
25589nadeypadey
255897634t
25589714
255897
255894486
2558932
2558925589
255891545
255891322.
25589121
25589109
255891069
25588gore
2558881d
255888
2558868
2558861
255885360
2558849
255884
2558821
25588141
255881005
25588/
2558795
25587891
2558786
255878458
255877874s
255877367
255875581t
25587465
255873601
255872558
255872035789
255871849j
255870272city
25586849
25586754
25586655
25586507
25586486
25586426
2558635
255861728
255861
255860
2558592
255858927264636
2558586
255856
2558543
25585345
2558515941
2558510
25584tzvy
2558485
25584721
25584566514466589855
25584355
2558431
255843
25584219
25584136
2558403
25583910
2558386
255838
2558374
25583649
255835845
255835096
255833651
2558332
2558330
25583223
25583197
2558315
25583098
25583062
255828741
25582683
25582611
255824
2558226
2558205
25582*
25581951
2558190
2558189
25581801c+y
2558176
2558166
25581568
25581488
2558143
25581375
255813262
255813107
255810na
2558083
255808
2558060
255804
255802235416
255802
2558012
255800255800
2557sutter
2557ra
2557gate
2557alijah
255799401
2557990
255798267
25579748
2557967
255796054
25579579
2557955
255795
255793945
25579296
25579265
255791921711
2557911s
25579087
255789
2557884king
25578683369007af
2557867
2557862
25578545
25578449
255783
2557827
25578085
25578058
25578
25577944nati
2557790z
25577883
25577879
255777609
25577728
25577632asdrubalzx
255775672
255774266p
2557735
255773190
25577230
255772
255770060
25576a
2557673
25576653
2557656
255763
2557624
25576132
25576050
255759792
255759279
25575854
255757362
255756760
255756
2557557
255754708
255754153
255752997
2557525575
2557525
25575141.13
255751239
255750072
25575
255749268
25574840
25574784
25574632
25574430
2557432
25574276
25574213
25574046
255740
2557397
25573850
255737450
2557371
25573592
25573424
25573371
2557322994398
255731864
255731602
2557309
255730361
2557299
255729111
255729
25572787
2557269
255726
255725080
2557247
2557231
255722670p
255720
2557197a
255718756
255717611
2557170
2557164
25571586
255715134jea
255714924a
2557143
2557132
255712986
25571015
25570ja
2557097
25570851
2557064
2557056
2557032
25570223
255702
2557004ab
2556tm
2556kalix
2556bojo
2556al
2556RG
25569b
255699865
255698748
2556983
25569606
255695
2556938
2556912
25569102
2556909vl
255689a
255689488434694
25568740
2556869
255686
25568525
2556841
2556840
25568312
2556823
25568221jojotox
25568122
2556805
25568
25567adb
25567961
2556790
255677331
255677
25567612
25567475
25567440
255673605
255672355
255671295
25567010
2556694
255668030a
255667
2556659
25566512
2556650
2556645
25566263
2556621
2556601
25565na
2556594
25565854
255658
2556578
25565621
2556549
2556544
25565416
255653887
25565331
25565256
25565113
255651
25565041
255650284
25564fibor
2556478
2556466
25564592
255645
255643
2556423
255640jh
2556402
255640
255639426
255638
25563578
2556345
255631bcyjhg
25563
255628
2556269
2556262378
25562475
25562420
25562124
2556201
255619
25561864
25561812
255618
25561699
255616021
25561368
25561203tessy368
25561050
2556091
255607
255605
255603
255601
2556*estre
2555lg
2555jdt
2555gmbr
2555dragon
2555PD
255597602
255597013
255595316
255592735
255592641
2555919
2555914
25559115
255590341j
2555898898
25558971080893
2555889
2555888
255588
255587354
2555866
255585d
25558431
2555819
2555808
25557900
2555789p
25557884
255578
25557552sandra
2555740
2555724
25557070
25556921
255566
2555654
2555638
2555635
255562
25556100
255560
25555979
25555780
255557683
25555641
255556
2555555555531984
25555555
2555552555
2555530
2555527
255552264
2555516
255550919a
25554icysk
2555486
2555476
2555464
25554545
2555443
255543
2555416
2555409
2555406
25554
2555393
25553865
2555383E8168
25553665
25553654
2555357opo
255535
2555347
255533503
2555323225556728
2555313
25553
2555284
25552776
255525552
2555255
255522894
25552113
2555192
2555180
25551776
25551763
255516327
255515442
2555130
2555121
255511939501467316229
255511329
25551119
2555107
2555102
25551
25550866801459
255507
25550653654448
2555031036
25550232
2555018
255500
2554xx
2554skf
2554jkjh
2554al
2554ALICIA
2554980
2554963
255494115
255492684
25549118
25548m
255489964
255489435
25548655
2554856
2554848
255484
255483399
2554831
2554820
2554811000
25547j
2554789
255477d
25547618
255475963
2554750
2554740
2554717
255471308
2554711
255471
25546mgkm
25546963
255468938
255467oct
255467321
2554656E
2554653
255465
2554633
25546261
255461987
255461414
25546
25545922
2554591158
255459
255458301
25545804
255457
2554567
25545614
2554554
25545500
25545386
25545267
255451377b
2554510
25545011
25544960
25544909
2554474
2554468017
2554453
255444
25544280
25544111
25544088
25543nqctp
25543at
2554392
255438692
2554382
2554373
25543630
2554358
2554343
25543261
2554319
2554315
2554300
2554296
2554294R
255428
25542624
25542559
255425542554
2554248cm
2554231
255422129
25542174
2554213
2554208
25541a
255417
2554166
2554161
25541550
25541386511761
2554136
255413463020
2554122
25541041
255410
2554097
2554092
25540610
2554055
255404
2554022
255402
255401
25540-320
2553h3e
2553_2553
2553Alesos1EnFut
255397
255396
25539387
25539228ap
2553915
2553901
25538xgeea
2553885a
25538820
255386847212448
2553866tg
255386
2553857
255385
2553846
2553832
2553831
255382851
25538126
2553807
25537bam
255377
255376
25537500
255374947
2553734
25537121
25537090
255370146
255370
255369jsm
25536954
25536848
255368
255367285
255367
25536648
2553660
2553652
25536416
2553625536
25536181
25536124161718r
2553612
2553604
25536000annyched
2553582
2553562678712312
255355455
25535529
25535466
255353dd
25535381
255352329774804
25535100hotmail
25534sf
2553492
25534859
255348
2553457
25534428
2553438
2553426321
255341180
2553401
25534
255338758
25533787
2553372
2553365
255336101
25533502
2553326
25533101
255330509
25533
2553294
2553274
2553269
255326
255325255325
2553252
255324
25532381
25532215
255321j
2553216
255321
25532
25531969
255319001215
2553175
2553159
25531532
25531475
255313464
25531309
255313
2553123
2553114
255311
2553098
2553089
255308
25530674
2553050
25530398
25530367
2553030
2553026100
2553019polo
2553015
25530032
2552tiff
2552sp
2552r5
2552lovem
2552jjhgod
2552iks2552
2552dsp
2552az
2552PF
2552DW
25529n
255299
2552976
2552961
2552937731
255292095
255290rca
255290119
25528jess
25528as
25528982
2552893
255289
255287820
2552870
2552858
2552853
25528414
255282
25528164
2552813925528139
25528063
2552803123456
2552800
255278p
255277bjkcrs.
25527784
2552776
255277
2552769
255275216
255274ntm
2552727
25527224
2552711
2552706
2552698
2552672
25526667
2552661
2552657
2552646
2552642
2552632
25526268
25526224
2552617
2552614
2552600
25526
2552593743635751997
2552588r
255258
2552578r
25525723
2552563
2552555
25525544
25525463trio
2552545
2552539ml
2552538
25525354
25525335
2552529qaz
25525262
25525240
2552523
25525191
2552517
2552515
25525114
25525065
255250286
25524990
2552498
25524931077
25524798
2552475
2552467
25524633
25524518
2552448
2552444
2552431
25524281
2552422123
255241m
2552415321
2552410
255240
255239813
2552388
2552383
2552381
25523754248
25523712
2552364401461993
25523434
25523388
2552332552
25523312
2552327
25523162
255231092
25523060
25522dd
255229
2552282
255227260
2552264
255225mp&
2552258
2552255
25522529
2552251
2552243
2552240
255223260
25522255
25522196
2552216
25522127
2552202020
255220
255219246
2552185
2552183
255218
2552177
255217
25521634
255214903
255214826
25521431
25521335
255213*az
2552123
2552122
255210
25520933
2552078
2552071516
25520510
255204
2552034
2552029706
2552026795
2552025266
25520221
25520172
2552014
25520113
2552009
2552005alamirlover
25520000
2552.lk
2551tik
2551map
2551glen
2551MOEYSAKR2551
2551Chance
2551991ftn
25519865
2551984561984
2551977
2551973
2551972
2551951
2551948
25519455
2551930
2551919
255191843k
25519113
2551903
25519
255189
25518864
2551884
255187914
255187
25518543
2551846
2551829
2551826
2551820
2551814
255181
25518003
2551786
2551779
2551751413
25517456
255174
255173
255171
25517034
255169val
25516912
2551685
255167
25516644
2551662o
2551657
2551651
255165
25516413
2551625
2551624
25516159
25516133
25516071
25516
25515713marv
25515623
2551559
255153800
2551536
25515151
25515120
2551511797141
25515099
2551508
25514bim
2551489
25514789
25514685
2551466
2551464
255146
255145741
255144jaya
25514401
2551437
2551434
255143
2551424
2551415
2551413halili
255141
2551404
2551390
2551360
255135T
255135109325
2551335
255133
2551314
255130w
25512op
2551298
25512876
255127255127
25512664
255126
2551256
25512551B
25512549
25512542
25512538
25512536pop
25512534
25512528
2551251928
25512514
255125
255124
2551230789
25512216
255121255
25512108
2551203028
25512006ZACARIAS
255120
255119el
25511981
25511967
2551194
25511849897
25511729
255117
255116
25511521
25511474
255113
2551126
2551122
2551118
25511145
2551108
2551104
2551101
25510989
2551092
255108
25510723
255107
2551066
255106.3
2551050
2551040145
25510393
2551036109
2551034989
2551033846320
2551033
255103
2551028087
2551022619
2551021897
2551019
25510153
2551010
2551005
2551003
25510-
2551.ek
2550vms
2550rw
2550o_mar
2550nam
2550gre
2550cb
2550ax,
2550T
25509977424
25509910
255095
255093bryan
25509122557505
25509019
255089
25508877933
255088
2550855
25508375
2550829
25508206
2550817c
2550807
255080
25507pqdgo
2550788
2550771
2550768
2550754
2550738
2550735hc
255071283
255070cat3334
2550704
255069314
255069117425969
2550682
2550678
255067
255066
2550653
2550646tppp
2550641
25506361
25506288
255062
255061
2550600
25505nomad
2550590medellinn
2550586
2550578
2550567
255056
2550554
25505321
2550529
255051992
255051
2550500019136
2550500013880
2550485&hearts
255048
25504762
2550469-0
25504550
255045
255044
2550438
25504252
255042
2550410
2550406
2550400012113
25503j
255039185
2550385
255038
25503699
255035305SLA
25503486
25503331
2550330
255031971
255031153600
25502j
25502913
255028082533
25502685*techi
2550266593210
25502626
255025502550
25502547h
25502536
2550253287
25502530
25502528
25502526
2550245
255024
25502396
25502349
255023134
25502285
25502204
255021380
255021
2550206
25502003
25501975
25501969
2550192
25501829
25501706
255016
25501528
2550147
25501375
255012muk
25501231
25501223
25501193
25501123
25501052
25501013
255010
2550095
255009
2550085
25500812
2550078al
2550060
25500550
25500503
25500381
2550035
2550027
2550023255
25500114
2550002
255000096
2550/2007
2550+31
255/60
255/1654
255  8602
254waco
254star967
254srche
254spade
254sexy
254rlives243
254rashunda
254qu9vr1p6k
254princess
254pink
254password452
254o9870
254naniz
254mom2333
254micasa06932321
254maxsys
254mar
254mami
254logan
254lilkb
254lenny
254koolaid
254kcireanet
254kayla
254k-town
254jerm
254j2274
254iamsexy
254good
254ghs
254gHi:-)
254films
254fashow
254f22a1
254e699
254doty9330043
254day
254czlFd
254cooper
254cia
254chic
254cb404
254boy
254bigboy
254beal
254b0d41b2
254atila
254allegra
254ajp
254SPADE
254ROTBR
254Princess
254LaLaLa
254Kempner
254KING
254Gavon@
254GREAMESTREET
254Boobas
254@sed
2549peanutmnm
2549kenly
2549ea
2549devid
2549NOLO
2549998
2549987312
25499733
254994g
254993380
2549909
2549890
2549870
2549859
2549854
2549844
2549835
25498325
254982
2549813
25498
2549794
254978e
254978766
2549780
25497693
254975
25497296
25497075
254970
2549689
254967l
2549674
254965cash
254964
25496355
2549627
254961
2549598
2549588258
2549567
2549560
254955Bb
2549555
2549543
254951j
2549515
2549502
25494sj38
254949k
2549489
2549465
25494620123
25494562
2549449
2549442
2549436-v
25494096
25493ls
25493924
254938c
2549374p
25493612
25493420
2549336
2549330
25493221096
254931
2549300
25492ele
2549295
25492942
25492917jang
25492835
254928
2549261
25492552
25492544
25492530
25492527
25492522
25492515
254925
25492370684yui
25492292
2549224
2549211
25492026
25491dya
2549192
254919
254918261
2549164
2549161
254915
254914525
25491342
25491331
2549127
254912345
254912
2549110
2549100
2549060851963
254905196
25490221188
25490123044
254900c
254900434
2549-36
2549
2548wat
2548thefamliy2
2548pun
2548love
2548dh
2548bt
25489975
2548987
254898
2548978
254897069
254896123
25489603
25489433
25489341
2548929
254892799
2548927
2548920
254891302
254890Deir
25488xuoes
254888106
254887cas
2548874
254887
254886
25488522lo
2548836050
254882842ab
2548822
2548815
254880
254879842
2548796130
25487903
254877508
2548764
25487597
2548748
2548739
254873698
25487296
2548721
25487188
2548700
25487
25486jayson
2548693
2548686
2548683
2548681josemiguel
2548675
254865488
25486423
254864
2548612
254860
254859530
254858d
254858525479192544772
254858254858
2548577
25485663
254856123f
254855
254854545
2548540
2548533
2548519o
254851806836
254851
254850354
25484box
25484912
2548484
25484825
254848
254847
254846
2548446
2548437
2548424
2548419dj
2548414
254838456
254837
254836792004
25483611
2548354
25483413
254833703
25483310
254832
2548316
254831457
254830er
25483040
2548301188
25483
2548295
2548283
25482712
25482629
2548261
25482551
2548254825
25482526
25482523
254825192520
254824600
2548243
2548241
25482339shakiralome
254823
2548214315s
2548206346
254820
25481981
254819176
254818095
254817621
25481673
25481565an
254815
25481441
25481381
2548133
2548131425
25481255
254812278
254811854s
25481129
254810d
254810
25480963
2548091
2548082
25480802
2548075
2548069locO
254806
25480282
2548025
25480154h
2548009
254800147217860
2548-9kkkfrist
2547turn
2547rr
2547mskc
2547ku
2547ice
2547dmd8565me
2547bunc
2547amor
2547ajhs
25479Z
2547992064
254798647
254798213
254795891
2547946
2547939
2547931
254792701215
2547913896245
25479092carlosc
254790125
25479
254789i
25478987452
25478930
254789169
254788enrique
2547889
2547880
2547879
254787
25478549
25478523
2547843
25478404
254784
2547825478
254781602
2547810
254780
254779s
25477859
254778
2547779
254777167
2547770152
2547760easr
25477590
254775
25477473
2547738982
2547735
25477275706
254770012
25476ziaaf
25476947176787
2547691
254768
2547673
25476541
25476522
2547644
2547624
2547614
25476075985
2547587CASA
2547580
25475747
254757057
2547547
25475311
2547526778
254752599
25475207
25475144
254750422
25474pol
25474869katz
25474737
25474547
2547450
25474434123456
2547438
25474301
254742a
2547421
25474009
2547397
2547390983
2547380
254737
254735ca
254735040
254734069l
2547337452
254732420
254732
254731584
254731
25472v
2547292
2547281469
2547277
25472701
2547256523
25472550
2547254710
25472536
25472531
25472524
254725211
254725099
2547243
254722JEN
25472220063
2547217
2547208
2547200
25472 1934madre
25471994
2547193
2547189
2547170s
254716364
254715513lom
254714434
254713856o
2547133
254712l
254711me
254710533
254710
2547098
2547094
25470821
25470802
25470713
2547047
2547041
25470211
2547020
254701
2547008
2547001796
25470
2546sUMMER
2546nick
2546meck
2546koda
2546jhyq
2546cakes
2546aqwdx
2546Summer
25469950
25469940bs
2546993
254698713
2546984
2546981073
254697436
254696834
2546965mg
254696512
2546962d
254694793
2546940
2546939
2546931amit
25469173t
25469123005
2546906
25468r
2546897
2546892
254687946130
2546879+
25468759
2546874
2546862
25468568
25468520
2546826
254681397
2546806312
2546803
2546799
254679284
254678963
25467863
25467788
254677509
254677125
254676762929
2546763
25467600
254675734
254675400
254674425
254674
2546731
2546724
254672
254670l
2546708
25466jcibm
2546699
2546693
254669
25466751
25466693
25466650
25466520
2546642
254664
25466309
25466295
2546614
25466126
25465886655
2546588
2546578
254656953
2546556
254655412
254654565
2546530
2546525
254651630b
254650
25464wdugi
2546491
2546488
25464838
25464813
25464709
254646aly
2546459
2546456
25464543nelsito
25464516
25464455
2546435
2546431
25464179
2546413
2546411
25464085
254640
25463r
2546396
2546386
25463765
2546373
254637
25463515321
2546345
25463344
254632945kg
254632412
254631951357
25463177
2546313
25463112
25463100
254630835
25463010
2546298
25462943hd
25462913
254629
254628676
2546271
254626es
2546265
25462561
25462547
25462526
25462522
254623
2546225462
2546209
25462002
25461998
254619294
25461820
254616h
254615814
2546153
254614173
254613795
25461355892101993
2546132
254612840
254612544c
254612296
2546111
25461070
254610403
2546102
25460cr22
25460733
2546062
2546054
25460344
254603
2546027
2546020
2546011
2546007704
25460036
2545zz
2545ts
2545r2
2545jj
2545h6
2545fcdrxx
2545ds
2545cds
2545c
2545bard
2545CDS
25459988
2545991
25459786
2545961
254595374
2545940
25459342339824
254593
25459211gh
254592065s
25459177
254590
25458989
2545872464
254587
2545867
25458632
254585652
2545856
2545846646
254584
2545831679
2545825459
2545809
2545793
2545788
25457820
25457777Aa
2545759
2545753515
2545750
2545747
25457263123
25457234
25457148--**//.a
25457099
2545700
25456989
2545688
2545666
25456590
2545645
25456315
2545625661
25456084
2545599
25455941
2545588
254558
25455657
2545562264356
25455588
2545552
2545549
2545533
2545514
254551
2545504
2545501
25454978
254549
25454820
2545455
25454508
254544
254543234
254541r
2545415a
2545413
2545401
25453966
254538
254537d
25453723
2545371
25453695087724
2545354345
2545341
25453364
2545331
254532698471287
25453212s?
2545301803
2545286e
2545283
25452815
2545273
25452681
25452603
254525co79
25452549
25452545ch
25452539
25452511
2545238
254523
25452177
2545216
254521
25452067142
2545201
25451MR
2545195
2545194
254519
2545182611
254516930
2545158
2545143
2545133
254512Ilove_you
2545125000
25451235
254512
2545115
2545105je
254510105
2545085
2545072
254506r
254505504532729.
2545055
2545038
25450282542031
2545021
2545019
254501
2545007
2544z5
2544sl109
2544pops
2544jqgno
2544ford
2544dani
2544btvs
2544abc123
2544939
2544936
2544919
25449071
254490
25448934
254488ghionul ku tn
2544873
2544843
2544830
2544826
2544812
2544805
25447971
25447898
25447841
254478
25447720maripau
254477
2544767
25447571
2544752233436
2544750
2544744r
2544740
25447395
254473142
25447265
25447136
254471
25447017
254470
2544660
2544652
2544644
25446391
254462370
25446112
254461
25446
254459
25445831
2544582588
25445811
254456
2544559h+
2544551
254453aA
2544530
2544521
254451160
2544508
2544504389
25444884
2544481
2544474
2544467
25444543
25444256
254442
25444040
25443978
254438
2544374
25443698
25443427
254433348
254432t
25443214
25443140
2544313998
2544307
254430486p
25443
254428
2544272475
25442627
25442566
25442549
25442546
2544241
2544232
2544220
25442063
25442
25441972
2544190
25441788
254417
254416095
2544159
254415
2544140
254413s
25441233
25441222
254412
254411398841
25441123
2544103
25441017464269
254409
2544087
254408
2544069
2544064
2544054
25440423emr
2544025
254401amm
2543werd
2543sr
2543pony
2543joy
2543holly
2543bom
2543Ir
25439857
2543978
2543971
2543957
2543947
25439382
25439351
254393
2543911s
2543906
2543880
2543861
25438591
254384845
2543813
25438106
254380191958075
2543789
2543776
2543754
254374_0
2543743
254373
2543727dr
2543721
2543719
25436ssymp
254369a
2543685
2543678
25436710
2543638
2543629
25436222v
2543621
2543619
2543606
254358456
2543583
2543575
254356643
25435534
254355
2543545
2543525
254352
254351
254350
25434a
25434741441991
254347
2543464
25434622
25434593
25434564
254345
254343197
2543425434
25434206
2543414j
2543411
2543407
25433w
2543391
25433673
25433598eteamo
25433333333
2543328
254331962
2543311
25432xrmsj
25432949
25432889
25432876
2543279
25432716
254326
2543258
25432548
25432543Lfc
2543254
25432522
254324
254323
2543215
25432052
25431994
2543198
254319111755
25431813
2543179m
2543169
25431634
254315
2543146
254314
2543132
2543125431
25431146
25431112720
254311
25431019
25431
254309199
2543088
2543068
25430616
25430557
254305158
2543048
25430449
25430432
2543038
25430352
2543014
254301
2543/KERN
2542mom
2542jcw
2542BAM
2542985
2542970
2542967wxl
25429539
254294
2542937
25429150agl
2542902
25428golf
2542890
254288500
25428724
25428637
254286
2542851
254284
2542834
2542827
254282
25428109
254281
2542800
2542790
2542781
2542775
254276999
25427653
254275312
2542744
2542721
2542709
2542707#chelsee
2542706
25426gurl
25426983
2542682***
254268
254267
2542665
254264qwert
2542646
25426404
2542639
2542628
254262
2542611j
25426102563696
25425mk
25425[suriya]000
25425981
2542586
2542581
2542572510
2542568
254256258
254254sw
254254la
254254db
25425487as
25425472
2542540
25425384
2542536318
2542532258
254253002
254252860
25425278
2542524
2542522796
2542517
25425142
2542512
25425010
25424cebqa
2542488
2542486
2542477f
254246
254245292532
2542451
2542444
254242fl
25424152
2542411
254240216
254240
25423919
254239
25423709
2542368
2542364
25423597
254235254235
2542334levelup
2542334
254232j
25423226
254230
25422hd
2542288
2542271
2542267
25422549
25422546
25422524
25422516
254224
2542225
254222
25422160
25422007
25422
25421b
254219
2542184
25421794
2542150
2542146
2542134
254212079j
25421198
2542111463
2542107
2542095
25420937
2542083
2542065
25420524
2542035tyfn
25420310
254202
2542016
25420157
254201
2542001862
25420
2541watobra
2541pol
2541nowra
2541mewmew
2541love2517
2541k5
2541fred
2541ewdhsam
2541casper
2541Qwsa@
25419el-shaer
2541996g
254199514
2541991     AHMED  NERMOO
2541985
25419771236
2541974
2541973
2541972
2541966
25419604sp
254195
2541937
2541925
2541922
2541910600
254190232
25418g
25418956
2541893
254187180
25418644
2541860
25418569
2541856
25418525
25418473v
2541841
2541840
254183
254182452
25418231
2541815
25417fit
2541796
25417904
25417868
254176veronica
25417585
2541734
254172
25417162
25417092754126
2541699
254168
254166
2541646
2541635127
25416226
25416062yo
254160
254159
2541587
2541584
2541569
254156718
2541562
25415500
25415421
2541536
254153288
2541525lnh
2541524
2541520
25415075
25414833
2541471
2541460
25414577
25414529h
25414427442589552495
2541435
254143257
25414240123
25414218
2541416175
2541412
25413d
254139
2541369654
254135
254134258405
2541335
254133012
2541326281190
2541324.
25413234
254131327
2541300
254129232
2541265
2541263
254126
2541259
25412563
25412551
254125412541
254125410
25412534
25412514
25412457
2541235t
2541234
25412299
2541211
25412071104
25411995
2541198
2541196
2541183
254117
25411689
25411606
254115423
2541151
2541133
2541125411
2541123
25411142nahil04241329349
2541110
254110066
25410s
254108g
254108
2541077861
2541077089
2541074576
2541072880
2541071629
254107
25410663
2541062731
2541048
25410366
2541031356
2541022334
2541022259
254101989
2541010
25410082
25410013
25410004
25410000
2540srinarawat
2540pooh
2540pao
2540ok
2540kyley
2540jefferson
2540jc
2540e18
2540bra
2540alex
25409988
254099
2540975
254096381735
25409629
25409612
2540952
2540936
25409142069
2540908
25409000211294
25408nnaelex
254089
2540874692
254085
2540843
2540825456
2540806
2540799
254078
2540774
254075
254072
254070
25406c
25406987
2540679141
254067
2540645s
2540631
25406220
254061
25406011
2540588
2540586
254057
2540564
25405493
254053
2540519
2540511
25404982a
25404932
2540473
254047-2
254046
25404409
254042579721
254042186
2540417
2540405
25403k185
25403997182783
2540384
254038
25403721
2540364
25403493
2540324
2540304
2540294
25402890
25402563
25402550
254025471420
25402542
254025402540
25402537
25402535
25402517
2540247
2540237
25402331
2540228semih
25402224
2540215
2540206
25401999
25401996
2540194873721
2540190
2540181
25401720
254017
254016
2540155
25401537
254014
2540135
25401303
2540124
2540123
25401210355008
2540120
25401141112
2540110
25401011
25400961
2540085
254007
254006
2540044
254003
2540027rcga
2540022
25400195
254001
2540001
254-6012
254-3747
254+1556av
253yjng
253y198
253x14u
253wlsdems
253wa
253to206
253tb
253str8up
253south
253sav
253renfrew
253r0ma6
253puma
253noluv
253newday
253nAt875
253month
253love
253kita
253kid
253k729
253jackpot
253house
253hilltop
253guppie
253game
253er2
253denise
253chanel
253blue
253bitch
253beth
253babe
253aka090995789
253RALPH253
253Lani
2539wara
2539surfer
2539ploywin
2539myluv
2539loco
2539lia0*
2539johanna
2539ims
2539cindy
2539cat
2539boobie
2539baby
2539alexx
2539ac
2539a
2539LAW
2539ALEX
2539@harry
2539999
25399794
253996518b
25399510
253994117
253993749
25399288
2539926372
253991
253990
2539891mikeala
2539882
2539867chris
2539860
253985
2539837
2539832
253982253982
253981
253979m
25397881
253978
2539777999
2539763486104
25397613
2539756
25397522539752
2539740
25397277
2539725397
25397211
2539715
253970570
253969855e
2539694
253968
2539674
253965715
253965023
253964988
253964296
2539641
25396279
2539624
253961911
2539617529
2539611505
2539598
253959
253957654
2539569
25395667
253956027
2539560
253955859
25395524
253954977
253954
2539531
2539513146
2539500
25394t
25394cute
2539487
25394803
253947927354
25394772
25394718
2539463
2539457
2539453
2539435@lexiel
253942898kika
2539426
25394202557554
2539411545
25394014ogle+
25393mr
25393719
25393692
25393658
25393621
253935902
2539352971
253933aka
25393350
25393317
25393246
2539322
2539320615275
25393177
25392mb
25392938
25392810
25392735
253927
2539266+
2539263767
2539263723
253926262paula
25392581
25392549
25392548
25392542
253925392539
25392536
25392517
25392512
25392506
25392482
253923320
2539227
25392210
253922
25392123456
2539200
2539199604
25391986
2539195
253919
2539187625
253918123322
2539168
253916
253915552
25391415
25391400
2539139
25391234
2539119
25391119
25391088
253910861572454
25391018
25390910
253908194
2539073
2539068d
253906
25390418
2539033
253903
25390226
2539016
25390026
2539000
2539-2540
2538wa
2538nata
2538love
2538irifw
2538dao
2538bamee
2538_dream
25389943
253898
253897
2538967
253895
2538937
253891do
2538918
2538908
25388ys
25388dmk
2538899
25388786
25388782
253887073
25388611
2538859
25388506
2538846
253884-9
253883meme
2538836z21
25388341e
2538831500
253882108
253882021
253880
25387959
2538789
2538777999
253877035
253876878
25387627
25387544
2538740
2538736RBD
2538726
253870k
2538698
2538696
253868
253867
25386618dayhan
253866
25386530
25386471
253864
25386122
2538609
2538606
25386014monita
25385975
2538597
253858826
25385854
25385775
253857531
253857039
253856190
25385610
25385583
253855438
25385478vero
2538541316
25385397
25385323032
25385271
253852648
2538520
2538518
2538517
253851
2538504067
253850151
2538500
2538499
2538487
25384701007
2538468645
25384587
253845
25384450
253843983
25384360
253843
253842382
2538401
25383814
25383702863550
2538370103
253836331
2538361nmhj
2538354225
253834
2538326622
25383260
253832338
2538314
253831009
2538306
253830
25382993
2538285
25382773
253827
253825all
25382549
25382546
2538254293446
25382538alman253
253825381995
25382516
25382512
25382510
2538249
25382436
25382290
25382278
253822240
25382205
2538205
253820216
25382008
25382007
25382
25381993
2538193329214
2538190
25381877
25381833
253818
2538162919
2538158
253815539
253814w90
2538143
25381379
2538134
25381311
2538124
253812320
25381212
25381204
253811469
25381123
25381115123
2538111
25381088p
253810254j
25381010
25380e
253809136077
253808
2538070
25380624
25380601
253805
25380333
2538025
25380213
25380108
2538007
2538006535
2538001*1
2537tor
2537red
2537oil
2537mork
2537gr7sarasas
2537cler
2537ann/
2537Accounting
25379ash
25379852
25379778
253797
253796610
253796
253794
253793
2537915
25379052369
2537901
25378rsuik
2537893
2537887
25378830
2537871
253786
2537850
2537839
25378170azharskan
253780w3wz3drg
253780
2537797
25377852
2537774
253776342
2537749
25377464
253774
253773830
2537733
253772537
253771150
253770kong
253770030
25376djfap
253768
2537673
253766
2537648
25376362
25376239
2537605
2537592549
2537588
2537573
2537569
253754663
25375432
253753428
25375222
2537520
25375171193
253751189
253751
25374962
25374880
25374631
253745
25374466
253743
2537418
25374141
253740
25373qdjyr
2537389
253738259
2537380
2537370
2537356
25373437
2537338
253733582
253733107
253732970j
253732
2537317
2537310
25373088
25372ark
25372912116
2537282
25372768726272
25372647
25372551
253725412517
2537253733
253725352293
25372529
2537252011
25372519
25372515
25372499
2537238
2537222577
2537215
253721
25372040
25372009
253720017
25371t
25371989
253719431109
253718
25371710
2537160
253715797
2537156
253715
25371489
2537142569
2537139
253713112537
253713
25371237
25371207
25371121lee
25371100
253710137
2537101
2537095
25370907
25370886
25370805771368
2537075521803
2537063524575
25370503
2537042
253704
253702587
25370214
2537014235046
25370110
2537/14
2537-78
2537*/*09
2536xxx
2536vee
2536tamo
2536sp
2536pasola
2536pa
2536njp
2536mint
2536love
2536k
2536goon
2536eve
2536december
2536conan
2536carrollton
2536ballomaposa
2536_kate
2536_232
2536RC
2536;yomuj10
253699855
25369918
253698226
25369780
2536975
25369706reinaldo
25369628
253695720
25369523
25369512
253695
25369438
2536941
25369350
2536933
253692854
253692780
25369204
25369130
253691105
253691021
253690
25368945
25368899
25368852
2536868fer
25368596
253684208triko
253683463
25368275
2536824
253682088
2536811
253681014
2536794
253678882
2536784
25367812
253677ln
253677409
253676862
25367620919
253676098
253676
25367568
253675036
25367446
2536738
2536737
253672818123
2536725367
253671606
2536711
2536710
253670765d
253670376
253670001995
2536700
25366984
25366958
253668901
2536666
253665565
2536642mb
253664
2536636
2536617
253661421
2536605
25365a
2536589
25365830
2536574
253656816
2536566b
25365585462635
25365431993
253654
253652633
2536522s
25365210
2536510
253650279c
2536498710
25364856
253647934
25364788
2536475
25364614
2536456
25364506
25364400
25364317
25364213
25364193
253641480
25364123
2536411
25364100
2536405
25364021
25363uixcm
253639
25363867vasin
253638
2536372
25363683
2536361610
25363438
25363419
2536341
25363330
253632716
253632126k
253631939
25363161
25363134000
253631071
2536305593
25363/1.200
25362912
25362810
253627296
253626D
253626728
253626412
253626372
2536260
253625a
25362587
25362551
253625391221
25362536nj
2536253626
253625361
25362533123456
25362529
25362517
25362501
25362413
2536240
25362314789
253623104
25362291
2536227
2536222
25362204
25362108
25362084
25362015
25361981
2536191
253618567
2536183
2536174
253617116ct
253616312
2536161
2536153
25361500
253614dee
2536148
2536147895
25361456
2536144mom
2536144
2536140
2536134
25361306
25361288
253612253612
25361215
25361209
253611712
253611511
2536112233
25361116
253610a
25361072
253610419
2536103
25361021
25361011
25361001
25360907
2536086
25360845000
25360828
25360813
25360802
253608
2536071
25360701
25360516
2536041
253603869019
2536031
253603
2536023930
25360203
25360140
25360101
253600389
2536000
2536+0901
2535ying
2535tita
2535rep
2535pan
2535nop
2535mini
2535ma4
2535love15090
2535leo
2535jo
2535gw
2535bee
2535ah
2535Nadieli
25359bw
25359924
253598868
25359810
253596b
2535961024
253595
25359483
2535940
2535936
2535926cv
253591133
253590729
25359010
25359
25358990
2535896
253589
25358733
253587.
2535863b
25358546
2535847h
253584503
2535829
25358220
2535817
25357loisa
25357969
25357927
253578900
253578610
25357777
25357697
25357501
2535740
2535728j
253571503
253570214
25356a
25356949
25356929
25356911
25356894
2535682
2535678~
25356781992
25356681
25356600
2535658
25356565856
25356514
25356454
2535641
253563424
253563
253562710
253562121
25356181
253561
2535604
25355sd
25355b
25355958
253559
2535588
253558
253557336
2535569
2535564
2535555
2535542
253553228
2535526960
25355232
2535518
253551001
25355031
253548kk
253548
25354679
25354669
253546
253545a
2535458
253545678092
253545556677
25354548
25354413
253543210
2535428
2535423
253541
253540310
2535396
253537952
2535364
2535340
253532828
253532567
2535317cris
25353103
25353033
25353
2535296
2535293
2535284
253528201
253527b
25352706
253526598
25352637627282652487
25352612
253525max
2535256
25352548
25352545
253525416
25352539
25352535n
2535253529
253525350
25352532
25352519
25352506
253525*
25352487
253524631
253523934
253523857
253523434
25352323
2535223
253521ab
2535212
253521
25352094
253520457
25352009
25352000
2535199274000
25351991
2535196
25351912
253518942
2535184
2535179
253516636
2535163
25351612
253516009
253515v
2535159
25351564929
253515510
2535151
253515025
25351413
25351314
25351304
2535130
2535128
25351246
25351236
25351208
25351179
2535113
25351121
2535111
253510r
253510750
25351017007
25350999
25350912
25350870350866
25350826
253508123
25350765
2535075
25350703p
2535068
25350621-k
25350613
2535052
25350492
25350416
2535039412
25350326
25350213yeen
253501631
25350130
25350111
253501
2535006007
25350
2535-2533
2535+25
2534xyz
2534siraprapar
2534rg7
2534pat
2534le
2534kap
2534jarama
2534haters
2534c1977d
2534big
2534aa
2534Nukza
2534Love
2534999
25349987
2534992
2534980
25349748
25349613
2534955
25349317
2534930
2534915
2534906
2534904
25349
253489
253487
253485694615
2534853
25348471
253484
253483
2534815
25348111
2534808252
25348012
25347c
25347896
25347793saguitario
25347728262
253477
253476
2534751
2534739
2534737720
25347299464
253471543
2534713
25347069
25347
2534686
25346843
2534680
253467
2534663
2534658
2534637
253462
2534615010
2534607
2534603
25346003
2534595959
2534580
2534567
2534562
2534552
25345455h
2534535
2534525345
253451811
2534501
25344912
25344844
2534467
253445sw
253445981massa
253445
253443527010
25344300
253442d
2534414
2534410
2534400
253439860
253438493
2534381
253436721
25343631212
25343601
2534356
25343442
253432
2534316177
25343012
25343
25342910
25342863
25342828
2534281
2534276
25342703
25342622
25342568
25342550
25342547
25342539
2534253611
25342534k
2534253415
25342524
253425130
25342511
25342504
253424750
2534241
253423621
25342322
2534230434
2534223
25342210
2534212
253420985
2534202
25342009
25342007
25341993
2534199108
25341990
25341970
25341924
25341720
2534169
25341656
25341617
253416123
2534159
25341500
2534144
25341422
2534139
2534126
25341225
25341223
25341213
25341127
25341114
25341104
253410551
253410321
25341022
253410161
2534101
2534091885
25340912
25340902
25340894670382
25340847163969
25340817
25340804
25340733
25340714
25340702
25340668
25340611
2534056115
25340528
25340526
253405
25340429
2534042716
25340420
2534034
25340322
25340316
253403
25340227
25340224
2534020
25340134
2534011
253401
2534/2532
2534-50
2534**10++05
2534
2533sp
2533rep
2533poom
2533ploy
2533ml
2533kwang
2533kids
2533juz90
2533fonn
2533duck
2533clarinet
2533bell
2533aabb
2533Yuu
253399719
2533983
2533968
253396
2533958
2533948
25339303
2533922
253391024
2533909
25339
253389
25338899
253388
2533875
25338614
2533853
25338460
2533835
2533823
2533819
2533817
2533814
2533791496
2533784
25337733lee
253377
253376
25337530105
253375
253373
2533724438
2533722
253371228
25337112532
253370123
2533698
253366
2533655
2533650
253364
2533632
253363
2533626253
25336233
253362104
25336030
25335ihjxw
253359v
25335991
25335938forever
25335840
25335640
2533559
25335565
25335550
2533546
253353
25335177
25335139
2533481
2533472
25334617
2533457
2533455
25334429
2533440
25334126
2533412
2533402
2533389
2533387
253337705
25333633
2533361
25333589*
25333532
2533344
253333333
2533333
253332634742
2533319
253331519
25333114
2533307
25333041
25332929
25332901
2533283
25332825
25332793
25332749
25332722
25332700
2533265
253326294
253326003
2533259886388
25332563
2533255025
25332542
25332537
253325341206
253325333
2533253325
2533252978
25332525
25332515
25332502
2533244331994921
25332424555
25332409
253323200410041
25332304
25332252
2533220jhon542
2533217
25332092
253320721995jose
25332008
25332002
25331999
253319902533
25331950602
2533191
253318ab
2533186tmh
25331832
25331803
25331723
25331710
2533167
25331622
2533158
25331531
253315115
25331474001310
253314157
2533141
2533135
253313461
253312881
2533128
25331221
25331215
25331210
25331201
2533117621
25331136
25331122
25331112
2533106
25331025
25331021
25331015
25330yuxuan
25330927
25330903
253308257
25330821155278
25330802
2533078
2533072
25330708
253307******
2533064
25330619
25330614
2533059
25330527
25330508
25330480
25330425
253304021234
25330325
25330309
25330210
253302083
253302
2533017
2533014
2533012
253300a
2533003
2533/1990
2533-2517
2533**
2532xn
2532tc
2532sexyborn
2532pluggy
2532news
2532mg
2532macarthur
2532ka
2532exx
2532_arunrat
2532Ramanya
25329nid25329
25329999
2532995@de
2532989
2532981
25329578
253295
2532940
2532921
2532910
2532906
2532900
25328839
25328823
253287261
2532863
2532851
25328480
25328401
253284
253283
2532823
2532818
2532810777
2532806955
25328
2532793342
2532789
2532784
2532767
253276253276
253276127
253276
2532747full
25327383
253273465
2532723
2532720.
2532714
2532708
253270190
253270
253269j
25326902
2532686
2532676mama
253264861616
253264822
253263
2532626
2532623
25326219
25326055
25325950128604912
2532591122638480
25325655
2532559
2532540
2532538
25325352642536
253253253
253253125325
25325301
2532527
25325252
2532523
25325210
253251almahatma
2532515
253251253
253250
25324997133
25324975c
2532487
2532473
25324701
25324608
253246
2532450
2532441
25324212
253241525
25324150
25324146
25324124
2532407
253240510
25324017
253238456
25323737
253237
25323588
2532334
253233230
253233106021
2532328
25323218
2532315
25323131
2532311
2532305535
25323012
25322o
2532299a
2532295
2532285
25322804
25322729
25322703
253226256
253226031989
253225661
25322551
25322545
25322541
2532253225322532
2532252916
25322527pn
253225251
25322522
2532252
25322507
25322499
25322457
2532244634198773
25322428
2532240
25322323
25322306
253222301
2532222
253221913
25322150
2532213
25322114
25322097
2532205
25322022
253220052
25322002
25321989tui
2532198921
25321983
25321917
2532191
253218282
253218100712xUvd
25321800
2532178
2532176k
25321740
2532173
2532172695
25321708
2532170
25321694
25321612
25321603
25321521
25321509
25321468
25321456
253214098
25321402
253213896
2532134
25321319
25321313
2532128262
2532123456
253212321402
25321230
2532122
2532121360
25321212
25321208
2532116
25321134
25321117
2532111
2532107413
2532106
25321024
25321019
2532101
25321006
25321001
2532092pink
25320920
25320903
253208r
2532086
25320845125116
25320829
25320823
25320808
25320792532079
25320777
2532074
25320723
25320719
25320713
25320618
2532060
25320524
25320512
2532050111
25320404
2532040
253202a
25320230
2532022314149394
253202
25320120
25320102
2532007
2532001
2532/29
2532-2533--
2532+2534
2532
2531yj
2531tuk
2531tl
2531thepoohple
2531t486
2531sea
2531puy
2531nossaamor
2531moo1988
2531mei
2531koy
2531karen
2531eg
2531dickie
2531danis
2531bum
2531ab
2531TYaud
25319osm
2531998march
2531994perez
25319918
2531989520
2531988240
25319876
25319822
253198
2531979
25319742
25319735
2531967
25319600433233
253196
253194angela
25319437
25319336
2531928
2531924
25319195
25319149
2531901
25318952530436
2531882ODPP
253188123456
2531877
253186
2531852343
2531831
2531827
2531821m
253181906
2531811
253179
253178946
2531785
2531774
253175_f
25317424
2531737
253173
2531712
25316955
25316815
25316727CARLOS
2531672
25316637
25316634
2531658
253165015
2531649782
25316431
25316429
25316394
25316318
253162
25316103
2531605
25315C1
2531590
2531588
2531581
25315654102315
2531564
2531557963
25315545
25315450
2531541
2531526
25315231
253151C
25315163
2531513
25315100
253150j
253150010814024
25314960
253149
2531483
25314730
2531469
25314601
2531456463
25314551
25314334
253143
2531420
25314126
2531412
2531411
2531409
25314035
25313976
2531381834
2531365
253134
2531327
2531325
25313232
2531322
25313131
25313112
25313031
2531301
2531294
25312906
25312822g
2531276
2531273271
253126gm
2531266
25312627
25312599
253125482549
25312547
253125342539
25312532123
2531253199
253125313345
2531253125
2531253099
253125291234
25312526tak
25312525abc
25312523
25312519
25312517
25312510
25312507
25312500
25312488
253124512
25312409
253123980
2531239
25312321
253123159
2531221
253121948
253120ok
2531208
2531201
253120058
25312003
2531199
2531193734
25311893
25311817
2531181
25311808
2531171
253116700955155
25311565
2531151014
25311450600110774
253114315
25311405
253113rachael
25311344
25311325
25311311
253113095
2531126
2531125
25311229
25311223
25311210
25311169
2531112000
25311118
25311101
2531107
25311033
25311011
25310s
2531098
2531095301
2531092382
25310918
25310906
2531084
25310827
25310819
25310815
25310805
25310787
2531077
2531072529
25310704
253106311
2531062k
253106253
25310613
2531061
25310607
253105794
25310528
25310524
2531048
25310386
2531036962
2531035
25310328
25310322
25310319
25310311
25310305
2531030231
2531029180
2531027mdsssssf
25310250
25310216
2531021250
25310205
2531017
25310131
25310105
2531009
25310078
2531/hkphcu
2531-230
2530xe
2530wantha
2530toey
2530tae*
2530r
2530poro
2530parichad
2530nam
2530khim
2530july
2530jilln
2530gg
2530fon
2530ebony
2530dj
2530cv2530
2530boat
2530arun
2530angela
2530_1922_name
2530TMB
2530@2530
25309966
25309897
2530981009712530
25309725
253097
25309440
2530935
2530927
2530920
2530911
25308991
25308866
25308802
253086456525
25308543
25308488
2530840
2530837
2530825
2530823
2530813
253079s
2530788
253078
253076
2530754athul
2530750
253073
2530724
2530717
253071
2530709
2530700012
25306donkey
2530691
253068v
25306839
25306800
25306789
25306622
25306589
2530645
25306382
253063
2530628
2530622
253062
2530616832
25306126
2530611
25306105
2530605
25306000
25305989
2530597r
2530591
2530577
25305677
25305560154073
2530543
25305362530537
25305315
2530529512568939
25305240872048487
253052
25305097
2530501
2530492
253048y
25304819
253047
25304666
25304550
253045
25304484
2530437
25304299
2530427
2530424
2530417
25304097
2530393
2530375
25303630__
2530352
253034
2530328
253031c
25303137
253030730
2530304
253030313039
2530303
25303
25302994
2530290611
2530289
25302823
25302791234
25302729
25302717141
25302613
25302586
25302554
25302549
2530254
25302536
253025314617
2530253025
253025301233
2530252723
25302523
25302517
25302512
25302506
25302503
25302496
25302488
2530242k
25302411
25302403
25302377
253023630
25302345
2530230
25302295
25302227
25302212
25302145
25302113
253021*963
25302070
2530204
2530202
25302008
25302004
25301i
25301987vee
253019870207
25301982
25301950
25301919
25301903
253018303010
25301810
25301802
25301711
25301685
2530165
2530163
25301517
25301499
2530148
25301426
25301410
25301406
25301379
25301330
25301248
253012359
25301224
25301217
25301209
25301178
25301129
25301122
25301118
25301112
2530107
253010123
25301006
253010035
25300kong
2530095
25300925
25300921
25300917
25300913
25300905
2530083
253007kosmoe1
25300717
25300712yu
253006__
2530065
25300624
2530057276547
25300529
25300510
25300505
2530045
2530041
253003978
2530034717
2530032
25300305
25300209
25300206
2530016
253001230
25300110
25300108
25300025
253000027
2530.ERIK
2530.11
2530-2522
2530-085
2530+2530
253.?+abc
252zape
252wester
252up
252tcgzd99
252smurf
252sfd
252s301
252red
252ppp
252pasta
252nxqbu58
252mimi
252life!
252kix
252kepsmm
252jrpimp
252joep252
252jnkjn25
252jbd
252iucec
252illsm
252harlem
252greg
252freeze
252fjsqn
252ery
252earl
252dowrey
252diva
252df242
252dame
252columbia
252chick
252ccg
252cal
252boyz
252boo
252blood
252bat
252ba91
252and41972
252alex
252_hilmer
252Robneeco
252MURDA
252LIFE
252Concord
252BSP
252BLOOD
2529wwe
2529ubcd
2529tik
2529teerasak
2529sb
2529pom
2529oil
2529nop
2529nabon
2529molly
2529macmere
2529lilbrat
2529kinkoku
2529ked
2529jum
2529joe
2529fon
2529dsw8
2529dlm
2529deathnote
2529cla
2529beer
2529atc3822
2529alan
2529ajay
2529ARGUELLO
25299kip
2529996
252998
252997497
252997290
252997
25299665
25299551
2529950
2529945
252992533
252991994
2529919
2529917
2529914
252990727
2529903
2529901
25298742
2529870
25298692
25298650th
25298557
25298525
25298318oat
2529829
2529821
252981j
2529810
25297957
25297946
252979
252978c
2529773
25297617
2529755858
2529746
25297398
2529734
2529730521
25297265
252971252971
252971
2529700
2529698
25296854
25296720
2529664
252963741
25296321mm
2529625296
2529621
2529611
25295l
252959
252957477
2529571
25295601
2529558441
2529555
252955-ng
252953084
2529521456
2529511
252950776
25294nprfn
25294829
2529478
2529474
2529471
25294666
2529459
25294547
252943
252942
25294088
25294008
25293cj
252939
252937992
2529374152
2529368
2529365
2529358
252934998
2529342893
252933aod
2529333
25293242
25293205
2529319
25293101
25293030
25293026
25293012
25292kacy
2529286
25292707
2529265321AP*
25292605lidko9N
2529255
25292547
25292544
252925322547
252925302223
2529252925292529
252925290033
252925262117
25292522
2529252
25292508
25292504
2529250
25292497
25292336
25292312
252923-yemina
25292254
25292228425773
25292212
25292200
252921477
252921050
2529207
25292019
25292009
25292007
25291992
25291986nuy
2529194
25291921
25291905.com
252918978
25291805
252917a
25291644
25291628
2529161209
2529155660
25291515
25291504
25291490
25291429
252914204
25291406
25291328
25291310
252912u2
25291229
25291226
252912142
25291208
25291201
2529115
25291128193
252911246099
25291116
2529110929
25291104
252910amp
25291031
25291016
25291008
25291002
25290j
25290929
25290903
2529085
25290815
252907kj
25290726
2529071211
2529070112997
25290690
25290607
2529060
25290518
25290507
2529049
25290425
25290411
25290405
25290328
25290322
2529031221
25290307
2529024
25290224
25290217
25290214
252901rla
2529012924
25290122
25290110
25290105236
25290102
2529..
2529+2549
2529*29
2529***31
2528zero
2528yao
2528v
2528sai
2528pl
2528paul
2528otr
2528o2531f
2528ms65z
2528minka
2528milk
2528m2528
2528love
2528l
2528juan
2528jeab
2528girl
2528fairy
2528ea21
2528david
2528clau
2528bungoen
2528bday
2528bao
2528aw
2528at
2528aof
2528a
2528PALOMA
2528JAVI
2528CJDD
252899798
2528986
2528972458622704
2528963
2528952
252894849
2528937
2528923
252892258a
2528919
2528917
2528904
25288jn
25288910
2528888
25288770
252887
2528856
25288473
25288421753
252883841
2528836390
25288252
2528821
2528813
25287c
2528797
25287890
2528781
25287719
2528764
2528746
25287412
252873
25287162
252871271jj
2528700171881886
25286870
2528679
2528659
25286524
25286471
25286363
2528624761
2528617
252861
25285j
2528595
252857660
252857
252856
2528558
25285549
252855425
252854627
252854065
252853939
25285362528536
2528535
252853123
25285285
25285215
25285172
25285129
252850511058
25285001
2528491073040
2528483
25284793
2528472
2528470
25284678
2528462
2528459
2528451
25284474
2528443
2528432
2528430
2528426
25284147
252841
25284059
2528404
252839p
252838fer
252837876
25283749
25283662
252834c
252834465
25283426
25283410
252833d
25283269
25283266
25283251
2528321
2528316161007
25283133
25283115
252830g
25283074
2528304s
25283016
25283011
25282xxx
2528295
25282927
25282918
25282857
25282800
25282727
25282706eerm
2528265
25282639
25282612
25282571yormis
25282552
25282547
25282535
2528253122
2528252996
252825291986
25282528G
252825282499
2528252800
25282518
25282512
25282507
25282505
25282492
2528243gd
252823r
25282330
252823123
25282300
2528228584
2528227
2528222
2528216
2528212
2528211
252820d
25282043
25282028
25282022
2528200812
25282005
2528200
25281991
25281987
2528198520
25281956
2528192
2528191
25281822
25281815
252817s
252817754
25281725
252816934
25281688
252816558
25281616
2528155
252815287l
25281507
252814871
2528145103
25281410
2528140
25281373
252813220
252812638
25281237
25281230
25281214
25281209
25281205
2528114
252811282210
25281124
2528111417
252811111
25281108
252810pt
2528108
25281026
25281001
25280933
25280919
2528091424
25280909
2528089
25280830
25280814116764
25280810
25280809
2528079
25280738
2528071421871
25280627
2528060
25280521
25280503
25280499
25280428
25280423
2528033
2528032821
2528031
25280308
25280301
25280213
25280180
25280154
25280126
2528012
25280109
2528010551
25280096
2528005
25280014
2528001
2528/tor
2528+2528
2527y26
2527tlv
2527tdj
2527sab
2527rm
2527ratree
2527porn
2527p
2527orm
2527nook
2527nc
2527mony
2527mi
2527may
2527mahal
2527love2529
2527llo1960
2527koy
2527jo
2527iluvu
2527hahaha
2527gto
2527ey
2527ens
2527duportail
2527dina
2527chris
2527cat
2527bee
2527bank
2527aomjai
2527am
2527al
2527_m
2527MAFALA
25279l
25279924
252797c
252796850
252796794
252796
25279420@
2527933
25279103
2527900
25278j
25278910
25278899
2527888
25278808
2527872
25278648053
2527851
2527845
25278429
252783921
25278301
25278182
2527813
2527807themen
25277adt
252779554
252778783
25277777
252777621
252777361
25277722
252776
252775806b
2527752
25277504
25277472
25277420
252774
25277366
252773227
252773
252771832
2527710H
252770806
252770
25276limolin
25276871
25276573
25276555
252764
252762M
25276269
2527620
2527614
252760
252759t
2527586
252757779
25275711
25275683
25275599
2527555
252755368
2527537
2527530
252752317
25275166
25275123
25275101
25275066
25274cp
2527492a
25274877
2527473+
2527472
25274610566
25274559
2527451
25274494
25274363
252743
25274271
2527417
252739568
252739260
2527377
25273711
25273669
2527365
25273622522527
25273540
25273503
252733r
2527336
252733322e
25273295
252732717
2527316
25273129
25273118
252730441i
2527301
25273006
25272c
2527296
25272912
25272884
25272839
25272829
2527273
25272712
2527263
252726255014
25272610
25272550
25272539
252725301905
252725282519
25272527A
