0325312214
032531088
032530DJ
032530619
032530491
032530417
032530332
032530303
0325302046
032527d
032527287
032526031
03252526
03252453475
032524007
0325226
032522362
032522163
03252213
032521gua
032521261
032520946
032520762
032520569
032520517
032520370
032520027
03252001
03251998
03251997dsf
03251996
0325199211
03251986a
03251977ml
03251977k
03251974
03251965
03251948
0325190
0325182
032517825
032516593
032516478
0325162309
03251618SHARONYJ
032516172
032515901
032515796
032515691
032515609
03251558a
032515531
032515494
032515351
03251532723
032515187
032515129
032515102
032515033
0325150000
032514168
032514164
032514077
032513979
032513895
032513803
032513697
032513599
032513533
032513229
032513174
032513138
032513105
032512r
032512969
0325127
032512676
032512644
032512380
0325122686
0325121491
032512090
03251192
032511668
032511586
032511514
032511374
032511341
0325113
032511233
032511058
032510971
03251021
03250t
03250hola
03250923
03250910
032508447
0325082741
032508232
03250804
03250740
03250715
032506ab
032506112
032506087
032505L
03250511
03250425
03250401
032503cp
0325033
032503256
032503211
032503037
032502le
03250215
032501504
032501363
0325012520
032501067
032500bg
0325000
0324zae
0324tr
0324tag
0324sea
0324ry
0324room
0324nb
0324mkk
0324lap
0324kmg
0324kay
0324jf15
0324jcr
0324ii
0324hd
0324ella
0324duke
0324door
0324carvajal
0324bb
0324VaA07
0324Page
03249c
0324994
032499259
032499209
032499123
0324988
032497bm
0324971
032495ff
03249586
032494_fabio
03249493
032494281
032493m
032493Mar
032493695
032493579
032493355
032493146
032493100
0324929
032492049
032491j
03249154176150
032491206
032490kk
032490a
032489r
0324898
032489008
032488j
032488363
032488310
03248806
032487K
03248714lolo
032486e
032486405
032485nef
032485GHA
0324855706
0324852229
032484z
032484e
03248387
032483313
032483145
032482102
032481mbm
032481985
03248144369
032481245
03247aa1
032478602
032478230
032478153
032478109
03247744314
032476ma
032472mp
032472472
032472344
032472201
032471977
032471643
032471505
032471394
032471331
032471156
032470963
032470876
032470498
032470347
032470189
032470147
032469S
0324699
032468662
0324681
032467l
0324659c
032463690
032463585
032463037
032462279
032462049
032461772
032461748
032461597
032461457
032461303
032461186
032461
0324600224
032459196
032459167786
032459093
032459
032458129
032458114
032458063
032458034
032457477
032457413
032457148
032455550
032455493
032455455
032455206
032455122
032455094
032455031
032454363
032454302
032454213
032454190
032454082
0324533
032453240
032453156
032453080
032453026
032453
032452480
032452303
032452173
032452135
032452094
032452072
032452024
03245159
0324514
032451039
032451
032450545
032450396
032450237
032450142
032450057
03244eva
032449482
0324493808
03244916
0324491113
032448306
032448196
032448174
032447838
032447721
0324471964
032447031
032446735
032446714
032446643
032446227
032446068
032444999
032444183
0324440
03244360
032442476
032442414
032442400
032442196
032442122
032441234
032441164
0324408550
032440696
032440653
032440427
032440288
032440065
032440
03243FyC
0324398
032439548
032439471
032438157
032438
032437684
032437530
032437291
032437053
032435448
032435229
032435
032434
032433304
032433107
032433009
0324326832
032432341
032432156
032431sb
032431
032430911
032430360
032430259
032430113
03242980
032428935
032428825
032428761
032428342
032428209
03242814
032428096
032427974
032427872
032427524
032427466
032427432
032426828
03242679227099
032426768
032426590
032426469
0324264301
032426357
032426233
03242603912
032425817
032425775
032425652
0324255051
032425483
032425355
03242532
032425288
032425216
032425174
0324251
032425026
032424890
032424845
032424682
032424
032423670
03242347079
032422702
032422020
032420975
03242004sj
03242004
032420
03241998t
03241993a
03241992c
0324199252
03241987rj
03241982MARLIN
03241970
03241961b
032419571
03241951
032419418
032419263
032419024
032418279
0324181626mnpmsg
032418114
032418036
03241780
03241701
032416598
032416587
032416365
032416325
032416136
032415784
032415678
032415587869
03241530
032415179
032415159
032415103
032415021
032414947
032414911
032414805
032414536
032414346
032414182
032414
032413886
032413706
032413361
032413320
032413255
032413199
032413099
032413002
032412967
032412838
032412708
032412636
032412483
032412414
032412367
032412295
032412248
032412219
0324121996
032412118
032411990
032411865
032411418
032411345
03241125
032411191
03241105
032411041
032410985_oil
032410926
032410822
03241075
032410665
032410481
032410375
032410234
032410204
032410158
032410100
032410
032409384
032408jm
032408520
0324081916
032408038783
032407r&j
032407dhie
032407144
032407137
03240704
03240616
032406122
03240604
032405809
032405502
032405248
03240520
032405155
032405037
03240465
03240427
0324041984
03240403
0324035266
03240324j
032403198
032402an
032402477
032402396
032402254
032402050
032401h
032401941
03240185
032401649
032401508
032401143
03240110
032400h
03240089
032400840
032400756
032400569
032400511
032400390
03240029
032400211
0324000
0324*
0323tony
0323sp
0323sb
0323qjwgz
0323ok
0323mm
0323mari
0323kdt
0323js
0323friday
0323es
0323cz
0323cdm
0323bran
0323an
0323al
0323MOMEDADI
0323HAF-B
032399bts
032399451
032399233
032399165
03239911
032398JC
032398045
032397512
032397177
032397107
032397021
032396605
032395r
032395dddd
032395579
032395404
032395100
032394b
032394.
032393746
032392d
032392b
032391jp
032391alimarc
032391670
0323914678
032391442
032391249_
032391215
03239119
032391104
032390md
032390226
032389rer
0323897A73
032389418
0323893700
032389302
032389054
032389022789
032388jmw
032388h
032387m
032387a
032387795
032387565
032387339
032387266
032387171
032387036
032386a
032385ks
032385M
032384J
032383Jr
0323835
032383383
032383268
032383172
032383163
032383027
032381919
032381294
032381245
032381032
032380f
032380C
032379rd
032379312
032379192181034
032378418
032378105
032377253
032377225
032377127
032376c
032376371
032376155
032375sor
032375M
032375498
032375206
032375128
032374259
032373800
032373525
032373513
032373403
032373255
032373129
032373064
032372641
032372585
032372365
032372082
032371614
032371203
0323710
032370303pupae
032370023
032369pr
032369346
032369214
032368350
032367969
032367346
03236727
032366301
032366253
032366200
032366189
032366079
03236596
032365463
032365368
032365329
032365168
032365030
032364387
032364228
032364153
032363a
03236369
032362600
032362440
032362236
032362019
032361692715
032361503
032361396
03236129
032361202
032361074
0323609026
032360561
032360252
032360049off
032360
032359659
032359510
032359477
032359274
032359063
032359030
032358802
032358715
032358235
032358173
032358094
032357l
032357214
032357136
0323571107
032357003
032356904
032356858
032356788
032356745
032356700
032356627
032356552
032356469
032356231
032356070
032356060
032356054
032355222
032355063
032354945
032354757
032354673
032354505
032354468
032354441
032354370
032354248
032354087
032353977
032353477
032353445
032353412
032353195
032353058
032352900
032352626
032352574
032352465
032352406
032352340
032352125pui
03235201314
032351926
032351896
032351803
032351630
032351491
032351384a
032351233
032350525
032350056
032349807
032349740
032349660
032349605
032349355
032349077
032349
032348240
032348172
032348072
032347911
032347728
032347676
03234747
032347394
032347312
032347217
032347091
032347081
032347054
0323468572
032346633
0323464722
032346023
032345891
032345848
032345528
032345441
032345365
032345346
032345266
03234519s
032344436
032344345
032344304
032344169
032344144
032344119
032343980
032343828
032343716
032343598
032343488
032343415
032343388
032343203
032343142
032343098
032342916
032342778
032342705
032342338
032342099
032342056
0323420
032341936
032341897
032341760
032341696
032341641
032341351
03234122086
0323407
032340456
032340430
032340198
032340014
032339371
032338961
032338763
032338579
032338374
032338209
032338159
0323381
032337974
032337669
032337140
0323357287
032334
0323332
032332043
032332
03233134
03233110
0323306091
03233026
03233013
03232914
032328618
0323282738
032328203
032327jsf
032327901
032327787
032327619
032327567
032327506
032327322
032326955
0323269
032326868
0323267872
032326696
0323266037
0323263644
0323263136
03232626
03232618
032326024
032325929
032325789
03232573649
032325661
032325525
03232529
032325273
032325247
032325160
0323250232
03232461
032323858
032323580
032323459
03232313
032323093
032323067
032323020
032322981
032322822
032322750
032322691
032322534
032322469
032322452
032322131
032322104
032322031
032321953
0323218942533
032321592*
032321492
032321411
032321287914
032321213
032321155
03232008ly
03232005jm
03232000
032319981
032319952
032319932
0323198731
03231982r
03231982b
03231977jdj29
032319724
03231968
03231957
032319509
03231947
032319413
032319195
032319126
032319057
032318764
032318641
032318599
032318451
032318431
032318220
032318061
032317478
032317317
0323172512
032317107mark
032317055
032316970
032316916
032316551
032316379
032316218
03231617
03231615
032316097
032315956
032315875
032315635
032315510
032315407
032315156
032315065
032314975
03231462
032314572
032314542
032314464
032314373
032314334
032314195
032314069
0323139
032313693
032313607
032313562
032313475
032313462
032313410
032313317
032313077
032312939
032312863
032312816
032312629
0323125
032312416
032312392
032312367
0323123
03231219
032312167
03231213
0323120
0323111
032311050
032310686
0323105724
032310539
032310478
032310464
032310302
032310174
032310162
032310089
0323094
03230923
032307d
03230798
03230721
032306r
032306ab
0323060151
032305k
03230528
032305158
032305072
032304epr
03230413
032304078
03230331
0323032303230323
03230309520
0323030292
03230246
032302386
032302204
03230220
032301m
032301E
0323012175315
032301194
032301095
032301018
032300e
032300308
032300122
0323000
03230
0322zc
0322tuiofea
0322stefan
0322sr
0322nbns
0322morgan
0322mmmk
0322lony
0322kainan
0322dave
0322angel
0322_1219
0322TLC
0322Kiki
0322Chaviquita
0322998000
03229955
0322994
032299149
0322987
032297073
032297026
0322964
0322944x
032293m
032293433evoj
032293229
032293187
032292p
032292cynthia
032292123
032291arjona
0322915a
032291268
032291191
032291120206
032290j
03229001
03229
032289sixx
032289jvm
03228901197738549163
032288ej
032288b
03228810
032288051006
032287ariola
032287644
032287595
032287514
0322874938
032287424
032287286
0322871481010
032287106
03228705
032286gl
0322868
032285s
032284a
03228483
0322846694
0322843028
032284.r
03228317
03228282
03228266352
032282560
0322824
032282188
032282159
032281mt
032281851
032281587
032281491
032281396
032280ric
03228017248
032279Sdp
03227927456
032279211
032278b
032277071
0322751420
0322748339
0322742354
0322730399
032272881
0322728
0322720
032270407
032269gino
032268mc
032268529
032268106
03226791878
03226754
032267139
032267098
032266932
032265666
032265456
032265314
032265120
0322646874
0322644427
032263608
032263492
032263216
03226293508
032262044
032261985
0322618820
0322616038
032261340
032261083
032260g
03225775
032256rock
0322552231
032255027
032255
032254903
03225485410
032254420
032254248chai
032254072
032253946
032253897
032253702
032253650
032253580
032253305
032253125
03225201314
0322516100473619
032250400
032250364
032250054
0322489
032248392
032248262
032248216
032247626
032246365
032246
032245820
032245781
03224547
032245400
032245268
03224518530
032245
0322429555
03224252627
03224196315
0322414201
0322410613
032241021
0322390365
032237
03223524322
03223419
032234136
03223399
032233886
032233853
032233741
032233643
032233561
032233175
03223287
032232648
032232571
032232462
032232391
032232317
032232306
032232227
032232093
032232032
032231559
032231382
032231278
032231226
032231123
0322303.
03222911457
03222830
03222718
032225susan
03222532
03222519
03222483159
03222437547
03222354620
032223240
032223213
032223137
032222945
032222802
032222721
03222261647
032222604
03222241215
032222385
03222234
0322223077
032222220
03222203
032221767
032221652
032221579
032221561
032221456
032221390
032221302
032221285
03222109546
032221091
03222058564
03222006
03222001A
032220
032219991
03221996
03221985M
03221983s
03221976
03221971
03221969
032219101221990
032217marianne
0322171
032216997
032216662
032216307
032216196
032216156
032216
032215987
03221514kc
032214736
03221381
03221227
03221215
0322120758
032211861
032211732
032211675
03221162
032211580
032211393
03221127
032211137
032210998
032210885
032210749
032210706
03221055
032210489
03221041
032210387
03221028
032210117
032210021
032210014
032210
03220a
032208ji
03220872
03220802
032207213
032207099
03220617
03220608
032205h
032205LG
032204nat
032204am
0322044
03220424
03220412
03220400
032203nh
03220318
032202830
03220212
032201v
032201948
032201884
032201723
032201475
032201452
032201412
03220129A
03220119
032201044
032201002
032200997
032200932
032200879
032200644
032200504
03220037
032200304
032200176
032200084
03220
0321yeager
0321vivian18
0321teamo
0321sc
0321robe
0321ozcba
0321nanz
0321money
0321max
0321kn
0321jl
0321hdm
0321gg
0321fortunato
0321erika
0321co
0321bebang
0321as
0321Mybday
0321Bpos
0321994
032198ag
03219856
03219831029
032197m
0321977
0321967
032196032
032195ann
032194s
03219457478
03219427092929
03219324
032192k
03219217575
032191t
032191j
032191GF
0321915671
032190246
032190143
032189julie
032189glw
032189d
032189A
0321893
032188m
032188390
032187m
032187463
03218724428
032186jm
032186ali
03218591
0321858
0321854631
03218411
032183dd
0321829
032182325
032181v
03218066577
03218029822
0321800
032179663
0321793
03217893212
0321772136
0321755e
032174d
032174575
032174231x
032172F
032172008
03217140002
03217053437
032169650
03216918507
03216910001
032168451
03216768
032166534
03216635830
0321654987/*
03216549
03216540
0321634
03216300726
032161845
032160750
032160070
032159826
03215946
03215891
032158120688
03215748
0321569
03215630
03215541867
032154612
03215451417
032154229
032153ab
032153596
032153429
032152i
032152317
032151998
032151952
032151666
0321516
032151505
03215145062fari
0321512199
032151080
032151038
03215081485
0321504
0321495505
03214921041
032148543
0321480
032147741230
032146975
03214650372
03214636466
03214619
032146
032145698745201
03214560
03214529
03214521245
03214509
032144684
03214448571
0321440
032143306
0321428
032142726
03214254604
032142354
03214208
032142033
03214195
03214155749
03214123
03214109890
03214059160
03214021810@1987
032140020
032139772
03213954079
0321393966
0321382351
03213797847
032137415raktur
032136717
0321363483
032136035
032135s
03213518
03213484500
032134374
032134
032133560
032133
03213263634
0321323331
032131231
03213055
03212canoping
03212961
032128818
03212685
03212625755
03212572734
032125335
03212528606
032125157
03212504
032124813
032124637
0321245
032123770
032123632
032123549
03212307639
03212305532
0321230
032122705
03212218448
03212207801
032121512
03212140544
03212105033
03212091
032120687
03212032390
0321203
03212001pj
03211999a
03211996
03211992v
03211988c
03211984H
03211979
03211970
03211963
03211957
032118389
0321183342
032118
032117487
032117
03211591
032115090
0321148
032114108
03211390
032113683
03211321
032113067
03211269
03211230
03211221
0321110
032110\\\\
03211002
032109H
03210950
03210902
03210829
032107g
032107916
032107637
032106b
032106330
032106260430
03210619
032105ty
032105m
032105926
032105615
0321052920
032104babyboy
032104ad
03210422
03210410
032103j
032103858
032103662
0321033092
03210326
03210321qq
03210321.mm
03210304
03210300
03210281689
032102278048174641
032101a
032101230
032101112
0321006
03210049mj
03210025
032100130
0320zhanwei
0320tb86
0320ptqkz
0320m
0320jo
0320jam
0320gd
0320daly
0320clm
0320bv
0320a0814
0320SupER
0320JND
0320HATE90
032099cb
032099313
032098640
0320975
032097161
032096440
03209603
032095985
032095773
032095235
0320950927
032094btt
0320943
032093marg
032093h
032093a
032093991
032092k
0320929
0320925
032092264
03209211420
032091tellez
032091997
032090710
03209
032089Bmb
032089633
032089321
032089143
032088976
03208752
032087303
03208711
032086j
032086704
0320865pucrio
032085k
032085722
0320855583
032085255
032085122189
032084469
032084108
032083970
03208316
032082740
032081917
032081393
03208030
032079603
032079192
032078t
032077ken
0320771
032076651
032075m
032075G
0320755555821
03207500363
032074511
032073w
0320734423
032072716
032072391
032072058
0320715
03207123456
03207071
032070094
032069631
032069001
0320682
03206679
032066212
032065265
032064520
032062883
03206200
032061
032060
032059305
032059163
032058489
0320582
032057
032056815
032056070
032055271
032054119
03205381
032053542
032053
03205256124
0320524
032052194
032051509
03205120688
03205101162
03205063
03205051509
0320503
03204yo
032049723
03204958m
032048907
032048565
032047059
032046
032045710
032044891
032044827860
032044126
032044
032043659789
03204308885
0320425
032041424
03204034452
03203cyw
032039383
032039191700
03203890
032038509
032038037
032037883
032036912
032036493
032035373
032035
032034574
032034225
032034035
032033608
0320332
032032656
032032349
0320322525
032031308
032030868
032030467
032030446
032030310
032030129*
032030012
0320292113
032029
032028429
032027718
032026964
03202629
032025655
032025581
0320252ed
0320251917
03202496111352
032024817
03202394
0320238
032023689
032023579
032023268
032023241
032023009
032022821
032022421
032021ll
032021439
03202132
03202125
0320212008
032020E
0320205
03202045659
03202020
032020173
03202004nc
0320199056843
03201989ive
03201984m
032019816
03201980jrl
03201978
03201969
03201964
03201949
03201912
0320190586072003
03201828
03201812
0320179
03201767
032017582
032017057
03201615
0320160526
032015706
032015521
03201526
03201510
032014896
0320145
032014
032013880
032013430
032013249
0320130
032012665
03201231
03201223
03201219
032011522
03201125
03201112
032010636
032010414
032009cvt
03200822
032007N
032007809
0320077
032007343
03200720
032007080
032006r
032006833
032006529
032006311
03200622
03200604
032005rie
032005787
03200512
03200508
032005006
032004a
0320044kvd
03200421
0320037
032003588
0320033
03200314
032003023
032002963
0320024
03200213
032001842
03200120
03200101
0320002309
0320000
0320/15
0320.
032/631203
032-343898
031|588
031west
031triz
031ros
031p0pc0rnb5
031natalie
031maikel
031kkk
031jfb
031honelyn
031freebo190
031elijah
031doggy
031derc13
031damu
031bloodja
031bee47
031babys
031allday
031`984
031STMOM
031GKB
031BABY
031@\\'2085
0319ying
0319vm
0319stab
0319smith
0319pj
0319pablo
0319mnt4er
0319locuru
0319kjm
0319john
0319j
0319ga
0319daddy
0319chia
0319amg
0319_
0319RLC
0319JYL
03199A
0319990
031998154
031996rlml
031996cy
031996598
03199631
031995viet1
031995846
0319951369
031995007
031994jj
031994as
031994@
031994171003
031993th
031993m!$
031993a
03199330
031993125
03199301
031992maria
031992a
031992531
031992113093
031991ld
03199126
031991031991
0319910123
031990jb
031990J
031990052593
031989mjlc
031989curtisnmandi
031989579
0319892535
031988bd
03198825
031987`
031987424
031987182182
031987110
03198703
031986S
031986585
03198619
031985j
031984J
03198453
03198403
031983k
0319830
03198283
031982767
031981ln
03198125
031980c
03197br
031979juana
031978581652772
031978464
031978058
031977eduardo
0319773253
031976b
0319752
0319746
03197303
031972905k
031971736
031970456
031969961
031969766
031966j
031966572
031965676
031965120
03196501
031964590++
031963580
031962751
031961482
0319604
031958072
03195692
031956081696
031954649
031953849
031953525
031953
031952160
0319521
031951752
031950537
031950398
031950125
031948468
031947317
031946
031945841
031942003
031941557
031937853
031936
031934596
0319335
031931z
03193169
031931
03193079
03193023
03193
03192984
031928
031925887
03192528
03192525
03192505
031924096
031923andrea
03192291
03192217giarango
031921558
03192124
031920421
031920250
03192007a
03192002
03191r
03191999
0319199603
03191993s
03191989t
031919858
03191980
03191979
03191974c
03191971
03191954
031917750
03191606
031914213
031913009
0319122
031911960
03191123
03191049
03191020
03190923
03190824
0319072526
031907088
031906i
031906cjr
031906900
0319062406
03190602
031905mj
031905JG
0319055
03190516
031904ilovecory
03190419
03190412
031903t
031903dn
031902e
031902429
031902029393
03190023
0319-0319
0318yb
0318ss
0318rmpm
0318pvm
0318nomar
0318ng
0318mar
0318kevin
0318jjj
0318ivan
0318irish
0318hj
0318ha
0318cwym
0318cha
0318ao
0318Starr
0318GEE
03189Orihuela
031899c
031899592201
03189898
0318985
031897988
0318967640
03189555
03189520
031894rd
0318945088
031893654
031892l
031892eo
03189210
031891e
031891C
031891553
031890volcom
031890n
031890j
031890b
031890965paco
031888v
031888m.l.v
031888977
031888619321
031887649
03188705
031886ccg
031886b
031885tll
031885j
0318856
0318852668
031884b
0318848
031884498
031884366
03188412087
031883450
031882cmm
031882##
031880z
031880nining
03188087
0318808
031880510
031880176
031880042870
031878c
03187891mmf
031877802
03187621
0318757
03187534801
03187402540
031873441
0318733
0318722
0318713
031870755
031870513
031867
031866971
031865809
031864k
031863380
0318631816
031861ce
031861198
031860588
031860
031859502
031859319
03185864
031857249
031856039
031855765
031855003
0318539578
031853592
031853
0318520
03185075383
0318502386
03185
031849031849
0318485431
031847
0318461697
031845351
031844414
031843439
031842550
031842449
031842
0318400145
03184
031839932
031839563
031838831
031837
03183338
031832
0318314216
0318311
0318300
031829010
031828854
03182820
031826jr
031825aame
03182524
0318250
031824093
031823251830
031822*
0318212130
0318206332
03182008
03182002
03182001
03181yh177y
03181996g
03181994pt
03181992ac
0318199000098
0318198801422
03181987
03181976ll
03181972
03181958
031819522
03181919
031819024
031817966
031816kate
031816
031815978
03181525
03181501
03181427y
031813174
03181222
0318115
031810564
03181032
03181026
03180b
03180993
031808bheq
03180832
031807m
031807891
031807583
0318072
031806d
0318068155
03180623
03180606
031805k
031805897
031805546
03180514
031804lv
03180430
03180406tato
03180318c
03180312
031802j
03180254
03180212
03180200853
0318014
03180115
0318010367
0318010046
031800727
0317ztr
0317william
0317tany
0317sl
0317pr
0317pl
0317me
0317kms
0317kai
0317jamil
0317ekah
0317btd
0317bk
0317adin
0317_kid
0317NAENAE
0317LE
031799210
031799004
031798am
031798552
031797sm
031796995
03179642850
031795c
03179502
031794540
0317941972
031793h
031793a
03179362
031792mc
031792@PHIAMA
031792820
031791s
031791e
03179115
031790mar
031790TP
03179
0317899
031789456
031788nm
031788587
0317883
031787nln
031787dhan
03178753870411866458
0317871
03178618
031785bs
03178586
031785345
03178511980
031784213
031783xyz
031783frog
031783114d2b
0317829789
03178265
031781t
031781954
0317818106
031780858
03177nsf
031779101
031778cw
0317785373
031777981
031777101
031776268
031774hope
03177408403
031772742
031772171
031771jr
0317712boy
03177
03176949
031767dot
031767466
031766948
031766854
031765p
031765k
031764C
0317640l
031763412
0317623108615033823295
031761
031759304
03175484406U
031754604
031754001
031753360z
0317532896022
031752842
0317520
03175076
031750
03174969
031749594
031747780
031745371
031744181
031743
03174211
031741624
0317408538
031740434
0317401234
031739589
031738396
031737
031734653
031733063
031732855
031732435
03173122
03173027
031729383
031729308
0317277
031727199
0317257
03172533
03172527
03172462156
03172410
031723mv
031723810
031722whuneryan
03172205
031721652145
031721513
03172094641
031720293
031720139
03172003
03171b70
03171994k
03171989l
03171987p
03171976
03171972
03171967
03171960
0317181309
03171812221
031717545
03171703
031715918
03171526392
031715233
031715
031714875
031713697june
03171351
031713392
031712510
03171217
031711857
031710741
0317102538
03171022
03171015
031710052981
03171
03170913
031708c
03170822
031707506
031707013
03170661043
03170606
031705kamea
031705j
031705ah
031705142
03170509
031704t
03170489
03170421053
0317041
031703rr
031703173
03170226
03170208
0317015
0317012527
031700l
03170069854
0317-6
0316ty
0316r0930
0316nena
0316mr
0316love
0316lk
0316lg
0316km
0316jk1228
0316jake
0316graham
0316bm
0316baspat
0316ap
0316alex
0316JA
0316DREWS
03169o
031699c
031697s
03169745
031696a
031695c
0316954159042
03169512
031694csa
031693b
031692karen
031692786
031692222848
031691nms
031691kak
031691dk
031691897
0316915251
031690ssw2
031690g
03168m
031689m
031689az
03168911
031688nh
031688j
031688173go
031687om
031687220
031686820
03168629
0316860
031685j
0316858
031684k
03168484
0316841890
031683m
03168316
031682nd
03168275881995
031681559
031680414
03167sya
031679854
0316784
031677h
031677504
031675k
031675674
031675322
031675224
031674511
031673905
031673099
03167245
031672120
03167135
03167109
03167
031669592
031667athi
031665803
031665
0316637
031662fjana
031662326
0316609
031660606
031660076
031660
03165z
031658908
031658
031657499
031656795
031655671
031655012
031654669+
031654547
031654264
03165419
031653805
031653417
03165329
031652976
031652
0316512
031650380
031650
0316497852
031649782leo
0316497741
031649665
031648590
031647
031646986
03164603a
0316456
031645
031644633
031643995
031643564
031643244
031642931
031642560
031640979
031640644
031639001
03163728
031636745
031636325
031635994
031635059
031635032
031633861
031633
031631857
031631284
0316308
03163004
031629114
0316285898
031626b
0316265514
03162617
03162534
03162528
03162525
031624553
03162325
031623087
031622914
0316226468
0316220m
03162131180
03162122
03162054
031620040
03162
03161997tkd
03161996174
03161993s
03161985as
03161979nsc
03161979
03161977JG
03161969
03161958
03161946
0316193
031619185
03161904
031618117
031616990
0316164
031615932
03161518
031614L
03161410
031613600
031613141
031612958
0316127893m
03161215
0316118786
03161130
031611016
031610415
031610106
03160hung
031609763
031609520
03160930
03160926
03160918
031608dana
031608805
03160829
03160812
031607v
03160728
031607143
031606t
031606d
03160695796
031605BRANSAN
03160572
031604jd
03160460357
03160423
03160408goyo
031603a
0316037
03160321
031602bhc
031602Tot
031602429
03160216
0316021
031601hehs
03160124
03160000
0315yan...
0315te
0315rdw
0315oeis
0315mgm
0315mago
0315love
0315jr
0315forever
0315dpgreen
0315ckh2
0315cerdito
0315boo
0315ally
0315MIA
03159BRIM
031599EI
0315993593
031598629
031597tg
031597263
031596bob
0315962629
031595s
031595.
0315948078
031593l
0315939482
0315934930
031592r
031592dest
031591x
031591sc
031591jl
0315915
0315904
03159/753
031589t
031589j
0315898D
031588tink
031588r
031588LG
031588339
031587ag
0315874201
031585m
031584123
031583jdl
0315835
0315832
031582shee
03158220
031581637
031581407
031581189
0315803158
031579pr
03157956
03157921
031578c
031578770
031578062
031577re
031577102098
0315762746
03157507557
031572rj
031572748
031571348
03157
031569918
031569092
031568a
03156694
031566915
031566081
0315651
031564061108
0315632017
03156306L
03156303
031563
031562677
0315621812
031562079
0315613441
031561003
031560498
031560256
0315600480
031556885
031556
031555711
031554313
03155340
031553
031552415
031551
031550149
0315500
03154m
031548823
0315486
0315480
031547750
031547271
031546414
031545276
031544
031543253
0315431j
031543
031541415
031541
031540
031539133
031538a
0315376932
031537202
0315365pak
031536196
031535464
0315350445
0315345160
031534183
031534
031533
031532641
031532203
031531694
031531357
031530405
0315301870
03153
03152990
03152918
031528618
031528163
031527752
031526nina...
031526740
031525425192598a
031525262
03152520
03152478963
03152429
0315239640
03152328
031522r
031522523
031522050
031521776
031521422
0315209q
03152068
03152035
031520124
03152007x
03152006sc
0315200303bro
031519990
0315199800
03151993j
031519899
03151984b
03151977G
03151966
03151965
03151962
031518mario
03151821
031518082
03151718
03151624
03151617
031515615
03151516234
031514n
031514642
03151420
031514012
0315136
031512890
03151228
031512083
03151123
03151118
03151111
03151049412312
03151024
031510153426
03151002jp
03150s_
031509827
031509780
031508olidanhob
031508g
03150838
03150817
03150811
03150801
031507855
031507345
03150729
03150708
031506sg
03150621
031505p
031505fnc
03150588A
031505616
03150506
031504281210
03150425
031504187
0315041
031503ysamar
031503mmm
031503315
03150318
031503150
03150310
03150302
031502mom
031502l
031502972
031502581
03150214
031501jp
0315015241
031501480
0315012
03150112a
031501015
031500daeja
0315001324
03150
0314theli
0314splay
0314rach08
0314nsba
0314mm3
0314lll
0314li
0314jc
0314e
0314chris
0314cc
0314a
0314__LOve
0314HBM
031499796
031498c
031497hi
031497ash
031497261
031496ff
031496075
031495988
031494mnf
031493mg
031493579
0314933
031492slc
031492e
031492a
0314920
031491n
031491541
0314910
031490jeff
0314908
0314902
031489m
031489hg
03148956
031488mico
031488clm
031488belle
0314888
031487t
031487449
03148719
031486a
0314865
03148601
0314857
031484a
031483737
031483119
031481jj
031481623
03148049
031480201
031479nw
031479lp
031479baj
031478809
0314782
03147777
03147769
03147727769
031476041
031475811
0314756
031474s
031473698
031473031473
03147269397
031470671
0314702972
031469513
031469014
03146831
031467960
031466bb
031465632
031465054
03146365usa
031463419
031462794
031461528
031460739
03145bees9575
031459
0314581
031457481
031456465
031453t
031453088
03145286067
03145230
03145196
03145002030
031450
031449752
0314479
031447
031446
031445789
031445
031443193
031442400
031441107
031440669
031439
0314375
031436687
031436215
0314355914
031434948
031434
031433
0314325
03143128
031430314kskai
031430224
031430191
0314299
031429686
0314289807
03142806
0314275
031426a
031426397
031425pat
03142546859
03142530
031424785
03142411893022
031423522
031422ez
0314227
031422527
0314215389
03142124
03142094
03142023936
03142004
031419952008
03141994k
03141991g
03141990C
0314198922
03141983rf
03141970
03141965
03141927
0314185122
03141741
03141725
031416881
031416304
0314161721
0314155600
0314151222
0314149401
0314142224
0314132011
031412578
03141234
031412
0314117
0314111481
031410957
03141027
031409c
03140972
03140938
031408vien
031408j
031407jb
03140731
03140706
031406tp
031406m
031406516
031406026
031405jlm
031405honda
031405774
031405400
03140520
0314051590
031404a
03140489
031404469
03140420
0314041218
0314039242942197
031403323
03140315
031402884
031402170
03140205
03140125
03140102
03140089
0314006157
0314002356
03140007
031400041
0313wjc
0313shumin
0313rv
0313rhian
0313michael
0313luz
0313lovemay
0313kt
0313jrd
0313jl
0313fer
0313eli
0313december
0313cm
0313beth
0313austin
0313ad
0313SB
0313JL
0313999
0313990327
0313986159
031398243
0313976738
0313972952
031397165
031396t
031396dD
031395s
031395Lulu
031395541
03139538139
0313951
031394w
031394j
03139493943
031394788
031393d
03139343991
031392qs
031392CF
031391496
03139016n
031390010
031389cf
031389A
0313897
03138917
031389121909
031388jlj
031388495
03138844jit
031388074
031387i
031387b
031387808
03138705j
031386bb
031384me
031384385
0313837
03138318
031382787
031381s
03138123
031380m
031379ta
031378pp
031376a
031375730
031375055
031372mom
0313728732
031371ab
0313711111
03137054
03137030
03137014375
0313695
031368364
031366452
0313659
0313651054
031364661
0313639
031363654
0313634
0313627
031361356
031358c
031358077
031357833
031356bf
031356675
031355868452
0313539471
031353776
031353369
03135302
03135291
031352
031348456
031348137
031347613
031347489
031347
031346
031344AAA
0313440708285
031343441
031341224
0313411
031341031341
031340
03133honey
031338896
031337413
031337291
031336750
031336209
031335
031333569
0313333
0313330948817
031332931031332931
031332644
03133216914
031331449
0313313241
03133110
031331041
031330461
03132900118
03132815
031327famzqoewh
03132711
031325angel
03132577609
03132533
0313252799
03132439132
031323sm.
0313233551407
0313232687
031323064656
03132304
031323026
031322545
031321red
0313212k
03132106
03132007a
03132004a2
03132002a
0313200
03131998d
03131991$
031319899
03131981q
03131977Tdr
03131972ar
03131969
03131965
03131922
0313187X
0313187400
031317422
03131624
031315738
03131507
031314211
031313576
03131314
03131231
03131212
031311910
0313115224136
03131114
031311
03131076
03131031
03131026
031309jam.
0313096762
031308t
031308h
031308bhoo
03130819
031308077
031307inlove
031307IES
031307711
03130704
031306ma
031306j
0313066
031305rj
031305baby
031305C.R
03130587
03130525
031304jakk
03130429
031304121106
031303s
031303a
0313030
03130293
0313027
0313021210
03130204
03130184
03130149
0313014
031301028
031300614
031300136
031300032
0312yamaa
0312wk
0312siriun50
0312sagit
0312pi
0312orchid
0312mylove
0312moni
0312licano
0312kim
0312josealfredo0312
0312iopi
0312goofy
0312eaei
0312djb
0312debcjr
0312cm
0312bjfm
0312bbb
0312azsd
0312allister
0312NAT
0312GODY
0312@month
031299ape
0312994026
031299357
0312990
0312984315009
031298062
031297r
03129797
03129744
031296404
031295andrea
0312957237
03129561
031294s
031294c
031294319
031294007
031293kat
031293a
031293:p
0312931
031292om
031292l
031292emah
031292412340609
0312921510
03129204
031291t
031291miguelenrique
031291c
03129170
031291190192
03129107
031290y
031290k
031290ila
0312902
03129010
031290!
031289t
031289lls
031289dp
031289da
031289a
0312896675
031289531983
031289.
031289*lic
031288set
031288jai
031288c
031288517
031288291
03128818
03128800
0312878
03128769
03128720
031286m
03128687
0312863
03128603
031285es
031284vlc
031284cg
031284828
03128444
031283l
0312839
03128342190846
03128321713492
031282dc
031282875
031282666
031281461
03128117
03128100
0312809t
0312803128
031279rr
031279844
03127973
0312791576
031278jaw
03127891
031278307
031278257
031277hk
031277CUMPLE
031277146
031277070987
031276453
031275962
031275243
031274s
031274666
03127343
031272771
0312721music
0312717
031270918
031270428
03127031
031269oratai
031268877
031268179
0312672605
0312670
03126687890
031265818
03126524
0312645978
0312643
031263609
0312622
03126170
03126100
031260dark
0312603126
031259l
0312597846
031259146
031258572
03125831078
0312581
031256qq
0312565978
0312564
03125571472
0312555901
031255041
031253756
0312529
03125251447
031252
0312514204
031251288
031250374
03125006586
031249024
0312478
03124736077
03124597
031245852
031245669
031245373
031244585
031244
03124306009
031242928
031242273
031242233
03124186324
031241
031240234
03123913038
03123803430
031237719
0312375255
03123652
03123527048
03123484t
03123457482
031234177
03123392
03123382532
03123358435
03123349223
031233113
0312322137
03123205710
031232013
03123183182
031231600
03123103
0312309
031230804
031230361
0312302123456789
03123
031229844
0312295diana
0312290
03122871917
03122859066
0312280712
031227666
031227110
03122681282
03122635
0312261
031225695fre
031225511994
03122541
0312253318
031225200
03122515
03122513
03122511
03122425
0312232712
03122304
03122222
0312221738
03122202chuny
03122122
03122112
03122007n
031220075
03121loz
031219981
0312199230
03121991ot
03121991SHANI
0312199117erick
0312199044
0312199011
03121987nina
03121985nary
03121984j
03121980deaf
0312197819022004
03121975
0312197428
03121971
03121966
03121963
03121959
03121950
03121943
03121927
03121901K
031219008
03121827
031217996
03121792
0312171825
0312156
031215152
03121508
031214991
03121425
03121405
031213551
031213361
031213191
0312131
03121291
031212304
031212177456
03121203
03121124
03121106
0312101982
03121018jlh
031209b-day
03120921
03120901
031208adam
03120817
0312081
03120804
031207am
0312078
0312072
03120708
031206xsempre
031206db
031206RITA
031206837
0312064501
03120619
03120613
03120601
031205ilu
031205adriel
031205622
031205441
0312052111
031205.vyk
031204r
03120486
03120426
03120425
031203e
031203F
031203488
031203205
03120310
03120307
031202sandra1977
03120221
031202052
03120201emebrahr
03120159
03120146
031200engin
031200CYA
031200784
0312006
0312004
0312*me
0311weng
0311tzari
0311son
0311security
0311sarmore
0311renate
0311oreo
0311noah
0311n12
0311mpfd
0311mh
0311mak0
0311lnls
0311laaddd
0311jaz
0311hpss
0311fya
0311ers
0311c
0311am
0311adrianiski
0311Namvet68
0311Grunt*
0311AT
0311999
0311996
0311993
0311986**
03119824
0311981
031196me
031196alexa
031195loveyh
0311958
0311954
031194kw
031194dg685211
031194c
031194716
031193gfi
031193akmal
031193621
03119321
031192wwe
031192tita
031192kyle
031192h
031192are
031191pimp
031191mp
031191a
031191893
031191602
03119145602
0311911928
03119104
031191/g
031190n005023
0311907
0311901730
031189tiffuls
031189msn
031189babyg
031189ale
031189TZS
0311893773
031188guacare
0311881l
031187portugal
031187ducika
031187810
031187509
031186mt
031186abc
031186882073
0311862000
03118601
031185m
031185MM
031185Angeleyes
031185291285
031184willie
0311845
031184091979
031184031184
031183escorpi@o
031182wkl
031182ph
031182gf
0311825169
031181ob
031181ee
031181802
03118124
031180w
031179mamacute
031179969
031179382
03117927
031179031179
031178047
03117782
031176venus
031176684
031175t
031175am
031175831
0311754588
031174840
0311727
031171993
0311716607
031170916
03117011833
03117
03116969
0311690
031167gal
0311672
031166966
031165jc
0311656
031163dina
031162747
031162587
031160me
031160760
0311596
03115936
031158986
031158/100704
031156k
0311569191
03115585
03115430
031153
031152141350
031151994
031151233
031151205
0311511065
03115090
031150425
03114life
0311495
03114801
031147993
031146504
031145
031144
031142538
031142110
031141458
031141108
031140887
03114023
031140048
0311398153
0311392dsm
0311389juvy
0311384044
031138286
031137454
0311371
031135109
031134500919num
031133902
031133251
03113281
031132200732
03113133
031130892
0311302
03112k9
03112991
031129392c
031128824
031128387
0311282227
031127saowaros
031127403
031126837
0311261205
03112584206
03112547
03112538
0311253503112535
03112531lek
03112519
03112503
031125017
031124j
03112404
03112315
03112306
03112270
031122416860
031121M
031121679
031121146
031120b
0311209103
031120614
03112026
031120113
0311200519877
03112004Kaoe
03111998
0311199500000000
03111992cc
031119922211
03111990fany
0311199
03111988egypt
03111986_daya
0311198603111986
031119830
0311198124
03111978lida
03111978.trujillo.peru
03111971a
03111967
03111961
03111954
03111952
03111944
031119189
031118819
03111828
03111808
031117856
031117637
03111620
03111617
031115loredana
0311153624
0311152596
03111510
03111485
0311142018
03111343
031112870
0311121990
03111213
031111995
03111107
0311105599
031110267
03111022
0311100
031109crops
0311098
03110903
031108ott
03110812
03110801826247
031107a
031107636
03110720
031107036113
031106mariage
031106lb
031106amw
03110688
031106252
03110611
031106070707
03110600
031105rnc
03110594
031105770
03110532
03110508
031104o
031104dfs
03110420
03110406
031103tatifrank
031103jet
031103CS
031103303
0311031957
031103052
031102j
031102489
03110229
03110224
03110210
03110206
0311017
0311013
0311010157
03110070
031100417
03110035
031100034
0310yenyen
0310vt
0310timo
0310siad
0310rose
0310no
0310msr
0310mkl
0310mar
0310knc
0310kerryd
0310karn
0310jathon
0310guffi
0310fl
0310elishor
0310bh
0310ageh
0310AM
031099sh
031099798
031099185nice
031098s
031098727
031097paola
031097candy
0310977
031096m
031096jdw
0310969
0310966
03109613
031095f130
031095985
03109522
031094t
031094kiki%
031094diana
031094corazon
031094b
031094572
03109418
03109412505
031093lopez
031093a
031092ngy
031092kyle
031092abn
031092_ejs
03109292
03109215
031091s
031091l
031091aa
031091519
031091315
03109104486713426
031090t
031090smc
031090jac
031090ch
031090901
031090724
03109023
031090184
031089lm
031089bm
031089alan240389
031089682
031089191429
031088t
031088osopolar
031088aldazmorales
031088790
0310881803108819
031087]
031087669
0310873
031086nc
031086b
0310867
0310862
0310861011
031085m.
031085a8
031085LNB
0310850
031084lalo
031084580
0310843
031084#Lili
03108333
031082rrm2
031082am
031082535
031082020904
03108161
031081216
031080m
031080197
031079jj
03107981
031079031079
031078a
0310785
031077759
031077259
031076899
03107674
031076536
0310762
03107501
0310746
031072805
031072131
03107206
0310711
0310708
031070357
031070100
031069167
031067dl.
031067349
0310667011412533
031065a
031064097
031063761
03106226
031062045087
031061751
031061290
03106084
03106082
031060701
031060533
0310605
0310601308
0310601.
031059856
031059537
03105855
031058102
031057612
031057009
03105650538
031055698
0310552
031054
03105378
03105296
0310522nh
0310520
0310507
03105060carmen
03105024
0310501191
03104992
03104969
03104935089
031048703
031047529
0310472
031047
0310460183
031045
0310445
031044045073
03104328020
03104250737
031041772
03104137736
031041
031040018
031040
03103950145
0310394
031039059
031038199
03103741599
031036B
031036539
031036408
031036031036
03103574
0310338
031033739
0310332
031032894238524
031032440
0310320833382632
0310311891
0310310607
03103103
0310310
031030538
0310303
03103010
03102nh
03102971
0310291990
03102905
03102872219
0310283
031027a
031027297
03102708
031025929
031025706
03102549
03102536
03102534mod
031025322329
031025301
03102518
03102511
031024315
03102322
03102310
031022cw
03102217
0310218
03102133
03102109
0310206
0310200731
03102001a
03101jay
03101996.
03101995a
0310199524254599
03101993rata
03101990punkrock
03101990aleagui
03101988h
03101988*1
03101987dyi
031019870313
03101985051671
03101984hirondel
03101981lqh
03101980ati
03101973
03101966
0310195911081957
0310195
031019485
031019431
03101921
03101910
0310182
03101724
031017131216
031016617
03101501
0310143265
031013Ee
0310137510
03101323dr
0310131300
03101306070844
031012am
0310123
0310122
031011938
03101130
03101122
0310111228
0310108
03101034888
0310102
031010132-_-
03101005
0310098610
031009282004
03100911
031008imri
0310082537
03100812k
031008068
0310080
031007al
03100790
031007593
0310071j
031007052
031006mb
031006hnyisangge
031006a
0310065ai
03100629
03100614
03100605
031005pn
031005_2850
031005788
03100514
031005122532
03100509kolaki
031004ej
03100493836510
03100430cnj
03100410
0310040802
031003jd
03100389
0310035
03100334
031003105312
031002e
031002585
03100210
031002032
03100186281
031001478
0310014484
03100120
03100107
03100091390
0310003
0310001802
03100001
0310*95
031+4+3082
030pattama
030lesly
030cutepink
030aoftv
030acct
030Zuwy
030Cassie
0309vma
0309sw
0309rl__liz
0309princes@
0309mroak
0309md
0309lonida
0309ljw
0309lidi
0309kika
0309janjun
0309hml
0309baby1104
0309amoreterno
0309al
0309AME
0309999
0309989484002
030997ma14
030996j
030995h
0309951539
030994jas
030994509*
030994230691
030993g
030993493286
03099315rosa
030992mlf
030992jmv
030992amy
0309922824
03099204
030991j
0309911
030990ryu
030990kkp
030990gabita
03099072
0309900315
03098b
030989jdd
030989a
03098933
030989161090
030989*
030988s041406m
030988iamthebest
03098837
030987t
030987sgp3
030987katina
030987d
030987b
030986angma_um_a
03098621
030985demmy
03098507
03098401
030983ds
030982jc
0309820779
03098180
030980125
03097koh
03097979
030978772
030977umai
030976ac
030974ws
0309735cruz
030971dave
03096994377847
03096750
030965teamo
030964br
030963micheal
030961
030959LULU
030959
0309557
0309535
030951
030949
030948
03094533
0309406
030940
03093993230232
030936
0309321
030931267
030930130927
030928du17
0309281087211085
030927899
03092612
030925ma
03092541
03092537p3
030925322552
03092530259921
0309252224052521
03092517
03092510
03092499
03092407
03092329
03092259
03092109
03092026
03092007upv
03092005joni
03092
03091998loveya
0309199512
03091993k
03091990k
03091989derm
03091987p
0309198712345678
03091986@kyle_ZYRE
03091985rpmc
030919852526
03091983alba
03091982,DLG
0309197888
03091976ev
03091971
03091969
03091964
0309196
0309195
03091948aPN
0309192m
03091879
0309182
030916khel09
03091628
03091504
0309143moyko
03091407
03091401
03091308
03091208
030911930000
03091120
03091091
0309107278801
03091013
03090zoynb
03090922
030908p
03090821
03090805
0309080422
030907c
03090724
030907100974
03090701
030906jc
030906261081menayoga
03090607
030906012
030905d
030905CKK
03090527
03090523
03090503
030904md
03090411
030903o
030903d
0309031
030903017
03090203
030901jc
030901OC
03090120
030901101321
03090101
0309006677
03090038
0309001
0309+1978
0308yromal
0308wade
0308texas
0308sofie!
0308rou
0308rippapa
0308riley
0308pop
0308ns
0308mile
0308matt
0308lyw
0308lock
0308lh21
0308lace
0308kyf
0308jonb
0308hope
0308fer
0308evalf
0308cf
0308baby
0308anduze
0308KYF
0308DANIEL
030899ryan
0308994
030898vl
030898antalya
03089793
0308974
030896lb
030896D
030895mr
030895fm
030895D
030894tatis
030894sm
030894a
030893y
030893diana
030892sl
030892l
030892bd
0308927734
030891tk
030891m
030891jw
030891f
030891Laura
0308919
03089100
030890ph
030890opor
030890a
0308902519
03089
030889ss!
030889l
030889j
030889a
0308895392
030888}
030888lm
030888jjj
03088820
0308880
030887lrh
030887Cris
0308874
030886dh
03088612
030885pato
0308858888
030884ty
030884134
03088336089
03088318
030882j
0308823
030881sr
03088104
030880j
030879jm
03087891
0308774767
0308763ftl
0308746
030873210199
03087216
030871ny
03086978
03086842
0308674b
0308612
0308605
0308601
03085oyqd
030858o
030856
03085508
030853
030851238
03085080
03085
030849
030847
030843jrc
0308418b
030841
03084027
03083987
030836kk
030835987999
030835030835
03083452
030834090734
030833211134
03083008
03082985
03082911
0308288
03082831
03082701
030826tan
03082609
030825ar
03082562
03082547
0308253644
03082520
03082516ot
03082508
030824n
030822__q
0308221lp
030821bm
03082101
03082008b
03082006zye
03082006euetunos
03082004melissa
03082002mdf
03082000m
03081997n
030819952
03081994.
03081991pamela
03081991_
0308199108
03081990familiawiller
0308199
03081987mujer
03081985KS
03081984db
03081982fatma
03081978am
03081974
03081972iloveyou
03081967
03081961
03081956
0308194M
03081911989
03081827
0308180988
03081806
0308161923
03081519
030815162426
03081419
03081402
030813031991
03081234
0308121624
03081204
030811260401
03081111
03081107
03081104
03081022
03081016
030809m
03080902
0308089
03080817
030807vero
030807neil
030807lfcm
030807and
03080729
03080713
03080612
03080607
030805orythae
030805cbkm
03080598gas
03080510
030804nic
0308045
03080406
030803ab
03080325jg
03080308jr
03080308a
03080235
03080206
030801gj
030801a
0308011
03080104
030800928
0308+2611
0307teto
0307stac
0307sm
0307ro86
0307nikki
0307mel
0307martulio
0307lin
0307jule
0307jp
0307jeremy
0307ima630013
0307gerda
0307ed
0307diego
0307clacin
0307cf
0307cakes
0307beck
0307astro
0307antonio
0307BRUK
030799l
0307993
0307990370018
030798mkl
0307987
0307985
0307980368031
030797jlc
0307973034
030796vw
03079600
030795bc
030795BC
030794tjcb
030794c
0307948720425
03079407
030793dialexis
030793?
030793040593
030792t
030792bufonmoro
030792030792
030791t
030791liverpool
030791kl
03079107
030790sp
030790ak
0307901009881012
030789o
030789grace
030789a
030789321
0307891033
030789022684
0307889578
03078825978
03078802
030787dj
0307873013
030787071105
03078700
03078621
030785rios
030785dk
03078524541
03078501
030784XV
0307840621
030782f
0307825
03078169
03078
030779d
030777leilani1
030776bjs
0307758987
030772bv
03077194
03077030
03077
0307692m
030768316
030766b
030761aje
030756FW
0307552377
03075232
03075210
030751
0307497
03074870
030747cd
030745
030743
0307403
03073pvorv
0307380108824
03073621
030735666
030734
03073101
0307305598
03073
03072812
030727maica
030726a
0307258
03072539toktak
03072537
03072534
03072518
03072513
03072503
03072325
030722833
03072208
03072123
03072102
0307205p
03072017
03072007*
03072005mr
03072002j
03071997j
03071995j
03071993N
0307199213
03071990hell
03071990017
0307198946
03071989123
03071988sr
0307198718
030719863120055
030719851203
0307197800085
03071974@microsoft
03071967
03071963
03071958
03071954
0307193
03071920
03071909
0307181186
0307172101
03071692
03071612
03071530a
030715020
03071424
030713iloveyoua
03071231
0307121991
03071199
03071129
03071100
030710992
03071041
0307102430
030710202624
03071019
03071015
03071007
03070tinywall
03070910
030708sp
0307087
03070809
030707{
030707g
03070729
030706mn
0307069788C
030706118
030705althrought
0307055
03070514
030704x
030704gar&
03070435
030703Z
0307030602
030702syd
030702dc
030701j
03070139
03070131
03070111
03070065
0306tk
0306snuit0306
0306simba
0306samsun
0306roland
0306radmila
0306pa
0306nc
0306matty
0306ma
0306kla
0306kimis
0306kasia
0306jj
0306iou
0306ihm
0306gemini
0306family
0306diana
0306brayden
0306albbab
0306NORMANAKRY
0306Fuzz
0306DSJ
0306AP
0306995
0306992488
030698j
0306989
0306982
03069810100
0306980478398
030697A
030695k
03069540
0306951212
030694s
030694medardo
0306941
030694****
030693love
030693030693
03069210af
030691n
030691as
03069194
03069115
03069109
030691+0
030690love
0306906m
030689s
030689koce
030689i
030689alucard
0306899
03068916
030688z
030688a
030688200984
030687rox
030687klk
030687b
03068798
0306871111
030686kushal
030686JH
03068603
030685d
030685182025
0306851114506
03068400
0306838
030682anyway
03068212
030681che
030680gegatinha
030680anla
030679xav
030679he
030679aaron
03067971
030678ns
03067807
030677Ss
030677150501
030676len
030675921
03067370
03067320375
030672761
030671338
030670geferson
03067077757
03066879
0306676
03066655399
0306652t
030662353
03066145K
03065jam
0306588
030658
030657
030655
03065426600
0306537
03065288
030651l
03065
030648
03064603513
030644
030642E
0306427677U
0306407
03064005
03063991
030638
030637111
030636254872
030633run
0306311896
03062bar
03062929
03062834915
03062821
03062677743
03062605
0306258
03062577098
0306253s
03062534vvp
03062532yu
03062528948
0306251919
03062512
03062401
030623060926
03062202
0306214380102759
03062128
03062099
03062006estrella
03062004ye
0306199iki
03061997gw
0306199700743
030619962007
03061994q
03061994i
03061993daddie
03061992619
03061991luc
03061991i
03061989m
03061988marconini
03061988jbhakly
03061987n
03061987061063
03061986milan
0306198600697
0306198500081
0306198333
03061980salete
03061972+
03061969helene
03061967
03061963bd
03061959
03061953
03061917
0306191
030618433
03061819
03061788
03061650
03061527
030614233
03061416
0306140543922908
03061333
03061312
030613078
03061286
03061231
03061227
030612110909
030612076
03061165
03061131
03061112
0306110660
03061020
0306101
03061
030609nmm
030609aa
03060923
03060912151825
03060910jm
03060900
030609*
030608ily2
0306082
0306081
030607mr
030607df
0306078354
0306072227
0306071988
03060708
030606yup
030606j
03060609
03060601
030605myy
030605kd
030605b
03060524
03060510
03060504
030604deniz030604
03060469
03060421
03060411
030603rj
030603ahumada
0306033
03060324
03060303s
03060261
03060229
030601j
030601al
0306011048
03060110
03060091
0306003006
0305year86
0305tiki
0305suki
0305slf
0305s
0305pola
0305pez
0305nunu
0305mw
0305mh
0305mca
0305kontio
0305kem
0305js
0305jc
0305jared
0305f
0305ec
0305chris
0305chavero
0305cb
0305babies
0305angel
0305aj
0305ae_y
0305YnEs11
0305Papucho
0305Kurt
0305JC
0305Caitlin
0305990335046mat
030598ad
0305988
03059824
03059800
030597pjg
0305970
030596d
030596al
030595nena
030595j
030595J
030594to
03059498
030593sh
0305933249
030592pily
030592mrr
03059291
0305927
030591z
030591-w
030590t
03059091
0305903
030589nole
030589bebelinda
030589256
03058921
030588r
03058849242
0305881522
03058811
03058803
030587fred
030587MEY
03058722
030586tizzycat
030586mm
030585xl21
03058500
030584260785
03058322
030582a
03058211
030581a
0305807m
0305802
030580101380
030580050284
030579lea
03057990
03057878
030577813
030576a
030575rv
03057400
030572t
030572100
030571554
030570jsl
03057028
030569pe
0305693a
03056784,anyone
0305654
030564976
0305622
03056128
030560254
030557406
03055699
030556454
030553260
030551228
03055030gj
0305486
030544
030543311224
030542
030540d
03053du
030538923
03053841
03053735
030537160
030537020123
030536687
030536292
030536122
030535n
03053555
03053511
030534247
030534199103
030533846
030532943
0305323515
030532062
030531722
03053110039
0305309
03053053
030530196
030530016
03052edc
030529902
030529738
030529218761
0305286218
03052711
030527011
030526631
03052627
03052614.13
03052550
03052537
030525320
030525300911
03052520
03052515
03052505
03052499
030524907
030524726
03052413
03052328
030523204
030522D
030522721
0305223
030522099
030521972
030521730
03052124
03052110
0305210401111304
030520960
030520727
030520553
030520205
030519996
03051996d
03051993thebest
0305199210
0305199107051990
0305199019
03051989nida
03051988bruna
03051987kh
030519879
03051986cosmo
03051984jj
03051981raluk
03051970r
03051960
03051959
030519364
030519203
030519124
03051907fener
03051904
030518417
0305182223
030517504
03051719
03051708
030516384
030515264446
030514963
030513878
030513452
03051300
03051230
03051213
03051207m
03051128
03051120
03051106
030510687
0305105610
0305103012
03051022
03051002
03051
030509bnp
0305096
03050911
030508n
030508F
03050880
03050821
030507jkcr
030507M
030507662
0305071818
0305071024sm
03050709
030507026
030506692
030506291
0305061986
03050612k
03050612
0305060812
03050608
030505x3
030505j
030505576
03050516
03050507
030504sm
030504gris
030504331
030504080
03050403
030504008y
030503mag
030503ai
030503a
030503566
03050318
03050311g
03050310115
030503058
030503049
0305030
030502mm
030502739
0305025
03050212
030502083
030502052904
03050204D
0305019
030501755
0305015
03050124
030501061185
03050100
030500f
0305004
030500173
0305/9795
0305**
0304sanabriaaguirre
0304ricardo
0304qb
0304promise0304
0304pj
0304momma
0304mc
0304ma
0304loveu
0304lefv
0304jara
0304flakita
0304dr
0304cripps
0304cal
0304boobie
0304bj
0304az
0304ann-sofi91
0304\\'
0304MELLY
0304K87
030499946
030499531
030499384
0304993
030499210
030498linda
0304987
030498247
030497miriam
030497926
0304975
0304970
030496bi
0304965
03049616
030495488
03049511359
03049500
030494cutegurl
030494E
030493ramo
030493m
03049334
03049300
030492p
030492jtm
030492bibs
030492M
030491ngl
030491b4
03049105dm
030490jlmj10
030490aw
030490EM
030490159159
03049009692
030489sandra
030489ash
03048988
030489125
03048906
030488s
030488b
030488911
030487nac
030487j
030487021
030486231t
030485k
030485S
03048521jymlove
030484td
030484gt
030484a
030484046
0304840
030483e
030483S
03048377
030482amor
030482586
03048246
0304821
030480384
030479740
030478987
030478487
030477904
03047712
030475k
030474mmd
030474312
030473888
03047284
030472708
03047128
0304701
03046uyuyq
03046amy
030469625
03046889
03046725424
03046689D
0304658laci
0304647
030464
030462870
030462414
0304622494
030461a
030461254
0304602
030460
0304590
030458382
030457839
0304576
0304568230
030456585.
030456349
030455409
030455135
03045465
030453b
03045298
0304526
030452308
030452134
030452
030451729
0304512
030450914
030450789
030449504
030448321
030447586
030446siil
030446433
030445706
030445501
030444874
030444465
03044408700
030443809
030443038
03044254
030441937
030441224
030440E
03044013
03043B
0304399
030439
030437998
03043794
030437308
030436263
030436147
030435014
03043434
030433980
0304328191
030432018
030431750
030431250
030430665
030430130630g
03043001
030429mar10
030429061
030428536
030428141127
03042807
030427303
030427232
030427087
03042685
03042615
0304256
03042552
030425402513
03042538min
03042531yuukying
03042519
03042518
030424373
03042405
03042306
030422702
03042252
030422432
030422023
030421474
030421072
0304206
0304204126
03042009_md
03042007894
03041cha
03041998k
03041993rae
03041992xri
03041991k
03041988onomastic
0304198629122003
03041982hira
0304198
03041971
03041969
03041966
03041964
03041961
03041958
0304195
030418j
03041777
030417345
0304171855
030417143
03041682
0304160825
030415765
030415493
03041516
03041504
030414695
030414571
030414429
030414090
030413931
03041380
030413572
030413496
03041327
03041317
030413047
03041234
0304123
030412222992
030411_mjh
03041163
030411300
03041117
03041101
03041080
03041067
03041029
03041005
030409903
030409441
0304092
0304090
030408849
030408341
030408098
030407GE
030407672
030407397
03040721
03040718
030407**
030406m+v
030406kent
030406h
03040628
03040617
03040607
030405jane
030405b
030405601
0304055
030405309
03040523
03040512
03040508@kila
030405047
030404xy
030404969
030404871
03040425
03040406
030403L
030403695
030403261192
03040309
030403056
0304030480
03040302
030402543
030402302
030401QUIM...
030401612
030401454
030401270saree
03040116
0304010705
030400w
03040077
030400517
030400475
030400383
030400363
030400238
0304*blonde
0303z03
0303willian
0303waves
0303trkllz
0303teamo
0303sl74
0303sen
0303sebas
0303sam
0303pri
0303po
0303phj3328
0303pam
0303nan2526
0303mulle
0303mar95
0303ma
0303luis
0303logan
0303kirkpo
0303jorge
0303joe
0303ja
0303fuckyou
0303ds
0303devs
0303davey
0303chrisie3059
0303bs
0303ar
0303alf
0303aj
0303aamm
0303_12
0303BRA
0303BILLYail
03039na
030399TT
030398k
030398926
030398430
030398206
0303977
0303974
030397197
03039681
030396488
030396236
030396149
030396132
030396069
030395pass
030395j
030395fah
030395520
03039500
030394per
030394emo
030394aline
030394294
030394110
030393punk
030393963
030393801
030393549
030393278
0303931996
0303930303
030392miky
030392ktle
030392ezzy
030392b
030392PIOlin
03039277
030392458
03039212345
030391lc
030391969
030391516
0303911
030390loc
030390hoe
030390aab
030390587
0303900
03039
030389skrlet
030389mc
030389bebo
030389A
03038945
03038912amor
030389030389
030388mo
030388akatok
030388963
03038877
03038817
030387t
030387mc
030387541
0303874
03038712
030386l
030386aa
0303869334
03038621
030386033
030385598
030385160
03038503
030384d
030384525
030383trey
0303836
030383370
030383125
03038225
030381m
030381765
0303812814
030380jms
0303803382
03037d
030379527
030379/*-
030378634
030378324
030376426
0303759
030374fas
03037335062
030372dad
030371c
030371664
030371223
0303707
0303700
03036956192
0303683j
030368021
030367556
03036703k
030366998
030366920303
030366440
030366252na
0303659
030365198
030364760
030364410
030363mrb
030362c
0303628911
03036190
030360710
030360031
03035993
030358960
030358344
03035789
030357679
0303570
030356858
030356503
030356133
030355854
03035571
030355308
03035503
030353kp
03035353
030352669
03035254
030352
030351592
03035089
030349539
030346920
030345892
0303456rc
03034565712887pepo
0303456030
0303456!
03034456
03034411
030343414
0303430
0303425-2
030341334
030340516
030339300
030338956
030338277
030336719
030334800
030333rcdedd
0303328
030332738
030331622
03033131
030331044
0303301978
03033003
03032ac
030329389
0303291473300132
030328284
030328144
030327fig
030327805
030326983
03032676076
030326252
030326154
03032606
030325979
03032551
03032539
03032532**..
03032519
03032512
03032432
03032405170
030323949
030323172
0303231
030322927
03032217one28
0303220371suse
030321413
030321178
030321046
03032012
03032007sa
03032007p
03032006fym
03032005marzo
0303200
03031996prdc
03031996felipe
030319951958
03031994summerKJ
03031993m
03031993456
03031992ltm
03031991w
03031989coolman
03031988cb
03031985l*
03031984r
03031983AHMET
030319824
03031979s
03031978/
03031977fgremsra
03031972rose
03031971
03031964
03031960
03031955
03031946e
03031926
030319*75
030318700
030318433
03031829
030318039
03031698
030316248
0303161186
03031604
03031475
0303143570
03031414
03031359
0303132125
030312229
030312127474
030312046
030312030312
030311EAW
030311677
030311283
030311230910
03031107
03031088409
0303107
0303101514310869
03031006
03030huixian
030309986
030309652
0303092
030309056
0303090217
030308joy
0303085
030308299
030308198
030308130708
030307js
030307bb
030307996
030307150684
03030711
030307040689
030307*
030306m
030306gs
030306bn
030306LIZ
03030624
030306092
030306028
030305lh
030305dg
03030589
03030525
030305128
03030505
030304rooks
030304199
03030419
03030403
030303pd
030303elena
030303aa
030303DDD
03030399
030303966
030303783160
0303034
03030330
030303279
0303032006
03030309
03030304
03030241
03030226
030302048
030301wt
030301813
03030166
030301505
0303013
030301289
030301220100845
03030116
0303011017
0303010477
0303008
030300566
030300455
030300253
03030015
030300003
0303.1992
0302yivpo
0302ta
0302sbfb
0302qihzy
0302pgrulz
0302nit
0302mlkmlkm
0302mis
0302lms
0302jn
0302jason
0302honey
0302febrero
0302dogywen
0302carla
0302babi
0302ap
0302am
0302_karol
0302MaGdA
0302CHRIS5
030299597
0302993455020
0302990505
030298jd
0302988byh
030298343
030297bc
030297612
030296mkbauer
030296a
030296788
030296123321
030295pa
030295e
030295C
030295296
030294ashcat
030293a
030293850
030292ross
030292kb
030292b
030292?van
0302926042
03029215
030291mady
030291ale
030291K
03029147
0302911568
030290m
030290bd
0302909
0302901882
030289si
0302898
0302895
030288aja
03028820
030287rakel
030287jr
030287787
030286roxy
03028682
03028603
0302851815
030285032686
03028410
030283mc18
030283eb
0302836036
03028295
03028280888=
030281a
0302817
0302812
03028102
0302809_
030280465
030279sss
030279baba
0302792208000
030278tara
0302786559
03027825
0302769b
030275r
0302758
0302749n
0302732
030271945
03027138
030269198
0302673
0302662110
03026538706
030263na
03026168
030260z
03026087
03026038520
03026015904807
03025ass
03025953Marianne
030258860
030257226
030256lc
030256709
030256539
030253531155
030253
030252512
0302515
030251114
03025084
03025035
030250
0302481098
030246
030245
0302439500
03024250337
0302407
03024030
030238897
030238
0302369
0302365184
030236
0302355845190
03023513
0302342534
03023379
030233
03023211
030231875
030230DIKI03
03023064120
03023003
0302295050
03022896214
0302284842
030227259
0302266
03022612
03022549
03022545
03022541
0302252861
03022523
03022519
03022517
03022496502
030224386
030223449
030222964
030221jjj
030221817
0302206az
0302201993
0302200819041987
03022006tsr
03022003
03021cls
030219958866ann
03021995**
0302199212
030219920302
03021990CUMPLE
03021989ee
03021989*
03021987bebe
03021987aurore
03021986s
03021986carlos
03021981wjt
03021973t
03021971
03021967
03021916074
030218620
0302178277
030217586
03021675
03021639
03021612
030215deejay
0302151
0302150396
0302146
0302138631
030212608
0302121714
030211717
03021130
03021122
0302110188
0302109
0302105937
0302101993
0302101
03021
030209508
030209087019395
03020863
03020830090
0302080495
0302079103
030207746
0302075746
030207307
03020700
030206w
030206a
0302062SLV
03020618659691
03020607
030205ukno
0302056
03020508
0302050
030204gayosso
03020469
0302044904
03020407a
030203538
03020322
03020309
03020273
0302023
03020219c
0302020359
030201xinadx
030201rouybie
030201love
030201j
030201fon
030201clm
030201a
03020199
03020118
03020107
030201060504
030201040506
03020103
03020101
030200p
030200923
03020056
0302005
0302004505414
030200020
0302**gusanos
0301sd
0301pp
0301mtnds
0301mely
0301mae
0301leogie
0301kait
0301javier
0301fsh
0301fax
0301emilia
0301cyndia
0301ck
0301boys
0301ba2211smh
0301ab
0301KNH
0301999
0301995528
0301993
0301990
030198798
0301986
030198210
030197na
030197asa
030197409
030196a14717558
030196783
030196433
030196+
030195jess
03019511
030194s
030194a
030194*
0301936209
03019319
030193**
030192<3
03019214
030191k
030191=)
0301917
030191029
030190kdlc
030190jew
0301905335699
0301901992
0301900822
03019001
030189zolty
030189k
030189bl
030189b
0301897
030189567
03018919
030188bday
030188879
030188454eark
0301881715
030187logan
030187966
030187851
0301871821
030186st
030186750
03018605
03018517
03018502006
0301850
030184co
0301844169
03018420104
030183alsg@
030183324
030182825
030182407
0301820210
030181a
030180estarecontigo3
03018019910
03018
03017976
030178dn
0301787
030177642
030176047
03017580685
030175396
030174660
0301740252530
030173078
0301726154001
030171408
03017098
0301709
0301701496
030169456
03016891
0301685467
030168212313
0301679395
0301677
0301674347
0301666
0301654943
030164741
030164599
030164490
03016410
030163925
03016319
030162echeva
030162815
030161816
030161215
03016084
0301604
030160316
0301601
03015cd
030159553
030159031905
03015867
030157991
030157943
030157101
030156968
030156696
03015640
030156175
030156
030155966
03015566
0301549B
030154450
030154
03015336
0301530
03015298
03015268829
0301524
030151tj
030151661
03015082
030150493
030150462006
030150282
03014_04039
0301495
030149138
03014891
030148754
030148369
03014784
03014721
03014702
03014634632
030146
03014440184
030144
0301439
030143279
030143050
0301424113
03014193978
0301412
030141
030140806
03014068018
030140348
0301397s
030138972
030138894
0301387049
030138
03013782
03013761380
030137363
0301365531
0301364
03013555005
030135279
030135046
030134190
030134034
030133597
030133395
0301333133
030132821
0301326
0301321433
0301321105
030131822
030131698
0301313as
030131260
030131192
0301309
0301302001
030130030130
0301299008
03012877076
030128516
03012807772
03012697
0301257
03012547
03012539301101
0301253022092530
03012515
03012503
03012500
03012448
03012409
03012398
030123291
03012275128
03012214330
03012204
0301217f
0301213398
030121040269
030120915
030120595
0301201210
03012007MAYARA
03012001.
03011nderim
03011999
03011996nvml
03011995start
03011994k
03011993hzt
03011991sdlg
03011989clam
0301198900
0301198801419
03011984j
0301198
03011976j
03011972
03011964baba
03011958
03011955
03011945
03011912
0301188
03011811t
0301172
030117
030116596
03011604
03011579
0301156
030114589t
030114178853
03011383
0301136
0301132mlm
03011325
030113018
0301125
0301122
030111556
030111162
030110482
03011030
03011027
030110111
030109871
03010922
030109023
030108A
03010813
030108004950
030107c
0301074365
030107251303
030107181089
030106548
0301062129
03010615
030105jlk
030105h
03010526
030104t
030104keva
030104769100931
030104328
030104208
0301041
030103ok
030103a
03010316
030103029reis
030102m
030102927
0301026
03010235
03010221
0301020.
0301019082
0301011980
030101103
030101058
03010103
0301009
03010075
030100596
030100496177
0301004
030100104a
0301-93
0301*mr*0178k
0300usmc
0300sa
0300lt
0300j230i
030099021
030098970
030098830393
03009875
0300981561
03009757ys
03009748
03009688007
030096456
03009635584
030096039
030095965880
03009514655
030094546
030094047
03009394034
03009360
030093497
030092713
030092695
030092495
03009209211
030092021
030091784
030091
030090731
03009004501
0300896m
03008903904
03008889454
03008864091
03008806006
030087246
030086935
030086514
030086031
030085259
030084854
03008423827
030083585
030083497
0300833
030082997
03008272311
03008228800
030082071710321
030081137
0300808
03008020578
030079930
0300798
030079
0300788
030078157
030077445
03007720903
030076726
0300765
0300751bj
030074684
030074157
030073bb
030073230
030073
030072230
030071986
03007177
030071375
03007107975
030070918
030070744
0300704041
0300702
03007000212
03006988009
03006960701
0300694
03006878
03006848219
030068
030067789
030067665
03006687590
030066604
030066319
03006603971
030066
030065733
030065492
030065325
030064y
03006477899
03006373780
03006367082
030063577
030063178
03006302337
03006261204
0300623015624
03006129505
0300611
030060738
030060431
030060230
03006012707
030059928
030059658
03005961377
03005929514
03005900000
03005883086
030058704
030058549
030058369
030058229
030058050
030057795
0300574
03005725154
03005650503
030056442
030056258
030056038
03005591009
030055521
030055414
030055320
030055058
030055
030054665
030054586
030054487
03005324718
03005319630
030052726
030052462
03005210060
030051988
030051650
03005142859
03005133059
030051087
0300509
030050708
030050376
03005031499
030050030
030048708
030047793
03004717044
0300469118
030046316
030046070
030045764
0300446132
03004440
030044156
030044
03004383545
03004371525
0300435476
030042m
03004242367
03004233606
0300421222
0300417132
030041274
030041014
030040950
030040708
030040397
03004037378
030040244
03003902
030038113867806795
030038057np
030037835
03003678620
030036560
0300358
030035038
0300346
030034185
0300339
030033857
0300333415200
0300328a
03003267
030032
0300316
0300315
0300314
030030yadim_
030030695
03003054
0300303
03003014180
0300300303
03002988274
030028z
030028606
03002806020
03002779778
03002768164
0300276
03002732684
030026539
030026353
03002624902
030026
03002579459
030025612
03002553
0300250p
030025
03002484756
03002425128
030023368
030023261
0300230
03002279094
0300224
03002218397
03002201141
03002188874
0300215006
03002146671
0300212731
030021
030020833
03002068713
030020577
03002021593
030019691
0300194e
030018865
030018197
030017chamberlain
030017798
030016588
0300159
030015741
030015426
0300150
0300143
0300140th
030013564
030013014
0300125
03001180
03001143
0300107
030010669
030010
0300093
0300090388
030008304
030007656
030007125
0300062080708
030005854
0300055
030005415
030004028
030003722
0300035
03000345
0300031ac9
030002836
03000219
030002
0300015
0300012481
030001028
03000054444
0300003368
03000030
030.889
030-717
03/oct/03
03/MAYO/82
03/6/37
03/30/1996
03/29/89
03/29/88
03/27/96
03/26/92
03/24/94s
03/23/90
03/22/92
03/21/1997
03/1995
03/19/1996
03/18/1994
03/14/94
03/12/96
03/12/90
03/12/1987
03/11/96
03/11/93
03/11/90
03/11/85y
03/11/2535
03/11/1988
03/10/96
03/10/92
03/10/2533
03/10/1990
03/10/07
03/09/92americacampeon05
03/09/89
03/09/1993mike
03/08/89
03/08/2538
03/08/1987
03/07/93
03/07/85
03/07/2525
03/07/03
03/06/93doodles
03/06/88
03/06/1996
03/06/1992
03/05/90
03/05/85
03/05/1995
03/05/1990
03/047/1980
03/04/charlotte
03/04/2530
03/04/1995@estrela
03/04/07
03/03/31
03/03/1988
03/02/96
03/02/94
03/02/30
03/02/1990eminem
03/02/06
03/01/90
03/01/2535
03//07//57
03/*-123
03.hcbg95
03.efdell
03.JUNIO,14
03.31.kc
03.141
03.12.2005nuno
03.12.1993
03.12.1986
03.12
03.11.88
03.10.1993
03.10.06
03.09.95
03.08.94
03.08.92
03.08.1992
03.08.1987
03.07.1990.
03.06.97ed
03.06.90
03.06.1990
03.05.96
03.05.86ben
03.05.82
03.04.94.
03.04.1989
03.03.2007
03.03.1977.
03.02.94
03.02.08
03.01.2003
03.01.1993
03..12..90
03-oct-84
03-k64
03-jacfri-11-2004
03-9806
03-7707975
03-5921
03-4259330-1
03-31-97j
03-30-04
03-28-94
03-24-99
03-23-93vc
03-2246
03-22-04
03-21-89
03-19-90m
03-16-88
03-1554
03-1426
03-13-88
03-124
03-1236
03-12-1994L
03-1142758
03-11-89
03-11-1993
03-11-1986
03-10164
03-10-2534
03-10-2007namoro
03-10-07
03-09-92
03-09-70
03-0814
03-07-2005
03-06sec
03-06-1984
03-05-95
03-05-87
03-05-1994
03-05-08
03-04246-2
03-04-1994
03-04-1990-06-04-1990
03-03467
03-03-95ABRAHAM
03-03-94e
03-03-03
03-02-89
03-0189
03-0006
03-0-1995
03-*10-*1990-*-*
03,689
03,11,1984
03,02,1989
03+2+8
03+026015
03*nada
03*18*04
03*07*90
03*01*91
03'684
03$@MMie
03#mus
03##1975
03 junio
03 06 95
03 03 80
02zuran
02zehj
02yz426
02yy10y71
02yuri
02yssup
02yoj02
02ynot
02ykea01
02yhudhithp19
02yemi
02yeah
02yayaws
02yanks
02yair
02y10m07
02xda2
02x302
02wx5502
02wvsjkgvhp
02worsley
02woodse
02wiriar04
02wiezza
02wideglid
02whiteheadl
02westerman15
02wd6582
02wc1169
02warisi
02wardh
02walkerz
02vzap
02vtxman
02vsgs16
02volvo
02vmoreno
02vincent
02vheny08
02venmommy
02vale02
02us1143
02urene
02ugandan
02udehf
02twogun
02tvxqlovers
02tua4104012
02ttz728
02tsadp
02trucks
02trini
02tres90
02traulein1400
02trac
02toyota
02tony
02tohp
02tkml50
02tiriGuiya17
02tina
02tik06
02tigers
02thomaskylert
02thefirm
02thebears
02teves
02terps
02temmuz86
02tdp05gark
02tbevanjones
02taylorr
02tards
02tana
02tahoe24
02tacoma
02tabah
02t02k89
02sxviper
02sxc4u
02sweet09
02sunshine
02sunfire
02sufisticada
02stupid
02stroker
02stoned
02stephensn
02steph
02steiai
02stara
02stapletonj
02ssunsetss
02ssd
02sporty
02sportste
02sp0rtst3r
02solecito1186
02soccer05
02snake11
02smile
02skodas*
02sjeg24
02sivart
02sinop69
02silverado
02siblings
02shuebae
02shevin
02sheep
02shaviss
02shanjan
02shan02
02shadow
02sh87
02seth02
02set04
02septiembre1991
02sept89
02sept02
02sep87
02sep84
02sep2003
02sep1991
02senior05
02sebring
02se83
02sclark
02sccarstairs
02saveless01
02saspnosu
02sanyi01
02sam2
02saleen
02sa1079
02s1z3
02rusty02
02rulez
02rsxtypes
02roxy
02roong
02romanisaac
02rom123
02robsonr
02ro03her
02rmk151
02rh938
02revil
02renee
02reilly
02reed
02redheads
02real
02rdc02
02ravers
02ram071986
02rai10lili1977
02ragtop
02r6s14
02r3280
02r2311
02r13030
02r130
02r05k23o.
02quea52
02purple2865
02punion
02psept2
02pral
02pr84
02pottert
02poracer
02poohbear
02pontiac
02pollaj
02playboy26
02pj0tj
02pisceangirl26
02pink66
02pink
02pillow
02pewt22
02pero
02perico
02perdido
02peluks
02peg10
02peb88
02pearl
02pb18
02paweena
02panthers11
02pablo28liza
02p6vi
02ovi89
02oteng
02oruam
02opak02
02ohiostate
02octubre1968mori
02october96
02oct93
02oct1993
02oana1984
02o505
02o0gq
02numbers
02noviembre1994
02novembro
02november1991
02novembar1991
02nov96
02nov88
02nov86
02nov1988
02nov1986
02nov
02nol32
02noj02
02nodance
02njerii1jy6
02nissan
02niko08
02niggah
02ni10pa25pr29on
02newyear
02nesli1980
02neonatus
02nebraska
02ne87
02narbh
02nana0608
02naa08chw
02n10ct16
02n0202
02mylove11
02my04
02mvmm
02mustanglover
02muskel
02muffin
02mt-a3
02msngforl
02moylanmat
02mount
02morgoj
02more
02mope
02montero
02mondland
02mollito
02moitetito
02moahaley
02mlu003
02mk761
02mitch
02mirage
02min86
02milkri
02mickey01
02mes07cd
02mennek
02mel02
02mei94
02mei1988
02megan
02meena32
02me19
02mcnlee
02mcgrs1
02mb03
02mayo2005
02mayo1993
02mayo06
02may977
02may92
02may72
02may1990
02may15aciriaco
02maxgirl
02matheus
02massiel
02marzo2009
02marzo1989
02marzo01
02mars1988
02marlowe20
02marisa02
02marie
02maria1958
02marcos
02march89
02marcela73
02mar80
02mar2001
02manu"$
02manage
02malory02
02maj
02mai85
02mahavir
02maggio
02maetor
02mademypone
02mack
02mac91
02m2530
02m17d1993y
02m05s.
02lynette
02lukas23
02lucs11
02lucifer
02lr06
02loveyou02
02love28
02lotr16
02lordsim
02lora
02loonytom
02lolo
02loggers
02lm1282
02livist.
02litti
02linc
02liltanner
02lightning
02libra66
02lh4283
02lesedi
02le04ka1983
02lc2c
02lancer
02laham
02labtec
02la1198
02l9hs
02l2999
02l115a135w5
02ky869
02kt85jegr82
02krystal
02kraehe
02koy@
02kool
02kobold03
02kkkk
02kitty24
02kissme
02kinkas
02kiba
02khalmhg20
02kenny
02kellL
02ke894
02kcet
02kaykam06
02katorze09
02kat02
02kary
02kangaroo
02kalogz
02kadi
02ka07me
02k10xp
02k0088905015120
02justin16
02junio2007
02juni2006
02juni1959
02june1991
02june1988
02june13
02jun86
02jun73
02july47
02july19841984
02juliochr
02julio89
02julio1973
02juli1995
02juli1973
02jul06
02jude
02juan0203
02ju1132
02jtl2778
02jrk80
02jr19to
02jppp
02josesitagonita
02josbel
02jondavid
02joeltqm
02jobool
02joanne09
02jo123
02jm824eva
02jkjanki
02jesus01
02jer6954269
02jen
02jeh25
02jeepWJ
02jdac
02jaz&chris
02jason
02janvier
02janna
02jan93
02jan20
02jan1980
02jammer
02james26
02jamer619
02jam16
02jaiden
02jaguar
02jadejade
02jada
02jacob
02jacksonholly
02jace08
02j7kr
02j2704
02j11l82b
02iyah85
02iwa8q7
02iu0216y
02irvine02
02irdina
02intrigue
02integra
02indian
02ilovemike
02ignite
02ibanez
02i09q99ra
02hustler
02huskers
02hottie02
02hotdog
02honey10
02honey
02holomua
02hodchamp
02hitsuji02
02heyleen
02hero
02help
02heart002
02health
02hayley05
02hayabusa
02hannah
02hamada4557375
02h0279
02gurro
02gtivr6
02gsugirl
02gsamcar
02grisales02
02gr421
02got745
02gordo
02goodinsona
02goldwing
02godia
02gixxer
02girl
02gibson03
02gerla
02gene02
02gemelo
02gcbaby07
02garrett
02gail_13
02gabita06
02gUi07vEt85
02fx44
02fusion
02fudge
02frontier
02freddo
02fprd
02four09
02forever
02football
02fn1515
02flores
02fjasn7
02fifteen
02ffseflhri
02fender06
02febreroochooch
02febrero1993
02febrero1979
02feb28
02feb221990
02feb1985
02feb1419
02feast8
02fe83
02fcog
02fatboy
02fabi02
02f26b
02f178702
02extasy
02estefani
02esh798s
02erick20
02er12ik83a
02eo05
02enero93
02ene03
02emily
02emanuel
02ellsop01
02elizabth
02elh02
02eleanor
02eis51052
02eikcud
02eebuntz
02ecuadrado
02ecaps824
02eastside
02e70435k
02e186
02dynamite
02duysxy
02dut07f025
02dubfi
02drewa
02drahos
02dowivu
02doramon
02dora06
02doncky
02don10ald91
02doll
02dogs
02doce72
02dms02
02dixolu01
02divas
02dios
02diez
02diciembre
02dic87
02dic2007
02dhos
02dezire
02dey05
02destin
02desember1990
02desdes
02derekalex13
02denoviembre.
02demayo07
02delshaun
02del02
02dejunde93
02dejaneiro
02deenero
02decembrie1991
02decef17d
02dec90
02dec31
02dec1981
02deba01
02de12del83
02daza0z
02daveyy08
02darywdx29
02darlin15
02darius.kgn
02daniela
02dancer
02dakotash
02dakota
02dMarzo
02d07m75y
02cutie02
02curwda
02csr099
02crows
02cracer
02cr125r
02cousins02
02corvette
02corazon
02copperep3
02cooper02
02cool12
02combe47
02colby74
02coke
02coco34
02clyw1822
02clavedeamor
02churchjam
02chocokung
02chis
02child
02chick
02chels0270
02chel22
02cheer
02charlie
02char
02champs
02cfwezfg5pk
02cengiz
02cc62
02cbr954
02cbkids
02cb01cme369
02cavalier
02cattont
02cat69
02cassandrar
02carol27nanda
02carme12
02carlene
02captor
02camaross
02calla02
02c86890
02c01m1991jm
02butter
02buns
02bul181
02buck02
02bt090345
02bscuridad
02bruiser08
02brscbs
02bronx23
02brite
02brenda
02breeze
02breakme
02brailyn26
02br139
02boyz
02boys02
02boon-c
02bongski
02bomato
02bolo
02bluerex
02bloem69
02blits02
02blarg
02blackss
02bk101991
02bitty
02bishopp
02bino14
02bike
02bigdog
02bevanjg
02berrytstacey
02bellydance
02bell04josh
02becky
02becas07
02bebesytu
02beb14babe23
02bear20
02bdays2
02bball
02barriofino02
02barnesm
02bantayan
02bakiwi
02babys
02babyphat
02babi24
02bababe
02b1799
02b15001539
02b110cecy2445
02b06009921
02b0456
02ayuger
02avril85
02avenger
02auston99
02aug89
02aug2009
02aubrey
02atilla05
02assilem28
02arunda
02armygrl
02aqu82
02apol
02aout
02anvfla
02antdon
02anne09
02aniya
02angelz
02angel1989
02angel
02andreia1990
02anderson09
02ana
02amocito05
02alyssa
02alprin
02alifu88
02alextrey
02alexis
02alex20
02alana02
02al02
02ajt22MOM
02aj3212
02agosto2007
02agosto
02ago1991
02aggie
02ag91
02aek0901
02ads2
02adilah96
02adi14
02acfc
02accordex
02abdallah
02ab073
02aarshe
02a6190
02a3df1qa.
02a3118
02a23r10
02a1694
02a03m05t
02_sports_02
02_mayo
02_galiitHa
02_andy
02_amigos_03
02_64211497abiby
02_521
02_4434447
02_24_75
02_2007
02_11_86tibucarr
02_10_1995
02_06_89
02_03_1991
02YY10y71
02YLISBETT
02Y28C
02XCdUOa
02W08M90
02VII94Daf
02Two03
02Travis03
02Sonoma
02Shadow02
02Sel04
02SeT1990
02Saturn
02Samantha
02SHORTY
02SETEMBRO
02SEP88
02ROBERT12
02RHOPAS81
02R13014
02PontiacFB
02POPPY
02ORRIN
02OKTOBER1989
02OCT1995
02Noviembre1992
02NaT02
02Myha01
02Mariah06
02MalikSean!!
02MN986
02MEI87
02LuckY08
02Lon19Kat
02Lindsay
02LOSE
02Keqi
02KIDS
02June76
02Jan2533
02JULIA
02JENNY87
02JD10
02J14j89
02Harley
02HELP02
02HBK274ever
02Gur.02-ina_97
02GoVols
02GIL&BRAN28
02Ford
02FeR$PKDO
02FangloveGap
02FEB85
02FATBOY
02F250
02Eric04
02ENERO
02Dec84
02Dakota
02DS16YS
02DODGESXT4
02DICIEMBRE1983
02DEL03
02DARLING
02Chance
02Camaro
02CLAUDIA
02CHIKILINA07
02CHELSEA
02CADILA
02Bronco
02Beckham
02BTA10
02BENGI
02BAKEj1
02B0465
02April85
02Apr1976
02Altima
02Abril2005
02AXEL78
02ANIVERSARIO
02ALtima$!
02AGT1992
02ACCENT
02A25C14A
02A11J
02@pril
02@70#51$
029nra
029mei
029magic
029kr3am
029f0378
029danaid
029cnaor
029aee02786fed
0299ano
029998
029990
02998986102
029989100
029987720
029987455
029987335
029987
029986668
029986636
029986488
029986438
029986257
029986086
02998564
029984974
029984953
029984457
02998410
029983883
029983815
029983682
029983397
029982803
029982132
029981970
029981780
029981689
029981625
029981510
029981206
029980497
029980287
029980094
029980
029979394
029979
029978346
029978292
029977018
029976887
029975839
029975526
029975291
029975209
029975065
029974974
029974553
029974317
029973902
029973662
029973469
0299731854
029972749
029971349
029970531
029970376n
029969917
029969363
029969
029968560
029967297
029967207
029967148
029966793
029966678
029965596
029965382
029965317
029965272
029965033
029965002
029964559
029964491
029964259
029963963
029963502
029963330
029963120
029963083
029962993
029962501
029962441
029962307
029962180
029962044
029961944
029961886
029961819
029961738
0299614180
029961163
029960857
029960527
029960517
029960491
029960171
029959915
029959844
029959778
029959615
029959547
029959450
029959416
029959288
029959239
029959176
029959084
029959026
029958979
029958947
029958918
029958848
029958819
029958671
029958544
029958311
0299578*f
029957579
029957508
029957457
029957
029956699
029956422
029956180
029956156
029955805
029955729
029955302
029955243
02995518223
029955039
029954951
029954865
029954549
029954234
029954205
029954078
029954074
029954043
02995319
029952874
029952800
029952606
029952429
029952132
029952027
029951606
029951513
029950836
029950353
029950311
029950227
029950150
029950102
02994c
02994994
029949252
029949211
029949114
029948944
029948852
029948691i
029948412
029948377
029948093
029948015
029947957
0299479520
029947849
029947713
029947617
029947494
029947053
029946953
029946928
029946845
029946763
029946585
029946511
0299464
029946257
029945889
029945687
029945664
029945645
029945480
029945376
029945238
029944969
029944911
029944733
029944662
029944507
029944344
029944190
029944188
029944110
029944
029943764
029943419
029943265
029943124
029943023
029942818
029942494
029942410
029941886
029941641
029941464
029941262
029941
029940675
029940524
029940420
029940367
029940294
029940132
02993eiejq
0299399945
029939971
029939947
029939937
0299399222
029939882
029939834
029939818
02993968jae
029939622
029939545
029939493
029939467zakung
029939394
029939357
029939330
029939319
02993931
029939277
029939186
029939112
029939039
029938865
029938674
029938620
029938400
029938361
029938290
029938212
029937715
029937517
029937407
029936834
029936660
029935914
0299358561
029935771
029935592
029935527
029935187
029934683
029933488
029933338
029933074
029932991superman
029932897
029932792
029932680
029932511
029932106
029932041
029931768
029931527
029931300
029931225
029931133
029930795+
029930050
02992damimelo
029929973
029929828
029929815
029929612
029929525
029929497
029929398
029929161
029928927
029928792
0299286
029928553
029928474
029928214
029928107
029927878
029927592
029926595
029925316
029924989
029924727
029924610
029924584
029924526
029924268
029924188
0299240890
029923998
029923749
029923401510
029923323
029923256
029923154
029922880
029922722
029922641
029922426
029921763
029921585
029921487
029921191
029921150
029920685
029920500
029920320
029919911
029919873
029919604
029919567
029919273
029918715
029918455
029918334
029918163
029917960
02991793
029917769
029917615
029917372
029917067
029917041
029916911
029916854
029916664
029916576
029916316
029916006
029915440
029915219
029914877
029914572
029914452
029914271
029914143
029913852
029913784
029913029
029912914
029912499
029912480
029912314
029912120
029912050
029911942
029911820
029911772
029911592
029911447
029911420
029911374
029911108
029911019
029910904
029910787b
029910784
029910630
0299106
029910506
029910350
029910305
029910245
02991019
029910090
02991
029909855
029909549
029909362
029909155
029909040
029909009
029908654
0299079490
029906862
029906515
029905906
029905649
029905558
029905316
029904955
029904844
029904649
029904466
029904128
029904
029903877
029903823
029903608
029903462
029903011
029902959
029902866
029902670
029902581
029902325
029902199
029902134
029902034
029901870
029901698
029901277
029901088
029901050
029900614
029900404
0298sid
0298kmxso
0298ftm
0298dude
029899869
029899639
029899607
029899515
029899371
029899299
029899243
029899051
029898965
029898810
029898689
029898544
029898311
029898213239
029898065
029897896621sev7en
029897749
029897391
029897343
029897320
029897276
029897032
029896883
029896743
029896598
029896528
029896371
029896057
029895517
029895120
029895
029894726
029894540
029894247
029894042
029894023
029893797
029893645
029893582
0298934
029892690
029892062
029891984
029891805
029891761
0298917
029891618
029891519
029891166
029891003
029890958
029890653
029890596
029890315
029890139
029890084
029889977
029889747
029889581
029889382
029889360899
029889
029887981
029887677
029887458
029887346
029887260
029887168
029887039
029886955
029886879
029886747
029886688
029886646
029886514
02988647767
029886102
029885962
029885745
029885669
029885327
029885272
0298851819
029885079
029884902
029884823
029884785
029884712
029884553
029884336
029884304
029884236
029884145
029884015
029883704
029883146641388920
029883049
029882807
029882627
029882553
029882171
029882034
029881961
029881837
029881678
029881343
029881120
029880915
029880771
029880471
029880389
029880188
029879934
029879849
029879585
029879480
029879425
029879298
029879246
029879118
029878986
029878791
029878750
029878606
029878543
029878498
029878300
029878030
029877816
029877502
029877366
029876814
02987654321
029876426
029875996
029875866
029875751
029875602
029875420
029875059
029874895
029874844
029874522
029874406
029874230
029874182
029874153
029873887
029873857
029873653
029873256
029872744
029872667
029872320
029872309
029872157
029871679
029871521
029871340
029871256
029871211
029871056
029871040
029870997
029870721
029870650
029870496
029870467
029870402
029870000
029869900
029868508
029866433
029866289
029866043
029865449
029864355
02986243511
02986230
029861601
02986111
029860974
029860881
029860849
029860728p
029860629
029860495
029860425
029860417
029860394
029860224bem
029860141
029860056
029860024
029860
029859873
029859731
029859598
029859374
029859098
029859007
0298584
029858104
029858018
029856881
029856786
029856768
029856303
029855838
029855352
029855135
029853757
029853247
029852755
029852527
029852442
029852330
029852160
029852062
029851887
029851788
029851744
029851700
029851605
029851488
029851254
029851072
029850754
029850329
029850163
029849hc
029848617
029848245k
029848026
029847546+
029847287
029847281
029847161
029847025
029846898
029846847
029846663
029846564
029846521
029846296
029846130
029845400
029844420
029844048
0298435988
029842321
0298417
029839519-116072
029838852
029838541
029838475
029837870
029836826
029835098
029834513
029834304
029833368
029833202
029833161
029833
029832529
0298322764
029832246
029832156
029831909
029831636
029831485
029830629
029830455
029830326
029830249
029830117
029830048
029830
029829919
029829006
029828620
029827858
029827824
0298274909
029827383
029827336
029827059
029826898
0298267188
029826514
029826481
029826441
0298263374
029826324
029826068
029825832
029825633
029825542
029825318
029825235
029825159
0298251024
029825011
029824964
0298246412
029824518
029824496
0298243359
029824105
029823S
029823942
029823709
029823626
029823421
029823395
0298233456
029823202
029823173
029823139
02982295888
029822832
029822652
029822402
029822312
029821996
029821947
029821900
029821650
029821375
029821239
029821083
029821043
029820991
029820803
029820691
0298205782008
029820552
029820450
029820173
029820149
02982
029819786
029819688
029819511
029819301
029819262
029819113
029818383
029818232
029818082
029817582
029817580
029817048
029816538
029815632
029815571
029815157-grace
0298143
029813901
029812851
029812149
029811713
029811530
029811321
029811126
029810904
029810731
029810601
029810394
029810233
029810088
029809864
029809353
029809149
029809127
029808946
0298085077
029805800
029803848
029803729
029802516
029802249
029801911
0298016
029801532
029801045
029801
029800969
0298006
029800188
029800133
029800
0297tezdx
0297mayo
0297fwgo
0297clements11
029799776
029799617
029799187
0297991
029798749
029798581
029798435
0297983259
029798193
0297973
0297969053
029796649
029796574
029796407
029796347
029796167
029796
029795736
029795694
029795563
029794998
029794397
029794041
029794
029793738
029793721
029793564
029793311029255637
029792748
029792571
029792367
029792288
029792204
029792109
029791897
029791656
029791358
029791261
029791202
029791076
029790264
029790016
029789663
029788717
029787958
029787538
029786722
029786580
029786239
02978602100
029785611
029784946
029784897
0297842o
029784
029783947
029783696
029783224
029783044
029782934
029782927
029782745
029782465
02978215
029781809
029781549
029781233
029780985
029780939
029780835
029780731
029780620
029780503
029780099
029780002
029779714
029779554
029779
029777577
029777250
029777165
029776973
029776605
029776479
029775584
029775226
029775114
029774978
029774781
029774670
029774236
029774077
029773477
029773134
029772954
029772642
029772534
029772334
029772267
029772074
029772
029771612026
029771297
029771
029770635
0297705272
029770359
029769720
029769
029768368
029767456
029767310
029767225
029767073
029766900
02976666
029766489
029766470
029766186
029765837
029765566
029765471
029765170
029765029+-*/
029764883
029764287
029763399
029763290
029763037
02976285
029762692
02976265
029761865
029761693
029761415
029760882
029760546
02976
029759329
029758899
0297582885
029757775
029757313
029757180
029757091
029756769
029756629
029756575
029756454
029756102wz
029754795
029754365
029754246
029754229
029754135
029754076
029753944
029753868
0297536744
029753602
029753418
029753244
029753157
029752932
029752891
029752823
029752445
029752291
029752254
029751958
029751448
029751412
029751119
029751007
029750918
029750793
029750673
029750417
029750106
029750056
02974a
029749794
029749784
029749716
029749587
029749214
029749072
029749024
029749
029748884
029748615
029748559
029748381
029748131
029748064
029747995
029747784
029747758
029747716
029747631
029747465
029747378
029747240
029747151
029747090
029746759
029746725
029746532
029746182
029746075
029745087
029744745
029743981
029743872
029743527
029743455
029743335
029743145
029743
029742587
029742445
029742377
029742069
029741891
029741836
029741711
029741573
029741501
029741398
029741355
029741197
029740962
029740763
029740692
029740439
029740260
029740116
029739898
029739760
029739690
029739500
029739375
029739193
029738871
0297388446
029738752
029738692
029738439
029738410
029738259
029738091
029738040
029737617
029735614
029735557
0297352245
029734996
029734738
029734021
029733426
0297330
029732839
029732738
029732104
029731919
029731315
029731194
029730819
029730739
029730507
029730377
029730319
029730252
029730201
029730078
029730
02972prshp
029729586
029729461
029729200
029729119
029729087
029728878
029728835
029728470
029728405
029728369
029728155
029727963
029727709
029727562
029727470
029727364
029727252
029727
029726881
029726614
029726279
029726024
029725821
029725688
02972525
029725084
029725
029724842
029724699
029724643
029724194
029723961
029723508LOVEam
029722933
029722
029721434
029720740
029720294
029719943
0297196
029719562
029719157
029718876
029718502
029718287
029718219
029717933
029717788
029717428
029717363
029717120
029716948
029716880
029716266
029716125
029716
029715400
029715033
029714943
029714919
029714647
029714424
029714050
029714
0297138
029713655
029713441
029713156
029712481
029712378
02971234
029712233
029712046+
029711849
029711754
029711700
029711510
029711279
029711
0297101630
029710052
029709978
029709775
029709692
029709521
029708718
029708611
029708523
029708441
029708347
02970809
029708035
029707845
029707621
029707022
029706683
029706609
029705902
029705785
029705527
029705192
029704947
029704746
029703981
029703341
029703211
02970297
029702607
02970237
029702301
029702026
029701613
0297006601
029700228
029700
0296dm
029699949
029699403
029698680
029698427
029697290
029697207
02969702
029696844
029696620
029696288
029696262
029696215
029696139
029695351
029695248
029695211
029695062
029694890
029694610
029694191mu
029694026
0296937376
029693514
029693460
029693431
0296926130
029692252
0296918
029691470
029690913
029690692
029690118
029689619
029689129
029688414
029688158
029687791
029687
029686517
029685881
029685380
029685242
029684869
029684579
029684495
029684256
029682804
029682588
029682356
029682299
029682091
029681680
029681576
029681536
029681305
029681
0296806655
029680601
029680374
029680263
02968010844
02968
029679459
0296781609
0296780
029677842
0296765
029675968
0296758978
029675816
029675309
029674975
029674650
029674618
029674140
029674060
029674053
029673102
029671997
029671774
029671103
029670786
029670427
029670330
029670041
029670
029669703
0296694
02966920
029669078
029669053
029667792
029666922
029666781
029666581
029666413
0296662201
029665911
029665682
029665431
029665233
029665130
029665006
029664781
029662864
029661573
0296614756
029661259
029661097
029660300
02965vyca
029659385
029659024
029657014
029656211
029655kil
029655812
029655497
029655420
029654505
029654423
029654388
029654158
029653865
029653608
029653521
029653252
029653174
029653094
029653027
029652887
029652852
029652585
029651913
029651829
029651580
029651368
029651284
029651147
029651019
029650864
029650756
029650610
029650199
029650
029649342
029648284
029648032
029647953
029647684
029647618
029647513
0296469351
029646349
029645879
029645698
029645410
029645322
029645265
029645137
029645109555
029644829
029643715
029643237
0296426331
029642499
029642331
029641967tukta
029641752
0296415562706
02964140
029641332
029641321
029641039
029640995
029640931
029640775
029640746
029640694
029640601
029640289
029640240
029640203
029640140
029640
029639675
029639296
029638964wine
029638955
029638844
0296385430
0296384
02963801
029637700
029637536
029637230
0296364329
029635462
029635217
029634459
029634351
029634060
029634049
029633964
029633663
029632745
029632652
029632564
029632493
029632043
029631978
029631815
029631366
029631266
029631207
029630995
029630965
029630918
029630763
029630448
029630276
029630156
029630143
029630017
029629875
029629435
029629087
029629
029628899
029628791
029628527
029628146
029628069
029627578
0296268
029626054
029625919
02962585
029625623
029625568
029625183
029624883
029624405.
029624271
029624154
029623184
029622739
029622394
029622291
029621917
029620691
029620141
029619946
029619878
029619483
029619397
029619124
029618705
029618470
029618436kid1412
029618366
029618285
029618261
029618162
029617337
029617161
029616357
029616161
029615791
029615618
029615406
029615189
029615183
029615083
029614807
029614736
029614562
029614
029613931
029613360
0296123
029611967
029611776
029611651
0296107857
029610378
029609920
029609817
029609220
029609
029608802
029608421
029608255
029608044
029607606
029607427
029607276
029607006
029606126
029606
029605212
029604677
029604310
029604150
029603975
029603897
029603416
029603152
029603040
0296026k
029602538
029601221jonny
029600285
029600003
0296
0295mam
0295cherry
029599725
029599356
029599
0295989
029598569
029598246
029598037
029597800
029596531
029596423
029596402
029596008
029595913
029595617
029595336
029595253
029595204
029594399
02959351726
029592720
029592290
029592013
029591892
029591859
029591775
029591701
029591487
029591415
029591167
029591005
029590506
029590296
02959
029589703
029589623
0295895576
029589455
029589338
029589327
029589087
029589053
029588918
029588815
029588619
0295883590831338385
029588203
029588025
0295871112
029586411
029586
029585422
029585
029584045
0295834
029582970
0295826
029582472
029582216
029581933
029581737
029581536
029581406
029581002091090923
02958
029579766
029579736palm
029579695
029579473
029579260
029579195
029579034
029578532
029578044
029577733
029577
029576959
029576864
029576832
029576518
0295750952
029574688
029574585
029574507
029574402
029574181
029574060
029573726
029573569
029573220
029573125c
029573099
029572924
029572859
029572625
029572536
029572156
029571938a
029571537
029571533574620
029571490
029571380
029571283
029571217
029571201
029571127
0295710
029570584
029570327
029570081
029569iluminati
029569957
029569875
029569741
029569618
029569588
029569349
029569308
029569256
029569154
029569060
029568089
029566829
029566040
02956547
029565016
02956422456
029563068
029562347
029561842
029561034
029560863
029560815
02956068
029560267
029559361
029558974
029558787
02955868999
029558643
029558442
029558383
029558244
029558216
029557810
0295573220
029557307
029557151
02955513621
029554998
029554785
0295546
029554274
029554047
029553816
029553508
029553417
029553357
029552622
029552561
029552447
029552261
02955141466
02954nqgsy
029549633
029549079
029548609
029548450
029548214
029548043
029547492
029547148
029546753
029546658
029546512
029546357
029546234
029545967
029545807
029545423
0295452
029545079
0295447d
029544589
029544570
029544362
029543566
029543361
029542596
0295415497450
029541365
029541
029540605
029539290
029538514
029538422
029537883
029537639
029537375
029536871
029536551
029536215
029536
029535688
029535544
029534599
029534403
029534305
029534076
029533885
029533728
029533612
029533592
029533497
029533394
029533326
029533153
029533127
0295323
029531155
029530458
029530057
029529595
029529136
029528829
02952871997
029528599
029528354
029528183
029528105
029527758
029527304
029527163
02952648
02952629824
0295262510789678
02952615286
029525821tok
029525545
02952534662
029525170
029524775
029524662
029524298
029524240
029524033nee
029523893
029523795-
029523614
029523578
029523278
029523266
029523107
029523059
029523032
0295227
029522516
029522223
029522
029521720
029521689
029521607
029521588
029521298
029521240
029521173
029520958
029520639
029520374
029520218
029520091
029519221
029518797
029518096
029518089
029517732
02951753
029517269
029516769
029516523
029516488
029516143
029515404
029515155
0295151140
029514763
029514529
029514238
029513797
029513585
029513267
029513182
029513140
029513123
029513
029512773
029512521
029512262
029512199
029512041
029511872
029511659
029511134
02951056
029510401
029510033
029509841
029509550
029509105
029509009
029508546
0295084
02950800
029507588
029507484
029507225
029507138
029507005
029506928
029506839
029506719
029506569
029506331
029506096
029505267
029504197
029504040
029503980
029503597
029503454
029503
029502892
029502831
029502736
029502471
029502330
029502016
029501873
029501683
029501461
029501374
029501154
0295010223
029500928
029500801
0295007220295007
029500565
029500514
029500395
029500232
029500181
029500120
0294lk
0294important
0294CaRo
029499
029498842
029498550
029498389
029497936
029497272
029496971
02949671615333
029496506
029496009
029495398
029495352
029495275
029494953
029494811
029494388
029494299
029494047
029494
0294933
029490351
029489
029488288ii
029486450
029486067
029485843
0294853m
029485356
029485053
029485
029484671
029484080
029483522
029483383
029482723
029482469
029482216
029481974
029481852
029481682
029481651
029481551
029481292
029481070
029480700
029480429
029480356
029479352
029478854
029478722
029478442
0294782288
029478100
029478
029477215
029475981
029475255
029475
029473367
029472679
029472588
029472457
029472060
029472008
0294719732
029471749
029471548
0294713189
029471006
0294709954
029470913
029470861
029470797
0294707901
0294707439
029470622
029470488
029470436
0294702769
029469954
029469222
029468784
029468242
0294680
029467897
029467664
029467544
029467293
029467108
029466788
029466363
029465979
029465188
0294649
02946461307
029463343
029463219
029463054
029462880
029461w
029461466
029461416
029460973
029460845
029460547
029460140
029459800
029459675g
029459622
029459532
029459448
029459041
029458620
029458318
029458108
029458060
029457980
029457674
029457359
029457089
029455856
029455366
029455260
029455
029454649
029453629
029453379
029453258
029453176
029453000
029452872
029452630
029452505
029452381
029452355
029452178
029452025
029451946
029451800
029451659
029451536
029451507
0294510391803
029450973
029450740
029450688
029450556
029450375
029450292
029449889
029449788
029449685
029449577
029449480
029449083
029449039
029448465
029448419
029448228
029448193
029448097
029447878
029447750
029447623
029447514
029446503
029446261ton
029446149
029446015
029445955
0294452469
029444957
029444827
029444
029443794
029443683
029443646
029443052
029442599
029442292
029441972
029441869
