2241093672
22410888
22410842
22410814878
2241081230
2241079
2241075205
2241074
2241073087
2241069757
2241068714
2241067892
2241066756
2241065248
2241063678
2241062934
2241060
2241053391
22410528055
2241048580
2241048013
2241047195
2241040807
2241039757
2241039075
224103867000
2241037629
2241035539
2241034372
224103336
2241032573
2241032030
2241031667
2241030946
2241029831
2241029547
2241028276
2241027897
2241026268
224102241035859
2241022132
2241020100
22410116901
2241009537
2241008
2241001
2240yudst
2240sweet
2240pr
2240nc
2240leopard
2240casa
2240babyg
2240JG
2240993
224097t
22409747
22409650
224096
2240933
2240926
224089891234
22408949
2240885
2240882
2240878
224087
224086
224085203.
224084
224083
22408280
22408113
22408065
22407t
22407bn
2240794
22407858
22407818
22407719
22407665
22407641
224076
22407499
2240747661314
22407408
2240728
224071a
224071
22407
22406an
22406965
22406856
224067592
224067228391
2240670
224065d
2240657
22406540
224064289
22406381
22406342451
2240624
22406109
2240600019165
22405j.
224059
22405678
224055
22405310
2240522405
22405158
22405123
2240509
2240503n
224050
22404jf43084cherryc
22404952
22404916
22404884
224048
2240449
22404406
22404318
22404223
224041493
2240409
2240392
224037l
2240376
224036
2240352cam
22403341809
22403298
2240308
22403001
224029
22402866
224028
22402758team
22402536
2240242
2240235
2240221
2240218
224020m
2240206
2240205
22402035
22402
2240195
2240184
2240172y
224017
224016
2240152
22401466
2240137
22401272351972
2240123
22401195
22401106
22401090
2240102
2240100_
22400ruma
22400ex
224008837
224008
2240059680
2240053
2240051
22400472050
22400438
2240042
224004
2240033
22400289ba
22400250787
2240023
224002
22400082545
22400031898
2240
224/4-5
224.224stephanie
224-290
224-0199
223xg5
223whom
223ucpth72
223tae
223szlrv85
223sos
223smeld11
223sear987game
223ruiz
223rem
223red
223rainbow
223pmd
223pkxdd44
223omre20055
223nick223
223nbs
223misty
223mckenzie223
223mas
223luzmila
223lolly223
223limeav
223laval
223kyle
223king
223janice
223ibz
223ht223
223hko
223heidi
223h9iqa7
223goal
223gk555
223frente
223fig
223evik1990
223ej
223dub
223diciembre
223dhan
223denali95
223dallas
223d611r
223chase
223ccg
223cal
223bulldogs
223bsb
223blood
223blk
223bbc
223barb
223ar15
223aer60
223act
223ZFQNE49
223TWE
223Micah
223Idson
223CJNPS93
223ANDREA
2239rene
2239kaamiil.
2239govi
2239ec
2239black
2239SD
223999
2239953
2239950
22399375
2239922
223991390a
223991
22399031
223989
223985
2239834
2239827
2239823
223981
2239801
22397Hamburg
2239793
2239786
2239776
2239763
22397432milan
223972c
22397273
2239717C
2239703
22397002
22396secretangel
22396pilaakoot
2239695
2239680
2239668
223966
22396563
223965
2239638
2239631
22396268
2239622
22396150
223961
2239602721.hueyj
22395bk
223959kk
2239594
2239570
223955t
2239549
223951985
22394yari
22394RKB
2239484
223947
22394610
2239459
223945281
223945
22394457
2239437
2239426195
223941422
2239409
2239401
22393me
22393f
2239397a
223939
22393713
22393590
22393459
2239331
2239325918
2239312
2239304
2239295
2239293
22392799_
223926
223922valentina
223922239
22392184
223921
223920
22391j
22391990mb
2239190
2239186
223918
2239176
223916fat
223916
2239148
2239144
223914
22391311
223911larc
2239115
22391130
2239111
22390otterrd
22390jb
2239092
2239078as
2239068p
223906
22390515
223904922322
22390431
223904
2239032
2239025
223901k
223901
22390000291574
2239++
2238wf08
2238sr
2238ponce
2238mng
2238home
223899291996
223899
223898
22389492
223893509
2238930
2238923p
2238920
22388nic
22388kina
22388c
22388a
223889
2238877
2238861
2238854
22388452
2238838
2238826
223881cf
22388151
22388121604
2238802
22387h
22387OLIN
2238787
2238776
2238772446
2238758j
223875
223873
223872
2238718
223871
2238701
2238691
2238671
2238652
223865
223864
22386295732238
2238623289
22386200
223861547
2238607taty
2238600
22385ilh13
22385896
223858415
223857920
22385641
223855
22385305
2238505
22384986
22384726
2238466
22384547
2238450
2238445
223844
2238425
223842
223841
22383bell
223839
2238383jb
2238379
2238372
223836r
223836
22383502
22383276perro
2238311
2238305
22382979
2238291
223829
22382753
22382718
22382650
22382595
22382578
223825690121
22382505
22382449
2238237
2238232
22382238june
22382134
22382012al
22382003
22381966
22381840
22381600
22381578
2238148123
22381432
22381394
223813
22381234
2238116
22381089
2238108
22381032
22380988
22380979
223809
223807dot
22380589
223804
22380187
223801666
2238007
2237yvyv
2237vany
2237orange
2237lilo
2237diao2237
2237bcfs
2237Bero
2237992
2237984
223797875
223796
2237940
2237926
2237912333
22379031jony
22378feb
2237878
2237866
22378605
223783223783
2237826700
2237822
2237817
2237801
223779blue
22377897
2237784
223778
2237768
223775377
2237733
2237726377
2237711e
223771
2237708
2237704
2237693
2237685j
22376687
223765857
223765
2237646
2237642
22376142087
2237609
22375978
223758544
22375644
223753760
223753
223752655
22375222
223752
22375
223748
223746d
2237459
22374387
2237435
2237431
2237418
22373dar
2237397
22373931
22373733
2237353
22373472ol_
223733kook
223733
223731
22373
22372839
2237268
22372479
2237236
2237228
2237227
2237217714
223721
223720
22371985
2237192f
2237173
2237163
223716
223714
223713796
223713136
22371219
22371181988
2237118
223711236
22371029
223710
22370957
223709
2237080
2237076
22370670
2237056
2237037
223703421
223702sr07
223702710
2237025123
22370192
22370086
2237.jk0
2237
2236thurein
2236mandiri1192
2236kassie
2236gatitadark
2236ed
2236acpj
2236AAAAAAA
223699823
2236989
2236985
2236974
2236959
22369500
2236940
22369390
2236931
2236929
22369266tamu
22369251478
223692025
22369194
2236915
2236912ad
2236907
22369025202
22368zfgb
22368flaca
2236896
223688
2236872
223686s
2236859
2236850
22368371
223683040
2236826
2236819
22368
22367890
223678475
223678
223677241
2236761
2236735
223670425574
2236693
22366763
2236652305699874
2236642
2236634
223662535
2236619
223660
2236597
223658922
2236577
223656488021692
22365412
22365400
223653853
2236536
22365267
2236522
22365160
223651
2236483
22364790
2236472y
2236458
22364569
223645
2236442
22364322
22364210
223641
2236395
2236391
2236382
223636719n
223636560
223634
223633760
223632ty
2236313
22363014
2236296
223629
22362802
22362752
22362715luis
223626m
223626849
22362620
2236256
2236253
223625224060
2236247523
2236239
22362219
22362201
2236213
22362013
2236198301030795344
2236194
223618963m
22361828
223617921d
2236175
2236169bol
22361596
2236155
223614:D
223613771
22361346
2236123ab
2236122361
223610227
22360dvryj
2236092209160921
223608k
2236076
2236067*
2236066
2236055
22360513
2236040585
2236038
22360288
2236022360
2236013
22360078
22360020
2236000
2235shanny
2235pbr
2235mia
2235kc
2235iluffu
2235denis1463
2235cr
2235amlksex
22359thsw
223599
22359808
223598*
2235979cute
22359722
2235965k
2235959
22359539
2235942ronaldo
2235934
223592649
22359254
223591h
2235912729
22359047
223590276
223590
22358970
22358893
22358811
22358754rotula
2235869
22358626
2235860
2235854
2235841
22358305
223582
22358155
2235800170
22357901
2235786
2235780
22357766b
2235756
2235725
22357171
2235708k
22357052
22357012
2235700
2235698
22356892
2235683
22356703
22356699
223566625
2235664sad
2235660
22356446
223563l
2235639
2235637
2235633
2235632
22356302
2235624
22356215
223562
2235613
22356000
22355e
2235593
2235581
2235568ilike010
223556
223554gra
223554
223553535
22355313
22355302
223552239919
22355181
22355139
22355113
22355017
2235499g
22354848
2235475
2235474
223546ag
22354671luis
223546257
22354530
22354479a
2235446
22354419123
22354388
2235434
22354280
2235427
223542
2235405527
22353g
223538
223536and*
223536200
2235361
223535377
2235346
2235338
2235332
223533073
223532218
223531
22353033
22352938
223528319
22352807
22352736
223525942
22352540
223525
2235248
22352415
223523366
223522476
2235221
22352177
2235209
22352068
2235196ais
2235187B
223517608
223517285
22351644
22351632
22351619
22351578
22351502
22351497
2235149
2235146
2235144
223514354
2235133802176
223513
223512416
22351208
223512
22351191
223511622
22351142
223510986
2235106
2235105
22351
22350975
2235091
2235085123
22350813
2235074
22350624
22350612
223505hott
22350590
223504dee2
2235046612mayo
22350402jsk
22350311
22350274
2235023
2235020
22350189
22350173
22350141
22350111
2235009
22350000
2235
2234vv
2234power
2234lane
2234kati
2234girl
2234angela
2234BABU
223499245any
223498801
2234983
2234970
2234968
2234940
223493vico
2234934
2234924
2234918
22349096
22348k
22348952
22348906
223488j
2234882
22348810
2234879szymansk
22348652
223485n
22348390
2234830011445566
22348199
22348000
2234794
22347873gio
2234772
2234761
223474879550100
22347397d*
22347319
223472
22347139
2234701
22346le
223468lw
22346844
2234676
2234664
223466
2234648
2234640
22346329
2234628
2234608g
223460
22345ddoomm
223459g67
2234590
22345831
2234572
223456t
22345678o
2234561g
2234556788
223454599
2234542
2234537654
223453374
2234532
22345150chino
22345082
22345008744107
22345006
22345005092872
2234500311
223450
22344s
22344c8y
22344942
22344823
2234470
22344690
2234463
223445688
2234452
2234436
22344322
2234427
22344226
2234413
22344111
223441
22343956
2234393
223438570
22343709
2234366
22343631
223436
22343518
22343455
223434328J9
22343422
22343417
22343371
2234333dr
22343276
2234324
2234323
22343208
22343132
2234308883
22343026
2234290
22342759
22342663
2234258
2234257
22342544
2234245143
22342351153
22342272
22342183
22342149
22342104
22342097
2234207
22342058
22342022
2234197
2234195
223419264872
223417715b
223416uyop
22341679
22341662
223416200
22341586
22341521
22341496
2234143max
223413bact
22341337
22341306
2234120
22341113
223411
22341065
22341044
22341032
2234095
223409
22340835
223407
2234065
22340529
22340461856
22340422
22340333
2234031seq
2234022170
22340165
22340118
2234010203
223401
22340036
2234/1369
2234*
2233xxx
2233ttk
2233sar
2233rox
2233rnr
2233pyg
2233oo
2233me
2233ll
2233kk
2233jr
2233jbp
2233iamabitch2233
2233gna
2233emm
2233eeaa
2233d1
2233bf
2233alvi
2233aces
2233_9393
2233Dizzy
2233Aey
2233??
2233997
22339961
2233992
223398055
22339687
2233957
2233953
223395
22339490
223393480244
223391
2233907
2233900
22338956
223388a
2233886
22338822
2233879
22338722
223386668326666
2233864ns
2233860
2233845
223383400
223382832391313
2233825
223382
22338161
22338140
22338067
2233798
22337832
22337766
22337610
2233750
2233744
2233736
223373
22337237
22337165
22337109
22337073
22337034
22337002
22336rs
223369522
22336804c
22336799m
2233678
22336751
22336708
223366951
2233665577881144
2233665
22336594
2233655
22336523
223364mb
223364425
223363a
2233633
2233627
2233623
22336148
22336120
223361
22335elliedeklerk
22335949
2233582
22335676
22335599
223355779900
223355664
223355446699
22335511
223354878
223353203
2233510560
2233499
223348t
223348012744801
2233479
223346tui
223346
223345k
22334567
2233452
223344v
223344ss
223344mamu
223344l
223344jj
223344e
223344d
223344bb
223344ad
22334485
22334466557788
22334456ade
2233445566hut
2233445566778
22334450
22334430
2233440088
2233433
22334287
2233419
22334115
2233410
22333vina
2233395
223339
223337401
223337169
2233355555
22333457
22333435
223333s
223332333222333
2233322
2233318
22333123
223330194
22332viejito
22332933
223329
2233283
2233280a
22332698
2233263
22332533
2233249
2233247
223323bm
22332323123
2233231
223322P
22332255
22332233c
22332224
2233222
22332211
223322+
2233212
22332077
22332058
2233203
22331t
2233199231
2233198
22331932
223319
2233185
2233182
2233161
2233151
2233145
22331277
22331251258963
2233123456
2233121431
223311625
22331155
22331124
22331121
22331111
223311.abc
2233103
22331000
22330969
223308910907
2233075
223306732
22330530
22330499
22330475775
2233045
2233042
22330361
223303
2233022720
223301r
223301
2233*
2232zpgtq
2232tm
2232ss
2232pinpinut
2232mnb
2232mags
2232ju
2232gift
2232film
2232dj
2232ch1
2232bones
2232acdc
2232ACE
2232993
2232975
223297
22329667
22329635
2232960
223295
2232947
22329445maryfvr
223294226126
22329225
2232913
223291
223290463
22329007
22328991
22328943
22328835
2232880
2232878
22328654
22328597
2232841281628199
2232836
223282758
2232824
223281
22328054
22328
2232795
2232785
22327784tato
2232772
223275jay
2232752
2232742m
2232739600
22327362
2232728
2232722327
223272
2232712
22327042
223270
22326TRB
22326943
2232692
22326891
2232672
22326677
223266581479
223266
2232656919
2232646
22326419
223264
223263632
22326333
223263
2232621
223262
22326185
2232610
22326097
22326012
2232585122325851
22325762
22325594
223255
22325432cm
2232540
2232539
2232534
2232531
2232528
223252218
2232520
22325111222333
22325087
2232505922sra
22324968
2232487
223248
2232472
2232465
223245963
22324578
2232449
22324415
22324363
22324321
22324168
223241
223240
2232379
2232376
22323663danna
2232360
2232356d
2232350
2232344
2232342
2232333s
2232331
22323272
22323232232323
223232254
2232319
2232310
2232300
22322derf
2232299
22322911
22322829
22322756841
22322728dora
2232263147
2232260
2232255
2232251478
223224ra
223224797111
223224200
223223j
2232237
223223223
22322262
2232222322
22322183
2232210
2232207crh
22322005
22321904
223218yl
22321767
22321677
22321619
2232157
223214MAsrMIRI
2232145
223214166
2232135kb
22321295
22321254
22321232528
2232122278530688
2232118
2232116
2232113
223210jg
2232101a
223210123
22321008
22320dmg
22320946
223209
2232088588
22320779
2232076321
223206ness
2232055
22320446
22320434
22320409
2232037
223203
223202330237
223201
2232007
2232005,
2232004
2231xx
2231sjr
2231poo
2231mv
2231lizz
2231jw
2231jdjd
2231iuqa
2231cad1
2231aaaa
22319965
2231994LJ
223199259
2231989ib
2231987m
2231983y
2231982kst
223198
2231976
2231975
2231973
2231969bru
2231963ka
22319622
2231957
223194779t
223194
223193
2231919
2231918
223191342
22318b-ri
223189275
223188d
22318643
2231844MIMI
2231841
22318300
2231824
22318223
22318155
223180869
22318007
223179
22317767
223176789
223176
2231751m
2231745
2231738
223173
22317118
22317004
22316995
2231678
22316659
22316623592
22316563
22316427
22316366
223163
2231623
22316192
2231614
223160218
22315825
223157812243545
223156789
223155158
223155
2231546l
22315452255253
223154
2231536
2231531
22315220
22315160
2231513597
2231501
22315
2231499
2231481
22314713
2231469agnes
223146
22314594
2231455dp
22314470
22314439
223143crcs
22314352
223143
22314211mmmm
22314155
223140kdt
22314
2231399
2231384
2231375
22313716
22313619
2231358
2231349
2231345
2231334
22313282atos
22313241
22313165
223131013
2231309
223130735650
22313048
2231303
2231300
22312baby
2231298
2231295
22312930
223129
223127sonso
223127jpv
2231275
2231268M
22312632
22312518
2231249
22312445
223123a
22312345
223122929h
2231226
2231214
22312079
2231207
2231201
22311k
22311991
22311914
22311875
2231177
22311720
2231171
223116812
2231165
22311632
2231157
223114vr
2231130
22311244
22311202
22311122
223111050
2231100
2231098409
22310925
22310884
2231081978
22310766
2231070
22310618
223105678
2231053542
2231051633
2231049
223104549
2231044561
2231043776
2231043297
2231039173
2231038237
2231036275
2231036
2231035536
2231032
2231029577
223102534mint
2231024071
2231023096
223102231046585
2231021902
2231020607
2231019
223101673498620
2231015
2231013086
2231010191
2231007
2231005
223100392
2231+jang
2230zweaw
2230vs
2230sayenka
2230paoole
2230nulla
2230milca
2230landy
2230jsk
2230jbig
2230delfinsoca
2230chuck
2230bebito
2230a
22309928mygg
22309890
22309813
22309714
22309571
22309443
22309365
22309302
223092530
2230919
2230911
22309079
22309044
22309036
2230902
22308ily
2230897
2230888
22308805
22308712
22308672
22308497
223084
22308320
22308290
2230827
2230818
22308082194
22308
22307larry
22307DK
22307751
223077
223076
22307495
2230741
2230735
223073
22307234
2230721
2230718
223070bp
223070515101993
223069dl
223068497x
22306732342331
2230669
22306632
22306601
22306541,teamo
2230652
22306417
2230632amor
223063
2230623
22306226041094
223061
22306055
22305N1
22305894
2230570
2230565452
2230537
22305227745
22305202
223051722
22305052
2230488
22304833
223047aa
22304725
2230471
2230469a
223046
22304520
22304436
2230441814
2230436
22304326
2230429143
2230415
22304113
22304053
2230400201
2230400023061
2230396
2230391
223039
22303803
2230378
22303751
22303717
2230363
223035426013520
2230349
22303403
22303377
22303294
2230323t
22303096
2230303
2230301
22302j
22302987
2230293
223028teamo
2230283
22302720
223026890++xin
22302618
22302531
223024r
223023mm
22302354oslec
22302325
223022jh
22302275
2230224l
22302232
2230221
223021910
22302134
2230204082532
2230200016959
22301j
22301976
2230192
223018743
2230182
2230175
22301747
2230174
22301705ER
22301689
2230159moises
223015400
2230150
22301499
2230146
2230139
2230132
2230125
2230120
22301125
2230108
22301025
2230101302
22300989252
22300965
22300937251
223009018
22300889304
22300796020
22300738261an
2230070
22300617
2230055/
22300526
22300522
22300438854
2230042285
22300408
22300390030
2230036
2230033
2230030827
22300266974
22300222
22300203
2230018
22300161
22300111
22300100
22300036732
223000083161
2230.1920d
223/78
223.janet
222zzz
222zpklrff
222zdycq
222yyldf85
222yanie
222y22
222wii
222wfd2
222von
222vbzxz49
222uwish
222turtle
222tululubell222
222tttt
222tri
222tnprp
222titties
222tde
222tac
222szza
222sun
222sssyyy
222spider
222snap
222showdo
222s3xyy
222ryan
222rod
222rob
222rick
222rggnk58
222reef
222real
222prn
222princesscandy
222playa
222pine
222pati
222p521d
222oom
222old
222ogarkov
222off
222nvavd26
222nnn
222myersstreet
222mun
222mop222
222mmm
222mizy222
222mireya
222miley
222micorazon
222megann222
222mayo
222masd
222main
222m2f
222loveu
222love269
222lola
222liv
222legnasirk
222lan
222l555
222kute
222krew
222klz
222kkk333
222kiss
222kina
222kelrae6
222kalana444
222jzjbl9pjz91
222juan
222jordan
222jiayi
222jeff
222jax222
222jarquin
222iks
222hotts
222hot1
222hi
222heroes
222heidi
222hallo222
222gurensen
222good
222geg
222g23hv
222fyr
222forever
222fly
222ff144
222feb15
222fabio@@@90.
222exodia
222eta
222erick
222engelpearl
222emo
222ellateobserva
222eee
222dragon
222dlkp777
222dindin
222deuce
222deems
222dallas
222d2dfrent
222cooldude
222cool
222cole
222clw
222clk
222chi
222ch3
222cece
222ccc
222camel
222bway
222bp
222bobo
222bel
222bar1991
222baller
222baby
222anna
222ameria
222alisah
222aleale
222adrian
222abc222
222aaa222
222aaa
222a1965
222_UBX_1337
222_555_mun
222_222
222WGB
222UNION
222TLAZZ75
222SNM
222SHIV7
222Punk222Rock22
222OKE
222MONEY
222L22
222JILYWILLY
222FRV
222EIBER
222Diosteamo
222CLM$
222CANDY
222BAM
222AOL
222ADI
222AAA
222@deuce
2229w17th
2229tobito?
2229sr
2229sh
2229ry
2229pamonita
2229ms
2229lee
2229kwang
2229jenny
2229jb
2229jak
2229ib
2229girl
2229ffd
2229de
2229casey
2229ap
2229ak
2229ab
2229PO
2229KENT
2229GURL
2229DD
2229CYBILL
22299gc
2229998
222999.
22299666
222996
22299578
222995
22299419
222993
2229903
22298ts
22298926
2229875
22298541
22298488
22298293
22298285
22298243
22298186
22298166
22297a
2229791
2229781
2229755
222975258
2229747
22297412
2229731
222971546
22297075
222969a
2229679n
222967669
22296707
222966
2229653
2229651438
22296378
2229631
22296293
222962425
2229610
22296099
22296040
22296019
2229595
222959
22295695
2229566
22295590
22295532
22295464
22295397
2229539
222953684
2229535
2229529766
22295246
22295183
222950
22294k
22294926569
22294906
222949
22294875
222947CHE
2229465
2229462
222944
222942
22294189
2229402
22293g
22293932
2229388
22293808
2229378
22293760
22293670
22293542
22293449
2229322
22293103
22293053
22293043
2229302
22293007
22292961
22292929
222929222
22292889
222928560
22292828
2229280705
222927480
2229271311
2229269
22292604
22292568aldrin
22292563
22292534
22292532
22292517
22292477
22292459
22292439
22292388
2229231
222922by
2229224
22292165238201
22292131
222920akn
22291ydnac.
22291nb
22291a
22291966
22291915
22291720
2229155
2229148
22291289
2229122291
222911737
222911039189noidoi
22291084
2229104k
22291039
22291018
2229093a
2229091101
22290869
2229081
22290795helen
22290785785
2229073
22290692xx
22290644
22290640
22290553
222905049289
2229041
22290377
22290313
22290230
222901am
2229009
22290042
22290006
22290002229000
2228w101
2228uxftd
2228tac
2228sa
2228mercierst.B
2228m
2228kq
2228jin
2228deb
2228burnside
2228avril
22289ilovesean
2228998
22289717
22289609
22289464
22289412
22289368
22289346
222893
22289220ricardo.olivo
222892
22289119
22289063
22288p
22288edz
22288993
2228892
222888t
222888F
2228888
22288852
2228872
2228869255
22288530
22288334
22288208
222882
22288156
22288126
2228805
22287c
22287935
2228792
2228777
2228770
22287626
22287578
22287552
22287523
2228751
22287465
22287434
2228736
222873
22287289
22287240
2228715
222869m
22286981
22286960
22286850
22286826
2228681
22286770
22286533
22286474
22286454
22286366
2228631
22286222
222862
22286197
22286138
2228610
22286069
2228582
2228560
22285546
2228551
22285469
22285367
22285237
22285211
222852
22285163
22285131
2228504
2228499
22284816
222847485625
222846
2228444
2228436
22284326ihe
222842
22284103
22283kr
22283920
22283881
22283638
2228361
2228342
22283358
2228332k
2228325
22283216
222832001
22283163
22283124
2228298
22282931
22282923
22282914
22282868
222828541
22282845
222828222
22282582
2228257
22282547
22282531
22282526
222824popuryonl
22282408
22282324
2228231810535025
22282272
22282254
22282211g
2228213@123
222820vs
222820
22281989
2228188
22281802
22281781
22281705
22281650
22281451
222814
22281234
22281116/6m9
2228110
22281013R
2228098886
22280831
2228072
22280704
2228055
22280460
22280405yoisey
22280386
2228023254
22280127
2227xi
2227us
2227tayu
2227rm
2227oizmv
2227milili
2227lm
2227joy
2227eg
2227cl
2227allmine
2227a280-1069
2227EN
22279919
2227971
22279519
2227949
22279354
222793
22279289aph2o
22279187
2227917
222790m
22279065
22278ok
22278932
22278891
2227881
222787PINT
2227872
222786957
2227860
22278508ep
22278441
22278277
222782
22278156
22278056
22277sp
22277l
222778lt
222777999
22277770hm
22277719871030
2227764
22277568
22277474
2227744
22277225
2227714
2227701
22276953gui
2227671
22276664maru
2227642
2227619417025852
22276151
222761
222760
222759640
222756
22275500619
2227548
22275231
222752
222751
222749
2227483
222746k
222746
22274546
222744
22274300
222742013
2227405
222740051
22273bt
222738b
222738
22273650391
22273447
22273232
2227300NIAZI
222729god
22272925
2227262
222725899999333
222723melkmelcyjey
22272269
22272227a
22272180
222721589684
22272135m
22272013
22272
22271987
22271615
22271525
22271492
2227132
222712cdtr
2227116
22271114
222709fapuypame0
222708jose
22270513
222704vb
22270400
22270311
222702009s
2227015
2227010
2227009
2227005
2227000
2226yztnaj
2226ray
2226pvps
2226muw
2226liss
2226hb
2226bomber
2226az
2226amor
2226TEAMOMUCHO
222698
2226968
22269458mcvt1966
2226928123
222691972323388z
2226914
222690joe
2226902
22269
222689774
2226894941065
2226878
22268666
2226865
2226856
2226842
2226834
2226817
222681
22268099
222679
22267879
2226748
222674
22267107
22267-l.c
22266890
2226687
222667010
222666k
22266699
222666333azoozmm
22266633
2226655Cp
2226647
222663272
22266263
2226615
22266048
2226602GD
22265am
2226586
22265653
2226562
222656
222655
222654
2226530a
22265117
222651
2226505
222650
22264955
2226473
22264449
22264433
2226431
222642
222640511
2226381
2226374
2226363212
2226362
22263521
2226349
222634
2226335
22263308
2226327863
22263234
22263079
22262aj
22262930rockyou
2226290
22262786
22262729
22262710
2226263
2226262
2226258
22262555
222625
222624*010
22262314
222622m
22262229
2226216
22262111
22262
22261991
22261981
22261913
2226181B
22261749
22261710
22261629
22261571
22261527
2226135
2226122
2226113
22261118
22261017212
22260999
2226091703
22260910
22260859
2226070
222606
22260508
222604459B
22260368BOBO
22260324
2226030934
22260222600
22260216
22260125
22260
2226
2225sexykamama
2225qnqqs
2225pao
2225nl
2225louan
2225kobby84
2225kaki
2225hoe
2225emie
2225curlew
2225a-
2225ANNA
2225992
222598
22259712
22259658
2225959
22259444
2225927
222590
222589nan
2225893
22258859
222586-
22258521
2225847
222583991
2225831
2225820925
2225811
2225798seba
222579
2225785
2225779
2225775222
2225744
2225736
22257277
22257
222569999
2225696
222569
2225687
222565
222561992
2225610
2225606
22256017
2225591
2225588
2225577
2225575
222556p
22255674
222555n
222555ggg
222555aa
222555777
2225556
22255544
22255536
2225552
22255414
22255322
2225530
2225501403
22254ang
222549000
2225477
222547
2225452
22254403
222543
22254100
2225408
222540237825
22253978
2225391
222538*27
2225376
2225358
22253557
2225341
2225328
22253249
222530a
22253029
22252a
22252900
2225283428326615
2225272974
2225265
22252627j
2225262
22252535mujiyd
22252526
22252426
2225237068
22252343
22252288
2225227
222522556
2225222252
22252170me
22252120
22252103
2225206
22252008
2225187asgard
2225185185
2225182
2225174
222516irving480
2225165485
2225163854
2225159
2225147tw
22251423
2225142
22251280
222511ss
2225118
2225103
22250rem
22250958
2225088
2225075
2225070208
2225063084222189
222505lg
2225052531
2225050006
22250488
2225040694
22250222
2224u2
2224shi
2224rcmmmm
2224ms
2224mi
2224kimberlydrive
2224jb
2224isa
2224ib
2224hotie
2224grillo
2224ajjjc
2224CF
2224993
2224989
2224985ss
222498
22249688
2224958
2224949507
2224939319
2224933
2224930
222492july
2224925507
2224921544
2224911
2224908gg
2224900
2224897
222489
2224875
2224862
222485
2224843
2224839
22248314
2224824
222481
2224798
22247879
222478336
222476
22247481
2224715981
22247051
22246q
2224695
222468953
2224684
2224672love2224672
222466223636371451
2224657
2224653309
2224647297
2224641f
22246333
2224628
2224626
2224620
2224610130mormia
222460480
22245928
222458lupe
2224585
2224571
222456b
22245646284182
2224562
222456143
2224559
2224557547
2224542
2224536
22245236936
2224516
22245030
222450
22244gbvsg
2224493
2224485
222448078*
2224474722
222447
2224466688
2224465144
2224457
222445
222444c
2224447
222444666hm
2224445559
22244444
22244427772
222444222
222444000
222442nd
2224428
2224424317
22244230
222442
2224412243
2224406
22243986
22243858
2224362768
2224358390
22243525190
2224343866
222433ap
2224325
222432
2224314
2224306d
2224304
22243015
22242A
2224282694
2224281996
222427tuna
22242685
22242644
2224262801
2224262729
2224261306
22242600
2224259938
2224259
22242526
22242511
222424g
2224248
22242422
2224238
2224230jp
22242227
222422242224
2224220833
22242189
22242150
22241der
222419999
2224192
22241905
2224184
222418-TCH
22241712
2224161
22241518
2224142
22241313
2224130
2224129214546
22241198
2224115
222410abpc
2224104664
22241010
22240edgxg
22240802
2224065
22240606
22240594
22240492
22240427
2224039
22240235
22240212
22240112
2224004106
222400
2223wv
2223tj
2223taron
2223pj
2223oooo
2223nsrl
2223may
2223lb4e2g
2223kissme
2223jonjaremy
2223jank
2223ghb
2223deagosto
2223bordador
2223bev
2223aw
2223ashley
2223VL22
2223ABCD
22239941
2223982
2223978
2223960
222395
22239318
2223929
22238962
22238876
2223880
22238716
2223865
2223857dan
2223855
222385
2223828
2223823
2223814777
2223813
2223803484.
222380
22237m
2223795
22237881
2223780132
2223765
2223756
2223747989
222373
22237193
2223712181
222369r
2223697745
222368823593501
2223680
222366230283
22236533
22236446
2223637212
2223633
2223622C10
22236109091
222360882
22236045
2223602
22236
2223582sevgi
222356855292
22235625
22235581
2223554430
2223552
2223543
2223537m
2223525716
2223511
22234pup
2223499
2223494
22234812
222347
2223463
222345lll
2223456
2223450
2223442185
222343888
2223428
2223424
222340huala
22234019
22233m
2223379
2223376
22233730
222337
2223367
2223360
2223356x
22233555
222335
2223345
222334
222333j
222333ale
222333B
22233382
2223337
222333666
222333555666
2223333444
222333000
2223324
22233222
222332113
2223308
22232b
22232930a
2223293
222328rh
222328dublin
222328J
2223286961
2223285
22232818
2223281
2223275839
22232729
2223272227
2223270
222325a
22232551450
22232536
2223252628
22232520
222324n
2223244131
2223243399.
22232429
222324252600
222324/09/2006
22232376
22232329
22232322
22232301
22232271
2223223
22232223-mine
2223212
2223205
22231990
22231980
22231973
2223193
22231905
2223189
2223188
22231707boca
2223166902
22231623
2223155427
222314babyanelle
2223144000
22231417
2223136
2223132
2223122522
22231218
2223120
2223118
22231111
22231108
22231095
22231082
22231010
22231007
222309l
22230905mario__
2223086436
22230823
22230813
22230782
2223073533
22230709
222307019291
2223064950
22230603
2223050564
222305+9912326
2223034205
22230203
2223019m
22230104
2222zulma
2222wwww
2222wwe
2222wilson
2222wa
2222tt
2222ton
2222tj
2222thebuilding
2222shorts
2222sar
2222ryn
2222ruby
2222roxy
2222roland
2222rex
2222rbb
2222pool
2222oooo
2222oi
2222nm
2222morton
2222mo33
2222mm
2222marypat
2222lovers
2222liliana
2222kjh
2222kids
2222iag
2222holasoyyo
2222hijos
2222heslo
2222hanif1
2222gydty
2222good4u
2222fong
2222esther
2222eee
2222e15
2222drhh
2222dad
2222ct
2222ccCC
2222candy
2222bubba
2222bl
2222bill
2222bat
2222babu
2222asd
2222anabel
2222amor
2222aa
2222XX
2222VELEZ
2222UJANO
2222RLS
2222PR
2222L
2222DOG
2222CC
2222@69
2222994455
2222987
2222980
2222979
222295
22229320
222293
2222926
2222920312
2222916
2222910
2222908
22229008
22228k*
2222896
2222888
22228757
222286najera
2222860910
2222858
2222846
2222841
2222836
2222830
22228241
22228192
2222810
22228008
2222793
2222781877
222278000
22227799
22227771478
2222774222
222277012
2222760
22227534grand
2222739
2222737
222272721975
2222720
2222716
22226chris332
22226771
222267
2222668
2222662
2222656
22226383
222263
22226262
2222600
22225ss
222259
2222584
222258232
222258
22225728
2222568
2222567561jhosVR
222256553
2222560
2222552
22225499
2222540
222253498
2222534
2222531ibtisam
2222530
2222528
222252525
22225239oo
2222515
222251
22225040
22224995
22224968
22224952
2222484
22224600
222245121982
222245
22224450
2222444668
2222444
2222430
2222410
2222407
2222396844102812
2222391
2222384
22223724712
22223669m
22223547
2222346
2222336
22223333ma
2222332947
2222331
2222327
2222322kyndel04
2222322
2222312
22223030
22222y
22222vh
22222trilce22
22222q
22222p
22222ned
22222mksv
22222lati
22222faisal
22222S
22222L
22222:a
2222299
22222912
22222909bb
2222288888
22222813
2222277
22222711
2222268
22222665
2222263001
2222259
222225555588888
22222548
22222533
22222500
22222425
222223333366666
222223333
2222231
222222watcharapol
222222ta
222222sexy
222222rr
222222rasheed
222222pp
222222n
222222m
222222lf
222222jgkl1
222222hi
222222el
222222bosanac
222222\\
222222RL
222222D
222222888
2222228111991
22222273
222222555555
22222233
2222222t
2222222qq
2222222palo
2222222meda
2222222V
22222229sittar
2222222708
22222222q
22222222g
222222229
222222222s
222222222d
2222222222r
2222222222222222222222222222222222222222222222222222222
22222222222222222222222222222222222222222222
22222222222222222222222222222222222222
2222222222222222222222222222222222
22222222222222222222222222222222
2222222222222222222222222222
222222222222222222222
22222222222222222
2222222213
22222221
22222215
22222208
2222220
222221b
2222212
22222111
2222206
22222022
22221982
22221966
2222195
22221818
22221776
2222175
222216b
222216331
2222161
22221589
22221412
222213a
22221340
2222130*9
22221234
22221222222
22221212121212
222211w
22221178
222211114444
2222110
2222105
22221021
22221010
2222096758
2222090
2222079272
2222072026
2222063
2222060
2222058
2222055848
22220492
22220479
2222032155
222203
222202s
222202803
22220252
2222021
2222012116
222200rr
22220079
2222000
2222.3589
2222*2
2221tu25yo
2221raq
2221nz
2221mns
2221kim
2221jeff
2221j
2221da
2221bobolink
2221agosto2207
22219leo
2221995feb
2221993m
2221993dl
2221991a
222199
2221984Espetito
2221981741
222198
2221978
222197552
2221970
2221966
222196
2221958
22219568
2221949066
22219478
222194
222193
2221916416
2221908
2221905
2221898021
2221891
2221871
2221861
222185t
2221851
2221847
2221842
2221810
222180hh
2221803
2221789
22217852402963
2221778
222177346
22217611
2221755_1993
2221755
2221748053
222174
2221733799
22217214
222171a
2221709
222170
222169997
2221698
22216959
222169
22216719
2221667
2221660
2221655
2221641sossa197
2221633903
2221622
222162
22216137236
2221612
222161
2221601503
2221595
2221575495
22215605
2221556477
2221555
2221547266
2221544oscar
22215351
2221530114477
2221529791
2221524889
2221515
2221510
2221507906
222150
22214983
2221482413
22214789
22214747
222143764
2221429040
2221421132
22214140
2221412
22214082
222139
2221376a
2221369
2221366589
222136
2221354219
2221351123
222135
22213473
2221344342
22213333
2221332412
2221328
2221327107
22213241
2221313
2221304
2221299
2221297l
2221293
2221280067
222126453728033
222125k
22212579
2221257
2221249798
2221243721
22212309
2221229
22212223
222121992
22212155
2221212222
2221206011
22212053ched
2221204013
2221200
22211975
22211968
2221196
222118zu
22211786612436543
2221175096
2221173
2221168
2221162009
222114794
2221142m
22211410
22211371
22211350
2221133mn
2221130717
22211232
22211175
22211134
222111237
22211110
22211075
22210bnj
22210991
2221086221
22210831
222108
2221079268
2221078385
2221074676
2221072
22210705
22210524
2221051145
2221043736
22210405
222103p
2221037308
2221035
2221034072
2221030588
222102ck
2221025157
222102071124
2221018
2221015
2221011666
222101
2221005344
22210045
22210002
2220vg
2220piglet
2220milkshake
2220hogpen
2220ehugg
2220amor
2220RB
2220999
222099
22209852
2220966
222095
222094
2220924
2220918
22208MA
2220882
2220868
22208619
2220846834473
22208329
222083
2220823sammi
2220813913875
2220801950
22207va
2220793
2220788
222075
222074
22207224
2220711
22207
2220696
222069061992
2220689
22206789
2220675
22206693
2220657452
222065
2220647
22206330
222063
222062412
2220619
2220611
2220606
22206033
22205s
222059
22205827
22205716
2220565_N
2220564
2220552
222055
22205381
2220531
2220518
22205089
22204mj
2220470aa
22204502
22204461
2220434
222043
2220428
2220414
2220406
22203i
222039
2220385
2220379
222035620
2220350
222034
2220336
2220333
2220322
22203135az
2220311
2220304
22202npmwy
222029
22202892258
222027777
2220260
22202570
22202526
222024lg
2220245
222024
222023880
2220236019122966
22202307
22202213
222021
22201cj
22201972
2220195
2220182
222017rk
22201738**
222016355
2220159
22201440023842
2220142
22201406
22201317
222012a
22201227
22201213
222010902
2220102
222010
22200naing
2220099
22200942
2220088
222007m
222007239
2220071006JIME
2220065homephone
2220061671
2220052
2220045
22200430
2220033
222003043
222002447
22200222
222001982
222001267
222000mberk
222000eee
222000365
2220+0
222/26
222.jesus
222.78.75
222-7520
222-0830
222*la
222   222
221wls
221wade
221unlv
221tutini
221tai
221state
221soto
221skaye
221scr
221rhea
221race/
221palomita
221obt
221nelson
221marley
221lyrics
221lutonroad
221loca221
221lex
221kel
221jmt94
221it934
221ihateyou
221hotmail.com
221gp
221elmst
221drfeef
221dopeboy
221demayodel2007
221chris
221camel
221c6039
221bsh55237
221blkbrd
221bellen
221bbaker
221b80c
221av3809
221anson
221abc
221YANYO
221MAIDA
221BFH
2219uwgsd
2219tlh
2219louis
2219jmkimmegan
2219ja
2219gthy
2219dq
2219cruft
2219brandval
2219VICKY
2219IRONMAIDEN
2219FKL
2219998
2219994
2219990am
2219990
2219976
2219970x
221996sofia
221995kd
221995jose
221994w
221994sept
2219949861
2219943181*
221993tes
22199311
2219930
221992alejandro
221992442
22199227
22199215
221991andreitap
22199177
2219914
22199107
221990a
2219904171840
22199018km
22198taylor
2219898123
221989777
2219890922gato
221988chema
2219884721988477
22198789
22198722
221986s
22198662mr
22198656929381
221986250657117
221985b
22198581
22198567
22198524
221985%
221984nn
221984b
221984NN
22198420
221984013506188
221983princesa
22198384
221983.
2219824209211
22198229
2219820
221981a
22198102
22198096
22198028
22198009
22197DIANNE
22197891
2219784790
22197709
22197668
22197590
2219749
2219740
2219729
22197251
221971roka
2219707
22197040
22196snow1
2219692
22196730
2219652
22196514bck
2219643111622
2219632
22196282
2219621
22196082
22196043
221958pj
2219581
2219568
22195362
2219531
221951
2219502
22194j
2219492
221948
22194663557274
2219455
221945057436
2219442
221942n
2219424
221941140
22194000
22193s
22193naz
22193935
221938
221935mp
2219353
221933ks
2219331
2219316
22193110
22193013
22192x
22192a
221928lovelykate
2219289
2219281
2219277
2219259
22192532
22192527
2219243
221923
22192221105
22192219
2219220
2219217x
22192111
221920cej
22192055
22191teo
22191cmg
22191999
22191969
22191913
221918*
22191714
22191679
22191623
221915
221914538
2219132
221912dadn
22191245
2219121
22191194
22191110
221911
22191009
2219095
22190920
221908juli
2219083
22190813
2219075
22190584
22190552
22190501
22190452
22190430
22190346
221903
2219025d
2219016
22190128
2219009
2218zye
2218ocr
2218mylowes
2218ml
2218lene
2218ka
2218fenomen
2218ccq
2218apyang
2218VE
2218Angel!
22189917
221896113
22189594
2218947
221891yeyekid
221891e
2218911
22188RDBIGGIE
2218858
2218843
22188281
22188233
22187k
2218798
2218792
2218780
2218775h
22187716200404269769667yamiyamistarbeiap
2218762
2218759
2218727
22187222539
2218715191
2218701
22186diggity
2218694909
221869
22186789
22186720
22186593210
22186361
22186329
2218629
22186236
2218616
2218611
2218601
221860
22185brasil
221859
22185788
22185722
2218564
221856
221855
221854236422
221854
2218526
22185152
22185022
22184a
221849
22184641
22184595
22184555
22184535
2218448043517172
221844030
2218437
2218419
2218414
2218405
22183yoy
22183961
221839
221837
22183636
22183537
22183385
2218333
22183271
2218323
2218315
22183002
22182943
22182890
221828
221826canab
221826118
22182584
22182528
2218252
22182489
221824100
2218239
22182218b
2218219
221820a
22181985
22181942
22181926
2218189
2218188
2218185
2218171
2218170
22181601
221814d
22181371
2218135179
221812ab
22181267
2218123
22181218
22181160
2218113
221810783
22180v
2218096
22180926
2218092
221808619
22180774chin0
22180740
22180719
2218061987
22180392
22180351
221803221803
22180313
22180222
221801274
2218010120
2218-1994
2217silla
2217nancydr
2217mh
2217maria
2217lov
2217kkf/
2217formiguinha
2217e
2217cs
2217N142
2217HoNey
22179rkGI##
22179emb
22179897z
2217985
221797
22179640
2217956
22179324
22179153
2217901
221790
2217891
2217881
221786873d
221786
221785
22178420
2217813
221780367
22178
22177882159
2217785
221777
221776
2217752
2217730
2217724
2217723469
2217712
221769789
2217687
2217670
2217660
2217656
221763994722
221762143
221762
22175jy
221759
2217577
221757
22175588
221755
22175417
22175246
22175140238
221751
22174c
2217491.i
22174769
22174702
221744
2217416
2217404
22173ms
2217381@#
2217376
22173536
2217343ss
221733032
2217322
22173166201
2217309
22173001206795
2217292j
22172907
22172704
2217269
2217264
22172571
2217251727
22172362
2217230
22172225
22172124
22172042699220
2217201
22171984
22171974
2217188890
2217185
221717699
2217164
2217149
2217133
22171311
22171232
221711098283
2217101
221709cleonice
2217086
22170685
22170608
22170522
22170431
22170362217036
2217027
2217022
2217016
2217008
2216ry
2216qw
2216oses
2216john
2216hy
2216elcintmc
2216avers
2216SEXrey
22169j
221698!cb
22169648
221694a
2216940
22169390
22169143
221691
2216867
2216845
2216838
22168317c
221682/
22168166
2216808
2216802
2216788
2216785
2216780
22167732
2216762
22167419
22167383
221673524
22167297
2216725
2216721
22166914
2216687
221666932
2216652
221663
221661749
22166130
221661
2216600
22165918
2216587
221657
22165641
2216557
2216545
221653
2216520
2216519
2216510
2216503
22165010
22165003279325
22164993
2216494
2216487
2216479
2216474
2216452
221644766
221643091012
2216423
2216412000
22163b
2216392
2216368
2216363
221636
22163481
22163453
2216341
2216331
22163292
22163234
2216321
2216319m
221631418
2216293
2216292
2216285
22162812
221626zm
2216261
22162526
22162316
221622inlove72
22162217
22162006
22162
221619jossytkm
22161984!
22161973
2216193
22161916
221618b
2216182101
22161813
22161725
2216171
2216156
22161513
2216149372
2216141
2216131
22161222
22161160
22161125
22161107
2216102panal
22160839
22160804
22160575
2216050111
22160392
2216021327
22160128
2216010
22160030
2216.23
2215sasha
2215rosado
2215nose
2215mnb
2215mikeyanne
2215love03
2215lhen
2215js
2215ibis
2215fernandom!
2215dede
2215crouch
2215bryce
2215belanger
2215bb15
2215as
2215andrew
2215aa
2215BEAN2
221599a
221597cha
22159687
221596
2215949
2215941
2215936
22159283
22159269
22159228
2215911+*8
221589!
2215889
221587461
2215868
2215845
2215813484
221581
2215808smd
221580133
221579657
22157890
221578
2215772
22157585
221572832luis
2215723
2215722
2215703
221568
2215656120
22156520
221564
221563487
2215630
2215620
2215602
221560
221559swe007
22155965ma.
2215577
2215567
221555
221554887
221553
2215526
221552
221551
22155
22154a
2215487
22154792
2215474
2215469
2215463
2215461
221544445
22154425
221544
221543
22154228
22154222-
221542110
221541
221540
221539
2215385
22153601974
2215354
221534
2215337
2215332
2215314as
221530m
2215299
221529
22152814
2215271417
22152664
22152530
22152525
2215251818
22152425
22152417
22152275
221522446205
22152215d
2215214
221520gjda
22152008
22152002
22151988
22151981
2215191
2215189
2215183
221517
22151618
221516
2215157
221514jmd
2215142287
2215141113971
22151373
22151327
22151304
2215125
2215123
2215122
221511mo
2215111
2215106zx
22151.
22150kmp
221509d
2215088
22150746
2215070
221506704245
2215064
22150510
2215032
22150213482268
2215013
2215005
2215001
22150-home
2215
2214tyson
2214red
2214nanito22
2214mean
2214ky
2214kf
2214ic
2214erc
2214drew
2214cucamomma
2214cg
2214bd
2214annie
2214ADDD
221499
22149890
221498495
221498
2214969
2214964
2214957710
2214949
2214935
221491
22148kuan
221489925
2214896873
2214888
22148729
221486569
221485nh
2214848
2214830
2214810
22148048
22148
22147950
2214789
2214775?al
221477
2214760
2214758
221474o
2214741
2214725
221472
221471
221470202
22146thomo
22146979
22146911
2214681
2214676casa
22146723
2214668
2214653
221465
221464
22146371
221462
221461
2214606
221460
2214599
2214592
221458879
2214584
22145782
22145768
221457
2214568
2214563987
221456221456
2214552
22145496
2214536
221453
22145211
221451985
2214511881
2214509
2214502
2214500
221449224
221448275618
2214474011
22144695L
2214465
22144578m
22144532261132
2214443
2214437
22144287
221441y
2214411
22143950
22143888
2214386
2214381
221437
2214367
2214357
2214347
2214344
2214337
22143332
2214325
22143217
221432
2214311
2214306
2214298moo
2214289
22142866
22142781
22142689
221426609
22142526
221424rg
2214240
2214234
22142317
22142266
2214222
22142215
22142202
2214214
2214211424732
221420ccw
22142028
22142001653900
221419ml
221419J
22141989
2214197
22141922
22141910
2214183
2214171
22141619
22141522
2214144
22141328104
221412386832
2214122528
221412141
2214119
2214112589
22141102
2214105
2214101
2214083
22140819
22140812214081mw
22140808
22140757e
22140678
22140627
22140619
2214053
2214050jan
2214050
2214034
2214020miperroeslindo
2214018795
2214
2213ucd
2213sex
2213rk
2213partymusic
2213mig
2213marion
2213kandy
2213il
2213freshmanadn
2213dior
2213ass
2213RUBY
2213K415
221399plus103195
2213989
2213979
22139698
221395633
22139496
221394114388912
22139330667
2213930
2213918
221391
2213901
221389
2213886449
22138680
2213859j
2213856095
2213841
2213831
221383
2213821
221380
22137916
2213787
2213779
22137608476000
2213725
221372
22137122
221371
2213702
2213689
221368
2213666
221365cr
2213657
2213655k
2213646
22136327
22136125
2213601
22135989
22135869
221357
2213569
2213565
221356
22135546
221355
221354669
22135401
2213529
22135249j
22135181235
2213512
221351
22135019
221349t
22134887
221347t
221346123
221345874569
22134545
22134408
221342analaura
22134225
22134181
221340m
22134088
22134054
22133e
22133845
221338
22133636
2213358
221335
2213349
22133425
22133393
2213322
22133218
2213317
2213304
2213300274
2213285
221327
2213268
2213258587
2213253
22132504
221324anita
2213238
2213233
221322sccc
2213225Jen
221322285
221322221322
221321P
221321554
2213213
2213210
2213205+
22132009
22131996
22131990
22131900
2213184
22131808
2213178
2213175
22131705kiss
22131635cff206
221315k
2213154
22131509
221314755
221313g
22131355
2213133
22131239
2213122788
221312221
22131196
22131110433
221310129
22130987
2213096
2213093boy
22130906
2213084
2213078
22130717
2213069
2213060
2213051285
22130506
2213047
22130403
221303hello
2213035
22130326
221302mn
2213026
22130227
2213015
22130126
2213010
22130047
22130013
2212yil
2212xatzis
2212wcsm
2212vl5
2212trea
2212strang
2212snowdrop
2212rjb
2212rf
2212pp
2212odv86
2212nt
2212noventa
2212nan
2212n+c
2212mozy
2212miami
2212me
2212mcm
2212lyts
2212loser
2212leos
2212kendra
2212ionita
2212home
2212hap
2212girls
2212ferghick
2212dsa
2212cosmin1993
2212cbc
2212ca
2212bubba2212
2212asnave
2212adamlove
2212ALEXANDRA
2212?
22129p
2212993
2212991
22129898
2212989388120
2212982
221297fran
221295a
221295060791
221294o
221294ale
22129452212945
2212945
221294290394
22129413
221293mv
221293as
22129311
221292benj
22129284
22129270
2212924
221292251293
221292212922129
22129207
221291min
221291cool
2212917
221290spirobela
221290j
221290andre
22129004
221289smurf
221289pb
221289fer
221289deny104
221289Kerri
2212899
22128929
22128919
22128917
221289!
221288a
22128818217
22128800
221287luis
221287l
2212878
22128718600877
221286`
22128682
22128671
221285vero
22128594
221285270186
22128460
221283xic
2212832908leeya
2212831010
221282letmein
22128275
22128201
221281k
22128152212609
221281226585
221281#35#TTT
221280a
2212805
2212794923
2212790
2212786643
221278200183
2212782
2212777786206
221277190983
2212766
221275asl
22127533
221274525
2212737
221272milf
221272824
2212723
221270991
221270322
22127
221269ra
22126969
2212681100happy
2212660160
2212653
22126518
22126422202855
221264
2212634
22126295101
2212621
2212615
2212604
22126010
2212599
2212587
2212582123
221258
2212575
2212573a
2212570
22125655
2212560
2212548
22125409
2212531
221252820486
22125249
2212516
2212513
22125108
2212506
22125021
22125.0gomez
221249tx
2212496
2212480
2212469
2212464038
2212463
2212458m
2212456r
221244303
221243535
221242del
22124212
2212415
2212412q
221241141
22124100
2212405061210
22123m
22123986475002
221239294
22123914
221239
2212379
2212373
221236rrtt
22123619635
221236/
221235619
2212352
2212347w
2212343
22123333
2212322123
221231ptt
22123182
2212316djc
2212312
2212306
22123025
22123010
22122jaja
2212295
221229169
22122911
2212282apolo
22122809
22122782
2212272
221226yesim
22122603
2212260
2212255shopgirl
22122548
22122541
22122533pg
2212253
221225223
22122516
22122513
2212251
22122505
221224k
2212244
221224236
2212240
2212235
2212232
2212225
2212223
22122213
2212221
221221gomes
221221debbie
2212212a
22122121112212
22122112
221220fg
2212208
2212204
22122007nathydopapai
22122006joniel
221220007
2212200
221219yim
221219aam
221219986
22121994$
22121993arianaochoa
22121992n
22121992efrein
22121992aach
2212199224
22121991cp
22121990hssc
22121990941984
221219890439
22121988i
22121987silvia
22121986ua_tarsu
22121986cruz()
22121985012
2212198400
22121982dh
2212198127
22121976iskender
22121971kuba
22121963t
22121959
22121950
22121945erics
22121944
22121918263342
221218snj
2212186
2212171922
22121702
22121688
2212159
2212156
2212153
22121517
221214l
2212144160
2212142212
221214161
22121411
2212135
22121325
2212131905
22121222
2212121
22121205
221211g
221211G
221211924
22121174
2212111a
22121103
2212105
221210112128
22120p
221209kaiser
221208aky ce
221207pyl
2212072311953789758
221206alynne
2212063
221205holly
22120589
22120507
22120487
2212042
22120405
2212039
22120387
22120332
22120215
221202051861225
2212017
2212010
221200mac
2212008tharcho
22120072
2212002
2212001
2212!
2211w101
2211tiffany
2211tami
2211sep1896
2211roxy
2211pris
2211polonez
2211omega
2211nov
2211n1muhs
2211mike
2211mai2007
2211love
2211life
2211leaf
2211kelly
2211jo
2211ibado
2211gd
2211fran
2211emily
2211diana
2211danjal
2211ct490
2211chaneke
2211c16
2211blue
2211bad
2211aqil
2211ali
2211ag
2211LILI
2211IloveLuca2211
2211ARIAD
221199f
22119999
2211996b
221199477
2211992mm
2211992l
2211991505111
22119900cool
221198e
22119888
22119864
2211980
221197cs
2211978j
2211975
221196q
2211965
221196261315
221195crazy
2211959
2211956
22119429505
22119420293
22119418
221193n
221193aw
2211932379
22119312345500
221192925912
221192569
22119222
221191sintimemuero
221191keva
221191et
221191@
221191141091
221191//
221190khx.
2211904
221190123
22119
22118nine
221189karinita
221189cecg/*-
221189CHRISTELLE
22118908
221188n95
221188lizbeth
221188hao
221188ci
22118877ef
2211886
22118833z
22118822554400
22118822
221187n
221186km
221186d
2211865
221185nene
221185CECY
22118545
2211851
221184m
221184Gunn
2211845
22118416
221184020283
221183jdbs*
2211832
221182n
2211823
22118224
221181van
221181!N
221180daniel
22118022
22118--
221178cute
2211783
221178()Isa
221177dd
22117741r
22117718
221176v
2211769
2211761
2211756899
2211755
2211748
221173221173
22117295
2211700
221169z
2211693
2211686-
221166alc
22116645
221166022
22116528
221162j105
221162106
221161d
2211616
22116085
22115th
22115once
2211591T5
22115780
2211575
2211572
221157
22115643
221155aa
22115566
22115538
2211552p
22115425735
2211535
2211530
2211523
221151707
2211511998
22114s
22114bun
2211477
2211475
22114722
221145a
2211457
221144ba
2211446o
221144336655
2211438
2211435kenzi
22114317
22114293
221141989
221141835
22114158sara
2211415
2211401
22114
22113900
22113831
2211374jj
22113698745
22113617
2211357777
2211340
221133n
221133a
2211336
22113347
221133250933
22113311
22113219
22113199
22113192714
2211317
22113123
2211311
2211304437
2211301457
2211300
2211298
2211294
2211291
22112829
22112737
22112709
22112702
221126k
2211267
22112617
22112604
2211255girl
2211255
221125478
22112541
22112539
2211253
2211252337001006
22112517
22112514
22112507
22112505
2211247
22112414
22112408
2211235
22112310
22112302
221122tb
22112277
22112233
221122237
22112211say
2211221
2211220
2211217
2211214
22112121
2211212
2211211
2211206
2211204
22112007_alisson
22112002Ngu
22112000fade
22111998
22111995xela
22111994mv
22111993iva
22111992leslieab
22111991lutfu
221119911
22111990jia
2211198917
2211198715guher88
2211198411
22111983irymichi
221119831
22111980a
22111968
22111954
2211194
22111911
22111870
221118109
2211175
2211171
221116356722
22111603
2211154
22111524
221115
2211149
2211144
22111410
22111357
22111301
22111282
221112211
22111207
221111997799
221111906
221111414
221111111
2211106
22111028
221109271623
221108rafa
221108anemony
2211085992.M
2211080
22110710
221106a
22110630
2211061
221105jack
22110587
22110548
22110503**
221104erl
221104192003
2211039
2211033
2211027382
22110206
2211012303
22110113395m
221100jc
2211009
22110044
22110023
2211002
2211-95
2211*
2211 james
2210za
2210xi
2210vatoslocosganxta
2210teiubesc
2210rock
2210pt84
2210pb
2210oz
2210nj
2210nia86
2210ms
2210ml
2210mgsg
2210lrg
2210lf
2210lee
2210jyplf
2210ig
2210hockey
2210gina
2210east
2210drazen
2210damla
2210cjw
2210carol
2210bryan
2210aveq
2210andre
2210anal
2210amra
2210aaa
2210WE
2210Msj
2210BAILEY
2210AJ
22109mj
22109944955
2210990sonny
2210990989
221098q
2210988
221098619
2210985
2210974
22109725
221097.
221096ilian
22109677
22109631
221096-mc
221095sirah
221095l
22109520
221094isa
2210942
221093lacrimosa
221093221093
22109321532332
22109304
221093+
221092DB
22109268
22109225
22109210
221091nzk
221091j
221091akma
22109172
22109133
22109129007*
221090l
221090eli
22109072
22109017
22109010
22108kayser
221089suez
221089ant
221089CFL
2210898
2210893
2210891
221088mari5057
221088c
221088amor
22108891895590
2210889
2210887
221088241r
22108818876302
221088060686
221087jakelincita
22108777
2210871
221086f
2210865
221085ty
221085nere
2210857
221085221085
221084m
2210847
221084221084
22108402
221083855
221082RLNS
2210829
22108230
22108203354
2210818
22108126
2210812
22108012
22107keith
22107988
22107894
221077laine25
22107630
22107611
22107530
221074kj
2210736
2210722
221071g
22107171
2210707
22106k
22106eb
22106K
221069161
221068
2210675
2210640
22106303
2210628
2210614807039416
2210607
22105m3
221059t
221059144
2210584
22105683
2210562
221055brennan
2210549le
2210549
221054221054
2210532e
221053010
22105256102
2210524
221052007
221051mild
221051115
22105014
22104dalen
2210495
22104919
2210483
22104798
22104700
2210447
221044
22104358
2210432
22104269
22104222
2210414
221041
2210408
22104008687380
22103981
22103969
221039
22103852
2210380
22103708
221036550358
22103614
221035faungchocolate
2210359
221035161034
2210348
22103436
221033as
22103329
22103237
2210322
221032031033
22103150012566
22103132
2210310
221030718
22103060
22103030
22103011
22103000
2210294
22102910
2210287
2210282
221027janeth
2210271
221026mk
2210269
22102612
22102552
22102549
22102547
2210254
221025361993
22102529aew
221025262525
22102522
22102509
22102488
2210245
2210240916
221023fairylove
22102390
22102341
22102306
22102211
2210220
22102101
22102099
2210206
22102053
22102028
22102011
221020060000
221020052
22102003amote
22101tjc
221019j2p
22101994monicar
2210199413
22101992corbibl
22101991a
221019900
22101987beck
221019855
2210198416590332
22101983gela
22101981g
22101975nt
22101972car,
2210196918061979
22101966
22101962e
22101960
22101959
22101931
221019+79
2210189
221018221018
221018106
22101806
2210170
2210164
22101601
2210157
22101505
22101419956
22101410
221013hu
2210139
22101385327
2210132
221012alex
221012435414
22101221
2210121410
22101209
22101203502
221011986
2210114esooo
221010veronica1982
22101029
2210102232
22101020
2210100dad
22101001
2210100
22100901
221008pae
221008814
22100810tkm
2210080814390
221007Ga
22100751
22100715
22100712
221006kyl
221006den
2210067
22100612
2210060jep
221005lau
221005asa
22100586
2210055z
221005250490
22100509
221004jq
2210046
2210044
22100406G
221003didi2007
22100398
2210031123
221002pyp
2210022100
2210020526081101
2210020189
2210014CHUY
22100112
2210011
22100010
22100%kiwigirl18
221/13
221-8585
221-2220
221-006j
221
220wfos469
220v12
220tyler
220tovi1990
220td
220tcdi
220suite
220skui
220sho
220sfinest
220rugrats
220promo
220potato
220ondeck
220ngtao
220me21d
220love
220lbsgorilla
220kil
220johndez
220indian
220hywood
220h28438942
220front
220forlife
220fdr
220east
220dp2820rg
220dance95
220chick
220cb572
220c690
220butika
220bsb
220bonair
220berubah
220bca
220bambi
220astyppo
220andlovinit
220amie
220SEXY
220FPF;
2209w98th
2209steven06
2209septiembre
2209phiolin
2209op
2209nurse
2209me
2209lili
2209kh
2209juni
2209jesika
2209gevi
2209fire
2209ecs
2209clau1085
2209bep
2209allo
2209LASATEN
2209BOrup
2209=ROGER
22099t
22099922
220999103023
220998s
220998ika
2209983
22099790
220996kk
220995evaq
220995SEP
220994xena
220994omar
220994bi
22099414
220993joapao
220993@
2209933
220992carmel
22099293
22099276nm
2209921
220991lu
220991hotmail
220991d
2209917
220991002
220990rw
220990coco
22099027
22099002
2209900016330
22098linkin
22098dx
220989snake
220989paiva
220989david
22098906
220988lp
220988e
2209888
22098857
220987monsalvat
2209877
2209872355
22098712
2209870
220986cecy
22098641
220985kz
2209858585
220983220983
220982kd
220982534
220981rtk
22098188
220981180101
220980490
220980220980
220979virgo
220979a
220978`
220978,
220975miadvivi
220975274
220974dt
2209742
220972ms
2209727
2209722097
2209718
2209705
22096p
2209695
2209689
2209684
2209661
22096545
2209629
22096171
220961
220959
22095581
2209544m
220954
2209502
22094coal
220949
2209486
220946
220945235172635
220944
22094274
22094132
22094064
22093ab
2209397
2209380925
22093711
220936028151122
22093417
22093319
2209323
220932003
22092jb
22092csw
22092908
220928231
22092712
22092707
22092661
220925nu
22092540
2209253416
22092522
22092518
22092513
2209251
22092507
2209242901
2209238399072
22092321
22092310
2209216
2209207
22092009
22092006steven
22092001
22091995valentinaprotti
22091993blacky
22091991et
22091989k
2209198909
220919886
2209198819
220919872007
220919870
2209198400
22091980xk
22091973
22091971
22091964dia
22091962
2209196
22091941
22091920
220918bm
2209183klm
22091801
22091607
2209154535923
22091488
220914
2209126
220912209122091
22091211
22091195
22091012
22091008201611
22091007954319
2209100
22090jay
22090995
2209092
22090810
220907JC
2209073020
220906g
2209067
22090628
22090427
220904120485
22090306
22090213
2209011990
22090074
2209*86
2208zul
2208tw63
2208tat
2208pink
2208ninja
2208mina*so.
2208manizales
2208lpc
2208leo
2208johalexis
2208ily
2208gno
2208dfh
2208cs
2208checo
2208bet
2208afa0309
2208JFH
2208CLU
22089sa
22089eh
22089clw
2208995
220898ga
2208986
2208983
2208973890015
220896soyjessy
2208963
220895mpsgery
2208955
2208952675961ari
220894enzo
2208942
2208936564
22089310
220892r
220892cristian
220892ar
22089274
22089215
220891teamo
220891sehariqbal
220891g
220891ari
220891989l
22089155
22089117
22089103
220890nadzx
220890i
22089015691569
220890.roberts
22088a
220889karla
22088987
220888raulteamo
22088839
2208880108
22088796
22088716
2208870
220886.18238365
220885ulises
220885geo
220885burx
2208852
2208850
220883lu
220883k
2208822088
2208811
220880103989389
220879ed
22087901
22087841179
22087522
220872FT
22087128
22087006524251
22086n
22086938
220868670
22086783
2208672
2208668
2208644
220861972
220860220069
22085sue
2208581
220855mmp
22085527
220854
2208538
2208522085
2208508
22084xramk
2208498
22084852
2208465
220845
2208439
2208416
22083seprd
220837pe
220837240936
220836joon
22083514294
220834505
220833oil
2208333
22083229
22083123
220830ks
2208305
22083
22082p
22082910
220828livertad
22082808
22082683
2208266
22082604c
2208255
2208253515
2208252822
2208252601
22082516
22082503
220824c
2208249
22082405
22082390
22082267
220821081510
2208210
22082008bebek
22082004lili
22081999
22081995lynn
22081994.
220819931
2208199275sabrina
22081992*leo
22081990s
22081989rodi
2208198899
220819861907
220819836977
22081980GABI
22081974paul
22081959
22081956
22081941
22081911
220818871013
22081823
220817a
2208175
22081670123rolando
22081611
22081510
22081501
22081460
2208143
22081425
22081412
22081401
22081366
22081287
220812129166
22081201
22081150
220810220810
22081007
22081
22080901
220808arw
22080753
220806hofv
22080630118587
22080616
22080605
2208059565
220805010108
2208042252
220804.4
2208035
220802la
220801962
220801450
22080101
220800i
2208005
22080-lunc
2208*starry
2207yaide
2207uwako
2207tf
2207st
2207si
2207rtn
2207oscoy123
2207niak
2207lovesPoppet
2207kfr
2207jp
2207fran
2207edwardculle
2207dm
2207cmpp
2207ca
2207atg
2207an
2207aa
2207MM
2207DD
2207CC
22079brentford
220799ta
2207998
2207990014
2207987
2207982736er
220797p
220796leslie
2207964mg
220794bmd
2207944
2207942004
220793rosa
220793jesus,
220793bpt
2207931
220792inmikaxula
2207927
2207922
220791js
220791d
220791`
220790nela
220790carlita
22079008
220789hys
22078989
2207896
220789070390
220788va
220788gissele
22078822
220787Y
220787201
220786291286
2207861986
220785750
220784xtlc
22078417
220783cc
2207830698
220782318
2207811395
22077sh
22077900
2207789
220776131178
220773asola
22077332
220772zaily
220771zam
2207709
22077022
22076dub
22076724
220766111
2207628220762
220761
22075962
22075912
2207589
220757889dk
2207530
22075203ini
22075143
22075016
22074ever
22074934
220746b
22074439
220743
220741
22074050
22074
220739
2207388
2207380
22073513
2207340879209058
2207333
22073311
22073122
22073031
2207302
22073001
22073
2207291
22072808
2207276
2207262
2207254927
22072542
22072538
22072520
22072518
220724r
22072465522540
22072302
22072208
2207209400
22072007@married
22072001tj
22071mbp
22071998ricardo
22071995daleska
22071994bestever
220719920810808187
220719911379
22071991-ptm
22071990rtn
2207199020727926
2207198996678664
22071987alaaddin
2207198711
22071984rs
22071977-j
22071969
22071965
22071958
22071954
22071938
2207191
2207185
2207180633
22071793
2207172
22071619
22071538
2207150k
22071479
2207143
22071406
2207130
22071278
220712013124
22071127
22071110
22071064
2207102
22071010765183
22071001
22071
22070967
22070913
2207090
22070821
220707060492
22070622
220703h
2207038
22070308
2207022795
22070115
22070085
220700017
2207/yui
2207**
2206until
2206sboots
2206reel
2206pt
2206palavrasmaior
2206ls2007
2206louis
2206ksb
2206kbjt
2206jessica22006
2206ja
2206hill
2206goma
2206frog
2206de1991
2206cruz
2206azalea
2206am5993
2206VG
2206Geebo
22069b
22069948
22069899
2206979
22069777
220696slh
220696jj
220695s.e.t.p.
220695anabella
220694na
220694la
220694aleja
220693Bob
2206937
220692svl
220692angi
220692_lok
22069200
220691tui
220691mcloui!*
220691eliot
220691ana
220690sh!
220690n
220690m
220690ESMEYAS
22069069
22069019548721
220689p
220689kata
220689ggdc
22068922
22068906
2206887
22068806
220688!
220687marm
22068791
22068700
220686korilin
220686cecy
2206856
220684sueme
220684AA
2206841667
22068355
220682cancer
220681dwk
22068185
22068127
2206811
22068*
22067o
2206789
220678250
22067803
220674fer
2206730
2206722
220670d
22067063
2206695
22066889
22066784
2206669
2206663
220663tum
2206629
220662
2206612
2206605
22065Yaky
22065993
2206572
2206551341027
220654a
220652mm
220651
22064612
22064344
2206429
220642
2206402
2206398
2206394
220637nun
2206351
220634081035
2206337
220633/250433
2206322493
22063003
22063
220629por
2206283
22062808
220627dayana
220627123acosta
22062627
2206255014
22062541
22062537
2206253413445
22062528muton22
2206252817022529
22062510
22062417
220624051712
2206236
22062311
22062208
22062103
22061997raul
2206199578
220619938
22061992ale
2206199111608831
22061989ciara
220619890191
2206198718249669
22061970
22061965
22061956
22061902
220618m
22061809
22061709
22061611
22061603
2206157
22061503
22061422
22061404
22061352
220613
2206126
22061215
22061202
220611et
22061101
22061022
2206100026
22060960
2206087?
2206082
220607saenz
220607dyla
22060723114
220606ale
2206062
22060605
220605hys
2206056
22060508
2206038
2206030a
2206021003
2206006
2206000
2206..
2205yarita
2205tom
2205th
2205son
2205sil
2205rosa
2205pim
2205nicania0603
2205me
2205m94
2205lucy
2205latina4ever
2205kk
2205jk
2205jc
2205gava
2205ed
2205dieguito
2205cecyt6
2205bmcc
2205argyll
2205CHF
2205Alexander
2205993
2205989
2205986
2205983
2205976bi
22059710
2205967
2205965
220594jab
220594apc
220594.1
220593tania14
220593_azul
2205933
220593#0#
2205928258
2205927
220592220592
220591willis.
220591da
22059156
2205913
220591*****
220590l
220590alixx
220590366978
2205901510
220589n
220589july
2205895516
220589201
2205883439
22058822
220587naz
22058737*
220587085654
220586v
2205860363ladiez
2205856
220585210581
2205840
22058387
22058364
22058306
220582Jenny
22058206
220581camilagual
2205817777
220580hana
22057an
2205799876
22057905
22057836johar
22057674
220574maa
220572beto
2205717
2205709
22056f
220568vi
2205680
22056782
220566business
220566..
220564.com
220562
2205615a
22056072
22055f
220559
22055898878
220556sally
220556310
2205540
220553
22055121
22054818
2205471
220546582
220546
22054308
22054084
220540
220539191
22053817
22053486
22053432902
220532m
2205325
2205321
220531220531
22053103
220530v
22053006
22052rdp
2205295
22052903
22052813
22052731
22052702026609
2205263018
220526122
22052550
2205254922052549
220525391996
22052521
22052511
22052507
22052412
2205238202625109140
22052308
22052218
22052210
220521k
220521559
22052106
22052020
2205200javi
22052004alan
22051994thamy
22051992_laura
220519914
22051990s
22051990ak
22051990/2
22051988oygki
22051987zxc
220519872
22051985GORDITA
22051984ss
2205198
22051971
22051963
22051959
22051954
22051913
220518b
22051810
22051809
22051713
22051626
2205155
220514534
22051406
2205133
220513!!
220512988
2205107237
2205100002
22050bay
22050911
220508ad
22050832
22050827
22050803
2205079
22050706
2205066
22050602ry
220505r
220505ck
22050555
220505..
2205046
2205045
220503chucho
22050313
22050306
22050210
22050207
220501508asd
220500cc
220500800202
22050063johnny
2205**
2204y2211
2204wer
2204unamorexotico
2204teamo
2204sh
2204said
2204re
2204rd
2204ov
2204neya
2204myspace
2204mm
2204mjmc
2204miklavz
2204love
2204lexy
2204khamus
2204johnny
2204geraldineriv
2204e68
2204dj
2204dalton
2204cookie
2204bx
2204bs
2204alwayz
2204abril
2204ab
2204Manjeku
22049993
2204992335094
220498cm
2204987
220496sxm
220495b
22049594
220495170795
2204951216
220494samoa
220494joaopedr
220494*
220493sebastian
22049342007
220492madalina
2204927
22049208
220491nany
220491hb
22049186
22049114
220490oi!
220490cdm
2204909989
22049050
22049024
22049010
22049
220489zu
220489tabata
220489@nani
22048990
2204898
220488dios
220488_v
22048823
2204882006
22048817
2204875068
22048728
22048721
220486385669
220486220429
2204862
22048595hany
22048561
22048529
220484lvc
22048492
2204845637
220483m
22048338_yo
22048322viri
22048240
2204820
2204815
220480w2lw
22048044
22047955
22047914
22047821
2204770
220475a
220474alma
220473220473
2204721
220471dt
2204719
2204712
220469tbc
2204688
22046829
22046717
22046459
22046397
2204630
22046262
22046098
22046023415224
22046021024457
2204601
220458a
2204573
22045651
22045569
22045487
220454
2204533
220452g
22045191
220451
22045
22044c
220447M
2204474
220446
2204452
2204437
2204413
2204404ldl
220439ka
220439_kero
2204393
22043738
2204345
22043400
220432a
22043202
22043149
22043114
22043110
22043077
22043023
22043
22042sh
2204299
22042935
22042915
22042873
220428291030
22042826
22042803
22042660
22042609
22042590
22042552
22042546
2204253323492
22042519
22042501
22042408
22042404
2204232
22042249torres
2204223
22042204a
220421115009
22042109teamo
22042084
22042008lucy
22042005bonita
2204200
22041999
22041992a
220419912007
22041991.1.30
2204199
22041988dbmb
220419871502
2204198611
2204198312022005
22041975
22041971
22041967
22041964
22041925
22041910
2204190596
22041828
22041800
22041765
22041686
22041502
22041358
22041313
2204121184
220412064
2204115
220411220411
2204104123
220410
2204093896351
2204091992
220409011
22040822
220407teamoevelin
220407412813499
22040708
2204070
2204061765
220406.pituco
220404a
2204042
2204040sos
22040311
22040219860422
220401jr
2204012
22040102
22040063
2204000
2204.ask
2203vc
2203tupac
2203steven
2203sofia
2203ryxeq
2203nh
2203monkeys
2203method
2203lea
2203juju
2203iLLa
2203fireman
2203ergs
2203do
2203dan
2203carol1989
2203ae
2203JAKNMHY
220399patricio
2203995
2203975
22039546
220394sjro
220394jt
220394Hardcoreness
22039437
220393n
220393jenjen
22039340
220392c
220392Rz
22039216
220391thfc
220391jesssica
22039166
220390y200281
22038tb
220389ejrg
22038934067
220389*10
22038817
22038800
220387mt
220386K
22038600
220385ivanna
2203854
2203850
22038407
220383x
22038375
2203832047
220382iinjegeg
2203824
220382151553
22038206
22038162176
220381198610211
220380686
22038
2203799
2203789
220377bb
22037740
220376rock
2203763
2203748
22037260
220372!
22037029
2203699
2203669
2203654
2203646
22036396
22036301
22036293
22036246ss
22036215
22036098
22036025014
22036
2203599
2203583
22035777
22035741
22035714
22035589
220355
2203541
220352839153759
22035207
22035103
2203503
22034marissa
22034945
22034909
22034775
22034688
2203456
2203449
22034422
22034389
2203435
22034213
2203407
2203403.
2203401
22033z
22033uofl
22033a
2203397
220339
22033794
22033723m
22033608609640967
220335m
2203353
2203350306
22033485
2203345
220333ar
2203333
22033316
2203325/3
22033138jose
220331102527
2203310118
220330990
2203307373313
22032tzcp
22032906
220328@BOYBE
22032803
22032760
22032711
22032593
22032544
22032537
220325360831124816
22032525680
22032518
22032510
22032498
22032424
2203240
22032306efjj
22032302
220322k
22032227
22032203t
22032201
22032132
2203210
22032045
22032031
22032021
2203200677
22032000
220319995
22031995l
22031995chiara
22031993xcxcbogdysteaua
22031991d
22031990aw
220319891322
220319887
22031987maria
22031979abdellah
22031978
22031973
22031969
22031955
2203192
220318440282
220317
220316498887
2203162
22031504
22031501
22031403
22031376baby
2203133221
22031291
22031211
2203119
2203115
22031131
22031102
2203102
22031-24-999
22030976ho
22030910
220308vero
2203088
22030811
22030803
22030783
22030710
2203066
220305lsfdrr
22030481
2203043
22030406
22030403
220303jlcich
22030395
22030385
22030305129
220302wallaceW
22030215
220301a
22030130
2203012891
2203007
2203001815
22030003271092
2202za
2202xe
2202w.gardner
2202todoporti
2202t1003
2202skytu
2202rn
2202pookie
2202oyqci
2202nati
2202mh
2202martin
2202macdavis
2202ll
2202kn
2202kiss
2202jm
2202imo
2202goss
2202enzo
2202david2006
2202coco
2202ccl
2202campestre
2202bka0312
2202aen
2202VIC
2202CL
2202996
2202991305040
2202989
220297mb
2202978
22029776
220296george
22029668
220296141256leslie
220295lucia
220294rt
220293maya+
2202939
2202931994
220292yb
220292ew
2202927
22029265
22029239dancer
2202920
220291s
22029117mfbn
220290t
220290dewiku
220290896
220289p1
220289iloveadamb
2202892
220288dp
22028888r
2202882
220287viyardi
220287j
2202874
220286qwer
22028680
22028615
220285vara
2202857
2202852398nallely
220285+140789
220284b
22028419
22028310
2202825
2202822
22028189
220280e
22028040
22027953
22027820
22027809
22027786
22027771
22027751
220276AMOR
22027622
22027593
220275619
22027418
22027403
22027387
2202729
22027220
220271ros
22027001
22026b
220268ab
2202675
2202656
220264ld!
2202648
2202642
2202637
22026326
22026318
22026247
2202620782874
22026161
2202601
22025921
22025870cvh
22025837
220258
2202576
2202564
22025566
22025355
2202533
22025268kelly
2202523
2202516
22025083_dani
22025
22024960
220248pkl
22024865
2202478
22024626
2202426
2202422c
22024187
220241
2202394
220236jm
2202358
2202345
22023415
2202335
220233161231
220233099m
22023300
220232157951354685
22023192
22023133
22023126
22023113
22023005
22022q
220229a
220229220229
220228ae
2202284
22022819
220227J
22022714jc
2202269
22022623
2202257
22022550
2202253114032534
22022519
22022517
22022513
22022508j
22022502
2202245
22022405
22022308
220222m
2202224
22022205
220222022202
22022172772
22022109
2202209
220220220
22022010n
22022009052992
2202200277a
2202200
220219994
22021995gaby2363
2202199567
220219940804
22021993banu
22021992antreas
2202199200
22021991d
22021989nui
22021989e
2202198914
220219881234
22021986carol
2202198626111988
220219822
22021967
22021964
22021956
22021949
22021921
22021873
22021810
220217525d
22021705
22021611
22021594xios
22021538k
22021508
2202148
22021339
2202130
220212A1
220212544tm
22021212
2202121
22021154
220210654
220210264
22021011
22021003
22021000
22020970
220209013
2202087
2202081
22020809
220207love!!!
220207MAGDADAK
22020728
22020709
220206jan
220206a
22020617
22020609
220205dk
220205290505
22020503
220204az
2202045
2202031317198922
22020307
2202030
220202988
2202023
22020222
22020213
22020202
2202019
22020120
22020113
22020105
22020104
2202007a
2202006
22020038
22020013
2201rob
2201qb78
2201pam
2201n650e
2201mourao
2201mileyandryan
2201mayaprilmarch
2201m&m
2201kis?
2201feb
2201erbol
2201ebano
2201d.allmark
2201cece
2201cassie
2201bobbyk
2201angpom
2201_2060
2201KOLB
220199cocoyrafa
2201994I
2201991f
2201991*
2201989k
2201986
2201981
220197mw
220197anglika
2201978
220197023
220196lizz
22019641
22019620470
220195password
220195bodoh
2201951
220194junio
220193ori
22019393
22019322enero93
220192a
2201928
2201921328
220191st
22019120418588
22019111
220190lm
220190705
220190685
2201901378
220189laloteamo
22018916
22018905
22018900
220188230288
220187bugus
220187JV
22018789
22018725
2201872
22018711
22018701
220186371604
2201855
220184ika
220184aku
220184220184
220183valetqm
220183456
220183220183
220182va
220182cornel
22018201
22018180
220180nic
22017948
220177950
22017777
22017708
22017617
2201757A
2201746
220174020
220172a
2201720
22017003
220167
220165juliasg
22016589
22016506
220163828
22016212OK
2201621
22016166
22016117
22016095
2201603
2201599
22015832902
220157
220155@hotmail.com
220153707
22015335400726377
220153
22015280
22015247
22015221
22015207
22015191
22015132
2201511
220150971
220150713
22015022
220150010821
22014836
220147
22014642
22014531
220144
22014249thebest
220142108
22014184
2201416
22014117
220141
22014
2201390d
2201389
220138158-casa
220137220138
220134999
220133261032
22013249
2201318
22013119438
22013110
220131+
2201308
2201307
22012bere
2201290cary
2201285
2201272
2201267
22012620
22012552
22012549
22012539
220125350873788797
22012523
22012518
22012514
22012500
22012412
22012355
220122c
2201221
22012201kc
22012201ka
220121kc
220120bw
2201208666
22012020
2201201991
22012009
22012006jane
22012002
22011999d
22011993a
22011992filipa
22011990melina
22011986j
22011985ar
22011979k
22011970
22011961
22011953
22011945
22011894
2201187
2201181ac
220117752
220117305
2201172
22011610dianel
22011511
220113s
22011302
22011275
220112458
22011227
22011205
22011090
2201101
22011004
22010rq
22010l
2201094
22010909s
2201090
22010839*
220107lalo
2201079
2201072mekho
22010706
220106leo
22010629
22010619860716
2201057
22010535
220105241290
220105180794
220104km
22010491
2201044
22010412
22010400
220103carloncho
2201031
2201030
2201026
22010209
2201020072
220101988
22010164
22010110
22010100
22010098
2201005
22010024
2201.A.3
2200xavier0597
2200stern
2200philip
2200mildred
2200linzi
2200jrm
2200gr
2200euclid
2200TO
2200KENT
2200981
2200962
220095
2200947
22009244
220091betty
22009130
220090002411
22008mj
2200889671
22008847
2200877
2200862
2200853
220085
2200838
220083
2200811
2200804
2200801
22007mwhbz
22007925
22007755
220076is
2200763
2200746
220072
220071678
2200708
22007/.,
22006mj
2200676r
220066sc
2200668
22006628
220063s
220063173
2200625
220061
22006066715996
22006014
22005dylan
22005894
220057248
220056609
220055789
220054l
220054501811
22005361
22005336-9
2200525
220051941
2200516
22005135
2200511
2200500001221
2200488
2200478
22004643
2200460
220044mcg
22004477
220043
2200419
22004102
220040537
22004
2200395
2200385
2200372
22003534ro
220035251
22003438
220034
22003364
22003313
2200323
2200320833
220032
2200313
220031
2200305
22003010
220030
22002959
2200290c
2200264
2200259
220025217330
2200232
22002200a
22002133
220021
220020322513
220020054
2200200
22001964
220018
220017
220016
22001549
2200143165
220013e
22001359
220013
2200127
22001216
22001188
2200114656
2200114
22001122
220010k
2200108
2200100054603
2200100032961
2200100016531
22000k
220009
220008069
220007m
220007388
220006
2200056758
2200053169
22000425
220004
220002m
2200027809
220002653
2200022000
2200017
2200012310676555
2200010o
220001
22000042
2200001
22000000
220.893.925
22/pain/96
22/mayo/1991
22/junio/1992
22/je09
22/cale/01
22/bblindoteamo/.
22/AB
22/95
22/90/17
22/9/1993
22/8/94
22/8/86
22/8/1995dvd
22/7/93
22/7/85hollie
22/7/1993
22/6/93
22/5/78
22/5/1977
22/4/93
22/4/38
22/4/1991
22/3/34
22/24/25
22/2/96
22/2/92
22/2/1983
22/145095
22/12/95
22/12/91
22/12/2537
22/12/1994
22/12/1989
22/11/96
22/11/94
22/11/84
22/11/34
22/11/2534
22/11/2530
22/11/2008
22/11/199b-day
22/11/1989
22/11/08
22/10/93
22/10/90
22/10/2536
22/10/07va
22/10/03
22/1/1997
22/09/93
22/09/83
22/09/1994s
22/08/93
22/08/91edith
22/08/2531
22/08/1985
22/07/96
22/07/86
22/07/82
22/07/32
22/07/2002
22/07/1994567684
22/07/1985
22/07/05
22/06/93
22/06/87a
22/06/2524
22/06/05
22/05/93
22/05/91
22/05/86
22/05/2531
22/04/34
22/04/1994
22/04/1989
22/04/06
22/03/92
22/03/90
22/03/1987
22/03/07
22/02/96
22/02/91
22/02/81
22/02/1993
22/02/05
22/01/90
22/01/86m
22/01/84
22/01/1988
22/01/03
22//02//96
22.oktober
22.o1.o7
22.kika_jim.pc
22.july.1994
22.juan
22.irule
22.dez.1988
22.coralcrt
22.aout.CREATION
22.abril.2006_
22.JACKET
22.856.615
22.77.hs
22.7.2006
22.696.545
22.64.56
22.600.861
22.512598
22.5.95
22.44.66.58iunik
22.4.1992
22.337.045
22.30.08
22.289.359-3
22.24libra
22.227.4
22.21996dog
22.2.1994
22.17.42
22.12.93
22.12.89
22.12.1989
22.12.06lyeugen
22.11.91
22.11.1989
22.10Oktober
22.10.94
22.10.1967
22.1.1993amyjb
22.09.94
22.09.91
22.09.83
22.09.1992.
22.09.05
22.08.87
22.08.1990.
22.08.1985
22.07.1980
22.06.86
22.06.1988
22.05.92
22.05.1984
22.04.92
22.04.1995.
22.04.07
22.03.94serkan
22.03.89.myla
22.03.66
22.03.06amote
22.02.93
22.02.1988
22.01.95
22.01.89
22.01.
22-tedipinc-94
22-sept
22-punkcat
22-noviembre
22-kody-22
22-josi
22-ce-n]t-
22-TICC-234LYFEZ
22-9-92
22-9-05
22-7-88
22-45-32-44
22-4-94
22-4-1994
22-36-26
22-3-94
22-28-2a
22-25075gr
22-2-1996
22-1993-eno
22-1983
22-12-89
22-12-2006
22-12-1993=vikki
22-12-1976
22-11-63
22-11-1957
22-10-92
22-10-88
22-1-1983
22-09-1990
22-07-89
22-06-1992
22-05-1990
22-04-92
22-04-20-00
22-04-1967
22-03-1998
22-02-93
22-02-1992
22-02-1987
22-01-29
22-01-1985
22--jose
22,uok8,49
22,44,
22+800
22+26=love
22+22=44
22+16=LOVE4eva
22+05+37
22*modele
22*dork*22
22*7*19*72
22*26*11*06*2535
22*22*22*
22*08-2008
22*07*48*david
22**rb
22**2528
22(antonieta)
22(*)9101
22&15gotgame
22%punk-rock
22$19089
22!De'Airis
22!!jkjkl
22 mindu
22 5 1989
22 05 96
21~March
21zymon
21zuwara15
21ztreia
21zna
21zion
21zhel21
21zerep
21zebals
21zaza
21zajac
21za21zxc
21yzzi
21yvonne
21ysmael69
21yousmell
21yorku
21ymejorando
21ying2121
21yeuanh21
21yeldirf
21ye06ssi87ka
21yddet
21yansyntebo
21yanina
21yamilleonardo
21yami
21yalreadi
21yadneerg
21y52lk98
21y18
21xtc87
21xqpasoesto
21xochula
21xkiax21
21xcvb
21x2z2x221x2z
21wyeroad
21wtfpxy21
21worship
21woodette
21wolf
21witit
21winwood
21winnie
21windmill
21willisag
21will
21wi556
21whitelaw
21whiskers
21whatup
21wetdogs
21westmidboy
21west
21werty
21werrington
21wendell
21welive
21wefe
21weed
21webad
21water
21wasfun
21warria
21war09
21wally
21w21w21w
21vwbugs
21vvjj
21vs08
21voodoo
21volly
21vo97y76
21vladi
21vivica
21virgo
21vinton
21viktor21
21victoria86
21victor
21vf21
21veroni
21ventana
21vdmxa6
21vballa
21vb820
21vazquez
21vania.
21valhalla19
21v7j1994m
21v58c
21v1989
21uyireyuvi
21usnavy
21urtheone
21urlove
21upurs21
21upamplona666
21union
21ulu65fia
21uap32
21tyson
21tyler
21twingirl
21tweety21
21twan
21tutu21
21turnpike
21turbo
21tui861501
21ttkingdom
21tsar21
21trisa
21trimble
21trez
21tresmom
21trebo
21tray
21tqmdeisy
21tqm08
21toyotas
21tovarmar
21toronto
21tori
21toolloot
21tony
21tonads21
21tommy
21toey15gappy
21toddles
21toastednipples
21tnscrazy
21tngayboy
21tmem18
21tito25
21titans
21tinker
21tina708
21timothy
21times21
21times
21tillidie
21tigger
21tigerlily
21tibbar
21tiagokango21/
21thug
21thizztil
21thirlestane
21thfoxx
21theswans
21thermo
21theodore
21thegame
21thecat
21thMay
21th320
21tey2ry
21testimo
21terj98u
21tennis
21teklb4
21tegaitio
21teamoshirley21
21teacup
21tbdpm
21taylor21
21tawanda
21tati83
21tarland
21tapon
21tango
21tammy
21talha
21takeit
21tackle
21t9s727189
21t2pac
21t21yea
21t11n87
21t01c76
21t*kZ911
21swimingpool
21sweety
21swat
21sutt
21surfff
21suntu
21sunrae
21summertime
21sugarama
21styczen1996
21stud
21stros
21strider
21strawberries
21stparty
21stone
21stoct1999
21stnovember1993
21stmob
21stmarch1994
21stmad
21stjune1993
21sthotboy
21stgalgal
21stevenlee
21steffy
21steff
21stdecember
21stcentry
21stbday
21status
21starra
21starbucks
21stapril1993
21stan
21stac
21stJuly
21st6th89
21st031992
21ss1017
21spunky
21spot
21spongebob
21speers
21specialk
21spaces
21sourgirl
21soul0216
21sosickofyou
21sorry
21sora
21sooners
21sonny
21son86m
21soggy.
21software35
21sofi21
21soccer2112
21snr08
21snowdog
21snare24
21smiley
21slut
21slingo
21skyline
21sky8
21sktms
21skka
21skidoo
21sismom
21sirens
21single
21sinema
21simbad21
21silver72taurus43
21silva01
21silky
21sign
21siewann
21shydoll
21showgirl328
21shot
21shorty21
21shortell
21shock
21shirley
21shines
21shgz
21shepherdsplace
21she
21shawnta
21shavonne
21sharon
21shareka
21shantel2121
21shanji
21shanelee
21shabby
21sfrfjm
21sexymama
21sexxxi
21sexinthecity
21setking
21setiembre2005
21setembroantonio
21setember
21set89
21set87
21sergio
21serch
21septv3iti
21septiembre1991
21september1992
21sept93
21sept1992
21sept16
21seps
21sep1993zm
21sep1983
21sep197927++
21sep09
21sep02
21seony
21semm
21seltcb69
21selina
21seec1990
21secreta
21sdw1969
21sdhk
21scout
21scoobysnacks
21school
21scdjevc21
21savs
21savana
21satire
21sat43ru
21sastud
21sarai
21sapo21
21santiago
21sandera
21sammy11
21sammuel
21saluhc
21saimer
21sagitario
21saday21
21sabores
21sa09
21sJf93
21s212
21s10i81z
21s01m74
21rvd
21rutledge
21ruth11
21runners
21rulez
21rufino
21rudeboy
21ruben022008
21rtskid6
21rpvvv
21rox21
21rossy
21rooster
21roo21
21rompopito
21roko
21rod73
21rockstars
21rocks21
21rockers
21roby21
21robo
21ro22jo
21rnzir
21rjnfl
21riox
21ringside
21rickyrun
21ricardo21
21rhett
21reyn
21rexie
21revolution
21retard
21resendiz
21renz
21renault21
21remy14
21reloop
21rell
21regnir
21reed
21redrum
21redrocket
21rebecca21
21rebOunce
21rdl2148
21rb21
21rayray11
21raychelle21
21raven21
21rathke
21rapid
21rap21
21ramook
21ramiro
21rakista
21rairai
21rainna
21rahulm
21racoco
21rach
21r2d2
21r0gers
21r01li
21qwsazx
21quoh
21questions-
21queensland.............
21queend
21quana
21qt4lf
21qies
21qgvf
21qazwsx
21qEc98
21q14n
21pyos
21puteri
21purpleheart
21pumita
21puma21
21puerco11escondido76
21prudence
21prout33
21promise7
21problems
21princesss
21princesa
21precious23
21ppe2.nck
21porvida
21poreber
21popje21
21pookie
21pontiact
21pollito
21pohian
21pogi
21pnilatinwoman
21pmcm
21plumeria
21playmate21
21playmaker21
21player
21pits
21pit86
21pirates
21pinup21
21pinmk
21pinkny
21pink436
21pimps
21pimpin
21pilar
21piglet
21pierre
21pi21
21phillip
21phatcat
21peu12
21peter21
21perla.
21pereira
21peppie42
21pentney
21penquins
21penguins
21pelucita
21pelhamplace
21peeps
21pavilion
21paul88
21paul
21pattrik
21patrick1
21patricia21
21patches
21past8
21pass
21party
21parada
21paprika
21papa21
21paola
21panchito
21pamview
21paaf
21p1sp35
21p091988peng
21oy$ter
21ovisech
21outlay
21outeast
21ottobre
21osseo
21ornel
21orlando
21orange
21oolove
21ontest
21only
21onie12
21oneday
21on4353
21omarramo
21oly21
21olga
21oktj
21okt86
21ok86
21oink
21ognaj
21ofa08
21odjazz
21octubre82
21octubre1992
21octu
21octobre
21october1992
21octb86
21oct979
21oct94
21oct89
21oct2528
21oct2000
21oct1991
21oct1965
21ociel
21ocak2005
21oana
21o9o6
21o6o2
21o508
21o394
21o2o8
21o1o6
21nvliet
21nurul
21nuriz
21nunez21
21nuch
21nproud
21noviembre1988
21noviembre1979
21novembro99
21novembre
21november2003
21november1980
21novembar
21nov97
21nov86
21nov77
21nov25ene
21nov2004
21nov1998
21nov1983
21nov1977
21nov08vyc
21nov01rphn
21nov0
21nosferatu
21noon12
21nomelase03
21nollora
21nohs
21nogard
21nocnir
21nno1
21nmytitsahc
21nlll
21nk24
21nirvana21
21ninjas
21nilay
21nikki
21nihonjin
21nicola
21nick
21nicholas
21nicegirl
21ngdawg
21newton
21newfoundglory12
21nesa26
21nena
21negra
21neers15
21needle
21nd21
21nba21
21nazifa
21naya
21navy
21nathaniel
21nateb54
21natalia
21nastystar
21narutoLG
21nanette
21nancy
21nana21
21nalle
21nails
21nadine
21n31rl
21n24c22n07i
21n2006
21n147798
21myxcha06
21myspace
21myko
21myass
21mwah21
21mustang
21muscheln
21murph09
21mum03dad
21mugen
21mubbylt21
21msnNUNO
21mracli
21moyrus*
21mothers
21morro22
21morelandbuffs
21moppie
21mooney21
21monze13teamo
21montana
21monroe
21monkeygirl
21monkey21
21monika20
21moni
21momvuli
21molhan
21mohammed
21mochis
21mo21
21mli!*
21mkbmar
21mjo
21mizzcaramel
21missy
21misskay
21miranda76
21mimi21
21miller21
21military30
21mile
21mikayla
21mika
21mija
21miedad
21microd
21michael21
21mice
21mic09
21mi09sa87el
21mgpatch
21mey16ara
21mexico
21metro6
21metcalf84
21mern
21mercer
21meow
21melvin
21meltedchocolate
21mell
21mei]
21mei88
21mei66
21mei1988
21mei1975
21meera
21means21
21meamo
21mead
21me17210
21mdx1969
21mdc5
21mcfly
21mccoy
21mc21
21maytag
21mayore
21mayo2007
21mayo1997
21mayo1986
21mayo05
21mayi1187
21mayfieldroad
21maya21
21may93
21may88
21may84
21may66
21may22
21may1993may21
21may1978
21may05
21max13
21mauri
21mattp69
21matt21
21matilda
21matata
21master10
21marzo94
21marzo89
21marzo2001
21marzo1986
21mary13
21marv
21martietomi
21marso97
21marry
21marmon
21marky
21maritess
21maripo
21mario21
21marina
21marija
21mariah
21marg
21maret2008
21mare
21marco2003
21marco
21march86
21march2006
21march1993
21march05
21marcela
21mar69
21mar2002
21mar11
21manuel21
21mannem
21manmad
21mandybrad
21man93
21mampirosas!!.
21mami
21mamajuana
21malorytkm
21malk
21male.
21maki28
21majicsgv
21maj1996
21maiou
21maio2007
21main
21maicol
21mai91
21mai1983
21mahalq
21magic21
21maggio82
21maggie
21maeve
21maddie21
21machell
21macarena21
21mabuhay
21maaj98
21ma22fe
21m4gg10
21m2492
21m20t16l
21m1993
21m13a1e23
21m07c11
21m01m91
21lyzard07
21lynn
21luxor
21luvz21
21luvkoolme
21luvbla
21luv14
21luna94
21luka
21lujan21
21luigi
21luckystarz
21ltismvp
21lq26
21loveu21
21loveshmeg
21loves21
21loves
21loveokey
21loveme0703
21loveeo13
21lovebrent
21love4eva
21love28
21love21*
21love*
21lourdes
21lou6
21lorraine
21lorena2
21lordliam
21lopez
21loolaa
21lonnie
21london
21lolipop84
21lokita21
21loka16
21logan
21lngpo
21lmnflove
21ll11l1
21lizzy
21liviu
21livers
21lithell
21lissa
21liquidlo
21lion
21lino
21lindsey
21linda
21limegreen
21lilsis
21lilrog
21lilmajor
21lilbit
21liit
21lies
21licin
21lia06
21lhs2002
21levip
21lety
21lesna
21leshay
21lerej11
21leon
21lena34
21leigh
21legend
21leejust
21ledesma
21lchs24
21lbcarp
21laypyae
21lawdog21
21lavender
21lauren
21laslf66
21laselliere
21larry21
21laniece
21lang
21landinhouse
21lamuyamada05
21lamesa
21lambie
21lamanga
21lally27
21lag88
21ladymama
21ladainian
21lachele
21labit
21l17j
21l,14r
21kur4
21kulesa
21ku2020
21krys23marc**
21kris83
21kps21
21korn8
21korbin
21kooh
21koalas
21knight
21km77
21klkl
21kk21
21kjay
21kj!1
21kittie
21kisseskept
21kirk9
21kino
21kingz
21kinghalo
21king
21kimba
21killa23
21kiflyKIFLY12
21kiersten
21kianijade21
21khiemlouis
21kh12708
21kewpie5
21kersey21
21kentucky
21kenshinn
21kenneth06
21kendra
21kendal
21kelly
21kelin
21keke
21keip
21keegan
21kcaz
21kc73cn
21kc21
21kazoo
21kaylah05
21kath
21kasia
21karly78
21kari9208brice0
21kany
21kane
21kan09pen29may
21kalen
21kaitlyn
21kail
21kaaren
21ka06lo88novi87
21kMSoK
21jyk07
21jv84
21justjoshin
21junio92
21junio1995
21junio1992
21junio07michoacan
21juni96
21juni68
21juni1992
21juni17
21juneivicar
21june91
21june61993
21june2001
21june1986
21june11
21jun94
21jun90
21jun2005~~
21jun06
21jumper
21jumar*sep
21july75
21july2526
21july2005
21july1996
21july1991,
21july08
21july01
21julio91
21julio2006
21julio2000
21julio1989
21julio1987
21julien
21juli83
21juli1987
21juli07
21julho1994
21jul96
21jul89
21jul1992
21juju
21juin1986
21juin1981
21juillet1995
21jubblue
21juancarlos
21juN92
21jsgirl
21js
21jrlopez
21jpjc
21joyce
21josocjo93
21josh94
21joseph~
21josen
21josecalderon
21jose21
21jorgeteamo
21jonathan21
21joker
21johnny21
21johnie
21john3
21joerae
21joche09
21joce
21jny89
21jne
21jm77
21jlesik
21jla21
21jj29jj
21jinx
21jill
21jhun21
21jhndk
21jgcm04
21jettman
21jet86
21jesuschi
21jessica
21jess
21jeplover24
21jenny
21jen21jen
21jelo
21jeiyz
21jeanne21
21jean
21jd3d1
21jbl21
21jbbeth
21jazzy
21jazz7
21jaziah
21jayson02
21jayden
21javier.s
21jaskarn
21jarvy21
21janx
21january1990
21january13
21januari1992
21jansnb
21janewynn21
21janehart
21jan97
21jan90
21jan82!
21jan78decs
21jan2056978
21jan1992
21jan1990
21jan1975
21jan03
21jamoore
21jamesgood
21jamaica
21jam86
21jalynn
21jake55
21jag69
21jade
21jackson
21jack1
21ja84vi93er_sol
21ja22ba
21j994
21j21os21h
21j142
21j12p90h%%
21j053ph
21izora21
21ixtlan
21ivppaola
21ivetth
21ivanmegustas
21iunie1989
21iulie
21italiana
21isreal
21ismyname21
21islove
21islander
21iskoo
21iscool
21isabel60
21isabeast
21isa12
21iroquois
21irish
21iona85
21inwood
21inoct
21india
21inchrims
21inchesj
21inarow
21imnsyame
21imafreak
21ilusio
21iloveme
21ilovechase21
21illa
21ii1968
21ihaveadog
21igtd
21ifilwabbpne
21ieraya
21idiota21
21iches
21icequeen
21ice21
21ian1980
21iamlonely
21i7t88e
21hw0a
21husaria
21hurley
21hunter93
21hun21
21hugo
21htgp1978
21howell
21house21
21hotstuff
21hotguti
21hops
21hopeful
21hoosiers
21hoon21
21hood
21honey06bunny07
21honda
21holden
21hm96
21hlh84
21hitme
21hippieguy5
21hilton
21highgrade55
21hiccup
21hi555
21hercules
21hennt61
21hellmary
21heknew
21heebs
21heavenlove86
21hearts
21heartbreaker
21hca89
21hazel
21hayes
21hawthorn
21hate
21harume21
21harrisonburg
21harms
21harketuya
21happydays
21happy1
21hanson
21hannah
21han21
21hamitch
21halee21
21hailey19
21hadi
21ha96
21gwuzdik
21guru00
21guns5150
21guninhand42
21guide
21gucci
21gt21gt
21grown&sexy
21greg
21grant
21granni
21grandlings
21grame
21grad2007
21gracey
21gprd
21goshen
21gordon
21gonzalez
21goldfish
21gojermain
21goanga
21glock21
21gleberise
21gizmo21
21giugno1988
21girls21
21ginqueen
21gilliam
21giga21
21ghj78zxc
21ghes
21getmoney
21gerardo7
21gerad21
21george
21genesis
21gempc2005@
21gemma
21gemin
21gd928
21gcourse
21gblock
21gavin
21gator
21garnet
21gardi21
21ganja420
21gangster
21gang
21gamma
21galbraith
21gaie15
21gabo
21gabe
21gaara17
21g&ram
21fussball
21fungry3
21fucks
21fuckers
21fuck21
21ft5fim
21frogger
21fright
21frek
21freebe
21freckles
21fr1977
21foysal
21fox21
21fox
21fossil
21forfun
21football21
21foobags
21fnegrll
21flyboy21
21fluturi21
21flowers
21flakis21
21five
21fishes
21fire21
21finest
21fico2
21fevrier1986
21fer08
21fellaz
21felicia
21feelz
21february1996
21februari1986
21febrerohelen
21febrero2006/
21febrero1994
21feb92
21feb89
21feb2009
21feb1983
21feb07
21feb.96
21fe1980
21fatsammy
21fast
21faqs
21fandi
21falcons
21fairies
21fade12
21fab421
21faa12
21f343e967r
21f09a90nybonita
21eylul978503
21excuses
21ever13
21etv0620p
21essined
21espana
21erwin
21ernestleon7
21eren
21er212
21enuj
21enolam21
21engage12
21enero97
21enero87
21enero85
21enero1996
21enero1986
21ene95
21enamorada
21emw21
21emo
21emma
21emcees
21elvis21
21elmercharge
21ellen
21elizabethparidise
21elizabet
21elijah
21ejpj
21eiyz
21eight22
21ehb
21eg1986
21ees331s
21eemia
21eddie
21ed09win87
21echeveria
21ebs11sal
21eb16
21eastwood
21east
21e69n
21e06d93i
21dyopkpo28
21dyes45
21dvee
21dustin
21dummb
21duckmans
21duckie
21dubdsf
21drunkk
21drr21
21dresses
21dreamer
21dragons`
21dragonfly
21dpr2350b
21doze
21down
21dosey2001
21doru
21dope\\
21doodle
21dons
21donnell
21doniel
21dome24
21dolphin
21dolana
21dogbbh
21dodo21
21dme1razon04
21dk666
21djuli92
21dixichick
21diva
21ditched
21disember2003
21dirnash
21dipset
21dinner
21dimond91
21dime
21digital
21diego21
21dicks
21diciembre84
21dic72
21diazycong23
21diane
21diamonds
21di723
21dgo25
21dfb85
21dezzy
21dezembro02
21dexxtter
21devyn
21devine
21devin
21deudas
21desire
21desetembro
21desemberku
21des87
21derran
21derful
21deoutubrode1984
21deon21
21denovembro
21denise
21demon21
21demayode1994
21demayo1991
21demarzode1993
21demar
21delta
21delaney
21del87
21dejuniojenny
21dejuniode1988
21dejuniode1983
21dejunio1995
21dejuni
21dejuliode1995
21dejuliode1993
21dejulhode1994
21dejaneiro
21deidre04
21defevereiro
21defeb
21deenerodel77
21deenerode1997deandreamolina
21deenero1997
21deejune88
21dedic.
21deckbb
21december2005
21december1996
21dec90
21dec83t
21dec2007
21dec1986
21dec06
21dec
21deaths
21deagosto1991
21deabrildel93
21deabrilclark
21deabri
21deJuniode1993
21de494
21de1994liz
21de11
21de03
21dblvd
21dayou-
21day87
21davaocity
21darren
21dark28
21dariel
21dante
21danmac21
21danielle
21dani24
21danger-
21dancers
21dale
21daiva07
21daddy
21dacs
21dabest
21d666c257c
21d21
21d05d87
21cvs77
21curls21
21cupid
21cshark
21cs15160
21crystie
21crouch
21crooses
21cristian
21crimson
21creative
21crazyjoe25
21crazy
21cr5vw68
21cowgirls
21cowen
21cowalplace
21courtney21
21court
21cotton
21cortes
21corneey
21corey21
21corbishot
21coolwood
21coolcat123
21contreraS
21conifer
21commons
21colors
21collin
21cole
21coke
21coh
21coedglas
21cochiti501
21coal21
21cm.al.
21cloverss
21clipz
21cleo11
21clear
21claudita1983
21clark
21clarinete.
21ckoterpawis
21citrus
21cinema
21cigs
21ciao21
21church65
21chulo
21chuckles
21christiane
21chrissy
21chotu21
21chokoKAFE
21choi
21chocochip
21chitojr1921
21chilpachole
21chikis
21chicks
21cherries
21cherokee88
21cher
21chelys
21cheese
21chauncey
21charm3
21chara0400
21channa09
21chando
21chance
21ch21
21cfn1012
21cew!!!!!!
21cesar
21cenoma
21cello
21cedg
21ccmh!
21cc92
21cbeach
21caughtme
21cats
21castles_32.
21cassy1774
21casper
21carville
21carolina07
21carm
21cari
21care
21cardnail
21carcyn
21capricornio
21cangri
21candyven
21canal
21camzara
21calvin
21caliente
21cadnessdk
21cabato
21c3h90ed
21c21c
21c0e9
21bytch87
21bv957
21butterfly
21buttercup
21butson
21buster21
21burgoyne
21bun ker
21buhawi96
21budlight
21buchok
21bubba21
21bronzecar586
21brimble
21brie
21brewerylane
21brent
21brdjuly
21braylyn
21brasil_
21brandon24
21brady21
21boys
21bosslady
21born01
21boricua
21booty
21boone
21boo15
21bonita
21bonbon21
21bolero
21bobcats
21bob079
21bns21
21blunts
21blu321c0y0t321
21blokzakon
21bleu
21blazer
21blanketparty
21blackjack21
21blacjac
21bk18kk
21bizzy
21bitch21
21binky
21bimby
21bijeljinac
21bicth
21bibi
21bgstoner
21beztq
21bestfriendz
21berry
21bennyballo12
21beng
21bell
21belfry
21beers
21bedroom
21becky
21becc
21bebest22
21beba
21beautiful2
21beast
21bearpooh
21bear
21beaker
21bday
21bbmima
21bb36
21bau91
21basscats
21baseball21
21barris11
21barlin
21barkley21
21baox
21baloons
21balla
21bainbriggeroad
21bahman85
21badboy21
21backspace
21babylove7
21babygirl
21babydoll
21baby2121
21ba22pr23ta2005
21b4life!
21b188
21aztec
21azahar
21awesume21
21avlr
21average
21ausye
21austin07
21august92
21august1993
21augoustou2006
21aug_2010
21aug8ust
21aug86
21aug1989
21aubs
21atyde
21athena
21assholes
21ason
21asiendas
21ashley21420
21ashg
21ash21
21as23d
21arturo
21arshy
21arny
21army92
21armagedon
21arizona
21arikev
21arh
21arbonne25
21april88
21april21
21april2004
21april1996
21april1992
21april1985
21april1978
21april07
21apr97
21apr1981
21apr04
21apollo67
21ap82
21aout90
21aout1981
21anyos
21anyela1994
21anthony
21annis
21anna18
21animate
21ani
21anggy
21angelicfruitca
21angel21
21andylover
21andthugginit
21andsexy
21andreia21
21andrea
21andinluv
21anderson
21and22
21and11
21anbad
21anadult
21amyaer
21amore
21amor
21amirthaa
21amerikita0590
21amberlee
21amanda
21am23always
21alynnr
21aluz
21alopecia
21almir45
21allday
21aliseann
21alfshow
21alfonso
21alexa21
21alex
21ale425761
21albanycourt
21akosideioen21
21akeel
21ak86
21ajoy
21airet28
21aida
21ahshante
21ahYONG59
21agustus88
21aguilas
21agpsto
21agosto2007
21agosto1994
21agosto1980
21ago96
21ago94
21against
21ae21
21adja
21adelaide
21adan
21ada880
21ac70jh
21abrilalvirdemar
21abril60
21abril1992
21abr05
21abercrombie
21abbey23
21ab73
21ab04cd94E
21aaronf
21aaliyah
21aa21
21a921856e
21a76k12y48%@*
21a54b
21a24a111pj
21a21j89.
21a1992
21a13c7a3
21a11j03
21a111
21a08715
21a01m96y
21`4144
21_teamo_teto
21_rijaronron
21_phun
21_p927
21_nestor
21_mata
21_manuelvega
21_lore
21_leticia_21
21_kew_13
21_juin_19877
21_ione_21
21_febrero
21_carla
21_bamban.
21_arlene
21_agosto
21_abi18yeimy17
21_ANGELITO
21_91_ra
21_7_95
21_774
21_3_1999
21_21_1924
21_189@hotmail.com
21_11_1989
21_09_88_shela
21_09_2004@kriola
21_091997
21_03
21_01_90
21_+Mjerr
21\\\\3\\\\carfar
21ZD33W21
21YOSE
21Y3158LL!135@NNY
21XPILLS
21Whouno
21Welch634
21WMD17
21WEED
21Vero21
21VL21
21VF21
21TomKat
21Therese60
21Talford
21TWIN21
21THINGS
21TAZZ
21TAMARA
21T224
21Summer
21Steph30Mich
21Squab
21Snowflakes
21Snow
21Silke09
21Shortcut*08
21SexyMa
21Sebtember
21Scott!
21STREET0
21STBABY
21SPorts00!
21SOLID
21SHOTSKILL
21SHADI
21SEPT
21SARAI
21S415
21Rivera
21RhEaKENDAL
21ROSE
21RKTT
21REYL
21REAL
21QuestioN
21QUEEN
21Premier34
21Poings
21Paulo27
21PUPPYS
21PTES
21PPaa5m
21PISCIS90
21PATY
21PANTHER
21October
21Oct1977
21ORIONDAVIS
21O299
21November
21NholdinG
21NUTFIELDS
21NOVIEMBRE1993
21NOV88
21NINETTE
21NERIO21
21Months!1
21Mind48
21MiNo
21Medicine
21May1999pretty
21Marzo
21Marlene
21March30
21March03
21Mar1971
21Makato
21Magick
21MOREIRA
21MOCHA
21MINAKHA
21MIGUEL
21MEI1987
21MAYO06
21MAX23
21MARAH
21MANI
21MAMA
21MA2506
21Lucio
21Love
21Lomond
21Lesbian
21Ld83
21Lakeshore
21LYnda
21LOVELY
21LOVE27
21LEGNA84
21LB*21mh
21Kolan21
21KiMbErLy
21Kamu
21KISSES
21KIKBK
21KEI21
21KC913MF
21KARON21
21Juni
21June1978
21JuNe1994
21JsN730
21John
21Jennifer
21Jasy03^^
21JUNIO1988
21JUNE1993
21JUILLET1995
21JOSHUA
21JOHNCENA
21JGmemo90
21JENNY
21JDC08
21Isaboo7
21INCHES
21IN06
21IBACK
21Hoursago
21HOTSLIM
21HONDA
21HAZMAT
21HARDING
21Green
21Gordis1986
21Glebelands
21Gennaio
21GS11905
21GRAMS
21GMONEY
21Febrero1992
