9219891
921973
92196739
921956
9219311
9219208
9219130
921912
921905
921901
9218710
92185
9218215
92181600
921809
921798855859957
92178
92177
92176132
9217363257
9217354
921730
9217242407
921707
921701
921680
9216369
921611
92160690
9215spam
9215733
921563936
921550
921523
921511
9215073
921501
9214991o
9214718091
921451852789
9214355
9214188097
921412
921399
9213808895
9213615
92134934
921320
921312
9213
92129507
921292
92127512
92127114
9212669
9212583
9212436485
9212390547
92122604669
9212203796
921218105144
92121160
9212099
92120751729
92120414226
921202095164
92120114
921201086127
9211997
921199
9211973
9211954bike
921183
9211739557
9211515
921150
921142
9211336
92113027764
92112d
921125b
92112467949
9211221214
92112103998
9211201
921113065107
9211092812
92110703963
92110353555
9211011
9210soon
9210890
9210785
921069967
92104bca
92104344
92103380
9210312
92102392
9210190
9210156
92101261176
9210001
920sweetzer
920ash
92099032
92096
9209511
9209462
920933
9209286627
920927025265
920921055076
92091c
920909146143
92090657420
92090359209
92090089
92089r
920875
920860
9208558982
92084
92083010225
92082908
9208230466
92081954390
920815065510
92081159078
92080623
92080463458
92080203
92077244
92074755
92074
92072
92071617
92071301658
9207109383
920706738
92070603448
92070452407camilito
9206vinetree
9206811
9206587201
9206415
92062750016mayra
92062551048
920620035135
92061610431
9206150
920612035979
92061065360
92060854060
92060662
9206053
9205871
92058
92057192
920546
9205259m
92052001511aqryf2318
920516135654
92051515406
92051205555
9205107986
920508alejo
920505392
920501015043
920488
9204673049
92044929
9204279530
920423ANDES
920422026131tlx
92042116
920419075637
92041314
92040714342
920401@ffz
9203660973
92032892
92032711695
92032302914
9203213
920314075139
920311065242
9203073
92030702214
92030455799
9202HG
920269
92024747
9202398
92022728
920224145885
92021950370
920217015054
9202090
92020551137
92020108
9202005*rcd
9202002
9201jin
9201994245831101
9201977
9201904217
920188
9201772
920160
92015097
9201316
92012556960
92011359592
920109125803
920105cjy
920104045564
9201021
920101045323
9200989
92008610
920082
92007
92006520
9200558
92004us
9200434
920026
9200171**
9200136772
9200111851
920006
9200000
92.5kiss
91willard
91wagon
91talon
91skopje
91shanice
91seny18
91probe
91prelude
91nuthouse69
91miyako
91love93
91laura
91jugbug
91jensen
91jeep
91idj88k
91hardbody
91ford4x
91efsedan
91dodge
91dime
91deuce
91cobra
91ce52
91buick
91angel
91a218
91HoCkEy
91AB79
919jcv
919east9thstreet
9199809
91996065
9199512
91993h
919938260
919929
919917481
919908787
919900
9198941
91988900
919881
91987r
919873232
919869
919820a
919817
919810159b
9197800
9197726856
919765294
919735486
9197287
91972527
91971601
919714836
919706
919699
9196903
91965842
919645
919636628
919627a
9196161
919603536
919598
919589
919579983
9195573344
9195548837
9195488
919543
9195145748
919511
919502
919498caj
9194755412
9194559
919441395
9194366
919416201
919400
91939801
919397172
919393
919391435
919374
9193595955
91934835
9193337498
919328
919321094
919312
91930029
919298033
919295
919291
91928
919279
919257792
919233
919225
9192000
9191colas
9191997
9191979
9191975
919191n
91917085
919166
919161
91915250
919144106
919141
919130
91912515
919122
91911991
919100
9191
91909190
91908
9190704
91905263
9190360c
91902285
919018
9190060
919000
918virgo
918kalebs1
918fran
91899505
918991
918985260
918952
918935345
918915
91891
918873156
91886
91884j
91884
91883283
918827
918815
9187menina
9187979655
91879274
918781574
9187426
9187310720
918725
918720
9187124
9186756254
918643794
918638
918618
91860900
91860302
9186
9185683
9185217378
918510js
9185051
918503
918500
918490
918460143
918433
918423
9184123
918400703
91838363
91837235
918369361
91835834
918323504
91831451
918312
9183000a
9182la
9182919627
918273mj
91827346
9182529
9182461191
918235
9182281511
91822
91821419
9182007
9182001
9181998
9181993
91819814
918181
9181413
9181310
918123
9181
918096
918090548
91808947
91803
91801986
91800
917amg
9179lxb99d
91799179
917956701
91793p
91790763
9179048
91787ams
917877159
91785729178572
917844645
91784
917816k
9177joemahon
917793503
91773
91770kea
9177052
9176klk
91769176
917686
91766p13
9176480294
9176286081
917611520
917605
917600
9175582m
9174jk
9174974
9174845
917471247
917443638xx
91744
917420
917413892
91740548
917402
917392115
9173847
917380
91737Jej
91736482
917346825
9173376
917328
917304
917286268
9172514
917222
91721927
9172006
9171995
917197605
9171975
917185
917170
917157590
917148
917143629
917125
9171197
917084
917048
91702
917010219
917002861
917-945-9090
916rey
916olympia
916ness
916luvsu
916family
916Japan
916993318
916983260am
91694k
91694
91692b
91692
91690af
916908
91690
9168889
916874035
916865781ff05
91686
91684968
916835
9168296
9168169
9167933809
916776781
91676916
916745
916730507
9167266
916716689
9166ken
916693550
916682
916670987
916667
9166551
9166467
916639
916631
916619r
91661509
9166022288
916595
91659314
916588856
9165748431
9165632a
916554366
9165236
916521
9165151
91650190
916494
9164829
91648058
9164657987
91646345
9164489
916423
91641326
91640274
916384547
9163680260
9163535
916328966
9163263
91630766
9162venus
9162929
9162858
91625
91623931
916236
916234
916223
91621c3b
9162128
9162007
916200
9161995
9161991
916191
91618
916169
916151
9161242
916114
9161065
91609420
91606c
91606282
91605gbjr
916040839
91603
916018
9160112
916006
915ponz3781
915lora
915hlkqr
915ept
915993
91599
9159840100
915954004
91594
915930
9159195
915911
915887
91588
91584
91583
91580
915754
91574724
9157400
9157079
9157
9156879
9156727888
91566183
9156408399
9156374
915620
915610
9155tw
9155943840
9155632995
9155509
915539
915519
915500
9154970
9154771
915468
91546120
9154541
915442387
91542288
9154081537
91540576
91538367au
915366
91535492
91535
9153218
915312
9153046o
9152974
915280
915275
91523
915225
9152197121
9152141
915210
9152005
9152002
9152000
9151donutlo
9151996
9151994
9151981
9151961
915188
91518060
915163
91513vm
915133
915114
9151125012
915107
915100
9150926
915078
91505l
915050
9150361
9150134
9150044
914ian
9149700
91494
914925
914914914
914909
914900
91488142
914848821
91484
91483803
91482261
91481
914806398
914797530
91479147
91477dannen
914767016
91476067
91475
9147239
914716
914711
9146855
9146753
91467170
914662250
9146427
91463263
9146217
914605245
914600
91458352
91457612
914566322
914544483
914539293
914527
914520830
9145123
914475155
91446310
914442549
91443906
914421827
9144139j
91440007
914399796
914389
9143740
914373
914367169
914361
914344
91434271
9143201
914316
91429135403
9142798102
914274653
9142573
914242937
91423
914223
9142118
9142003
9141996143
914199
9141981
9141962
914187265
914178069
914161986
91415402
9141516
914143
914125
9141101
9141069696
91409223
9140722
91406602
9140573
91403
9140162
914011
9140070
914000
913mil
913dylan
913alb
9139958
91396
9139295193293443
913920
91391329
91390mustang
913904070854110
91389cv
913890
913870
91385m
91384
91381dcp
913787
9137800
9137657
91376
913754
91374
913718
913712
91370117
913688
913679
91366066
91363
913620718
913577
913569750
913555333
91355
9135455
9135361
91352898
91352
913517
91350Aa1
913503651
91349a
913488656
913481546
91347325
913468
9134563
913441
91342
91341611
913403147
913393
913390147
913385860
913355
913344
9133298
913317388
91331311
91330612
91329352
913281967815
913266QPAL
913264
913255850
91324
9132231
9132124
9132006
91319895566
9131979
9131959
913154915
913139
913131
91312k
913121
9131126
913106
91309203623
91308418
9130644
91305
91304484
9130412
9130359
913032
913030
913008
9130048jin
91300
912dom
912babe
912988
912980608988
9129709
912969755
912955525
912939
91292a
91291ml
912915
91290love
912888454
912880
91287848
912863318
912855
91284
912830
912816
912811
912809
912807
91279127
912781763v
9127764
912767896
9127479
91274236
9127346
91273
912718
9127037
912691382
912684
912671146
91266028
91265639
912645883
9126376
912633804
912627
912623
91261870
912616
912607271
912602
912598
91259007
912578
9125576266
912544
912537
912532
912528
912524
912507
912502418.
91250
91247356
9124679
912458663
912447633
91243pic
91243489
9124244
912421
9124125683llelly
912406
9123lily
912399
91238594
912380138
9123774804
912373030
9123687
9123525
912348
91234491
9123367
912332
91232523
9123220
912319993
912316
912312
912304892301
9123004
9122CHEY071ra
91229244
912291
912275897
9122728
912266613
912264883
912256131
9122525
912245
9122306
912223
912210
912204
9121pg
912199
91219777
9121967
912194296
912187
912182
912172480
912168063
912153132
91215225
91214691
9121412
9121315
9121290
9121257
91211983
912112658
912112
912110
912104
912103
912101
912096631
91209120
9120807
91207bg
9120660692303380
91205pah
9120531
912041
91203347
912032
91202
912012
91201020
911wrspj
911usuk
911ths7
911sucks
911rudyb
911rex
911nick
911mike
911laradio
911kill
911kalib00
911jrec
911jesus
911james
911jade
911hotbabe
911emt
911donada
911cut
911bena1leeb
911artlumin
911_balla
911Thug
911LOVE
91197781
911974
911973
911968
911957350
91194mb
91193k
911935
91192v
911925
911920
911914
9119119
911908
911904
91189k
91188pct
91187tramlytnp
9118770
911869
91184c
9118413
91184
911830
911816
9118117
911809
9117st
911784
911763
9117298
911728
911711
911709
911705
9116flam
91168939
9116838h
9116799
91166205cc
9116535
9116301
911621
911608
9116064
911601
9115941
91157747
911569
911555
911549
91153
911525
9115179
9115120a
911510
911509
9115052
91150
91149ry
91149343
91147003
911451
911430220
911422
911412
911405
911401
9113p9113
9113932
911386
9113742
911354
9113402
911325
911321
911316
911303
911288
911281
91128
9112707
9112636b1994
9112530
9112511
9112401
9112373
91123153206
911222025260
91121958
911216h
91121200240
9112116-
91120950962
91120744
91120249
9112008
9111995a
9111976
9111971
9111965
911183
9111780j
911171
911169
911167955
911149
911141
911135wb
911132000
9111231459
91111903
91111777972
911115115383
91110610730
91110239
9110jc
9110908
9110819
911064
9110603y
911057201
9110404
911035
91103155750
91102917
91102211
9110202
9110170
911011621
91100907734
9110069
9110045
9110024a
91100106
911-KZ
910essy65
910999
910981
91095bdad
9109441171
91093500
9109342a
910928145163
910926145792
91092112980
91092102675
910920055198
9109171314
91091262911
91091105700
910908kc
91090602670
9108628751
9108473708
9108329158
910829433
91082888
91082558034
91082058961
91081n
910811k
9108095
910800
9107enc
910791
9107830
910768
9107605
910735
9107291196
910727025464
9107229
910720085763
91071412
91071101881
9107086393
9107065176
9107013
9106jw
9106801763
910678
9106688479
9106581304
9106421
91062920691
910627125409
91062410600
910621haiyani
9106182021
91060802
910604016533
910600
91058485teamo
9105716
9105474d
9105407533
91052736
910520nh
91052012
9105175508
91051209988
91050907800
91050502967
91049533
910493
9104870a
910457
91044715
91044044935
9104354
91043
910427135848
910424025053
91041660703
91041504035
910409.
91040463785
910402-63468
91039549
9103794
9103762
9103729691
9103703
9103674280
9103585
91034111
91033057305
9103234608
91032108
91032011
91031604
9103123585
9103098
91030601
910303085586
91030306
9102jsmw
910284
91027106
9102690632
9102645
9102531
9102525
910249868
910245
9102223
910221136191
91021922
91021755244
91021410646
9102039572
91020205496
9101981
9101972
9101968
91019
910183
91015719
91014t
9101319m
9101283472
91012653617
9101240726
9101179
910112123
9101104
91010510380
91010406515
9101028
9100852
9100639
91005vinh
91005431svr
91003
91002
910014
91001223
91001170
91000846
90zpimp
90years
90wani
90tears
90stef13
90stanza
90seconds
90salcel
90ranger
90opop
90octm59
90nike
90monkies
90milo
90mazda
90lucas90
90kx125
90jane
90ioKL
90ho27
90girls
90fordprobe
90deep
90crip
90civic
90chatterton
90c12346
90bronco
90boyz
90blazer
90aztec
90ac12
90SBABY
90BABY
909princess
909mami
9099694
9099435
90991766
90991
9099009
90989098
9098765
90985637
9098359349
909809
909797
9097797
90975899
909721
9097191
9096560
90961600
9095STANGS
909571
9095119
909420
90941218
909402
909399
909397
909393
909356
909344
909333
90929602
90929092
90928263
909264
9092341996
9092190585
909210
9092004
909200
9091993
909172br
909150
909125
909103
9090ma
9090ca
909097
909090z
909088
9090824
909079
9090766
9090608a
9090532
909047
90903
90902727
9090200
9090100
9090090
909003
908jani
9089360
90891522
9088974006
908890
908871230
9088612
908832
90881988
908809
9088002
908791
908790
9087680F
90874347
908714
9087099W2
908706
908688
908652
908642
9086323
9086214
90859085
9085777
9085343
90850
908417
9084000233
908365
90829082
908248
9082288
90820726
9081995
9081982
9081915
9081851
908171
908140
908113
9081054
908071
908065
90803871
908029
9080212
9080123
907clay
907976
9079682
90795
90789880
9078822z
9078563421
90785181
9078148
9077964
90777588
9077730
907741
907724
9077010
907684
907669
907654
9076113
90760076
907597
90758613
9075715
907510
907481
90744
90742933
90740576
907381
907333
907312425
90725t
90723p
9072123
9072007
9071988
9071962
90715
90712th
90712028
9070902
907080
907068
907058
907044
906first
9069328294
906915
90688808
90680852
9067850
90676193
9067113
9066817142
90665414
906622
906606
906547
90651
9064973
906475
906453452
9064044
9063915270
9063858433
906345
90631
9062951
9062706
906262n
90625500
90624455
9062295477
906228
906213
9062116
9062006
9061990
9061807
906143
9061243
9061055454
906091
906090a
906089
9060708
90606560
90604
9060311
90601
9060011301
905pol
905maj
905995
9059778
9059401
905927
9059150483
90589248
905882
905856
9058249857
9057801607
9057498
905678
905625
905606
9055960
9055770
9055228
9055180913
9055141
9054715
9054654
9054328
905416
90539M
9053733
90534929
90532200
9052923
905290
90525302
9052381370
90521338
905200
905197
905181
9051800
905159
905147
90514382
9051156d
905108
9050994
905088
90508438
9050699
905050
905027
90501658
90500757
904nplum
904girl
9049929
90498991
904976418
904955
9049070
904888
9048227
90475982
904707
904693
904689
9046782
90467131
9046572
90464576
904612
90460
9045907
904556123
9045541421
9045216
904500
904486
904444
904409
904394
90438
904369
9043115
904282
9042536
904223
904201
9041995
904153700
9041513
904125
9041
90409040
9040747
90404995
90404868
9040300
904020
904012
90400504
903solis
903dyme
903999
903991
903990
9039587
903939
903920
903908
903900
90389038
90386599
90384124
903816
9037463
90373173
903717
90369036
9036400645
903625
903600
90359035
903578
90354877
9035396
9035331
90350895
9034761590V
9034589
9034367
903417
903407
90339033
9033868
9033449
9033142c
9032830
903280
9032688804
9032537
903226
9032134
9032003
9031990
903187
903160
90315476
903146
9031258
9031163
903105
903093
903081
90307534
903042
903040
903011365
90300661
9029bj
90299100
902969
90295871
902919
902910
902909
9029007
9028913
90289
90288740
9028852
90287362
90285708
90285
902846
902828
9027swa.
90279735
902742
902712
902708
90269178
9026779
90264207xx
90262970
90262825
902623
902617
902590
90258777
9025848
9025769
90256402097
90255272
902538
90252882
9025245
902519
902501
902470703
9024554
902451
90245
90242350
9024108
9024048
9024009
9023horn
90237021
90236265
9023450
902332
90231964
902302
9022991
90229023
9022536
90225
90224
902233
902225
902222
9022202
902211
902208
902204
902200
9021982
90219021
902181
9021709cris
90214815
9021332
90212190
902118
902110
90210jr
9021077
902104
9021026
9021011
902100bw
9021001
9020720
90203720
902030
90201178
90200101
902.11b
901moneygang
901girl
9019qwer
9019789
9019526
9019382
901920
90191467
9019120
901907
90189018
9018880
90186669
901864
9018506
9018327
901827
9018170
901807
901802
90178155
90177
901740
9017063
901704
901701
9016933
9016892
9016723
9016588
901645
901632
9016139
901609
9016076
901602
9015909
901535
9015211
901515
901510
90150085
901490
9014813989
901475
90145
901432
901424cc
901404
901395
9013740
901370
901324
901314
901312
901310
901300
90128866
9012854
90127r
901273289
901269
9012660
9012652
901251
90122960225
90122557137
90121857102
90121757566
90121559351
901214055030
90121156309
9012109
90120168680
9012009
9011me
9011989
9011941
90119123
901172
9011616
901151
90113067666
90112754660
90112626
9011245
90112170161
90112106
90112065546
90111762065
90110753925
90110462424
90110238989
90110
901071
90105540
901041
9010329
9010280
90102159216
901020126371
901016yujia
90101600
901011035072
901010045463
901006a
90100220
900watts
900strong$
900ser
900guery
900dipsey411
900b900
900_me&mimum
90099146
9009759
900973
900969
900960
9009505
90093424
900927n
900925yeecheng
90092388
9009222
900919075184
900916ley
900913126796
900911wert
9009091
9009090
9009024
9009006
90089008
90088313
900873
9008535
90084558
90083061030
90082658326
900823r
9008226
90082006
9008161
90080267591
900800700ec
900788
9007498
900731136969
90072861026
90072463322
90072167995
900719jj
900712125148
900710146041
90070758597j
900703025698
900701synergy
9007008
900699aavenue
90069006
9006790
900674
9006507
900640
900633
9006261382
9006211
90061770yw
90061431
900610015749
90060551641
900602yue
900600kan120
9005962
90055cj
9005482
9005288
9005275
90052410
90051351192
90051007
900509566
900500811
9004577
900444
9004343
90042752516
90042559120
900422125297
90041861320
90041760116
90041695
90041562306
90041201
90041
90040580232216
900400
9003vaun
90039003
90036902
9003687
90035091
9003462
9003346
900329pke
90032667944
90032450520
90032152502
90032
900318csc
9003120
900307085656
9003052
9002cr
900288
9002721
900249467
900248
900245
90024
9002323
900230
9002269857
900224086178
9002220
90021379
90021160023
9002096
900202085908
900200
9001mt
9001949z
900191
90017141
900163
900157
900142
90013994
90013054494
90012777468
90012
90011619
90011450872
90011251128
9001100087645189
9001033
9001009
9000_095
90009195
90008
90004
900025
90002000
9000124h
900002053
900.709.58944
90/05/02
90-=qwer
90-029-09
9/9/1994
9/8/1992
9/4/91
9/28/89
9/25/05
9/12/90
9/11/2533
9/1/1991
9.20.07
9.1.89
9-6-1992
9-28-84
9-25-75
9-17-06
9-11-01
9+8+7+6
9*125*8
9 ca  burn
8zapata
8z40q45b
8yqld47a
8yoxhu
8yngcv
8ygh286f
8yayo8
8xjfs5
8wxs962
8wvwiev
8witches
8wideout
8we565
8warriors
8wBGST
8volley8
8verizon14
8valeria
8uym6x
8uwrre5t
8usuta
8up8up
8uo^8uo^
8um8l3
8ujn3kmv
8uhbvc
8uhb7ygv
8uee46
8u8af8
8u88le
8u7y6t5r4e3w2q1
8u574nu7
8turtle8
8tribe
8tortilla
8tmugs
8tinker
8tilly8
8thwonder
8thstreet
8thoctober
8thg630
8thdec
8thandocean
8teaki
8tampons
8superman
8sunflower
8stupa
8strong.
8strawberry
8steven
8star07
8st.nicks
8springfield
8sophie
8soccer8
8smokie
8smile8
8simple
8sherwoods
8semper8
8secret
8scorpio
8sarah
8sami8
8s1a4i2
8rydonlane
8rq2efxp
8roots
8rodriguez8
8rockets8
8rings
8rainbows
8racin
8r67vy23Bf72
8r2e3ysf
8qya3kpm
8pxr8krq
8pvqw8
8psychotic
8popcorn
8points
8poderbranco8
8pinky
8piggys
8pesos
8peanuts
8payoly
8pandas
8pagesback
8p5j7g
8ozwater
8owmp.0fu
8ow,j,usy;.0
8ovtwiojkiyd
8oscar
8orchardview
8oojko054708297
8oojkiydot
8oojkiyd0hk
8oobie5
8oo8le55
8omujiydgTv
8ogfup;.oF]d
8og];mujiydgmv
8og0hk=^h
8odoris
8oclock
8o8state
8o8pinay
8o8o8o
8o.0gfup;
8o-v'gTv
8o,yol;p
8nutbuf2
8northmoor
8nogs\\\\\\'k
8nick7
8newbury
8nails
8n95a6m8
8n52e4hj
8myspace8
8myangeL
8months
8monica
8molly8
8mocha8
8mille
8milerd
8mileminem
8mile8
8michelle
8mendel8
8mdKkCKs
8marzodakiry
8marzo
8mariah
8maret
8madman8
8m8fpepc
8lunasdemiguel
8lucky13
8loveu
8loveme3
8love888
8loser
8lolo8
8lokoz
8linda
8lbtyrek
8laurens
8lalala
8l3ss3d
8ku4ta
8kleinn
8klFo;jk38
8kkkkkkkk
8keller8
8karma
8k8k8k8k
8juniodel93
8juni1989
8june8
8june1991
8julho
8joshua
8joseph
8jordan
8jonathan
8joanne8
8jkgav4eei4k
8ji77qqsbwfj
8jenny8
8jenas8
8jeaxlf8
8jasmine
8james8
8jade7
8j22l91f
8iv[8iy;gikiyd
8itches
8ismyno.
8ismylno
8information
8impj7bs
8imgaa4c
8iloveu
8ilovem
8illyboy
8iheartu
8ig8t5xu
8ianuarie
8hurts
8hr94jq589h
8hotdogs
8hitomi
8hernave
8hearts
8heart
8hardyclose
8hammondst
8hackers
8greenbins
8grader
8goo1ber3
8glue2
8gilok,oyp
8geno8
8gemini
8gatorade
8froggies
8frhxl
8forum
8forcereal
8flower8
8figsroq
8fg9cfy5%
8feastoftrumpets
8fantasia13
8f5hgcm6
8estrela95
8err476ru65yt7
8epcot3mal
8enero1993
8emznkijfa
8elrompe
8eleven
8ele14a
8eighi6g
8eelak
8edigd96
8eara
8eagle8
8e;jkgik
8e8d76fd
8e2r76
8dyduovi
8dreamer
8dragon8
8douglas
8dillon8
8dicciembre
8dejulho
8deenerode1993
8danielle
8dancer6
8dakota
8daddy
8d5243w
8d1m12b
8crockzsockz!
8cowboys8
8coolock
8computer8
8cock8
8claudette
8chupono
8chrissy8
8chica
8chelaes
8cheese
8chadband8
8ceecee
8caroline
8carlii95
8candy
8cLvgqij
8c5339e573
8c3d1n5j
8bvvdcit
8butterflies8
8bullshit8
8budweiser
8bucket9
8brown
8breann
8boopy00
8booger
8blueyes
8blomejor
8black
8bgbg8
8bf57'ot
8bf57'0y'g]p
8betty3
8berline
8bella8
8beautiful
8be5km
8bball8
8batman
8barbie
8ballz
8balll
8ball88
8ball666
8ball2
8ball15
8ball123
8babyboy
8babies
8azhanzikri*
8axodx
8atman
8arturo
8arr0w
8ariana2
8april
8anthony
8angel8
8andrew8
8andiford
8anasis
8anana
8amclass
8almond
8alhambra
8alejandra
8agravante8
8adlin
8ad4ever
8aaaaaaaa
8a4f6qam\\
8a1m2y2
8_ojsiesbi
8]kibgo9
8YANIRA
8TEENST
8Scott24
8SHSLOVE
8Password
8Milwaukee
8M44Drg
8LOVER
8LNK*3one
8Kumbia
8Jesus8
8JEANK8
8INCHES
8GERRARD
8Dezembro
8DEABRIL
8Cinderella
8BALLA
8B923MNN
8April1990
8ARB1E
8AAD1
8;kpohvp
8;k,s;y'
8;k,mi\\'0e
8;k,iydme.sh8o9k[vf
8;k,g=njv
8;k,/yoihkp
89zila
89xsasqt
89woots412
89vinlove98
89track
89thomas
89tang5.0
89shadow
89savy22
89reneenay
89redhea
89open
89octubre
89ners
89mazda
89lynn08
89lover
89lost56
89kemacat
89jimmy
89izzaer
89ilcmfp89
89hockey
89hero
89gurl
89fordescort
89escort
89dophins
89dime
89daytona
89cutie
89crip
89cookie
89cmr89
89charlie
89cc89
89brooklyn
89boyjx3
89black
89bheby
89asjk90o
89a79l
899kdesw
89999998
899989
899975
899900
8998em
899880
8998616
899845
899842
8998220
899807
899789
899773ul
899760
899700
899650
8996204
8996051
89959801
89957947
899569
8995648
8995441
8995246
899509
899500
8994994
899495
899465
899452
8994456
8994238
899397
8993765
899351
899334
899306
8993006
899289
899247
89924
8992288
8992247
899216
8992108
8991zz
899196
8991940
899190
899189
8991772
89916371
899155
899153
89915102
8991302
89911
8991
8990811
899075
8990611
899056
89904
899027
899017
899005
8989dexter
898990
898989898989898
8989789
898974037
898963
89896
898955
8989243
898919
8989150
89891212
89891111
898909
8989014
8988vcm
8988927
89889
8988634
8988408
898822
8988033
898790
898786
898784
8987684
8987525
898735
89871189
898711
898705
898696
898683
89867040
898661
898610
898608
89858985
8985050
898491
8984712
8984596
898444a
8984323
8984278
8983859
898358
898324
8983069
8982849
898259
8982354
898221
8982175
8982120
89819685
8981939
898182
898175
8981572
8981440
898122
8981136cb
8981099
8980963
8980809
898067
89803649
8980103kh
89799398
8979897
8979706
8979633
897960
8979549
8979462813
8979397
897933
8979207
89789542
897889
897857
897827
89781247231102
89778977
8977731
897766
8977288
897720
8977143
8976987
897663
897645
89763469
89762400
89761543mt
897566
8975459
8975385chk
897487895205
8974582
897448
8974287
8973939
897345
897300993
8972703
8972593
897245
897234
8972207
8972073
8971833c
897180
89716783
8971238
8971120
8970987
897087
8970764
897050
8970425
897001
896983uk
896929
8969230
8969047
8968832
89685965
896803
896751
8967093
896666
896638
89662528
8966223
8965976
8965767
896574
8965640
896559
896548
896547
896533
8965214
8965029
8964844
8964695
89645655
8964379
8964251
8964006
89638963
89637412
89635624
89635288
896311
896290
89625300
8962319
89620845
8961688
8961581
896123
896116
89611386
896065
8960437
8960145
896000
8959nn
8959896
895978
89596235ganjamai
8959139
8958439
895835
895803
89577
8957586
8957432369
8957216
8956ca
89568624
895678
8956597l
895654
895625
895623j
89562321
8956231470
89562300
8956172
8956015519
8955969
895555
89554400
895522
8955114
895489
895457339k
89543789
895423
8954054
895379
8953467
895329
89532
895300
895286
895281
895266772646
895263
895246
8952228219
895212
895167
895132
8951117
8951001
8950917
895070
895066
895052
894wer*
894hoe
8949595
8949453
8949017
8948425
89480739
894764
8947484
894742
8946843
8946622
894657
894651
894620
894589
894580
8945610
89454928
894536
8945314
89451739
894513
894508
89448944
894474
894453
8944357
894412
89438943
89435502
894322
8943116
8942951
8942845
8942615
8942393
894221
8942085
894200
89417072
8941577b
8941227
894094
8940858
894051
8940436
894000
893azul
893981696445
8939441m
8939269318
893922
8938815
8938467
8937726
8937570
8937525
8937442
893714
8936691
8936255
8935lr
8935598b
893555
8935295
893510140
893500
893488
893455
893429
893414
8933MELH
8933501
8933451
8933276
8933198
89323321
8932236
8931931
89317a
89316104
8931369
893124
893106
893101
893098a
8930677
8930285
8930143
893005
8930030
89299500
8929757
89293m
892929
89292228
892911
892901
8928ookie
8928765
892822
8928115
8928083
892803
89280
89278927
8927261963
89272280404
892710
892707
892705b
8927001
8926628
8926482kiki
89264444
89263753325
8926258
8926196
892605
89260207a
8925jp
892586
89257791
8925626
89255236
8925332
892532
892527
8925245
892517
8925117
892503
892500
892490
892478
892466
89245
892429
8924239
89240789
892371
892354
89235
8923399
892323
892313
892309
8922966
892283
8922722
8922331
892231192
89222
892210
892203
892198082446
89218123
892126xx
892119
892110
892104
892102
8920908
8920782
8920425
892012
8920101789201017
892001
89199927
8919921
89199
8919771
891974
89196961a
891958
89193106
891924
89191311
891898
8918509
8918501
891826
891810
891800
89178917
89177
8917160
8917130
891702
8916558
891622
8916102
89160205
891600
891579
8915566
891523
891515
8914944
89148848561
89147
8914389
89142
89141267
891403
89139987
891388
891369
891328
891324hx
891319
891311
891304
89130159
8912917
89128912
8912866
891267345
8912602
8912521
891240
891231571
891227912624
89121l
891219hr
8912181
891215lolo
891211065608
8912089120
89120361520
891197
89116099
89115
891133
891128i
8911226
89111752991
891114258
891113..
89111056910
891106145606
891089
89105
891032
89102538
891020myself
8910165
891012085745
8910119
8910101213
89100354
890qas
890mickey
890iopkl
89098
890941
890927jd
890925ami
89091757
89091459761
89091009
890908045135
8908jcb
8908805
89082308
89081nv
8908144
890812086354
89081068
8908001
8907641
89072918907291
89072864191
89072256175
8907130
89070966
89070238
890701085738
8906oct
890687
890654
8906448
890633
89062678780
890621love
8906138
89060851299
890600
8905971
89057145626
8905588
890528075420
8905198
89051002
8905050
8904831
890477
890440
89042716
89042461033
89041210
890410105452
890408amc<3
89040506
890380
89033168
8903231112765
89032
890311105414yee
890306is
89030393
8903016
89030
89028902
890255
8902388
8902249
8902215
890213015319
8902078
8901ER
8901922
890156
890145
890128015517
8901149
8901108
890104a
890102-63760
8900bhb
890088Bb
8900826
8900652z
890051
8900
88wins
88wildevil88
88von12
88virgo06
88v55bdx
88ts4px0
88tigars
88thebest
88stephanie88
88star
88smith
88sewer345
88scooby
88sarah
88roxy
88rock
88rainbows
88purple
88princess090288
88ponga78
88penis
88passion
88pacey
88oreo
88ochoocho
88nicole
88nana88
88monroe
88monag
88miles
88mila88
88meatball
88may4
88mafia
88lover
88love74
88lily88
88lewy88
88lc77m95d
88kitty
88kiss88
88junior
88july
88john88
88jd88
88january
88in08
88iamgod
88hhkgsbimd03
88harry
88hamburg88
88gus88
88green
88gRnm0nKeyZ
88fxstc
88frogs
88fox88
88fiogadix99
88finger88
88faizal
88eminem
88efay88
88dolo
88dave44
88daisy88
88crxsi
88colon
88cavalier
88cadillac
88bondroad
88black
88bears
88bbvz
88babes
88angel
88and1
88alonsoygissela
88alexxandra
88_zh_47_ex
88_ahmed
88SIGMA
88Jester
88Ewmd
889ade
8899rosa
8899ae
8899870
88996655
88995511
8899520
8899456
889938
8899288288
8899267
889919
8899157
889915
88991010
88990942
8899075
889903
8898rl
889892
889877
88984891
8898231
889813
88980820
88976812
889754a
88972977
8896twins
889669
889658
889621
889598kjl
8895731
88956
8895403
889512
8894gtm
88943733
8894312
8894223
889412
8893danielboi
8893954
889388
8893595
889335
889321
889290
8892866
8892814
889262
8892383
889232
8892112592
889210
88920818
8891als81
889197
88919080
8891841
88916878
889163
88916071
889159
8891520
8891434
88914171223560
8891401961
88912427
8891211
8891089
8891012
889101
8891-jph
8890drv
8890988
889090
88908105
8890719c
889064
8890558
889040
88903
889028
8890200490
8890055
889000
888tran
888sean888
888pam888
888net
888lol
888ilu
888girls
888erika
888bee88
888PAK
888999888
888996
888987
8889815
888981
88898
8889644
888956
88895223
888938
888913
888911
888907
888902
8888rosch8888
8888maye
8888dexter
8888Lmm
88888l
88888b
888888s
888888lam
888888gg
888888c
88888899
88888888j
88888888e
88888888b
8888888888888
8888888*
888880j
888878
8888778
888868
888853
888848
888833
888830
88882516
888819
88881818
8888169
8888113
888806
88880284
8888*
888789
88877472
888758
888723
8887123
8886908
88867799
8886660
888661
888645
88864
8885766
8885556
888555444
888551
88854
8885246
888521
8885193
88851229
8885058
888501
8885
88849888
888473
8884667
8884444
8884211
8883988
888377
8883633
888345
888332
888321
88831026
8883000
8882910
888284
8882552
888235
888232
888228
8882213496
888218
88820107
8881986
8881808
8881707
888155
88812660
88812125
8881169
8881123
888108
888101221146
8880884
888075
8880718
888066
8880438
888030
888025
888001
8879899717
887989
887987
887985
887979
88792047
887914
88788990
887888
8878567
887851010
88782753
8878130
8877xnrrgm
887786473
8877843
887780
88777788
88776
8877520
88775
887742
887723
8877078
8876jc
8876800
887672
8876431
88762lm
887575
8875659
88754
8875310
8874864
8874737
8874679
8874412
887431
8874159
8873845
8873759
8873536123
8872AlJ7
887298
8872740
887262
887232
8872245
8872171
887215
88719097
8871785
8871427
8871268
887122
887105
887100
887092+KO
8870802
88705127
88702902
88700
8869jim
886999a
886985
886975
8869631q
8869562
886954
88693995
88692278
88689232
886858
88681979
886802
8867918
886768
886741
886700
886685
88668
8866771234
8866563
8866332
886626
8866205
88661
886597
88657821
8865549
88651610
88650688l
88649950
88648972
8864801
8864605
8864583
886420
886363
886345mmm
8863164
88628234
8862518
886244
886235
8862277
88620406
88619anissa42
886190
886165
886150
886129
8861081
886042
886024
886019
8859assm
8859796
885968
885951
88592t
885916
885877
8858738
885871
885864
8858561
885850
885842
885814
885788
885770
885759
885750
885742
885731
885713
885707
88568856
8856807mcs
885671
885657
885652
885643
885613
885608
8855ntlc7102
885596
8855885
88556633
8855610
885549
885539
885522445566
88552213
885516
885499
885482
885459
885454
8854416
885430813388
885415
885413
885408
885404
8854
885360
885343
8853296
885327
8853235
88531163
8852987
8852930
885277
8852645
885252
885240
885234
885228
885220
8852112
88520520
88520
885196
885188
885185
885180
885176
885159
885153
885147
885135
8851248
885122
8851142
88511
8851025
8850meter
885079
885072
8850328
885017
885002
8850
884evr
88496710
884949
8849107
8849
884896
8848771
88482378
8848122
8848012
884789
884785
8847664
884759
88468846
884659
8846352
884617
8846072
88460
884595903090
8845872
884581
884561
884546
88453405
884512
88449922
8844896
8844602
884426
884407
884402
8844
8843892
8843860
8843525288
884318
884317
8843097
8842svha
88428394
884280
884264
884251160
8842399
884221
884200
884195305
88418167
884147
8841230
884121
88411
8840family
8840797
884035
883kap
88399
8839806
883969
88396615
8839504
883944
8839303
883913
883881
883876
8838567
8838456
883841
88383323
883812
88379856
883768
883757
883751
8836997
883694
8836853
8836615
88363202
8836126
883600
88358835
8835648
8835539c
8835166
88349894
883480
88346824
883463
883446
88343209
8834173
8833rose
88338
883372
8833627
883355
8833450
88333388
8833280
883312
883288
883250
883233
883232
883211
8832001
8831962
8831729
883154
8831310
883128
883123
88311a
8831057
88310
8830498
8830308
883015
8830094
883007
88300119
882999
882988
8829291231
882922
882917
882916
8829111
882910
88290
882895
882883
882878
8828632
882858
8828325
882821
8828177b
8828122
8828093
882807
8827escola
88278827
882737
882728
8827142
882702
8827014
882686
88267115439
8826568123
882626
882611
8826037
8826
8825813
88257136
8825582
882539
882537t
8825300
8825252pg
882522
88252
882512
882508
882503
8824bbd
8824970
88248996
8824852
882465
8824527
882424
882420
8824071
882405
8823888
88237792
88237106
8823542
882345
88233770
882329
8823243
882321
882314
88231
882306
8823037
882294
8822908
8822867
882282
88224682
88224646ba
8822451
8822446655
8822396
882226
882223
88222
882216
882210
882202
8821821c
882175
8821715
882167
8821580
8821515147
8821414
8821345
882129
8821258
8821047
882101
882080
882077603
8820694
882063
8820235
882022
8820163
882015
882004sj
8819nw22pl
88198188
8819686
881967
881952
881925
881910
8818949
881885
88188
881868
88184
881820
8818148
881810
8818053
8817931
881778
881768
881756
8817209
881712
881711
88170
8816twin
881691
8816563
8816500
881639
8816348
881628
881612
88161
881606
8816001
881599
881588
881569
881555
881553372
881544
8815139
88151091
881504
881499
881488
881477
881466
881458
8814498
881437
881418
881412
881405
88138078
8813745
88136
8813540
8813530
8813395
881321
881312
881300
88128b
88127keita
8812734
88125571
881255
881249
8812388
881231565600
88123
881229055556
881221sag06
8812140
88121147
88120610
8812016
8811carla
88119394
88118nokia
8811813
881181
8811751
881171
8811501
88114848
881141
8811369
881127cc26t5376
881123a
881121dqr
88112
8811123
88110808
8811026066
8810949
88108810z
88107300
8810580
881042
88103
8810255358
88102250340
8810131254
88100569595312
88100126
8809892
880965
8809406c
880930495395
880920145121
880919105202
880911235600
880909095012
8809067
8809018
8808816
8808447
88083582
88082001
8808191234
88081460960
880812125481
8808024
8807992
880795795
880769
8807463g
8807341
880720115083
88070817
880688
880671
8806593
88065
8806306231
88063
880618055088
88060s
880601525709
8805902
880588
880543
8805332
880532
880529065540
88052631
88051876
88051325
880498
88047203
8804623
88042952251
88041761
88041503
88041343
88041023
88040261669
8803949
8803808
8803571
880334
880324a
88032314
880312016027
8802tory
880287
88027575
8802617
880230
8802215187
8802099
88020701
88020355616
8801817
880171
8801569
880143Jh
8801289
8801250
88012401
8801216z
8801013
88008900
880033
8800268
8800215
8800
87yota
87veces_lu
87tink
87tH42
87sunny
87sentra
87saffy44
87rocks
87rb12
87o17cm
87night8
87misskay
87mazda
87lifesavers
87lalisa
87kg11
87jm87
87jen3
87irocljs
87hottie
87grandnat
87girlcb
87enrique
87dasha
87cutie
87civicsi
87buick
87bimmer
87babygirl
87afo0394
87SHELL87
87GOODGRL
879gc34
879987
87998360e
87996612
87993275
879917
879900
87987898
87986020
8798498
8798217
879793512
87978797661661.
879787
879742309369
879700
8796969
87966
87962lnt
87961866
8796123
87959697
8795715
8795045
87950152
8794kdx
8794821
8794535
87944s
8794338
879401
879379
87932521
879309
87929498
87928792
879228
879215
879200
8791born
879184
879150
8791267
879111
879106
8790fish
87904971
879010
8789pams
8789978
878989
8789722
8789657
878964878
8789396
878912
878908
878906
878893jb
878891
878882
8788627
878856
8788510
878830
878816
8788034
8787rpl
8787987
87879346
87878989
878779
87876565
878757
878747
8787289
8787231
878722
8787022
8787009
878689
87868584
8786781
8786403
87862409
8786219
8786133
8785911
87858785
8785818
87856342
878549
8785198
8784eec
8784616
8784408
8784096
8784063
87840
8783farfa
878389
8783687836
878359ga
8783473
87832843
8783251
87830835
8782577
878234
87821324
878208
878191
878182
87816
878150
8781185
87811221
878092
878052
8780283
878001
877932
877900
8778hot
8778812
877877
877854
87784972
87778777
8777717
877758
8777327
8777020
8776711
877631
877600
8775@jazz
877577
877576
877555
8775483
877509
877488
877438
877415
877400
877371
8773442
877323
877290
8772415
87723a
877212
877196E
8771725
8771656
877138
877124
8771055
877100
8770903
8770
876gfrty
876WVKSM
8769babe
8769801
876943
876912nede
8769065
87687920
876874
87678767
876777
876720
8766927
876662
876656
8766507
87664240
876637TK
876633
876615
87658765
8765646
876557
87654322
87654321c
876543218
87654321.m
87654231
876532
876511
87649488c
87649
876483
876452
876403
876360
876345
876307
876277
8762180
876202
8761jen
876159y
8761314
876127
876080
87605850
87604111
876036
876012
8759rlb
875942
875912
8758er
875888
8758797
8758718
8758588
87582
8758083
8757zxjzp
875765
875702
8757
875689119
875628
87561378
8756119
875598a
875566
8755611
875522
8755100
87550550
875501
87548574
8754699
8754404
875430
875423
8754210
875386
8753593
8753415
875322
875290
8752584
87523009
875212
875195
8751890
8751715
8751338
8751261
875120
8751101
875087
8750714
8750525
875046
875033
8750161
8750100
874FDXRA28
8749754
8749455
874900
87488748
874884
8748415
8747826
874766817
8747529
874742411
874722
874717
87469793@
8746489
87464323
8746209
8746167
874610
874602
874589
874571122051986
8745653KP
8745568v
8745039
8744864
8744588
8744188
8744017
8743637
874342
874302192a
874293
87428742
874255manuel
8742496
8742417
874235
874215
8741958
8741637
8741584908
874131020
87412563
8741175
8741000
8740448
874017
8739942
873918
873912
8739069a
8738974
8738632e
8738440
87379954
87378971
873770
873721
8736wdgqbwxz
8736517
8736371
8735807
8735785
8735423r
8735202
8734968
873479
8734350
873411
87337341
873334
873313
8732whatitdo
8732770
8732652
87323
8732
8731830
8731690
8731498
873140
87312205
87308730
873077
8730327
873020
873015
873006
873001
87299
872970
872945
8729205
872910
8729055
872904
87289000
872821
8727852
8727527
8727324
872700
87268726
8726765
87265914
8726374
872612
872600
872582
8725676
872519
872511
8724747
87246331
8724611
8724571203
872412
8724036
8723781
872344
8723194
8723099
87230669
87230196
872293
872285
872270
8722583
87224676
872231
872218
872206
872186ynb
8721511
872139
8721294
8721273
872116
872107
872091
8720277
872015
872011
8720031
871ng0
8719queenie
871997
871973
871960
871930
871921
871908
871896
87188718
8718750
871828
871811140
871801
8717979
871726
871712
871701
87164867
8716385
87161414
87158
8715419
871515
871507
871502
8714cc
8714959
871456
871446
871430
871410
87138713
8713645
8713237
8713183
871313
8713044
8712cho
871293
87128
871260
8712497
87123reed
87123273
871215wyt
871211496004
8712054
8711665
871155
87113065018daniela
871127355495
87112603
8711135
8711055577
871100
871093
871044
87103
87101j
871010m
87100814
87100
8709deji
8709926
8709477
8709323866
8709186
870914140020
87091208
87090115
8708857
870880
8708710
8708353
87082851699
87081435
8707892
8707502
870721j
87071707
8707118
8707004
870687
8706674
870631
870621345slipknot
870621345e
870615525815
870611l
8706110600
87060930
8705603
870550
8705377
87052814
870513015590
8705062
8704988194
870466
8704256
8704065788
870402565047
870400
87039123
8703867
8703515
8703465
8703238
8703033
870283
87023conjuntura
870225025172
8702091
8701jj
870189e
870188
870168
870164
87013087314
87012921179
87010869356
870102525916
870099
870080102870
8700488
870001l
86yamaha
86toyota
86thug
86smendoza
86regal
86prince
86point
86ottobre
86nova
86nicoya
86myass
86lia86
86l2i4z19
86j6rfj
86ishott
86ikxbdhk
86honda
86grant
86gemak
86fernnije03
86ecf466
86ddownz
86cutlass
86circles
86champs
86cancer
86brad
86bitch
86bear
86angels
86PA117td
86KARY
86Chevy
869xbfqn26
869987
869932man
8698820
86986
8698569
869790
869723439
869702
86969
869682
869666
8696434
8696077324432
869589
869586
86957048
869555
869541
8695
869469
869393
869380
869365
869361
8693251
86928692
869237
86920105
8691998
869196
869126
8691194
869111
86910507
8690848
8690690
8690509
86903791
869005
869001
8689wgp
8689991
8689906
868973
868938
8689309
86891991
868905
868900
8688dljn
868895
86888
8688610
8688442
868832897
8688088
868806
868792
868787941206
868769
86876
868755
868745
8687404
868723
868708j
868706
8686me
868684
868675
868661
8686528
868634
8686282
8686238
868616
868612
8686099
8686051
868597
868585311
868584
8685780
868565096
8685434
868526
868522
8685096
8684827
8684805
8684635
8684601
86843974
868417
868404asn
8683818
8683
868281
8682726
8682611
8682565
868217
868187
868169
8681443
86812
8681156022
868110510000272
868096
868086
868084
86806888
868041
8680230
8679936
8679747
867967
8679169nicole
8679044a
867885
8678753
867818
8677dala
86777
8677654
8677152
867687
867667
867638
8676102
8676055
8675801
867542
8675309z
8675309tk
8675309kc
8675309cs
8675309a7
86753098675309
867530921
8675123
86746252
86743
8674258
867412
867400
8673777
8673446
8672935
8672596
8672390
867222
8671844
86715247
867139
8671215
8671181
8670af
867057
8670515z
8670318
867017
866jsh
86699407
8669798
866969
86692r
866912
866903
86690
866864
866849
8668381
8667948
8667797
8667451
866700
8666986
8666525
866644
8665877
8665844
8665634
8665132
8665069
8665044
8664751
866456
866432
8664104
866376
8663511
8663418
866330
8662948
8662917
8662453h
8662311
8661epoc
8661850
8661402
866123
8661165
8660907
866079628886
8660686
8660565191
86602027
8659694
865930
865878
865861
8658453
865792
8657523
8657309
8657065
865700
86568656
8656625
865652
8656437
8656181
865608
865588
8655524
865537
8655182
865498
865459
8654492
865438
865425
865422
865415
8653tl32
8653676
865353
865336
865322
8653153
865309
86528652
865266
865250
865240
865235
8652193
865210
8651love
8651848
865124
8651214
8651156091
865068
8650347
8650223
8650039
864harley
864999
864981
8649621
86495485441
86495276
8649339468
8648968
864882
8648658568456
8648515
8648296126
8648245
8647466
8647389
8646999628
8646582
86464
8646124
864568
864508
86449
864467
86438643
864372358
8643106
86429751
8642864255
864282
86427531
864264
864261
864250
8642468
8642388
864213
8642080
864199
864182
8641605
8641085
8640936
8640928
8640553
8640286
864014
863boy
863TRD5U
863935
863912
86388638
8638677
863863863
8638475
863836
863813
8638010
863749
8637313
863721
863696
86368024
863637
863618
863602
8635696
8635487
8635250
8635098
863498
86349188
8634806
863447
8634320123
863412
8633774
8633626
863351
8633366
8633005
863300
86328632559
863267
86325s
863251
8632441
8632064
86318631
8631808
8631709
8631408
863111
863105
863055
863014
863012
863005
862nklxx87
8629tr
8629975f
862980
8629492s
862917
862904
862901
8628692
8628555
8628299
862781
8627772
862751
862739740
862713
8627092
862706
86268
8626644
86264003
862601
8626
862598
862593
8625739
86255
862545
8625302
862515
862504
862502
862496
8624862486
8624852
8624811
862476
86247
86246050
862458
8624562
8624495
862412
862410
862379
8623697
8623382
8623180
8623075
8622nida
8622826
862263
8622475
8622181
862212
862206
862200
8621679
8621344
8621250
862121
862110
8620dd
862094
8620887
8620742
862061
8620152
862010
862000
86198619
861970
861956
861948
861926
86191986
861911
8619003
861886
8618610
861854
861850
8618393
861832082v
861787
8617290
8617197
861700
861676
861658
8616157
861611
861606
8615911
8615848
861560
8615484
861525
861514
861510
8615024
861500
861453278
8614276
8614227
861408
861405
861401
861393
861379
8613622h
8613522
86133r
861312
861305
8613
86129
861281
861263
8612529
8612474
861244
8612360
861232
86123
861216295165
861209525671
86120
8611cdf0
861186
8611806
8611631
861155
8611466
8611377a
86112938
86112800
8611111
8611090
86110000
86110
8610686
8610629
8610557
8610325100
86102758473
861021435834
861018235102
861013145132
861007135050
8610
8609794z
860944
860926495677
860917ru
860909xin
86090851987
86088608
860864
860824025287
8608091
86080053
8607801e
8607517
8607511
86073145
86070258937
86069t
860686
860645
86062638
860617hares
8606
860584
860555
860545
86051929
8605100
86050129
8604941
860438
860424mc
8604216
8604203
8604139a
8603994
8603883
8603846
86031503
8602618
860253
860247
8602355
860232
86022649
860219565082
86021223
860209065076
86020408
86020
8601928
8601813
860161
860145833
860142
86013601
860133
86012611
86011932543
86011138650
8601
860095
8600511
86004112691
8600156
86-are
85tnygrdk
85star88
85shoes
85pontiac
85mz2118
85motsy
85lubmeeh
85killer
85johnson
85gta6e
85elcamino
85diamonds
85cjohnson
85caddy
85bitter23
85angelbaby
859james
8599277
8599217
8599130604
859875
859859
859842junio30
8598327m
859810
859802
859742EB17
859711
859696
85968596karla
8596788
859652
859599
859595
859515
859500
8594910
859476
8594398
859418
8593saxo
8593940
859341
8593287
859302
859298
85921590
85921
859203382586
859201
8591885718
859163
859141
85908514d
8590550
859031
85901258
8590
858987
858968
858959
858936
8589236
858918
858911
858906
8589
8588957
858883
8588588
8588515
858832
8588109
858804
8588
8587969
8587767
858772
858767
858719
858712247
858698
8586889
8586602
858641
858620
858613
858607
858604
8585j
85859696
858587
858572
8585632
858554
858541
8585358
85853
85851
858501
858481
8584665
8584428
858423
8584097
85838858
85838583
8583327
85828582
8582729
8582334
8582224
8582187
858208
85818
85817264234
8581566
8581449
8581125
8581010001215
858086
85804475
858011
858006
85799267
8579461320
85789
8578468
857813
8578048
8578011
85778744
857785
857739
8577221
857688
857627
8575local
8575885
8575747
857545
85752bb
857510463
857501
8574700
857464
857459
8574181934
8574045
8573nrfot
8573956
8573601
8573379
8573046
85729100
857271
857266
8572499
857242
857211
857200
8572-8572
8571ks
85713t
857128
857111
857075
857052
857-3180
856fdw
8569765
85697
856961
856943
856932
856924
856915
8569123
856889
856839
8568193
8568038
8567733
8567489
856743
8567212
856703
8566am
85668566
856645
856612
8565miami
8565618
8565285291
8565218
8564953302
8564825x
85647218
856447
8564359
85642671
856418
85641
8563955
856390
8563815953
856360
856354
856327
8562991
8562875
8562484
856241850
8562386
856231
856226
856211
8561kcd
85619
85618561
856158
8561521
8561483
8561257
856090
856044
856023
855985
8559715
855935
855904
8559
8558dp
8558588
855844
855822
855809
85579344
85576007
8557522
8557413
8557284
855690
855678
855667c
855664
855645
8556401
855619
855610
8555788
8555272
855520
855466
8554404
8554241
8554152
8554073
8553trl
8553668
855351
8553388
8553372
85532j
8553205
8553147
855305
8552800
85528
8552605
85524
8552276
85522
8552044
8552
8551712
855138
8551124
85510731
8551056
855063
8550554
855044
8550185
8549868
8549307
8549038
854837
85483178
8548290906640395
8548202
854796321
854777
8547429
854734
8547110
854706
85469
8546756
8546610
8546540
8546472
854623719
8546213
8546123
854602
854598
854585654
8545808
8545729
8545652
85456396
85455097913
8545465
8545330
854513
854485
85447
854413147
854385
8543543
8543317
85432729910417
854325ale
854322
854318
8543091
85429742
8542894
854267
85426
854243
8542333
8542314
85423
854210
8541ss
854155
8541462
8541438
854109k
85410
85408648
854069
8540470
854012
853deshon
8539926
85396
853956
853944
8539300
8539051
8538jess
8538827b
853853
8538393
853833
8538200
853791513
853741
8537313
853714
85368396
853667
8536542
85362541
8536110
853574
853552
8535308
853514891354
853487
8534451
853415
85340
8533759
853358
853327
8533156
8532851
853271
8532525
853220932
853212
8532097
853202
8531nl
8531853
853153
853126
8531151
8531078
853102
85308a
8530715ak
8530366
8530271
853019
853016
8530000
852o1478963
852cody1
8529lee
852963k
852963i
85296374
8529634
852956714563
85295300
8529464
852930
85291
852900
852871
852864
8528528g
852852456
8528521
85285
8528422
8528342
85283
8528262
85282
852812
852778
85274852
852741369
852722
852707
8526937
85269
852654a
852654879123
8526512
852645
8526413
8526298
852617
8526106
852589
8525680
85256
852554
8525466
8525364
8525200
852508
852503
8525
852491
8524691
85246123
852456se
8524569713
8524569512
8524567931
85245678
8524567391
852456654258
85245656
85245655
852456258
8524562
85245610
852429
8524233
8524180
8524114
85241
8524021
8524
8523868
85238521
852369d
8523697
8523654
85234550
8523373
8523333
852322
852318924
852317
8523098
852305
852303
852294
85225896
852254
8522490
852240724
85223
852218
8522137
852205
852203
85220004
852190
852181
852171
85216987
8521666111
85216523
8521584
8521479630
8521451
852141598521
852139
8521322
8521314
852123ab
8521232
8521212
852113
852110
852107
8521025
8520963741
8520963.
852088
85208520a
8520735
852064
852046god
8520231
8520218
8520074
8519862
851982212
851977
851973
851965
851952
8519248m
851907128
851904
851820
851809
851806
851778
85175950
851748
851723
851712
8516869
8516782
8516570
8516492
851632
8516172
851606
8515960m
8515731
8515695
851531
851525
851515
85145738
851440
851433
851413
851406
8513DDM8513
851379
851369
8513426
85131hema
8513089
851305
851301
851294
851271
85125992
8512525
8512463
8512342
851214145869
8512125
85121141782
851208EFFA
8512022pog
8511895
851182
851179
8511686
851159k
8511274
85111604
851114125393
85110501
851100
8510866
85108510
851064
851036
85101000
85100000
850springwater
8509vini
850988
850957
850918146451
850904115435
8508864
85086
850854
850821086472
85081435907
850797
85076gc
850733
85071985
8507
8506714
850655
8506345
8506233
85061800
8506130730
8506012648
850585
8505686
850540
850508ffm
85050412
850491798
850464
85043224
8504137972
850405k
8504010
8503786
8503744
85033134156
85032706
850308146294
8503025319
85028863
8502502
8502414
850225125180
85022369
8502000
8501762
85016
850146
8501234
8501134
850100
850099
850073
85005236
850016
8500085
85.abg91.adek
84yinkuan
84whas
84vnuvub
84tyler53
84thusitha1026
84tafkap
84squirt
84sexy
84regency
84p854
84netta
84miranda
84love69
84kama+lani221
84ignore72
84gemini
84det84
84cs84
84caprice
84beauty
84bailey
84annie
84angah
84Millie
84C57
849cjwc
84998499
8499524
849924
849911
84985516
849800
849762502
84973178
8497095
849675
8496348
8496050
8495628
8495350
8495198
849499
849485367
84944231
84942420
849404
849369
8493356609H
8493312
849301
849242
849221
8492181919
8492120
849200
849197
8491560a
8491440
849136
849094
849085
849050
849017
849013
8490059
849001
848hover
848971
8489082kjs
848905h
848899
8488858
8488580
848848848
8488269
848826
848808
848800
848791
848785
848762
848758
848754
84874
848707
848700
84869903
848690
848672
848660
84865
848625
8486174
848612
848608
8486
848599
848587
84857934
848545
848521
848512
848507
84850110
848499
848496
848488
8484822
848474
8484588
848452
848444
848427
848405
8483koda
8483918
848388
84838483
848342
848324
848312
848304
8482ml
8482868
84826594
8482501001
8482337
848222
848206byb
8481pv
848174
848157
8481179
848107
848087
8480690
848050
8480349
84802006
8480
8479917
8479753
847960
8479117
8479006
847894
84784334
84778477
8477474
8477441
847732
8477212
84770bb
847691
84768476
8476729100
8476618
847625
8476068
847596
847582
847565
847548j
8475275
8475213
847500
8474899
84747
84746
84745
8474457
847434
847418
84738473
84737
847352
8473245
847318
84731460
8472rc
84727664
847261
8472510s
8472420
8472214
847201
8471334
847123
847052
8470131i
84698469
8469703
846957
8469494
846912
8468matt
846884
846879
846869
846852
8468440
84680564
8468
84678467
846752
8467300
8466978
846675
8466711
84666
8466428
8466084660
846603ss
8465921
84658
8465613
8465433
846525
8465213
8465176
846492
8464656
8464246
8464193
8464110
8463810
8463464
846337857a
846321
8462973150
846284
846277
8462590
8462555
846253
84625156
8462453
846233
846223
8462213
846217
846213579
8462123456
846208
846201
8461934
846130
846111
846102
8460tt
84609
846075
846048
8460266
845jmger
845d5l
845999
8459766
8459503
8459219
845894
845863
8458485
8458333
84582328
8458058
8457662
8457387
8457207
845709
845700dfm
845693
8456852
8456788201
84567
845653
845642
845637873429
8456297
845627
845624684562
845617
845606
8456
845597
845566
8455542
8455426
845540
84553
8455249xxx
8454tay
8454857
845474
8454624
8454540
845435a
845433
8454082
8454026a
8454
8453672
845362
8453402
845316
845287
845278
845269
8452639
84526148
8452560
845245963
845217
8451789
845167
8451586176
845144531
845122521551
845110
8451007
845067
8450284
845000
844qkty
844champa
844984425
8449645
8449244
8448933
84488
844845
844829
844815
844802
844748
84472521
8447184
8446797
8446530
844624
844584
8445383
844508
844500
844491pao
844453
84444
844400
844341403
8443378
844301
84428442
844261
8442553
844243
844226
844174
844152
844133
8441021
8441001
844072
844005149
843pooh
843crip
8439924
843987
8439714
843948
843919
843888
8438260
8437691
8437363
8437354
843725
843666
84364212
8436375
8436266
843609
8435zxc
843588
8435555
8435423
843528
843512
843500
8434745
8433tiffy
8433abcjk
8433731722
8433376
843330
843327
843300
843264
84326
8432526
8432399
8432217001
8432175
843207
8432020
84318431
843131
8431113
843102
843090
8430776
843036
8430053
843.983/001
8429769l
842921
842903
8428982
8428568
8428504
84280
8427768
84276931
84275411
8427247
84272130
842701
8426971350
842695
84268852
84268624
8426852
8426791350
842671395
84266876776
842662
842659713
84265789
842657391
842657139001452021
84265555
8426520
84265130
8426500
8426456
842635791
84262748
842623
842616
842612
842610
842596
84258963
8425693
842542
842524
84251463kg
842510
842506
842502
8424861
842484
842481
8424648
8424539
8424354
8424287
842412
842410
842405
84235823
842315
8422969
842280
842277
8422501
842241
842221
84221000
84220424
842200
842163
8421428
8421404680
842134
842115
842112
842104
8420qoktw
842084
842069
8420444658604
842041
8420208
842010
84200817
8420018
8419rvosc
84199a
841989831
841976
841967
841960ROAD
841957
841936161979
841910
841906
8418991a
84188418
8418548qw
84185
84184
8418210
8417937
84178417
841712
841706
84170
841683
841660
841635
8416304j
841617
8416035
8415962
8415652
841555
8415420
8415133
841512
841506
841500
8414786
841470
8414372
84142561
8414121
841410
8414
841395
841366
8413467
841328
8413237
841311
8413028
84128412
84127
841256
841240
841235011
84123258
8412201
8412071
8411956
841191
841160
8411300
84112106161
841108890906
84109
841077
84103007533
8410204j
84101
8409967
840923210
84091113
8408988
84088408
840850
8408335
840816085150
840802015530
8407835
840781
84072014
8406943
840682
840634
840601kk
8405892551
8405572
84054301
84051741
840509125730
840470
84042602182
84040506
840397
840368
840328145695
840320146140
840304065084
840300
840240
8402310h
84021110476
8401988
8401605
840143
8401359
84012714
84011908
840110596
8401034445
8400698
840050114v
840043
840005
8400
83yatt
83wandleway
83throw47
83stars
83shornyt
83ry21
83regal
83racing
83ning
83n250
83mabel83*
83m4y7x9gw
83lambert
83kdqzob
83jimmy
83honda
83gangsta
83fthp53
83cutlass
83cassey83
83bitch
83babye
83b9zh4
83a26a39
83CHEVY
839999
839980
839924
839914
8398jjP
8398698
839805
83978397
8397294
839677
839619
839543
839511
839502
8394791
8394231
8394
8393544
83932703
8392alex
83928392
8392548
839226
8392164
83918391
8391552
8391311
83911401
839103
8390577
839039
839010
83898389
8388ding
838894
8388550
8388353
838806
8388
838798
838783
838747
83872005
838717
83870121
8386960
838677
838619
8385ap
838588
838569
838559
8385403
838507
838500
8384857
8384784
838454
8384381
8384313
838421
838407
838402
83839590
8383838383
8383762
83835900
838341
8383286
838310
8382915
838272
838200
83818500
8381415
8381052
83810007
83808380
8380479
838037
838016
8379tigger
837979
837954
83788378
837860
8378417
8378293183
8378113
83779
837766
8377391
83773
837721tmr
83768376
8376073
8376
8375921
8375714
8374966
8374658
837439d
837420
837388
837329
8373095
8373
8372ace3ca
837251
837200
837194
83719186
8371683
8371487
8371271
8371130
837086
8370816
8370697
83703815
8370207k
836kim
8369980
83698369
8369357
8369296
8368653
8368411
836789
8367714
836669
8366606
8366313
8365razz
8365829
8365743
8365555
8365218
8365
8364899
8364566
8364460
836427
836407
83640
8363937
8363798
8363642
8363587
8363272345
8363127
8362936
836219
836200
836164
8361591
836144
8361241
8360848
836068
8360384
8360060
835998
835957
8359362
835911
8359034
83587910
835835835
8358282
8358047k
83579s
8357733
8357446
835710
835700
83568356
8356725
835636
8356234
835600
835560
835539
8355178
8355042
835488
8354431
8354312
835419
83537634
835372
835358
835348
8353260
835311
835287
8352641
835235
8352190
835207
8351882
8351705
83515988
835119
835100
835075
835060
835049
835040
835014141414
83500
834jei
834cwc
8349838
834970
8348985
8348939
8348398
834740
83471108
83468346
834661
834618255
834577
8345686
83456
834518
834486
834445
834439
834418
834391
8343760
834362673
8342vega
834261a
8342488
834221
834217
8342001
834194
834151
8341413
834125
8341117
834111
834063
833977561
833968
8339421
8339335
83391838
8338rwc
833885
833878
833854
833837
833820
8338
83378337
833726
8337043
833676
8336653
8336507
8336171
83358335
83356four
833533
8335150
8334jb
833462
833452
833434
833430
8334246
833400
83338333
833382
8333292
8333141
833283
833278
8332708
833250
833224
8332162
8331978
833164
833149
8331375174
833128
833123
833111
833083
833077
8330373
833011
833006
8329924h
83294706
832921
832911
832901
8328449
832813
8328101
83277p
8327540657fu
8327405
832722
832713
832708
8326aa
832683
832666477462473D
832665
832662323
832661182
832656
8326534
832644
832638
832626
8326171
8326105
8326088
832600
832577
832559905552
832536
832527cell
832523
832508
832501
832488
832466
8324314
832424
832412
832408
8324
8323924
83238323
832369
8323496
8323144thatsmynumber
8323014pp
83228322
8322774
832275
8322560
8322426
832235
8322318
8322263
832213
832209
832205
8321home
832154
832147
832141
8321371
8321318
832122
8321149
8321117
832110
832101
8320bday
832077dell
8320675
832045
83202520
8320138
832005
831you
831shane
831saa
831luv
831lananh
831joey
831jeff
831izzy
831honey
831cali
8319987
83198lac
831969
8319526
831942
83193
8319249
8319113
831905
8318856
831870
8318580
8318300
8318289moomin
831821
83181262
831810rg
831802
8317sh
8317900
831766
831761
8317174
831702
831666
831644
8316245
83158521
831565
8315567
831553
8315215
831505
831501
831491
8314833j
831483
831459
831447
83142348
831414
831405
83138313
831381
8313601
8313265
831313
831306
831287
83128022
8312621
83125216
831240
83122200
83121207
83120223
8311995
8311987
8311940
831188
831183
831178
8311608
831133
83112108
8311171261
83110806
831098
8310820
83105moo
831044
8310381
831030125013
8310233
831021diana
8310035026
830millie
830999
830978
83095
8309190
8309158023
8309131s
83090vg
8308njp
830873
83086
83083
8307676
830745
83071814
830710145478
830703
830679
83062110
830580255v
830568
830531x
83050952
8304mbw
830484
8304351
8304294
8304100
8303745246
830357
8303233
83031
8303056
830295
830290
83027977
8302431
830220105510
83020707
83020314
8301998
8301993
8301988
8301983r
8301970
8301782389
8301718z
830149
830125135359
83010831cq
830097
8300850
830078
8300511
830017
83
82tina###
82smith
82second
82ride28
82rabbit
82pooka93
82october
82niff
82ndair
82momsangyl
82michael
82katherine
82gl02
82darkcaster
82brandim
82airborn
82EYAF
829cell
829982
8299690744
8299648535
829943
8299282992
8299181876
829913
8299026
829901
829891
8298865790
8298814513
8298759
8298654
8298507416
8298484016
829845
8298048671
82980
8297929
82977clh
8297238687
8297179186
8297075
82968WEL
8296867
829682
8296590
8296446973
829627
8296056516
8296026820
82960
829595
829571
8295589
8295434183
8295222
8295204
829517n
8295052
8294997
8294289504
8294227t
8294049064
829400
8293982939
8293932
829355
8293313020
829317
8292998
8292898
829289
8292834
829252
8292254
829212
8292101354
829203
8292004
8291so
8291991
8291987
8291983
8291978
8291871
829169
82911806
829116
8291064
829100
8290874
82907
82900
828zaa_jubjang
828dalestate
82899
82896
82894
828921
828917
82890503
828889
8288745
828866
8288436
8288306
82882FSU
8288199
8288028
82880
8287casper
828788
828767
828742
828726
828715
82871
8286ibby
828688
828677386
8286496
828624
828605
828600
828588
8285851
8285563
828555
828552
828546
828526
82851984
8285033
8284sa
8284862
828482
828468
828431
828418
828407
8284
828386
8283624
8283475
828344
828328
82832482
82831
828305
828300
8282982
828286
828283
8282789
828263
82825
8282352310
828225
828222
8282175
8282003
8282000
8281997
8281979
8281957
828184october
828180
8281501
828126
828088
828072
82807
8280447
82803853
82803
828007
827992
827977
8279259
82789
827873
8278546
8278376
82781150
8278028
827788p
827767
8277506
82770
82768634
8276670
827661
8276245
827588
827579
827541
827520
827501
8274874
82748274
8274806
8274711
827449
8274367
827427
827415
827400
827391
827373
827361
8273344n
8272999
8272928
82726
827251
827222
8272119
827206
827200
8271993
8271991
8271985
8271970
8271965
8271660
8271419
827131
8271228
8271091
82705b
8270232
8270181
82700
8269979
8269932
826989
82698
82696
82694prisy
826939
826935
8269191
82687jc
8268652
826855
8268372
82682903
82680307
82679
8267473
8267398
826705
82669632
8266817
8266748
8266682
826658
82664600
82663772
8266343
826611o
8265736
8265645
82652406
826514
826501
8264964
82649301
8264885679
82647776
826471
826464
826453
8264393
826436
826431
826424
826417
8264123
8264
82636
826333
8263262
8263
826282
8262532
82624
82623
826217
826202
8261997
8261985
8261978
826197683
8261654
826138
826134
826123zz
826119
826105
8260966
8260952
826084
826076
82607
82605love
82604
82602544
8260242
82601919
8260112993
825teamo
825king
825992
825967
8259504
825936
82591643
825903
8258931manu
8258832689
82587606
8258628
825839
8258372
82583
825810
8257936
825757
8257470
82574
82571
8256690
8256620
825654
8256360
825603
8256
82558255
825555
8255309
825520
825515
8255066
825474
8254704
8254650
825443
8254163
8254123
8254051
8254031
8253ms
825377
825364
8253521789
825341
8253327
82533
82531963
825307
825300
8252810
8252529
8252432
8252007
8251995
8251991
8251984
8251974
8251861349
82518
82517341
8251566
825152
825135
8251255
8251126
8251077
8251028
825071
825069
825064
82506
8250428
825031
825028
825021
82501
82500
824vic2007
82498249
824968
82495143
824934
824932
82492463
82491c
824911
824900214
8248480
82482
824806
8248
824782
824746
8247290
82472
82470617
8246ba
824697135
82469356
824691735
82469137
824682
82467532147931ale
824673
824663
82465918
8246551207
824652
82465122
824640
82463435
82462864
824605
8246
8245930
824582
8245744
824545261
824539
824434
824428
824426
824401
8243611k
824322
824312
824308
82430430
824294
82428242
82425449
8242292
824210
8242002
8241991
8241980
8241975
824196
824190
82418241
82415522
8241504
82414282
82413356
82411s
8241127
8241073
824091
82405
824040
8240269
82402059
823tracy
823skyler
823emiko
823a72
82399
8239750
82395
8239302
823916
823912
823900
8238917
82388ash
82388238
82387381
8238642
82386
823858
8238490
8238312
823823823
823821
823809
8237960l
823780
8237786
8237735
823759
8237328
823716
8237064
8236992
8236844B
8236761
823669
823654197
823644
823633
8236291
8236278
8235896
823570
823562
823556
823520
8235
823462
82345
82342981
823404
823400
823363
8233541
823320
823300
823286
8232719
8232561
8232481
823232
82322
823204
8232003
8231986
8231978
823187
8231765
8231674
82313177
8231295
8231159
823105
823086
823071
823062
823060
823058
823023
823019
823004
8230017
82300000
822zyycc83
82298229
8229752
822973
82296
82293977
822933
82292449
822923
8229043
8228974
82288PA
822878
8228589
822850
8228444
8228366
82283123
822826
822818
8228118
82280
822775
8227452
8227396
82273
8227165
822710
8227087
822693
82266x
822647
822627
82260950
822602
822595
822582
822574
822569
8225554
82255
822540
82253404
82253226
822528
822526
822521
8225159
8225122
822510
822506
8225012006
822492
822465
8224565j
8224509
82243242
8224172
822410
822400
822383
822378
8223734
8223694
8223334
8223161
8223111
822288
8222515
82223271213
8222182
82220042
8221997bff
8221985
8221973
8221969
822194
8221870
822173m
8221562
82213dale
822116
822108
822104
822091
82208220
8220621
8220568
822048
822036
8220230
8220153
822009
8220055
822002
821ryan
821Zm1871
821996821996
821973
821969
8219650
82196
821935
8219290
821921
821908
8218913
82187801
821871
8218585
8218332883
82182002
82180fhs
8217933
82178217
821776
82177
82175aug
8217510.1315
821743
8217321
8217246
821711
8217051
82168
821666
821625646
821612
8216057
821593
821581
821574
821554
821536
821526
821509
821501
8214980
8214821
8214543
821407
821378
82135762
82132445
821324
821314
821306
821304
821302
821291
8212702
8212636
821247
8212361
82122012
821213105374
8212005
821200
8211996
8211981
8211967
8211910235
8211863
821185
821163
8211502
821143
821131
8211115861
82111
821107015367
821100
8210ntn
821091
82107195728
8210674
8210667
82104
82102141
821011105122
82100115
8210
820slut
82098
820974
820961
820931
8209254
820916
82091011
8208love
820883
820878
82086
820831146160
820780
82072210
8207109
820706
8207024
820679
820674
8206520iloveanthonyflores
820633
820574144
820553
8205317
8205256
8205070A
82048204
820432
82042815
8204173
8203lanham
820395
820382
820354
820330918
820322iwan
820287440
82027
8202682
820245
820230
82020811
8202004
8201992
8201976
8201314
820124
8201081
8201013
8201
8200mac
8200gurl
8200958
820083
82007841
8200644
8200522
8200120
82001
820003
81warriors
81teignmouth
81russel
81rocks
81oufan
81mike
81kobe
81jwme
81jk81
81huhjk*&^
81gammon
81driver
81cowboys
81brown
81blazer
81beth
81anca
81A192570mede
8199925
81999
81998074
819960
81993ayp
819918
8199081
8199015
819900
8198952079
819890
81988857
8198690
8198402
81982
8198012546
81978
81977
81975997
81972234
8197045
819702
81969
8196783
81963723
8196281
8196257
81961827a
81961400
8195792
819561
8195465
8195232
8194831156jen
81943042
81940000
8193cm
8193737
8193208113
819298
819276860101
819264
819252nms
8192230
819213
819202
8192004
8191995
8191988
8191979
8191959
8191640
81915
819128
819123
81908190
81905
8190312
819015
819000
819-gm
818vallera
818tink
818love
818lilloca
818bitch
818angel
818PEQUENA
818GABRIEL
818998
8189936337
818948
818917_brenda
818905
8188933
81889
818868
81885
81884433
8188404
81883878
81882me
8188238
818821683248432
81880
818792
818785
8187594
8187575
818720o
818717
818707
8186752
8186691
8186520
8186443
818616
81860066
8185652
818558
81855369
81850912
818500
8184890
8184819
818449
8184322
818418
818405
8184
818387
818385
818375
818357t
818335
81832002
818307
818305
818302
8182nugget
818294
818288
818277
8182348
81823
8182220
818214
818204
8182001
8181988
8181980
8181972
818191
818181a
8181818
8181729
818157
8181514
8181449
81813
8181234
818114
8181053
81808180
818080
81803
81802282
818005
817sox
817mel
817kbajn
817funkytown
817egs
817992
8179611
817947
817926
817900
8178965
817886
81787
8178689
8178531
81782
81780
81777nsc
81776535
8177546
8177076
8177
8176767
817659
81764ass
817638
81763
817619
817584
8175723005
817527
817500
81746713
8174242
817416
817414
817400
81735949
817347
8173360
8173193
817310
8172dv
817288
8172801
81726
81724919
8172423
81723110
81723
817210
8172007
8172005
8171989
8171987
8171980
8171791
8171778
8171767
8171619
817128
817122
817111
8171062
817101
8170darl
817077
8170456
817012
8170029yuyi
817000
816998
816987
816981
81697
816953081e
81694
816921
8169181691
8169112
816907
81689
816866
816844
8168253
816816816
8168120
816804
81678167
8167754
8167580
816731
8167175
816712
81671049
816690
8166801
816655
81659584
81658165
816574356
8165422
8165257
816522
816509
8164at
81649251
8164643
816439
816438123
816435
816404
81637201
816363
81636
816351
8163153
8163050
816300
8162891
816281
816268
816243240
816237
816233
8162213
8162004
8161986
8161979
8161975
81618161
816156
816130
816113
8161066
816082
8160512md
8160388
8160344
816012
81600l
8160
815995
81598595
81597jd
8159658
8159408
815918
815905
815896
815884
8158712
8158683
81586
8158410
815839
815834
815832
815816
8158158
815796
81578157
81576567
815743
815721
8156@bstackz
81568
815652
81564
815613
815600
815592
81557625
815565
81556323
815529
8155202
815478
815474
815457
81544279
815427
8154216
815411
81538153
815365
81534087
8153259
81530316
81530
81529
81528908
81528152
815278
81523899
815236
815205
8152006
8152001
8151995
8151992
8151975
815195
815189
8151683
8151514p
8151312
815121
815103
81509
815073
81504504
8150306
81501
815000
8149932
81498
81495
814928
814911
8149
81488148
8148688
814857
814843
81482a
814827
81482247
81481482
814800
814760
814726
81472
81469600
814657
814631
814600
8145633
8145540
81452222
8145171pw
81449686
8144438
814425
814413
8143ligs
814315
81430943
814286
8142726
814251
814248
814237
814233
81422758
81422004495
8142008
8141sasa
8141993
8141984
8141976
814190
8141664
814147
8141251
814124
814122
8141207
814109
814091
81408140
814038
813yvonne
813nigga
813boys
813bitch
813999
813971hi
813959978
8139413
813921817921
813912
8138adi
813873
8138585
813838
813822
81381186
81378137
81377120
8137504
813733
813730
813712
813695
813690
8136551
8136320
813619
813608
813604
8135timetime8135
8135408
813520
8135103
8135061
8134stayout
8134596
8134492
8134450
8134182
813410
81340
813365
81334
81331396
8132Fuck
8132913
8132808979
813263
81325574
8132526
813241
8132406561
8132327
8132243
813222
813214
813206
8132006
8131991
8131984
8131977
8131971
81318131
8131633
813156
8131462
813132
813118
813109
8131010
8130897
81308
81305mmkh
813052
81303067
8130206
813007
813003
8130005
81300
812many
812leo
812990
81298129
812966
81294
812930
812928
8129190
81289462
81288128
81287
812863
812836
81282
812815
8127joshua
812790
81273688
81273
812723
812707
812679
8126704
812666
8126598
812626
812602
812588
812563
812555
8125473966
812532
812528
81252343
812515
8124973
812471
812450
812440
812417
812411
812399s
812378
812345678
8123438
8123317
812330
8123299
81232700
812322
81231980
812310
812303
81230
812298
8122816
812281
812255
8122533
8122528
8122525
8122517
812241
8122365
8122295
812226
812222
812219
812212
812202222
81219870
8121976
8121965
81219465
81218141
8121692
812158
812151
812143
812136
81213
8121154
812111
812109
812101
812099
812073
8120549a
81203449635
81201
8119999
811988k
811971
81196g
811962
811955
811944
811906
811900
8118912i
8118903
8118817
8118726
811863
81185
81183622
81181825
811815124
811808
811803
811793
811778
81175
8117342
811729
811709
811708
81169
811654
811623
81161913
811617
811605
81160423
811603
811597
8115907
811588
811582
811560
811523
811511
811466
81145563
8114477
811418
81141418
811400
8113886
811382
8113616
811336
81132
8113114
811308
811306
81130016
8112cd
811288
81127525
8112612
8112592
8112534
8112532
8112527
81124745
81123589
81122448
81122
8112007
81120
81119924
8111979
8111975
811196
81118
811167
811146
8111122
8111077
811080
811069c
811056
81103
8110185664
811009
8110045148
811001800
810sun
810m0x0r
810990
81097411
81096
8109564
81093549
810912
8108km
81087nc
810829
810822
810806
810781
810779
8107597
8107562
8107317
810720
81070a
810703-01539
81068922
810643
810633
81060200206018
8105942
810558
810523Ka
8105139
810509
810500
81048504
81044
81043
8104202
810416
8104030
810402
8104
810390
81036502009
81034
810322
810303
81030
81029345
810287
810275
8102615
8102550
810251120
81022k
810213
8102008
8102003
8101986ak
8101981
8101975
8101960
810190
810181
810168
810145
810139
8101281
810125
8101214l
810118101132
81011413
8100boo
8100846
810081
8100797
810055
81005026
810042
81003001
81001510
810011
81000395
81000076
80tw201
80squeen
80snight
80sbaby08
80rowanave
80nicoya
80moncrieffway
80mIamAc10
80harley
80dj85
80cent
80blue
80andrej
80V35798
80MKH7FL6QbyGM
809yokasta
809sl567
8099916654L
8099862581
8099772
8099701
80996737
8099359507
809928
80990349187
80990227716092118
809901
8098992465
8098822326
80988
809874
8098653893
809863
8098624492
809858
8098529967
8098501889
8098221794
809818
809812
8098028
8097971463
8097886730
8097881417
80978097
8097742038
8097431
8097292696
809704
80969735
8096881869
8096833918
8096812335
809677
809667
80965s
809637
8096212060
8096158642
8096062426
8095996433
8095902182
8095881092
8095873502
8095870746
8095842038
809584
8095786152
8095759739
8095751280
8095730826
8095696768
8095690105
8095680990
8095671870
809567
809564
8095632796
8095610454
8095601719
8095597808
8095592088
8095564951
8095549840
80955231
8095510622
809548jhon
809547
8095374422
8095347639
80953312172
809529
8095281976
80952656
8095243749
8095242166
8095134448
8094LYF
8094852432
8094721178
8094620587
8094408514
8094254009
8094146250
809395
8093532050
8093362210
8093338791
8093324211
8093321645
809323
809301
809296
8092952848
80928092
8092742798
8092612468
8092465926
8092441601
8092384028
8092372352
8092317
8092182
8092107
8092090152
8092004
8091993
8091724
8091574
809140
8090sukanya
80909e
8090946
8090726
809060
8090484
8090360
809025
8090131
809010corahon
809-592-8275luis
808west
808surf
808stranger
808smile
808rambo
808nani
808matt
808kona
808king
808dex
808camz
808bossy
808badboy
808allday
808GIRL
808989
80897490
80893321
808914
808909
808902
808898
808890
80886674
808856
8088480884
808845
8088367bella
808811
8088018
8087m
8087900
808780
8087715
80874494
808729
8086898
8086687
8086473102
8086135
8086
808590
808573
808567640220
8085565
808532
808506cda
8085050
8084life
808497
808491100
808480
808460492
8084437
8084313
808403
8083897
808380
808336
8083271
8083231
8083028
8083008
80829902
80829
808287
8082646
808229
808208
8082008
8081996
8081992
8081986
808188
808181
8081728
808149
808130
8081202
808111
80810667
8081020304
8080tiff
80809851230
808097
808089
808085
8080812
808080b
808078
8080657
8080569
8080540
80805
808044
8080255
808021
80801919
8080187
807GRL
807977
807937
8079027
807883
8078606
8077989
8077833
8077524
807666
8075958
80757
8075318
8075020280705
8074887
8074713
807428s
80738073
807354
8073473
807311
807302
8072974z
807274
807272
8072473
807224123
8071arvinap
8071966r
807194j
8071435
807116
8071006
807085
8070541a
8070058
806999
806980
8069647
806927
806905cs
8068995
80688
8068606e02
806807
806792
806784
806745
806716
8067018q
80661994845
806608
8065cassie
80656520036
80652935
8065023
80647883198427
8064448
806393
80638776833
8063641578
806343
8062954M
806284
8062322735
806214
8061poplar
8061986
8061676
806151412
80612
80611012
806099
80606
806037
8060218
8060108
805sloco13
805kelly
805hottie
805baby
80598059
80595980
8059473
8059350
805921
805909
80588
805873
80584
8058065
80577
805760l
805721
8057135
8056834
805622
805599
80558011
8055624
8055477
8054LIFE
80549735
80548
8054563
805422
805412
8053784*
805348
805301
805295
80525413
8052402
8052362
805213
80521+n
8051997
8051872
8051368
8051206k
8051108
805107
805080
805068
805051
80505
8050417
805029
8050035664
805
804oakplace
804boyz
804984
804924371
80488
8047991
8047028
8046795
804670
804650746
8046174
804600
80457623
8045159
8045031
804501
804499
804454
80441174
8043938
8043758
804328
8042756
804258
8042178
804204
8041990
80419711
8041595
804141
8041
8040824
8040514
8040168
804007
803thaloop
803cuteie
8039672
8039058
803900
8038874
803844
803805
8037knt
803787
8037565sexy
8037030293
803701
8036048284h
803592
8034609
803449
803434
80338033
803374
8033640
803355p
803331
8033219
80329
803270
803256
8032448
803228
803222
803201
8031994
803178
803148
803141
803112
8030873
803081
8030625
803030
8030046
802wm342
8029945
802935
8029138
8029
8028819
802848
8028401
802812
8028
8027809
802649
802613
8025613
802525
80250788
802500
80249468
802469
8024567
80244758a
802430
802410
8023ty
8023949
802379
8023497
8023392
802327w
802316
802311
802300
802273
80223
8022105
80221
8022005
8021ca
8021966
802186
802165__
8021550
802106
802098
80207219
8020604
80204758
8020377
8020248
80202
802012
802000
801alex
801986
801978
8019677465
80194
801923
8019060
80190
8018998
801883
801874
801857007
8018542
801819
801798
80178017
8017566
8017335
801728
801709
8016810
80164168
80163809
801602
801570
8015118
801501
8014995
8014649hr
801449
801444
801430
8014189
8014081
801402
8013985
801353
801331
801325
8013114
801299
8012529
801247oo
801245
80123458
801218821113
801214015655
801200201202
8011994
801192
801178
801160
80112831
8011182
801103MARIANAgav
8010CBRM
8010838
8010812
80107cat
801070
8010593+
801056
801041
80104
80101830
80101706
801005cewo
801000
800mob
800liver
800Neek800
80094232
800918
800914
8008boo
800877
80086970
8008556
800848
80082708
8008208820
800812
8008008
8007880078
80077008
8007516
800745
8007350497
80072412
8007082003
8006651
800629
8006223
8005hi
800592n
800587
800572561
800519
8005004
800481
800462
800451
800427
800423
8004152
80040908
8004059
800400
80038003
8003713
80036011
8003547
800327
800309
8003004
8002953
800284725
800277
800237
800229
800227772-5
80021802
800211
800201
8001836
800168
800147
800136562
800124240180
8001223
8001144
800103tracy
800100
800089
800088
80008
800046
800030
800021
800009
8000044
80000008
8/gattuso
8/9/91
8/6/95
8/5/95
8/31/90
8/19/2mjh
8/18/92
8/17/89
8/12/2006
8/05/1996
8.a.d.8.0.1
8-843-2114
8-3-90
8-2408438
8,=yf]7d
7zp93cf6
7z3ws4b0
7yuuri
7ytre3
7yritch
7ynnad
7yenessis
7years2never
7yaspunya
7y7y7y7y
7y77777
7y6t5r
7y4,mwyj
7xwtgprk
7xtina7
7xeyt00
7x9mrPx
7x28camaro
7wwjd7
7wujfxqn132
7wra5alil
7wolves
7willow
7wilbert'
7whatisup
7weee7
7ward
7vzm5b
7volleyball
7vick7
7ven73
7values
7uzadi
7usher7
7uriya
7uplady17
7up7month_snake
7up5150
7up-7up
7uno89
7ujmmju7
7ujm7ujm
7ubq8.com
7u7u7u7u
7u5m2gxx
7tyler
7tulips
7truelove
7troubs
7trjdttt
7triple7
7travis
7trandafiri
7toussaint
7tones
7toheaven
7times7
7thwardboy
7thstorm
7thseptember
7thperiod
7thmarch
7thirty
7thheaven11
7thfeb
7th_heaven
7th ward
7teresa
7teenice
7teen06
7taurus
7tacos
7t5k3h1
7swords
7swans
7sunset
7sunny
7stop7
7steps
7stedim-
7star
7spirals
7sparkles
7soulchild7
7soccer!
7smtwtfs705
7smith
7smile
7smassw
7skyla
7sjehmo2re
7sign
7shoes
7shell7
7shadows
7sexy7
7sevendust
7seven95
7series
7sept1992
7sep1987
7segamat
7seas7
7se7en7
7savior
7sa009051
7royros
7rooms
7rocky
7rmine
7rivera
7rhodney
7renuevate
7redrose.
7rave7
7ranitas
7rainbow
7radahao
7qzm1jo
7qwerty7
7queens
7qintar7
7q5pw8
7q104545
7pure7
7ppls7ei61tf
7pounds
7pookie
7pontis!!
7pm3u57l
7please
7pizzas
7piguamo
7pgstars
7perfect7
7patitos
7panama
7owten13
7oub7oub
7oscar
7oregon8
7oranges
7ooscar8?
7oldclocks
7ofhearts
7obbgd-300-
7ob7a2e2y
7o71963
7o0g40
7number
7nstfb79
7north
7no4me
7ninjas
7nikolas
7nicole7
7nick7
7nessa7
7neespn
7names
7mxyfjki
7music
7muffin
7moose
7monsters
7money7
7mocielo
7mmsd6a
7mmanuel
7mjnug7t
7million
7miler
7milegirl
7milechicka
7mile1200block
7milano7
7mike7
7midland
7miamia
7merthijn7
7members
7mdf84c4
7mccbkgpa8
7may86
7may1994
7martin4
7martie
7marcus
7manchester
7magicangelz
7mMartinez
7luvssrk
7lusitana17
7lucky77
7lpol7
7loveme
7love11
7loser
7loid7
7lixiang
7linda7
7lilmama
7leven
7leighton7
7lecg7
7laura7
7lasaros
7larry
7lamagia7
7lakes
7ladybug
7kwdzr43
7krystal
7klasse
7kitty
7kissme
7kills
7kevind
7kermit
7kenley27
7kava12j
7kadin
7k65z9!9
7jus$nag
7june95
7june1990
7july1995
7julio88
7julho1992
7judith8
7js2mz844ppc
7joseluis
7jlr*23*
7jk7k5tn
7jf7trik
7jewel
7jessie
7jeremiah
7jb51bre
7j8bcghi
7iulie
7islove
7isakin
7irish7
7iris7
7innocent
7inluv
7indick
7imuss
7iluvbilly
7ilovepj
7iloveme7
7ij2kpq2
7iete
7hybtzmsf
7hudsolm
7hppavi
7house
7hottie7
7horcruxs
7hoods
7homies
7hockey
7hioftc9vhnb
7hersheys
7hermosa
7hellokitty
7heart7
7happy
7h7h7h7h
7h7cpnw
7h38h0yz
7groovy7chick7
7grapes
7grand
7gncc3tc
7globe77
7glamour
7gerad
7generosity
7gelbert
7gap.a
7gaby7
7fuckoff
7frogies
7freinds
7freasht
7fourteen
7founders
7forlife
7foldist
7flames
7fireflies
7ferrets
7febrero93
7fe76541
7fatty11
7famst
7factos
7f5ab78d3c
7eventy7
7even7
7ep69e76
7en42566450r@
7emily7
7elizabeth
7elevhen
7ekl77
7eigna7
7eeyore
7ec133a2
7e974289
7e5m9m3a
7e1877
7dwset7
7dwarfs!
7ducks
7dream
7doves
7doggies
7dlikeme
7diva7
7dimples
7diesel
7df26481af
7dexter
7devil7
7deuch
7dempo7
7delaan
7degree
7deedee
7ddddddd
7daze
7david7
7dancer7
7dalvi4
7daisy
7daddy7
7d66sN
7cv6gj
7curtis
7cruz
7crisantemos
7crabcakes
7coronas
7cordero
7complete7
7college7
7ck28ck68ck
7cielo7
7chocolate
7chicks
7chevy
7chelm77
7cheer
7champions
7chakra
7cebolla7
7casper
7carebears
7candies
7caligrl
7c2w8y
7bxhc99J
7busterboy
7bullets
7brokenhearts
7brios
7bresx8lol
7boubou
7bluffmaster
7blue1998
7blessed7
7blades
7black7
7bitch
7bigben7
7beyonce7
7belleza
7becks
7bebewntab3ed
7beball
7beautiful
7bcameron
7basketball
7barbie
7badllama
7babydoll
7babyboy
7babes
7bH94w45
7azrmazazz
7austin
7asshole
7arianna
7anoRXJ
7angelito
7angela
7andy7
7andrew
7anamarcel
7amoudi
7amood
7amod
7amnesia
7alomejor
7alivia11
7alexander
7agosto1992
7adknry7
7abibty
7abiba
7abeeb
7a4b8c9d
7a1s2h
7a0eC3b7
7_taxuxo
7_fresita_7
7ZANTE7
7VICK7
7THINGS
7STREET
7R2861995
7PUSSY
7OSSAM
7OH2law
7Neptunes
7Meghanishot
7MONTHS
7MILE
7Kzhr87Kzhr8
7JESUS7
7I4M1DJ
7Hakatadoll
7GREGHOWE7
7G15O20T3C8H1A
7F95E10F
7ENERO
7DaysLove183
7DENOVIEMBRE
7Chaos
7CA6CEE1
7BB1994
7ANTHONY.
7A8A9D63F156
79vette
79teresa
79sillyceles
79shagra
79purple
79monkeys
79mathew
79klw22
79impala
79he79ro
79firebird
79esposolo
79cr878
79cancer
79betty
79b9s71
79arden04
7999sc
799977
7999651
79992384
7999
799897
7998796
799855
799810
7997adam
79979
799772
799716
799708
7996984
7996698
7996655
79965927
7996496
7996280
7996135
79960933
799600
799588
79958284
7995731
7995592
7995418
799528M
79951450
7995036
7994766
7994469
7994365
7994212
79940829
799400
79935920
799358
7993254529
799321
7992969
7992622
79924
79920220
799179
7991513
7991401
799122
7990td
7990cj
799091
7990868548
7990382
799030
7990222
7990001
798994
798980
798951
79894653
798911
79890117125402
7989
7988897
79888
798871
798817483
7987dexc
798796
798786
7987725
7987540
7987198
7987086
7987
7986800
798608
7986
798598798
7985874798
79858747000
798564
7985595
798546213
7985446
7985314
7985246
798521
7985162
798502
7984jk
7984949
798487
7984689
7984651320
798456
79845
798440
7983iman
798397
798372980r
798369
79834244
79833
7983213
79830701
798304
7983
7982979161091
798283
7982744*
7982732
7982634
79824613
798220
798208
79820205
7982
798195
798190
79816510
798151
7981346
798123
79812
798113
7981072
798101
798089
798083
798062
79801999
798012
7980
7979975
797997
79799
7979799
79797979a
79797933
7979700
797969
7979556
79795
797934
797924
79791979
79791133
797900
7978777675
79787
7978665
7978474
7978308
797808
7978008
7977n1uu4030
797769
7977214
797709
79767976
797602
7975866
797501
79749702
7974757
79744
797394
7973627
79734915624
7972818
797253
797245
797203
7971434
7971303
7971004
7970485
797033
7970113
79701
7970052
796979
79697166
7969469
796924
796922
796901
796868
796842
7968274
7967GALDY
79677967
7967138
7966935
7966674
796659
7966134
7965841
7965512
7964835
7964532
796413
7963938
79635806
7963411
796321
7963
796283
79624
796200
79619574
7961730g
79612635
79610351
7960bird
796085
796033
79600869
7960021
795fbgr
795avmx
79599510
79593988
795916
7958622
795842
795831
795810
795742
795700
7956881
7956584rms
795633
79559812
795584
79557955
795531
795525100
795503
795486
79546214690
795430
795421
79539799
7953936
795336
7953157
7953057
79527952
79525336
7952124
795203
79520
7951910
7951770
7951562341993e
7951455959090735
7951391383315
795137225401239
79513468
795132648
79511542
795110
7950976
7950766
795064
795026
795018
79501
794jess23
7949@cmn
794921746
794879vb
7948460
79481018
79473147962899
794701
7946851937
794633
79462225
79461385q
794613852456
794613316497
79461320
79461300hl
79457945
794561230
794512
79450659
79447944
79445
79443264
7944123
7943758
79434932
7942461
794231
7942150754051963
7941andy40
794177
7941460
794138
79410750
794062
7940424
794003l
7939958
7939817
793891
7938811
793800
7937366
793704
793694
7936651
