07927005991
079262744
079251825
079240
07922882452
07922394vv
079222309
07922136988
079220558
079206141
07920291
079200727
07919654
07919002814
07917441436
079157020
079151307
079148197
079141198
07912
079115337
079106918
07910016149
0790love
07909663626
079091404
079087698
07908404267
07908387246
079079815
07907795578
079074697
079068198
07906169505
079057013
079048
07904740622
079042899
07904166296
07903447884
079027748
079025868
079016224
079009706352
07900393943
07899897224
078993214
078989j
078987929
078978734
078976918
07896515811
078964319
0789530930
07895045615
078948900
078945
078936
078932083
07892630690
078918
07891329313
078911482pai
07890930
07890615705
078904984
078901773082304
0788lilkobe
0788988
0788905029
078888
07888
07887922249
07887658301
0788756236
0788716845
0788707141
078867607
0788664935
07886397650nlt
0788634474
078860417
0788591554
0788568810
0788515005
078847631
0788347335
078830978
0788262847
07881707536
07881687666
078813
07881138811
0788095930
07880811589
078806
078803
078798
078779629
078772900
078770
078768076
078761595
07876062588
07875735266
078738
078729110
078719835
07871876307
07871671578
078713699
07870992423
07870781308
078707
07870375538
078700984
078693526
078687908
078685
0786798
078667466
0786672579
078661645
078656932
078656
078653399
078636
078629732
078623002
078617741
078614532
078611
0786042358
0785922098
078584
078578724
078572363
0785667807
078565258
07856023461
078559761
07855321971
0785475268
07854257824
0785411102
078538
078530066
078526445
078522076
078521
0785165103
07851403618_pete
078511
07850102102
078498
07849351151
078484568
078480133
078472741
078460552
07845824961
07845587925
07845348425
078448221
07843720672sb
078432
078422605
078414400
07841088007
07840784
078401140fatima
078394210
078374
078353206
078339868
078333134
07833
078326040
07832305659
078318579
078301541
078296299
078286388
0782833
078278
078254927
078239473
078237576
0782300
078218971
07821069955
0782031101
0781997
078196033
078193817
078178
07817220676
078156
078149864
0781459
07814264204
07813537350
07812495959
07811743135
07810776646
078104716
078100
078087
078078
07805299836
078050049
07805
078039
0780221792
07801077657
07801
07800799082elizabeth
078001419
077gunit.
077agents
07799106417
07798718096
07797828673
07796665562
077956
07794934892
07794276012
07792465321
077922734
07792016244
077914
0779109
07790265067
07789863552
07789581502
07789430047
07789187077
07789146051
077889
07788684457
077880
07787942487
07787833761
07786426
077856815
07784446211
0778407784
07783314763
077832721
0778321236
077830268
077828206*
077825205
077823545
077821832
077813616
077812569
07780836204
077802
07779497364
0777884030
0777818335
077764
07776040550
0777538153
07774513417
0777383599
077727273s
077726
077718035
0777174671
0777
0776970058
0776870306
07768414033
07767800360
0776635764
077661986
07765035587
0776445171
0776410355
07763054636
077625
077621593
0776199622
077616394
0776054098
0776046674
07760221539
0775man
077599618
077591380
077581245
077578595
077578037
077576154
07757405468
077570238
077569
07756795619
077555198
07755
07754123332
077531391
077520287
07751675528
077511913
07750775
077504821
077503257
077501810
07750
07749817137
07748245766
07747357175
07746782946
07745183246
07744681
0774390477
07743389119
077433756
07742897416
077425241
0774128322
077409
077405638
077402272
077400209
077398158
077390036
077378q
077365169
0773625
077361456
077355283
077348140
0773460610
077344
077341528
0773330226
077324
07732096070
07731475426
07731333676
077295
077288671
077287264
077285835
077283894
077282813
077275775
077273731
077263268
07725434745
077252481
077250483
077250078
07724699523
077245339
077244144
07724054099
077235800
077227782
077227596
07722362308
077222056
077221318
077219302
077218226
077216769
077212903
077211
077204654
077203330
077200
077191
0771901
0771873233
07717099635
07716483000
0771456o
07713800369
07712734450
0771129101
0771093
077106835
077101102
0771
07709170952
07709056501
077089501
077088
07708731779
07707776325
07707135742
07706887309
07706805954
07706554227
07706151454
077053
07704484401
07704398249
07702706973
077000
076970
07690769
0769002911
076898
076895917
076882699
076843068
0768354130
07682103
076810644
076781393
076779
0767619269
0767522353
0767254350
0767199793
0766871215
076678
0766660836
0766568319
07665
076638
076630
0766281240
0766105430
076597252
0765460902
076543
0765306
0765240
076510
0765002224
0764559877
076445448
076432106
076430325
076430
076424547
076422134
076413978
076406
076381705
076340879
076333
076323604
076321661
076321171
076319
0762992
076287
076278016
076272081
076270035
076263508
076252179
076243
076239138
076238084
076236610
076222165
076220991
076212558
076206488
076204159
076200
076137715
076116627
0760madm
076068848
076058
076013
075991060
075937220
075922212
075919
07590759
075883
075850
075821
075779
075776691
075772
075764228
075748464
075734498
075714747
075689137
075687035
075680
07566832
075660515
075644356
075641455
075636089
075629
075612901
075612243
075601
075585
075570
075564
07554968
075536
075535
075531381
075527
075518097
075506800
075495222
075470180
075458
075452
075441569
075424233
075423269
075421585
075418
075411857
075400
075396
0753951
075383175
07538022
075378769
075373313
075372125
075368544
07536455
075361561
075346101
075345692
07534306777
075341009
075340071
075339
075334027
075332286
075326
075324
075323041
075321
075320759
075317288
075316
075315044
075314425
075313447
075313264
075311294
075308093
0753020105630
07530
0752996862
0752959766
0752884776
075285139
075284088
075276228
075269032
075268
075266143
075261491
075259
075253082
075252
07525127
075240854
075237995
075230
075227578
075226951
075225732
075225150
075222121
07522102
075220368
075219668
075217232
075216117
075215788
075214152
075212691
0752107521
0751992
075199
075191
0751797113
075160
0751560908crystyna
075146
075139
075138
075131
07512748484
07512184305
075113
0751029696
075094
075080
075066295
075036
075029
075023
075021136
075013
07501020
07500750
075004
07500226
07500
0749946144
0749893943
0749836324
0749696933
074956
07494300
0749247458
0749195130
074917
0749126197
07489296
0748793590
0748613362
0748498796
0748468
0748422092
07484
0748391905
0748236683
0748049
0748
0747977658
0747889931
074783312
074781739
074781167
07477998
0747659901
0747618228
0747566917
0747452617
0747431142
0747399793
0747364855
0747359844
074735125
0747320888
074730388
07472892r
074724853
074723800
074723048
074722150
0747141210
074713
0747013666
0746955692
074691092
0746881304
074685455
074683011
074681519
0746784210
0746762022
07467
0746609504
074648560
074641540
0746402372
074631169
074626695
074620668
0746191996
074616457
0746119875
0745998
074598
074593340
074588l
074585
0745810792
0745647115
0745606645
0745565250
0745525276
0745478503
074541155
0745306786
0745297725
0745236335
074522618
074521781
074521397
07451
07450
0744885734
074486
0744818319
074476379
074475
0744704948
074467945
0744666817
0744617718
074460243
074447274
0744459780
074445471
074444
074440611
074438403
074434520
074433093aom
0744287191
074426270
0744228814
0744135473
074412073
074411
07440744
074392438
074391
0743811316
074369045
0743655666
074364635
074364021
074359563
074358563
074357135
074350676
074348812
074348347
074345233
074345093
07434
074337371
074333823
074333330
0743326157
074324447
074322
074315489
074311
0742965269
0742918158
0742819977
074268424
074261theused
0742575977
074254263
074253187
074251229
074247951
074245830
074242570
0742421044
0742417616
0742371644
074235963
0742346433
0742338032
074232613
0742299990
074225034
074220723
074218
0742167337
074211
0742020153
0741cali
0741929796
0741789711
074169391
0741643843
0741569172
07415332677
0741432535
074137512569
0741307842
0741221941
0741166880
074112
0741095771
0741060529
0741016098309
07410
0740940635
0740932104
0740863558@nimalx
074071432
074063902
0740619063bya
0740482744
074042468
074028
0740245534
0740035679
074-331218
073969372064
07392
0739138381
073907
073852
0738313
073777876
0737331481
07373
073720
073670140
073651450
07363
073618871
073614057
073611474
073599078
0735851465
073580
073577
073572231
073570
073531377
073521710
07351954
073515773
073503
073481726
07345
073431366
0734021122
0733logger
073381262
073358220
073352015
073349675
073337828
073333310
073331333
073327
073323
073313175
073311
073310524
0732kmg
073277
073261103
073257139
073244467
073236052
073234162
073228638
073223344
07322031
073214524
073202224gun
0731ag
0731987
073193ca
07318926
07317153
07316119
07314ever
07314
073131663
073129
0731202
07312002
07312000
07311998
07311996
07311980
07311975
07311972
073117
073111
0730940440
0730855378
073077576
07307516903
073071519
073070
073065
073063
073056
0730417865
073034
073031
0730267
073024
07302008
07302000
07301998
07301995
073017
07301208
07300811
07300419
073003c
07300113
0729bre
0729922310
072990966
072988jm
0729851
0729820423
0729748384
072972995
072967931
072962012
0729611903
072960607
072957737
0729548424
072950
072949344
072941
072936019
07292907
072926
0729247
07292030
07292007
07291998
07291983
07291970
072918425
0729176310
072908415
072906m
072902433
0728ryan
072893522
072887141
0728818
072879hmr
072875750
072872168
072867
072863
072856
072852
0728495496
072840
072835082
072833
0728266145
072823
072822
07282000
07281987
07281979
07281969
072816
072814
0728097342
07280816
0728046430402754
0727o7763
0727968560
072793o
072793d
0727900204
0727860158
0727847497
072777874
07277232
072767
0727661061
072763
072760
072759679
072758
072753321
07275
0727478799
072740
072737311
0727318
0727290808
072724
072720346
07272001
07271998
07271978
07271968
072716560
072711
072706r
072704020
07270
0726player
072687a
0726868659
07268121
072667
0726659570
0726596369
072658231
072657
072654
0726506816
0726441753
0726411897
07263605csv
072633
0726293328
0726258664
072625
072624
07262006
072620
07261987
07261973
072618797
0726139028
0726117856
072610186
072605831
0726005
0725matt
0725kty
072598m
072596513
07259321
07258u2
072585756
072583371
072576734
072569
072566
072563061
072557180
072549
072542
072538
072536
07252507
072523600
07252002
07251999
07251997
07251983
07251959
072513373
072511
072505124
07250348
072501143
0724cc
0724884524
0724823816
072474339
072462
072459
07245586
0724523666
072448655
072448
072445d1
0724349932
072433
072431795
072425782
0724225931
072420532
07241999
07241996
07241990
07241980
07241978
0724171012
0724099825
072406tay
072401070596
0723love
072395j
0723953306
0723940415
0723935082
07239
072381798
0723794394
072378011
072368
072361508
072361
072356
0723544138
0723523806
0723510022
072350
0723484253
072347203
0723443002
0723395422
072333600
0723290727
072328664
072325100
0723248890mire
072322030
07232003
07231995
07231980
07231959
07231950
072317233
0723153297
0723092532
07230802
0723043311
072303cjp
072303654
072300320
0722juan@
072296877
0722934610
07229208
07229
0722870980
072282mg
0722821480
0722795553
072273612
0722716498
072266c
0722617095
0722574204
072253
072251
07224kevin
072247
072242
0722354942
0722339274
072231394
07222701
072226987
072224
07222207
072220609
07222005
07221999
07221982
07221975
07221973
0722173855
07221432
072210148
07220816
07220808
0722038
072202286
07220
072197120
07219374y
072185304
072182421
072179401
072177846
0721732645
072166
072163
072159
072157360
072155986
072152311
072149
072146643
072143813
07213005
072128559
07212683
07212527
072123242
072121
07211sweet
07211991
07211970
072119
072115
072112191
072110
072106593
07210001
0720961287
072090256
072087s
072084381
07208312
0720808036
0720776920
072073
072066
072061514
072057600
072054
072050
0720436987
07203634144
072036114
072032
072030458
0720285885
0720262816
072020715
07202003
07202000
07201991
07201979
07201975
07201973
07201964w
072019
072018074
07201731
072012
072010
0720066
0720026074
071cinta07
0719990
071994a
071992175
0719898
0719853
071980dennis
071977229
071965
071960
071958
071952149
07195
071945
071942
071937272
071933
071927
071921904
07192
07191992
07191973
07191958
0719183976
071914547
07191226
071911843
07191022
071907k
0718cf
071899670
071893y
071891572
07189000
07189
071883125
071881839
071878769
071867955
071864
071860
071859
071857392
071852
071851535
07185
071840704
071835
07182920
07182430
07182306
071821644
07182003
07181998
07181996
07181981
07181974
07181963
071816
071813183
07181229h
071811934
071808167
071806933
07180305
07180129
0718
0717kt
0717bebe
071795026
071791074
071789749
071774835
071772826
071767972
071765969
071762870
071761822
071759
071756875
071755
071752
071750550
07175
071738947
071731
071728
07172531
071725196
071723723
07172007
07172000
07171994
07171983
07171971
071717
0717123
071705728
071703526
0716a
071698073
071694476
071690gg
07168809
071668409
071655686
071654
071651075
071647211
071632297
071626
071621
07162008
07161979
071611
07161
071608carly
071605gus
0715anna
071595a
071592520
071590213
071582col
071579656
071565rob
071560322
071554272
071549vss
071544890
071541923
071537490
071529610
071527943
071525449
071524
071522219
07152004
07152000
07151998
07151988
07151970
071515600
071512
071506r
071503633
071499101
071493363
071492bz
071491m
07149
071487604
071480a
071476585
071472732
071472
071463500
071458113
071454169
071453
071450
071440706
071438805
0714338
071430617
071429716
07142225
07141999
07141996
07141990
07141984
07141980saint
07141977
07141973
07141620
0714117433
07141010
071401943
0713thecat
071395s
071393359
071388b
071387nb
071385110989
071379297
071366
071362576
071357
0713462712
071342
071335
071329
07132622
071322
071320225
07132001
07131999
07131990
07131982
07131979
07131972
071316
071315
071311210205
0713050024
071303330
07130075
0712menacho
0712JuJu
071290a
0712898
071288k
071278363
071269029
07126238
071258682
071255504
071252998
071250484
071249
071247957
071244
071234567
071227071
07122516
07121999
07121968
07121961
07121957
071217
0712104
071205lostlove
071204917
07120225
0711cr
0711991
0711968
071192f
071189s
07118915
07118503
071182l
07117649
071168gp
07116545
071159
071152
07114465
071141
071139
0711347
071131501
07112908
07112610
07112549
07112523
07112519
07112122
07112060
07111992b
07111971
07111964
071118347
071111553
07110726
07110603
071103556
07110
0710rip
0710lv
071099312
071095na
071093723
07108815
07108419
071070405
071066138
071062
071057309
071051
071046535
071040
071037
071025a
07102538
07102533
07102505
071020407
07102006m
07101974
07101967
07101964
0710168
07101214
071009778
071004307
0709985
070995goo
070991355
070983341
070982070982
070978tl
070970179
070965
070960
070957
070955008
070954
070946723
07094572322
070941023
070930343
07092537
07092522
07092519
07092009
07091999
07091971
070919610
070915953
07091323
07091011
070907879
070906324
07090407uvm
07090103
0709
070899305
070895jrtc
070889765
0708891727098818
070880663
070870771
070870
070866377
070862
070857486
070855364
070850
070848459
070842
07084
0708310033
070827610
07082538
07082518
070824
07081991ge
07081967
07081965
07081959
07081209
07081125
070810018
070809386
0708090
0708075
070806631
0707mad
0707as
070799b
070796541
070793s
070792a
070788i
070787irina
07078569
070775977
070772440
070767vb
070764312
070759737
070756756
070753
070751761
07075
070745311
07074206
070735343
070731720
07072549
07072537
07072527
07072516
070721833
07071998
07071979c
07071967m
070715
0707071
0707055094
070703242
070702805
07070199
0706fs
0706dani
070693tiffy
070692m
070689129
070681620
07068
070677756
070671283
070670871
070670
07066766
070655
070652853
07064082
070638
070636070636
070634823
070632408
07062524
070625011
07062275
07061949
070614
0706123
070611
0706095a
07060809
070605497
07060202
0706!$LOVEREAL
0705joycent
0705993
070592z
070591a
070590636
07058903
070582612
070562797
070558
070554553
070554041
070551407
070550774
07054love
07052700
07052537
07052525
070521lpl]uf,]
07052002
07052
07051994g30rg3
0705199116
07051972
070519173
070517384
0705116826
0705087
0705080630
070502,14400
0704snb
0704986
07049613
070492986
070491607
070489l
070488a
070470061
07047
070467606b
070463679
0704511468
070447727
0704433291
070442
070437
070429610**
070425330841200218
07042521
07042006mA
07041994eva
07041953
07041503
070414610
070411671
070409884
070408024945
070406cvv
0704031418
07040110
070401050014
0703wawazaki
070397714
0703891085
070384638
070370489
070366
070362
070357
070354
07035050
0703417
070332l
07033225
07032524
0703231795
07031976
07031973
07031959
0703177055
07031666600
070314
070306@aa
070306413
070304739
070300114
07030
07029314
070287j
070287046
070284750
07027714unitec
070269
070263713
07026089
070255j
070244
070239
070236
070231
07022548
0702253633
07022523
07022519
070222750
07022003
07022000
07021999
07021970
070218
070213275
070208092
07020507
070204m
07020207
0701ro
070199991
070196a
07019305
070191cyn
07019
070187b
0701857
070185064
070167
07016
070156
070150
070144208
070141
07013011027
070129481
070126
07012539
07012493
0701202
0701200212
07011972
07011969
07011965
07011940
070116850
070114200
0701123
070111636
07011
070104478
070103437
070102ag
070096830
070093318
070085336
0700806880131860
070079111
070076265
070074818
070073345
07007
070062
070057
070054617
070050
07004653597
070037
070027727
070021044
070019127
070010
070009
070006565
070005637
070003864
070003647
07/febrero
07/28/1992
07/21/95
07/16/95
07/08/1993
07/07/93
07/04/1993
07.12.1990=me
07.08.1981.
07-8336200
07-493
07-08-07
07-07-05
07-02-1994
07+03+33
06wedding
06vette
06tundra
06trailblazer
06thania
06subaru
06spark
06sonata
06silverado
06sept80
06ricky06
06raven
06preddy
06polaris
06pics
06ofus
06nssmu
06noah30
06niggas
06nicole
06myguy07
06murielle
06milford
06mayo07
06may1
06magnum
06m062006
06lars
06klik
06kei00sha
06junio
06july
06jeanms67
06iu4iIN
06indians
06iloveyou
06hotchick
06hcd9f6f
06h087
06gixxer
06gators
06four
06family
06f4beb
06ee06ee
06dona11
06desi
06damaris$
06corndog
06chris
06chic
06charter
06bmdolphin
06bitches
06bella
06banshee
06balla
06b6555r
06audia4
06ankara
06alley06
06alex
06acurarsx
06abril90
06RkmbrpN
06Mutto00!
06EDCO
06>k;iiI
0699bl
069987
069976362
069970927
0699501310
06994
069936900
0699337
069925108pink
069923324
069917784
06990699
0699012333
069896296
069880
069864425
069862435
069856915
069848386
069843597
069828869
069826271
069806275
069792
069785587
069770463
06976313
069753273
069742439
069732923
069727324
069706403
069701321
0696969
069681384
069676117
069671702
069668250
069661404
069652602
069649765
06964
069631876
069626332
069617210
069601965
069601606
069600
069589473
069581300
069579150
069559657
069554645
069548
069524551
069520195
069515042
069512157
069505
069500240
0694sultan
06949colin
069490399
069486096
06948347
069480777
069475951
069474729
069466153
069453359
069445946
069438955
069429116
069419367
069410766
069396338
069389636
069376921
069371161
069361037
069359813
06933359301
069331210
069320
069317544
0693137634
069307506
06930289541
069299944
069298309
069296
069288866
069287147
069284190
069282262
06927
069262334
0692514488978
069246A
0692399948
0692335991
069228337
0692179281
069215098
069207
069204944
069195
069191538
069183316
069171641
069161435
069151751
06914
069131403
069130271
069123787
069122
069115978
06911
069106421
069102252
0690tiwez
069096214
069078070
069071
069065
069053010
069045611
069030185
0690288288
069022
069019477
069009
069002794
068999703
068997575
068984828
068978539
068969827
068965
0689434
0689334570
068922813
06891
068904506
0689005
068893437
068889654
068882532
068873762
068867
068861835
068859663
068851
068838336
068818
068807
0687959m
068786328
068773093
068760800
068758452
0687523
068736604
068730679
06872823
068720024
0686lax
068693195
068682302
06867492
068664420
06864235j
068631790
06862481
068614
06859
068580
068570912
068564777
068560
068556
068534977
068527
068523122
068512137
068511
0685061606
068502335
068488345
068483907
068460758
068453
068437293
068417406
06841338
06840+40125
068396
068372819
0683609397
068351899
068341732
068339
068316415
068314605123
068310979
068300530
068275444
068266918
068264722
068243
068232499
068219
0682125464
068196082
068170160
068156863
068144875art
068131388
068125711
068115368
06811302
068101240
068097417
068091933
068065920
068061312
068044423
068029766
068028533
06802170
068007
068001097yut
068000
067990213
067982
067960710
067956525
067951381
067949093
067947173
067945027
0679413
067930048
067926522
067923455
067898
067897545
067895233
067890038
067869226
067860
067856775
067853
067850585
067846952
06783828926
067816701
067812
067802554
067774533
067763746
067758208
067746677
067733277
067730886
067728491
067723250
067718374
06771
067706588
06770
067696
067687753
067683978
067669429
067646977
067630740
067615008
067613310
06760676
067593659
067581718
067576424
067567
067558332
067556287
067538
067520
067516954
067513645
06750675
067493314
067487501
067483452qa
067480380
067472667
067462871
067452663
067444582
067438290
067425655
06742267422
067408660
067405650
06740379
06740135
067400
067397532
067389617
067385175
067370923
067369199
067363623
067360062
067347317
06733348
067322
067319749111130
067315984
067311731
067311285
067310
067307830
067303538
067296499
067292788
067282385
067255820
067250498
067242482
067231507
067230052
06721531
067213888
067205039
0672
067198105
067187266
067180200
067172254
067165945
067162066
067158331
067155112
067142624
06714
067136628
067116577
0671138281
067113
067110101
067108252
06710671
067102032
067095
06709042
06708
0670703
067069531
067060
067056838
0670553548
067047119
06703772
067025103
067018102
067012392
067003974
067001703
066997495
066990
066987055
066982223
066975079
066969987
066964288
066960894
0669524
066943132
066925573
066912089
0669067
066894707
066894584
066880689
066875201
066872940
066868698
066839
066827656
066816131
066807125
066804745
066803309
0668006720
066795886
066789304
066782391
066780116
066775510
066774
066761860
066758365
066754082
066751946
06674514
066739250
066735469
066734039
066730935
066724972
066720842
06671818
066715090
066712242
0666ra
066699432
066697547
066685656
066679121sun
066677024
0666563
066646932
0666449RF
066638218
066631000
066626745
066620136
066618924
066615869
066611865
066607882
066603096
066601733
066600
066596249
066584688
066579256
066570204
066566231
066560320par
066556186
066546
066542
066536994
066533713
066533095
066529830
06652589
066518870
066516301
066515616
066506
066501218
066482846
06647863637
06646085
066457482
066453674
066441527
066436774
066428987
066426540
066425078
066421946
066420208
066410917
06640matuew
066406822
066398591
066394154
0663866
066384
0663823
066374770
066369438
066366007
06636502
066363196
066354405
066351901
066349434
066342437
066334575
066324584
066315227
066312503
066310676
066307054
066301114
066291877
066282327
066277838
066268895
066260142
066256254
066249978
066238759
066229406
066225600
06622
066219270
0662104
066204245
066202577
066197612
066192711
066185899
066182764
066169519
066165683
066156230
066151702
066147653
066141143
06614
066136
066130802
066121033
066118786
066110
066108680
066099
066093213
06609077
066082765
066081556
066070684
066061916
066059606
066053878
066049867
066048
066036600
06602584
066021224
066019850
0660174102528
066014617
066012
066011208
066003370
066002112*
066000
065pakki
065993614
065978631
065976457
065974044
0659648
065962545
065959114
065956938
065942134
065932276
065925504
065921952
065916292
065912117
065903667
065900
065885604
065882612
065876300
065875841
065875054
065870750
065867996
065860662lk;b9iu
065858771
065853715
065844695
065841736
065838883
065827707
065821638
065816095
065800193
065797583
065795279
065790042
065781443
065770278
065758445
0657537865
065749
065747
065738303
06573138
065726
065722
065716983
065712237
065708283
065700447
0656gg
065698276
065695859
065691935
065688
065686
065683492
065670668
065668
065665175
065665
065662603
065662013
065660
065655
0656536
065648622
065645469
065637
065632903
065618422
065612
065604
065594855
065589347
065588572
06558798
065585638
065581
065579
065578
065572507
065567472
065563833
065558238
065556733
06555012
0655465
065541726peach
065538265
065536994
065530
065524168
065512335
065508469
065502469
0654evanescence1
065495
065478
065470137
065464704
065463
065456399
065452511
065450061
065445666
065438763
065432
065427
065421
065418113
065410
065403354
065396859
065392
065383175
065380880
065379753
065376
065370588
065366
065355944
065350624
065349892
065338481
065334386
065328067
065320678
065312414
065308094
065306810
065302652
065295672
065292343
065290
065286289
065284803
065282967
065279600
065275213
065274048
065272004
065266527
065260
065253372
065251156
065250883
065247009
065237550
065229
065227946
065225
065222356
065221
065218207
065214711
065209
065206
06519900
065190074
065188
065178
065171686
065167179
065160374
065157384
065154241
065141278
065136
065132as
065131503
065131
065129
065125356
0651228132
065121742
065120381
065117932
065105320
065104151
065100723
06509806
065091390
065089865
065082
065080746
065074255
065068952
065068807
065065551
065060413
065055883
065047732
0650398
0650371580
065034243
0650210332
065011
0650066
065002541
06500128
06499005
06495
06492520
0649118793d
064900
06489
06486906
064825
064803
064780
06470
064692
0646766
064666rseh
064632
064600
064566
0645429869
0645310
064519
06450
064448
064433
064406
064395
0643888281
064352
06432812
064321
06431a
064294
064260
064222
06421153
064206
064195082
064188599
064175960
064160
064157631
06415
0641321801
0641246947
0641156030roc
064100627
0640luis
064094119
064039dd
064021508
0640199
06401
064005722
064002
06400
063uii
063970276
06396
063956564
063932187
0639236
063922045
063911360
0639058
063891356
063889
063849541
063831125
063825
063803994
06377599
063761747
06375
063740277
063722919
063700823
063689
063675829
063661760
063657098
063654285
063633249
063620
063614013
063606
0636013846
063587629
063584
063582
063570244
06356sb
06356623810
06355
063542036
063534
0635145
063509004
063499375123
063492285
063478367
063466102
063456738
06345088
063439580
063433306
063422024
063414986
063405231
063402847
063395986
063389810
063371
063346372
063344
063316036
063310460
063307503
06328
063264972
063244118
063229002
06322*
063216186
063210997
06320040249
063199
063195
063189843
06318
063169865
063166449
063163
063161092
06314honey
063145927
063128304
063126
063122
063117080
063113513
063112
063106197
063105074
06310235
0630kdg
06309415
063092j
063088i
063085vk
063082737
06308121
063072501
063066477
063064
063061576
063059
063055045
0630416154
063037
063026466
063022
06302005
06302
06301998
06301980
0630155096
063010
06300804
06300474
06300
0629tara
062998034
062994r
062993.
06299
062976330
0629710
062966
062964
062958
062952sb
062950
062929571
062927
062923
06291997
06291981
06291972
062915613
06291105
06290366036
06290
0628ALEJA15+A93
062894m
062890353
062889n
062873c
06287198
062854266
062850
062848
062843645
062839
062834660
062831
062828880
062826
062822
062821
06282005
06282003
06282000
06281993
06281977
06281975
06281964
062811salvador
06281029
062805a
06280529
062804d
06280
062793703
062789a
062779c
062774421
062763744
062757
062746
062740
062738
062736293
062729andersom
062728316
062725
062721533
06272005
06271997
06271978
06271974
062715024
062709341
062703694
062701574
0627
0626mom
062696xx
062693671
06268318
062678580
06267
062667764
062664535
062661
062657
062650072
062646250
062638928
062625466
062624312
062621
06262007
06261995
06261980
06261975
06261973
06261971
062618
0626143
062605402
062603256
062601030
0625omega
0625bm
0625alive
062599D
062594s
062578ro
062572135
062563499
062562
062560355
062558213
06255
062544
062542466
062536
062529568
062522299
06252001
06252
06251973
06251969
06251428
062510834
06251
062506052*
062503es
06250
0624c87s
06249518
062482324
0624714
062465910
062461
062454139
062450
0624432033
062429244
062427704
062424984
062422
062420867
06242007
06242004
06241998
06241975
06241971
06241530
06241234
06241
06240866
0624061030
062401943
062395gracy
062394849
062392671
062390jc
062389n
06238851588
062384953
062380380
062376jm
062368
062362669
062362254
062357192
062355791
062350
062346
062344908
062343729
062331340
062325951
06232002
062320
062319923
06231984
06231981
06231973
06231966
062318
062315
062312123
062306373
062305252
062302746
06230
0622june
06229202
062290171
0622892220
062286my
06227
062265379
062259
0622521
062245026
062244235
062241020
062236923
06223596
062233212
062230271
062225358
062222893
06222003
06221999
06221926
06221024
06221
062206281
06220516
062204119
062201988
0621995
062194b
062191b
0621904566
062187mm
062185s
062185239
062169958
062168
062167707
062162
062160282
062158
062152
0621503160
062148
062140696
0621398eee
062137373
0621326372
062131661
062126
062121924
06212005
06212000
06211996
06211978
06211970
062116
062112181
062110532
062104945
062101rd
0620981
062092c
062090eckai
062089596
062085542
062084283
062082Ck
062074
062066350
062062
062061
062059232
062057266
062054721
062053
062049
062044475
062042400
062039473
062038
0620367
062034383
062033
062028
06202372
06202184
06202002
06201997
06201978
06201971
062016
062013159
06201033
062005905
062000077
061993k
061986123
061975608
061972011
061965857
061964947
0619619007
061953
061949189
061945076
061939151
061932757
061930602
061927
061925
06192008
06191995
06191971
061918
06191520
061910
0619076
0619022
0618jame
0618amy
06188ari
061885300
061881976
06188
061877929
061876040
061872611
061868
061864556
061860870
061855174
061849558
061843946
061837132
06182711
061825858
061823918
06182009
06181978
06181971
061816743
061813
061805752
061804414
0617h2o
061791670
0617875296
061774
061766693
061759728
061752
061748664
061744600
061726
061724
061721
06171995
06171983
061714
061711
06171001
06171
06170617
061701180
0616caleb
061691M
061682456
061679d
061672
061669159
061663
061661
061659
061655872
061654953beum_
06164342
061635761
061626910
06162430
061623522
06162006
06161992s
06161991
06161977
06161972
06161970
06161968
061619555
061617574
0616162
06161303
061603wd
0615love
061595805
061590a
06158888
061587946135
061563885
061558625
061555592
061551717
06155
061546358
0615370
0615332
061526
06152008
06151997
06151977
06151975
06151969
061513246
061510517
061509570
0615012613
0614qiang
061491M
061488515
061482L
061479771
061475070
06147
061457
0614511831
06145
061444!k
061440545
061439766
061437
06143
061424318
061422756
06141999
06141996
06141986
06141969
06141966
061415
061412157
061411228
061404757
061403544
061399386
0613947
0613906336
0613886
0613874
061381224
061369717
061365
061361
061354
061352010
061347
061338
061331555
06132006b
06131983
06131969
061314301
061313023
06131202
061306a
061302683
0612pipay
0612marcelo
061298t
061292?
06129121
061284424
061270938
061264slk
061259247
0612566872
0612527
061251
061249
061246005
061243
061242
061239
061232527
06122729
06122539
06122524
06122517
061222231
06122207
06122011
06122002
06121968
06121964
06121955
06121624
06121110
06121011
061207198
061202805
0612024
06120000
0611dd
0611987
061193pink
061191517
061189Kat
06118705
06118
06117600
061171153
061168june
061165528
061156
061152135
06115
061147900
061145
061140
061136234
06113
06112518
0611221431
06112002
06111973
06111965
06111961
06111643
061110cc
061108270921
06110615
0611033
06110
0610sall
0610lizydavid
0610chaci
061092A
061089d
061089197
06108400
061079655
061072153
061066444
061061593
061054
0610531
061051
061049
061037
061030869
06102538
06102518
061024731
061020530
06101969
06101783
0610136
06101083
06101006
06100709
061006a
061002ljj
0609sg
06099693
060993233
060992269
0609909
06098622
0609760
06097402
060967140
060960051
060959369
060952
060949AEQD
060942420
060940
060926439
06092535
060923469
06091973j
0609163
060911a
06090901
06090411
06090321
06090115
0608986
060891piah
060890ss
060886a
060881821
060876685
060873065
060864945
060857
060853
060850074
060844
060838807
060830231246
06082538
06082522maijai
06082512
06082025
06082002
06081995l
06081972
06081968
060818473
06081414eyr
06080930
06080707
060805031990
060800aniv
0608
0607fundamentos
06079700
060792v
06079100
06079
060789081082
06078
060778562
060775186
060767
060763
060757
060752
060749
060740
060736
060731
060728402
06072524
0607200
06071997
06071973
06071969
06071705
06071204
060708rs
06070810
06070503
060701247
0606lc
060695jsdc
060694g
060692g
060685781
060682paty
0606741
060670782
060666833
060658641
060651
060648616
060645
060640
060639
060637759
060634007
06063107
06062539
060625350
06062520
06062515
06062506
060624454
0606214
06062002
06061990gabyt
06061972
06061967
06061964
06061961
06061908
060615
060610101971
06060911
06060816
060606m
0606060
060604410
0606000
06059376
060590cr
06058713
060583657
060575583
060564
060562
060557
060556257
060550705
0605442355
060543893
060539504
060537
06052540
06052538
06052525
060525107
060522150
06052001
06051978
06051966
06051965
060518
060515185
060512
060508601
060504a
060493kf
060488774
060477063
06047576
060467
06045918
060456035
060454996
060453
060449042
060445
060437
060427073
06042539
06042530
060424516
060421226
06042006Vmar
06041970
06041957
060415
060409loVe
0604029
0604004601
0603wavi
060398554
060393dgmen
06039
06038581ay
060375382
060369405
060365354
060359
0603540
060349
060338
060337
06033
060327787
060326892
06032539
06032518
06032413
06032009
0603199321378717
06031975
06031971
06031968
06031956
060318
060317
0603128646
060310
0603040218
0603009
0603
060293ard
060292t
060290k
060288zadboss
060287tht
060280152
0602776
060273489
060268087
060256160
060252696
06025
06024680
060241493
060240
06022541
06022524
06022520
0602234775
060221628
060220
0602199207
06021973
06021969
06021954
06021917
0602121992
06021008
0602066
060206151
060203002
0602016181
0601will
0601991
060198053000
060193416
060189s
060184dj
06018200
060171171
060168
060166540
06016
060156
060151
060146848
060140
060137136
060136106
060132345
06013
06012520
060125
060121
06012
06011973
06011960
06011610
06011096
060109282
06010902
060108258
06010711
060103j
060102010
0601
06009442
0600876
060078
060076
06007
060064232
060061
060058820
060049196
060046644
060044
060036
0600289
060025661
060023
060020545
060019873
06001484236
0600058
0600013k
06/14/93
06/10/1994
06/10/00
06/06/1992
06/01/93
06.10.1993
06.02.1997
06.01.1991
06-15-03
06-07
06-02-94
06*luvin?
05znook
05yamaha
05wr7654
05twins
05trey
05tigers
05tavo50
05t04e
05stigirl
05sportster
05shadow
05september
05senderos07
05saf05
05rsyc
05romeo
05rocker05
05ripmom
05peanut
05okt64
05nov07
05neonsxt
05n@9fer
05mimi
05mexico
05may2004
05marche84
05malibu
05m2529
05lucky
05loser
05lloyh
05leti
05kyle
05kj548
05kiddos
05kenn17
05karen81
05jvnbv06
05june
05july06
05jul03
05jn19
05jeep
05jaffa
05j31c07
05iluvmatt02
05green
05gara
05g0528
05forlife
05focus
05febrero*
05equinox
05efrain
05des00275
05dejulio
05december1993
05dec1986
05dakota
05d481
05cr85
05class
05cha19
05cciinc07
05busa
05blazer
05bennettj
05barnett08
05baby!
05ayerf1993
05ashley
05andrew
05acura
05ac6226
05abrahame
05a06d2005a
05Kool_kat
05F84212
05BuRnT02TuRk92
059998816
0599881535
059981657
059976476
0599718985
05997
059967982
059966515
0599619
0599545738
059947339
05993263980
0599229124
059915441
05991
05990599
059900224
05987045
05986
059840096
0598359654
059829
059811501
059791140
059786214
059780360
0597726
059751732
05974256
059710617
059704964
059695642
05969
059670561
0596556
059631300
059608600
05960596
059598
0595927
059582cg
059569
059553103
059540
059525651
059514669
059509
05950
059489717
059484014
0594703
059465383
059460469
059456557
059408458
05940594
059394975
059390
059379
059362375
059350315
059348208
059329687
05930367
059282898
05927
059258438
059234568
05922708
059221
059206310
059190
059161477
059141
059136697
0591350
05912
0591055
059103
0590987279
059086554
059069903
05906
059059
059042531
059035735
059035563
059020541
059016411
059010
059001390
05900
058998516
058990
058973586
058959983nksis
0589523P
0589462246
058936241
058920
05890888
0588cm
05889
058883672
058870068
058853080
058840saira
058837625
058822
058820
058809
058805164
058793768
058761339
05875663
058742898
058732
058724
058709152
058708
058695396
0586905
058685223
0586810
058671596
058670
058667695
058652505
058635367
058630238
058628348
058616108
058603505
058595586
058586922
058582898
058571350
058568289
058566478
058555
058528280
058523090
058512135
058500592
058493323
058477840
05847451
058459957
058454936
058447530
058441329
058423
058412
058407
058395466
058390252
058382337
058380067
058336623
058324
058313299
058312
058299164
058281305
058267731
058258971
058246640
058241512
058239363
058232
058218075
058215775
058209866
058194720
058188527
058174424
058160269
058148668
058142915
05813532
058130
058125145
058121064
058119643
058111495
058102
05810026
058084314
058072937
058060
058055717
058050188
058044551
058037893
058012647
058002562
0580
057985
057939
057921511
0579048001
0578977
057881822
05786
05785141232
057836
057799
057780497
057758
0577497
05774142
057720
057706680
057700
057680
05767
057648911
057631
057621617
057590
057578
057544470
057530
057516291
057497226
057477781
057462684
057444
057441381
057431
057424240
057394778
057370791
057351
057340743
0573320
05730573
057288584
057222
057179798
057165337
057157625
057147840
057135348
05712275217
0571139
057108016
057100
057093
057090
057063
057057607
057051922
057034
056p0345fjhg
056974
05696
0569414
05694
05690musaab
056881286
05686412
05685
05682
056799786
056791821
056791080
056789636
056782046
056781054
056769603
056761395
056756101
056752280
056750299
056748857
056748632
056745772
056745332
056740031
056731
056725324
056724
056722389
056721349
056720936
0567199332
056712594
056712262
056711534
0567026881
056701536
0566996532
056689323
056671314
056665635
056658117
056654080
056652543
056650934
056647231
056642065
056638130
056632588
056625
056624027
0566215700943604
056615800
056611843
0566102916
056601261
056591294
056571782
056566192
056561257
0565590
05654688523
056546191
056542192
056539025
056532444
056524551
056522139
056520104
056512332
056511728
056506059
056499648
056491684
056482319
056481231
056466136
056461067
056451990
056434043
056426570
056422
056420148
056415970
056412883
056412515
056411
056404636
056386646
056360581
056356251053
056355164
056345445
056341567
056341351
056334579
056333161
056331762
056330569
056326336
056320303
056314286
056314033
0563127
056310762
056300
056293067
056286228
056282654
056281074
056278156
056271225
056269261
056262158
056259371
056256330
056255785
056251486
056251063
056241461
0562341
056229228
056227728
056225843
056223826
056220182
056216485
056214996
056214008
056213
056212911
0562122694
056204
056201
0561976
0561775132
0561575
0561536274
056145213
0561272
056120
056100
056078
056043
055s4ve0
055gold
055972982
055963
055953
0559437795
05592
05591
055895264
055870643
0558165980213230
05580558
055796018
055787
055781793
055779109
055775
0557693300892722440
055762041
055736044
055733505
055722505
055722108
055720431
055716193
055714835
055712463
055712253
055706589
055701369
055687091
055685332
055682782
0556822123
055679003
055675713
055672676
0556716
055669798
055660
055655
055652842
055651
055643416
05564040
055633481
055630259
055628680
055624806
055623539
055623078
055621997
055620899
055614756
055614569
055610782
0556035563
055591384
055587010
055567363
055560
055557160
055555555
0555540624
055553374
0555526951
0555512600
055549228
055547156
05554595275
055544356
055542107
055541253
055536460
055534463
0555330165
05553253891sibelpolat
055525178
055521034
055515812
055515618
055513306
055511024
055496323
0554929050
055488
055484004
055482
055481
055473794
055473474
055470357
055466873
0554613a
055457560
055457078
055456
055454022
055449354
055448679
055447149
055446123
055444018
055443
055442579
055441590
055441419
055440931
055440584
0554362530
055426
055421448
055421027
055418056
055416219
055413892
055413735
0554132
055412737
055411922
055411137
0554061
0554050005
055398
055392
055384229
0553813853536
055377583
055366182
055354
055350554
055350
055334
055330
055322272
055320730
055318
055313
055312210
05531201
055311510
055307
055302416zy
055301728
055299229
055299
055295108
055291162
055287518
0552853jt
055266263
055264
055263
055259985
055252
055251
05525
055248798
055248263
055246857
055244141
055242019
05523268
055231847
055228741
0552280087
055223356
055221805
055221512
055221154
05522
055217
055215665
055215388
055214732
055214525
055212908
055211006
055210304
05520552
0551920
055188
055181593
055175
055167
055163655
055155
055144
055131
055125687
05511
055095850
055087
0550808077
055076
055061760
055055055
055041
055028
0550213
05501
05500595011
05500305
0550
054ever
054990
054959522
054943614
0549372
054868a
05482
054818100
05480548
054795116
054795059
054789247
054785424
054785139
054782285
05478
054774625
054773906
054771446
054767037
0547625593
054755195
054752634
054751125
054750437
054750188
054743129
054741901
054741434
054736
054720
054710507
0547040
05469755
05469
05468472105
054666
054655226
054649816
054649487
054649212
054645431
054644789
0546416111
054640560
054640241
054633344
05463
054627648
054626369
054625194
054624051
054622
05462047861
05462
054613848
054613749
054613421
05460956
054599225
054598318
054593168
054588108
054583883
054581217
054560
054550211
054547448
054544648
054544316
054543810
054543173may
054541985
054541406
054534793
054534305
054532552
054532353
054531518
054531133
054524828
054523177
0545219307
0545104
054509273
054501
054494524
05448712596caz
054481846
054480
054463547
054458617
0544583961708
0544574847
054453237
054452337
05444774119
05444117
0544321
054425517
0544231578
0544212
054420603
054416954
054415466
054413227
054412165
054405sweets
054400
0543944
0543698831
054369577
054367726
054367462921987
05436686060
054360537ppp
054360317
054360
054354586
054351154
05435
054346506
054343143
05433999191
054338055
054337139
054336681
054332
054330866
054330603
054327076
054325435
054325111
054323461
054320967
054317879
054315639242
054315283
054314777
054313
054310995
05430543
054300
054299316
054294268
054286384
054280
054276284
054273
0542695011
054248291
054241187
05423655444
05423242399
054230683
054227437
054225508
054224169
054221408
054217842
0542067079054
054203
054201933
0541990
0541945
05418
054146544
054119254231410
054112
0540931728
054054053
05403005
05401206015
053ycw
05399732256,35,17
053991038
053982834
053982144
053979432
053978
053969223
053966050
053958171
053957440
053952099
0539472500
053901943
053894069
053887658
053887116
053884188
053883525
05387014031
05386529170_15
053860992
053859040
053857527591
053855188
053852231
05384982008
053848278
053848128
05384681
053840623
053837142
053835788
053832933
053832526
053832079
053831130
053823074
053818464
053814180
053814
053808472
053806310
05380456
053793188
053789852123
053787248
05378441457
05378272712
0537787792212345
053771840
053763453
05376089922
053756984
0537528
053751536
053750969
053750028
053746620
053742354
053740
05373443365
053732839
05372801324099212
053726163594393
053723226
053719610
053718651
053715893
0537125
053708
053706
053703566
053701347
053700584
053691405
053689292
053681288
053678570
053677692
053672663
053671812
053671064
05366807854
053666760
053664149
053662581
053662360
053659096
053656660
053654409
05365290035__+
05364771319
053646618
05364481306
053644107
05364358116q
053635297
05363278055
0536311
05362711777
05362230967
053617096
053611902
05361
053601518
053600071
05359332914
053591325
053588720
05358006
05357832771
053570038
053560860
053558097
05355714670
053554563
053554273
053550242180532769
05354403821
053541326ex
053535657
053535140
053531802
053530515
053529190
053527114
053522090
053521278
053511526
053503632
053503427
053490460
053489me
053481415
053475283
053474250
053465169
053464677
053459522
053455898
053453475
053452034
053451273
053443
053437233
053436395
053430
053428239
053426631
053423352
053423
053420905
053411188
053408657
053408266
053400732
053398298
05339713
053392987
053388118
053386639
0533848104
053384395
053382748
053380353
053369132
053368
053363198
053357974
053357576
053351235
053348080
053341245
053338535
053332292
053331317
053321750
053314665
053311591
053304526
0533
053297748
053296619
05329304469
053284774
053283900
05327les
05327539
053273793
053272866
053271249
053263039
053255030
053252742
053246678
053241865
053234
053232
053221106
053216251
053215642
053214170
053213210
053212818
053208646
053208514
053204645
053201130
0531viv
0531987
05319
0531827
053163rkb
053157
053142
053132
05312528
053124080
05312007
05312
05311978
05311973
053116
0531121993
053112
05310924
05310512
0530dyssa
053095880
05308090
05308
053071
053068
0530606
053057
053055
053052
053044
053040
0530321035
05302008
05301995n
0530199115
05301984
05301979
053018
053016
053013
053011
05300616
05300248
052jmt
052e32007
0529love
0529brown
0529942305
052990863
052984021781
05297
052961
052959
052949
052930705
05292532
0529248
05292226
05292008
05292004
05291996
05291976
052919
052914
052911
05290212
0528gemini
052898r
0528951447
052891l
052890iam
052888l
052880x
0528740254
05287
05286970
052863
052859122160
052852
05284eva
052840270
0528335
05283030
05282528
052823519
05282004
05281993
05281985
05281974
05281959
052818
052812016
05281128
05280921
05280303
0527love
052791e
052788f
052768
0527610
052756310
052752443
052747
0527362
052727
05272228
05272008
05271984
05271976
05271956
052714
05271214HNSBUG
052711369
05271
05270503
0527007521
0527
0526974ss
0526958
0526882248
052676aa
05267
052660
052657
052652866
052649
05264213
052640
052624
052621
05261998
05261982
05261976
05261970
05261967
05261962
052616
052614
0526059230
0526003
0525888
05258518
05257
052565
052561
052558
052554
052551
052548
052537349
05252254
05251990
05251976
052517
05251124
05251016
052508593
05250404
05250227
0524duarte
052491j
0524845908
0524775810
052468
052463
052459088
05245
052441733
052439
052435150
052424
05242005
052420
05241972
05241970
05241837
052416
052411
0523pl
0523R
052391j
0523872004
052377cgs
05237
052363
05236
0523581
052357
05235005
052333
05232526
05232101
05232008
05231999
05231977
05231972
052317
05231211
052310
05230905
052304897
0522jr
052297d
052292352101
052292028
05229
052285y
05228191
05227
0522677451
052265amor
052263
052261748
0522597643
052252
052249001
0522441
0522431872
05224
052237693
052235818
052234689
0522300209
0522294
052228
05222008
052220
05221959
052218
05221104617
052207134
05220572
0522008j
0521so
0521cyzH
0521993
052198528
052190161
052186a
0521790408
052176SET
0521726609
052170079
052160
052159685
05215655
0521534
052152
052151
052147509
05214556
052134768
052121932
05212004
05211999
05211981
05211976
05211971
05211962
052116557
052114
052110lt4
052110
0521054
052104806
0520ld
05209216
052090ca
05209
0520801
05206
052057
0520520410
052048
052038
052035
052029
05202003
05201998
05201984r
05201977
05201966
052015
05201212
05200426
05200419
05200
051klara
051999140
051998494
051991bday
051991.
051984858
0519777
05197044
051965865
051961
051956
051953
051950
051948
051945
051938968
05193029
051930
051925863
051920722
05192006may
05192
05191994
051912823
051910869
051905lp
0518tabi
051895797
0518879
051881760
051878791
0518755magb
051869370
051859467
051858965
051856
051851
051849459
051844
051836436
051833881
0518252402
05182009
05181994
05181982
05181974
051816632
051813197
051810
051809956
05180302
051800341
0517=brent
051790226
051787946
051777796
051773918
05177
051766864
051759
051747
05174256
051730890
051728
051726828
051722806
05172004
051720
05171992
05171979
05171973
05171970
051715
051712
051710
05170715
051694562
051685842
051675832
051672spe
05166878
051666687
051661
051658
0516544
051649704
051647793
0516420
051640735
051640
051636549
051633559
051627894
051621781
05161998
05161977
05161972
051617
051616647
05161136536
05161
05160617
051603514
0515xp
051599517
051596c
051591099
051586k
051585676
051582a
051568
051563056
051557
051555pk
051547146
051541
051535659
051533011
051527988
051525621
05152527
051522
05152005
05151978
05151972
051517253
051514
05151115
051505d
05150145
05150
0514gurle
0514JOEL
051496227
051495869
051491k
051487022490
051486374
051472157
051461
051453
051452
051449663
051444874
051440339
051434148
05143329
051431
05143
051425222
051422199
05142122
05142009
051420045
05142002
05141992
05141978
051419
051413832
051410969
051408mj
051406543
051401370
05140
051396156
051394ws
0513939451643900
0513901313
051379432
0513789
051377110
051373551
051369rg
051366
051365
051360574
051359
051355
051352
051339365
051338318
051335070
051329099
051328
0513242628
05132004
05131995
05131973
05131967
051315
051313650
0513092295
051307977
051305359
051303e
05130321
05130037
0512mom
0512jt
0512asd
051297Bjunior
051293890
051293051293
051292e
0512914
051288J
0512865
051283b
0512816090
051277601
0512692
051262880
051261822
051261
051259968
0512547237
05125
051248
051245058kuromi
05123789
0512345
051231770
05122802
05122541
05122009
05121998
05121984bebito
05121975n
05121965
051219610
05121958
051218wcwc1214
05121823
051215301
051213509
05121
051208996
051207399
05120703
051204ag
051204100
051202820
0512009
0511mp
051196jay
0511932459
0511888
051187dy
05118214
05118
0511792
05117
051167184
051165706
051163062
051163
051160812
051157
05115529
051154460
051153
051150586
051144576
051139804
051137414
051134630
051134194
051130292
051126049
05112549
05112533puy
05112520
05112516
05112236
0511200
05111998
05111972
05111954
051111
051107450
051106898
051103rsd
051102d
0510cats
051099At
051098240
051091692
05108806
0510822
051079350
051074160
051067749
051059360
051053141
051048
051043255
051025460
05102537
05102516
05102505
0510217687
05102002
05101986m
05101970
05101965
0510137
05101128
051010111
051008895
0510057222
051004j
05100187
0509edserol
0509976
050995996
050994221
050991038
050989p
0509888
05098516
050982371
050971046
050963213
050960
050956
050952878
050947
050944077
050941214
050939343
050931191232
050928ple
05092540
05092538
05092520
05092514
05092000
05091999
0509199199391797
05091979j
05091972
050918109987
050915016
050912w
050905643
050900374
0508rob
0508995502
050892945
0508869
050886007
0508832
050869v
050866038
0508633
050862007
050860877
050855
0508512011479
050844
050840
050837
050830815
05082538
05082516
0508215551
05082004
05081972
05081961
05081948
05081516
0508133
05081011
05080303
0508017806
0508005494
0507ah
050795399
050793511
05079
0507892006
0507843166
0507806756122146
05077480
050768
05076212
050759
050756
050753646
050751191
050749491
0507474235a
0507463854
050738
05072607
05072538
050720986
05071998
05071974
05071969
050718962
05071801
0507170003
050710526
050708*
05070511
050701381984
050699189
0506987
05069500
050693s
050689476
050686329
050685a
0506842792
05068
0506720
050665325
05066
050656
050652540
0506502556
05064691226
050640774
050639
050638
050633860
05063028928337
050628328
050622204
050622048
05062001
05061974
05061966
0506196348
050619277
05061323
05061126
050606674
050603889
05060261
05060088
0505eni
0505990
050595nguyen
050593639
050590012
0505897
050586747
0505833
05058
050577107
05057442
050571p
05057
050568380
050567855
050563957
050561
050557853
050556974
050555720
050554318
050549623
050547200
0505447833s
0505430938
050541910
05054
05053794414
050536987
050534
0505308777
0505283254
0505253908446195
05052538
05052522
05052403755
0505222
050521
05052
05051967
05051964
05051962
05051942
05051616
0505156
050513
05051224
05051207
050510142
050506733
050505d
050505Xx
050505099
050505050505
050504l
0505034
050501087
0504pink
050499981
0504991316416
050493am
050492j
050490191
0504850
050483433
05048
050467k
050464612
050463
050457916
050455
050448
050441
050432290136
050429334
05042549
05042512
05042509
05042
05041993bre
05041984424018
05041971
050418818
050416
050414750
050413577
050410326
050409636
050401716
050401364
0504
0503rmd
05039952417625
050395a
050392220291
0503898
050379973050
050377809
0503701311
050365
050362935
0503600
050357319
050356
050353763
0503527u
050350356
050348847
0503478
050341
05033780Jx
050337
050334724
050331615
05033065232002
050326977
05032519
050324
05032113
05031989kusadasi
05031972
05031964
050318
050316922
0503141848
0503114019804980
050309021982
05030803
050306jaymi
050305127
0503044377
05030050
0502sade
050297s
050294l
05028yghort
050283292
05028
050275053
050263267
05026263
050257591
0502521051
050249662
0502447
050244
050239
050236513
050235213
05023012
05023
050227909
050225806
05022538
05022517
050221550
05022004
05021989lv
05021970
05021955
0502180045
05021480
050212440
050210
050207tk
050207801
0502071277
050205p
05020411
0502000323
050198mf
050192cats
05018q
050185jlp
050167
0501615
0501601173
050157862
050156683
0501510421
050150207
050143
050141
05014
050134jan
050130266
05012812
05012550
050125312
05012513
050121
0501203762
05011999cnb
05011993mizi
0501198701666
05011976
05011967
05011963
05011958
0501181
050113198
05011009
050109691
05010622
050105pav
050105e
05010511
0501040068
0501023
05010144
050100329
0500dme
050093437
050090359
050089
050084910
050080
050079139
0500733
0500707g
050068512
050065256
050065
050056656
0500534
050051
050049
050047719
05004343
050040437
050034154
050033
0500314
050025905
050021202
050016935
0500141
050010709
050007
050005208
0500040931m
050004
05/23/1990
05/05/2533
05/03/1992
05/01/95
05.12.91
05.05.1992
05..02..91
05-cbelsey
05-10-1994
05-06-88aw
05-03-08
05!na2
04yvette
04wasdayear
04wa659
04tulip11
04toyota
04thithico
04taylorj
04sunshine
04ss2ujt
04smurf04
04sedgew
04s1061
04rules
04redsox
04raptor
04r8nbpb
04pooh04
04pc08hp
04pallantd
04owen1213
04noviembre
04nissan
04mustanggt
04montecarlo
04monkey
04mirena08
04millicent05
04madison
04m09i04
04logan
04lala
04ladide
04kmd12
04jprr
04jen04
04jazz
04jamaica01
04jacob
04hill
04gsxr
04gixxer
04g76997
04forever
04flstf
04fers89
04febrero1991
04feb88
04f150
04ewj11
04ethan
04ep06
04enero1990
04ecfe7b
04dl2255
04devi23
04december
04dakota
04colorado
04codancer
04cavalier
04c09u93te
04blue
04baller
04baby12
04arose94
04apple
04angeleyes
04alyssa
04agosto
04acura
04_05
04LJS04
04Dominiq
049974
0499653564102
049945
04992
049917
049915118
049906
049898
049895220
049884583
049881879
049879959
0498685869
049864825
049861981
049847873
04982103
049815977
049808238
049806549
0497da
049794682
049761
049730614
049722532
049711745
049708288
049630622
049616577
04961212
049605
0496
049594
049591197
049574354
0495632835
04956231879
049551795
049529
0495240
049512
049500820
049496517
049495
049489206
049486001
049479755
049454872
04943958
049421
0494116
049404
04935697
049323
049309
0492841541
04924231853
04920105
0491973
049163
049145860
04912125
049119941
049117264
049111
049106
049097033
0490923
049090172
049088372
04908
049046
049024
049015630
049009
049005612
04900
0489767
0489440
04890
048895245
04884016
04882120701
048812
0488
0487799
048775
04876
048706
048666
0486413966
04862531970211.0
048621793
048605
048598
048590856
048582467
0485775
048571
04856
048544793
048541
048524049
048515728
04850485
048496496
048459536
048440989
048433
048422437
048403
048401104
04838888
04837
048332129
04832110899
04830483
048288135
048285
048280180
0482745
0482664587
048245841
048234495
04823
048224318
048210
0482002
04820
048173092
048169813
048162826
048153320
048150174
048142500
048141415
048134
048121905
048113952
048107
048105
048097176
048081681
048059811
048031985
048019980
048016
0480095629
048004410
0480
047991018
047986270j
047982
047974770
047934762
047932427
047920219140630
047911416
047903204
047897112
047887877
047878538
04787297
047859366
047846
047837008
047804
047787536
047765649
047725659
04771528
047701859
047688188jane-1
047678
0476367625
047607220
0475LR
047590818xp
047582822
047572447
047568
047549145
047539885
047533429
0475310452
047517?
047510
047499545
047493087911
047475
047463238
047456452
047438099
047435903
047419605
047409524
047408329
047392651
047370717
047367605
047356785055299178
047343391
047324423
047320124
04730473
047289203
04727120
047264596
047256541
0472432
047238816
047224721
047218
047200
0471992
047190840
047181
047170406
047153127
047145
04713
047122
047108566
047101851
047098026
047088685
047063399
047055656
0470480
04704
047033498
047028554
0470229
047019100
047014646
047000315
046996893
046980427
046973917
046947
046935187
04693
046915
04690819
0468peach
046884800
046866
0468520321
0468516035
046827705
046823834
046813575
046806918
04679431
0467913
046762
046720
0467
046698478
046680
046672377
046655841
046639
046634073
046616692
046611873
046595924
046588485
046575817
0465723607
046568237
046554189
0465524
046535
046525510
046516134
046513
046509950
046500
046484836
046464259
046451527
046446
046442279
046439189
04643048
0464171066
046415651
046398076
046379715
046366645
046351455
046334937
04632440
046315
04630463
04628c
04628
0462760727
046272776
046263288
046259
046256
046245803
046243776
046239338
046231
0462244
046215175
046213
0461990
046193194
046181407
046161150
046150566
046142
0461323
046131157
046124284
046115330
046100200
046093877
046067005
046056
046046046
046040856
046031618
046015620
04600
04599531c
04594er
0459147
0459120
045900
045892
04588996
0458712
04586257913
04585
045825255z
045810
0457kcn
045794081
045789452
045773137
0457600033
045735250za
045725269
045724179
045722360
045720316
045714372
045711
045701
04570
045691579
045683
045679149
045677104
045667103
0456654
04566
045643
045636367
045634367
045633249
045623
045618534
045614292
045612442
045612
045611812
045605
045579
045560
0455420112
0455218694
04551043
045504
045491827
045491194
045484156
045482
045466318
045463137
04545566
045441359
045428
0454181995
04540454
045401
045399161
045365
045336
0453324792
045328
045323951
045323721
045322715
045322246
045321673
045316359
0453159
045312442
045311360
045302
0452991968
045292
045286
045281az
045281195
045281
045269352
045268440
045267751
045267199
045264624
045263008
045262048
045258
045255525
045255
045252
045250534
045249484
045245654
045243007
0452414897
045240642
045240205
045225142
045222
04521600
045210
045202020
045201
045196
045188
045183
045179
045175
04516924
045158
045149495
045145456
045136
045120
045110
04510020
045096
045091
045082
045074269
045067
045066
045062
045052
045044857
045042
045034
045031
0450235
045019
04501259
045004
04500216
0450
044990040
0449619
04494
044931911226
0449300665m
044928748
0449194242
0449080241
0449
044869203
044851704
044840448
044836587
044835959
04483346336
044831541
044822
044817
044811695
044801
0448
044789652
044746
044741101
044723378
0447197835
044713
044711625
04470447
044689624
044682
044679650
044679281
044677890
044675601
0446701095
044662
044658069
044656833
044651957
044641347
044632331
044631232
044628
0446267413355
044621753
044617474
044614854
044606247
0446031
044600
044599187
044587
044586052
044575684
04457458253
044569347
044569282
044560532
044558283
0445553822353
044555
0445538971170*
0445533028205
0445524218012
044552160
0445520665577
0445518393007
0445517798043
0445516931316
0445515283811
0445514953585
0445514026234
0445513455924
0445510161490
044544
044538733
044533096
044531469
044530502
044528028
044521267
044519985
044518
044515415
044513734
044511527
0445055
044501924
044481108
044471569
0444545
044444444
04443444
0444131081423
044402732
044394
044379478
044355217
04435453
044353
044337260
0443288
044326161
044318
044317241
044315002
044314142
044312976
0442steve0442
044298980
044296454
044294224
044292417
044291324
0442905415
044284643
044283487
044277738
044275613
044271673
044268573
044264697
044260210
044258958
044256559
044254149
04425326
044253136
044251563
044248245
044242605
044230399
044223
04421865
044213913
044211758
044206365
044202350
044199
044182128
0441807220
044152
04413532
044129067
044124061
0440972
04407013
0440422
044038
044020
04400
0439685055
04393
0439260661
043915050
043903
0438903032
043873288
043864039
043861255
043860186
043835508
0438230350
043821461
043812843
043800j
043798245
0437953693
043789610
043781225
043745528
043742551
043730
043725470
043721985
043713300
043637
043626
043620150
04361087
0435gkgk
043597502
043589
043580393
043572495
043571103
043569
043565036
043555
043547254
043540
043534103
043525773
043524476
043524147
043522324
043518099
04350435
043499140
043491244
0434623567
0434599
0434558096
043438048
043433045
043418802
043418470
043415019
0434029685
0433narothie
043393612
043386847
043384
043380
0433715277
043360
043348069
043346047
0433432925
043342301
043341566
043340090
043338271
043334372
0433326363
043331116
043326914
043325944
043324461
043324
04332
043312481
043306
043300552
043299131
043294659
043291570
043291161
043289621
043288796
043285
043280
043273098
043270714
04326643
043260
043255159
043252951
0432519645
0432505685
043247519
043244407
043238255
043237049
043235142
0432331753
043228
043227148
043226588
04322
043216152
0432101
04321
043203410
043194
0431654567
0431515308
0431465862
04314022
0431329rk
043126728
043123456
043121
0431067206
043105
04310
0430ng
043096flopy
0430904
0430835
043074370
043067
0430595860
0430467594
043034
043025
043021
04302007
04302001
04301996
04301958
04301128
0430102650
0429vc
04299240
0429887supernatural
04298717
04298
042972
042962
042932
042930
042926
04292004
04291998
04291991
04291976
04291973
04291971
0429186080
04291652
042914
042912
04290708
0428omar
0428cb
04289300
04289017c
042889154
042887592
042881400
04287
042869
042867
042862
0428598731
0428561389
042853
042838
042832
04283018
0428255
042821420
042821039
04281984
04281978
04281976
04281972
042819
042813371
04281029
04280825
04280619
0427mike
042796143
042794ata
042791love
042791698
042790gjrh
04279017
042786mt
042770pass
042767
042765
042763
04276
042751
042746208
042745449
042743995
042743788
042742254
042740
042734096
042732883
042725
042721788
04272009
04272000
04271986
04271979
04271976
04271973
04271962
042717173
042716343
042715561
042713841
042712942
04271131
04271116
042708089
0426ki
0426an
04269515620
04269
04268912715
04268806
042676589
042660
04265879317018
042657
042654266
04265048
042638457
042636044
042635121
042633581
042632335
042632
04263
042628
042621
04262007
04261997
042618
042614695
042612923
042612673
04261223
04261203
04261004
0425jg
042599147
042592c
042590j
04259
042586ah
042579088
042571610
04257
04256536
04255490
042549
042541514
042541
042537143
042535
042525688
042525123
042522888
042522185
04251980
04251977
04251975
042515565
042514793
042513044
042512957
04251
04250821
0424xico75
0424pb
0424love
042497034
0424941422
042492091
042491386
04249106321
04249044144
042489683
04248381664
04248180568
042474192
042471620
042471427
04247002472
0424672818
042465062
042464318
04246367925
042460811
042459
042458360
042454592
04245250486
042452117
04245167163
042451419
042451242
04245
042443972
042443000
04244168650
04244
042432336
042431921
04243
042429
0424282453
042421526
042421421
042421333007
042420721
04242007
04242003
04242
04241996
04241993
04241978
042415
042412824
04241192396
04241160085
04241091598
042407144
042407054999
042406487
0424031625
042400920
042398456
042396223
042389c
04238001
042370
0423657840
042363196
042360652
042357
042353218
0423504049x
042347229
042342979
042340550
042340304
042334278
042330459
042328242
042326180
042325149
042323421
042322139
0423210
04232001
04231980
042313
04230792
042304302
04230329
042300040
0422Cmw
0422968808
042293362
042290830
042281532
042280261
042273716
0422715094
042266281
042263422
0422610378
042258
042254
0422512
0422499
042246484
042244923
042240
042230115
042228
0422252009
042223367
042223
042221483
04222005
04221999
04221970
04221968
04221964
04221714
0422146456
042212
042211724
042211210
042207158
04220603
042204218
042200595
04220
0421jp
0421INDEXER
042188j
042182ac
042170rjh
042164
0421561369
0421529199
042148
0421456
042139
0421354230
04213
04212009
04212000
04211983
04211977
042117
042114
042111
042105aa
04210415
0420nikki
0420911
042088love
04208
04207
042064594
04206146
042059
042052
042040
04202904
042023
04202006
04201998
04201996
04201973
04201914
042015621
04200706
04200421
042-208145
0419molly
0419ka
041995nre
041992357
04199012
041989036
041986648
04198600
041963osl
041958
041956805
041945
0419406
0419393892
041934665
041929795
041927388
04192007
04191994
04191978
04191976
04191974
041917
041913
041911560
041909319
041905tr
041901511
0418christ
041897429
041888r
0418860750
041881760
041878473
041871568
041866
041862335
04186101673
041858
0418523590
041849971
04184682
041842879
0418256987
04182046
04181995
04181968
041817
041813
04180903
041804104
041800568
041798041
04179201
04179143380
041789cdg
041784klc
04178431
041778745
041775826
041774265
041770563
041767
041759925
041758
041756883
041754335
041752898
041749138
04174
041736626
041729583
041723mm
041723105
041722363
041720706
04172002
04171984
04171968
041717239
041714182
041713293iydot
041706366
04170591
04170328
041701799
0416shell
0416coco
041696312
041695034
041691eb
04169190595
041690870
041690269
04168947848
041686775
04168495666
04168315193
0416827
04168163624
04168131229
04167720392
04167508603
041673
041671569
0416656
04166335322
041663125
041659316
04165896149
0416584601
04165697331
04165450319
04165333722
04165146638
04164991945
04164354740
04164140732hmbm
04163810491
04163722124
04163444855
04163263921
041632128
04162882940
041628118
041627
04162562067
04162389147
04162210
04162191774
04162051343
04162001
04161981
04161977
04161969
04161623052
041614
04160731092
04160523254
041603h
04160215
04160
0415pr
0415977656
041593a
041590819
04159
041586600
041580217
0415789317
041572126
041567
041563
041555
041545782
041533052
041525547
04152323
04151999
04151982
04151975
04151972
041518543
041513345
04151236548
041510655
041505891
041503102
041501014
0414dubai
04149925046
04149162069.15b
04149019215
041489l
0414865334
041481720
04147848653
04147621243
041473433
041467852
041466531
04146408625
04146319423
04146152998
041459447
041458
041454243
041450266
041446
04144575005
04144203598
04143931101
04143551189
04143368813
041431ar
041429
041427362
04142576976
04142392161
04142309507
04142028079
04141995me
04141969
04141964
04141851441
041415769
04141517
04141404
0414122
0414112
04141087276
04140981025
04140872390
04140843
041406kayden
04140536471
04140424
0413jeni
041398g
041396a
041388r
041381110980
041379207
0413669043
0413640
041362
041358
041352
041349465
041348322
041346399
041339009
0413285621
04132006
04132004
04132002M
04131995
04131976
04131970
04131964
04131905
041317347
041313412
04131
041307829
041306a
041306630
0412pjung
0412jl
0412aj
04129k6
0412985
041297643
04129519529
041292aserte
041291c
041291092090
041290a
041290094
041287h
0412871354
041285717
041282j
04128
04127396218
04127145104
04127023753
0412693514mymoby
0412666
04126386353
041263046
04126145678
04125970882
04125915325
04125854522
04125651153
04125581127
04125508633
04125331096
041253130
041250112
04124599870m
04124527612
04124486300
04124302227dios
041242789
041240715
04123906262
0412353345
04123456
0412340
041233663
0412285930
041225210
041223990
04122123
04122
04121973
041218735
041214098
041213005
04121240
0412107802
04120816
04120260614
04120223
04120123121
041200824
041200652
0412003
0411mann
0411gil
04119321
041192456
04119213
041189030587
041184a
041178270
041176955
041174754
041170711
041164990Aeaw
041159
041155913
041151
041149447
041147485
041146
041142744
0411406
04114
041130342
04112811
041125679
04112522
04112516
04112503
04112337996
041122327
04112102
04112000
04111988jlr
04111972
041118090
041110348
04111
0411078927
04110620
041105389
04110410
0411017
041100482
0411-1005
041096272
041094290
0410937whisco
041091mostafa--
041091abu
041088j
041087603
041081503
041076948
041067393
041054176
0410479
041046358
041045244
0410410
041040
041029lm
041028430
04102550
04102520
041022445
041020007
04101992extreme
0410199
04101967
04101962
04101937
041018073
0410116
0410101211
041009212
04100621
041003706
0410014
0409sccshi
0409jf
040985a
04098
040963conor
040960
040958
040952
040947624
0409448275
040944
040928188
04092521
0409222
04092103
040920005
04091969
04091960
040919078
0409171004
04091314
040909798
040909186
040908461
040906c10
04090310
0409021540
0408mesa
040899se
040894085
040889a
040887s
040875375
0408741490
040869689
040867560
040862
040860005
040856654
040845001kae
040842286
040838935
040837125
04082538
04082520
04082514
04082009
04081976
04081967
040816AM
04081408
04081221
04081023
04081019
040807370
040801997
0407chris
04079913
040792k
04079261
04079
0407896
040788687
040780728
040779rizza
040774607
0407696
040764442
040763338
040754
040745
040739
040734755
040728821
04072545
04072523
04072519
04072512
04072003
04071990mfdn
04071970
04071189
0407090
040707772
0407068188
040705508
0407027
0406ren
0406dr
0406abue
040694a
040692a
040689ek
040685n93
040679508
040673204
040671689
040668693
040664273
040661
040656
040647
040641
040634672
040632822
040631832
040628239
040626463
04062527
04062518
040623284
04062002
0406199200
04061987m
04061971
04061958
040619452
040615697
040613734
040610J
04060925
04060812
040604606
04060109
0405ri
0405joss
0405ca
0405991
040595357
040593j
040591k
040588104
04058710
040584350
04058383
040582225
040580112
0405781285
04057184
040567422
040561
040558075
040553255
040552291
040549796
04054829
040544770
040541
040538
0405359
040531993
040527317
040526394
040525763
04052520
040522029
04051985a
04051972
04051970maepai
04051968
04051966
04051954
040517953
04051411
040512397
04051220
04051109
04050933
040508jv
040508349
04050710
04050684
0405060108
04050429
040502197
040501041
0404sara
0404chata
040499047
040496040496
0404942158
040492k
040490704
040487f
0404862
040484956
040483059
040479196
040472371
040471997
040466843
040461701
040460887
040460438
0404575678
040456794
040454
040453
040450
040447613
040445207
04044433
040443
040440668
040435163
040434342
040433142107
040430285
040428798
040425669
04042517
040423972
04041972
04041963
04041960
04041954
040415994
040413520
040412664
040412227
040410245
04040709
04040608
040405yi
040404291
040403m
040402903
040400mb
0403mm
0403deca
0403Rd08
0403993
040398411
040394581
04039298
04039
040384982
040379679
040376cd
040372
040367858
040364040
040362
040361
04036
040357809
040353820
0403529474123
040348535
040343
040339642
040337
040332
040330742
040327741
04032538
04032529
04032523
04032520
04032506
04031999
040319650
040317759
040314
040310s
04031
04030598
04030304
040302*
0402mrb
040299350
040295f
040292k
040291944
040288651
040282847
04028
040274177
040271714
040268478
040261
0402553055
0402519
040249182
040249
040246800
0402458125
040244
040243
0402405ryan
04024
040228880
04022539
04022527
04022514
0402246617
040224
040223
040221
040220006
04021987k
04021967
04021950
040217287
040215943
040210432
04021
040209445
0402085
040205516
04020429
04020403
04020074670
0401ma
040199i
040198462
0401973387
040190rmo
0401863264
0401781544
040174472
040170319
0401700331
040165634
040160tla
04016
040159
040158
040154873
0401533241
040148434
040145
040144
040141072
040138784
0401359014
040131013
04012k8
040125462
04012522
04012516
040121
040120264
04012008cj
04012000
04011974
04011964
04011958
0401190
040114
040112
040109793
0401082879
0401040589
0401026877
04010088
040099195
040089
040088707
040084263
040080
040078733
04007812
0400762
0400731101
040070988
040067
040063577
040059808
0400573051
040050
0400464808
040044758
040041
04004028
04003844
040034251
040031
040026
040024
040023
040018789
040016177
0400126
0400103218
040008737
04000400
04000282
040002
04000
04/23/91m
04/12/1991
04/10/94f
04/08/1992
04/07/87
04/05/95
04/01/93/
04/01/80
04-216742
04-09-1995
03zlm13
03yamaha
03xtina
03v3jv
03tecjedge
03tacoma
03svtcobra
03summer
03springer
03sherib
03shadow
03sec519
03safeway
03rubicon
03roxy03
03raptor
03queen
03password
03nuypw
03np03
03nikoula04
03nicole2009
03nenis
03nascar
03moodswings
03mm03
03mj25aa
03mini15
03mel03
03masket
03mart1996
03mar82
03love
03lilhan
03lasha04
03kriJULIO
03ke8669
03kami42
03junio
03julio2007
03jonah
03johnny
03jm1992e12
03jeremy
03issw05
03houston
03hendersonn
03h45a0401
03gdoel
03frontier
03fatty
03enero94
03emmett
03edzel
03durango
03destiny
03denali
03delfines
03dakota
03d0gs22
03cr250
03chris01
03cents
03caddy
03bubs
03bijou
03babybob
03august1989
03allen
03agosto92
03acpta03
03_1982
03TAHOE
03MIMI
03ILOVEDOGS..
03DEC1995
039966971
039961089
039928
039909606
039906218
039900296
03989
039881
03987
039856
039830269
039819841
03980398
039796
0397911
039785
039777
0397
0396829485026
039599461
039593094
039591452
039551584
039546499
039543302
039542105
039537359
03953635
039531533
03952819
039522522
039520546
039520450
039511607
039511447
039491667
039457585
039457
039456089
039453026
039450560
039443023
039441522
039426143
039418
039411
039400
039389213
039381399
039380022
039368337
039365426
039362883
039361361
039351011
039343737
039340237
039335789
039333493
039332581
0393301
039328503
039325
039323603
039322666
039321446
039311
039302729
039300
039283854
0392539
0392151
039184840
039168
039115693
039106944817
03909965
039096326
03907329
039041
039018
039005
039-362453
0389love
0389984498
038984962
038978
038914575
03891331
0388de
038896097
038890345
038888
038876641
038872091
038856659
0388493499606
038840546
038836298
0388237
038822262
038799094
038795870
038793464
038790293
038787
038783030
038779504
038775329
038772417
038764269
038762923
038760729
038751026
038748682
038745055
038737459
038736221
038727150
038723
038716436
038704283
038700
0386891
038688365
038677554
038672210
038671051
038664338
038659139
038655287
038651817
038643vb
038637223
038619589
038616252
038614237
038609055
038606
038602
038601849
0386
038577865
038553016
0385527
038543
038540063
038525082
038523248
038518645
038514017
038512460
0384mv
038490
038481260
038473965
038469
038455459
038451027
03843852
038435446
038431582
038426500
03841221
038406104
038400342
038391157
038389
038384596
038383004
038377837
038366514
038364342
038352678
038339070
038338337
038334453
038325214
038323374
038321378
038317
03830383
038296
038287465
038286724
038285708
0382808
038276693
038273238
038255744
0382512948
038249960
038245191
038240224
038238647
038237867
038222116
038219023
038209
038203464
038201841
038143528
038136427
038113
03810381
038090
038056
03803882
038015
037997
037980994
037951770
037920010
037913808
037899
03787bnebp
03787
037862987
037845030
037843877
037812
037804
0378000
037767662
037721
037713371
037691
03767304
037590
0375350
037525
037515310
03750375
037496621
037478
0374495jt
037435177
037434
037425108
037421C
037412
037405539
03740374
037398490
037391276
037381383
037324
037315416
037313306
037311359
037300
037291121
037282808
037279309
037265
037261696
037242101
037241611
037228196
0372202608661465
037216706
037215685
037212075
037208274
037202347
03718402773
03716758615
037129
037123
037116684
037100
037082208
03706
037035063
0369layla
0369852
036983
036952
0369258
036918
03690258
03689216
036871606
0368428912
036833
03680000
036751
036711406
03668
036648204
036644300
036642505
036627
036623144
036621958
036620302
036617254
036615256
036612514
036610650
03660366
036595425
036585144
036581563
036554242300
036544212
036539479
036535548
036532321
036524
0365229014
0365210
036504
036495
036469100l
036456036456
03642774
036424632
036412649
0363cn
0363803638
03636648
036365417
036357273
036333401
036332564
036327244
0363223967
0363220030
036317947
036311020
036306213
036305
036303159
036302384
036300438
036285
036275
036269079
03625389
036246262
036244860
0362358421
036223792
036222455
036220010
03620237
036199367
036188005
036160
036125734
036119
036087
036078
036073
036065
036062758
036053
0360344450
036015806
036011
036000
035990
035976
035972
035961
035932
035919
035892
0358878
03586394
035842
035820777
03581579
0357rose
035789510
035786303
035780
035777053
0357688951202
035736
035718467
0357159
035715031
035705
035697677
035676
035672
035661730
035653
035647203
0356323128
035626135
035622443
035621
035616051
035613581
035611775
035609
035602
035599576
035591
035587215
035581
035575
035568
035565106
035565
035559579
035550
035547
035545354
035543430123
035543249
035542074
035532888
035531276
0355300
035521243
035518253
035509701
035504273
035500606
035488887
03548750
035485124
035479
035467
035455
0354392937
035430
035423037
035421489
035420
035415366
035410105
035408280
035403
0353amg
035391637
0353898
035382545
035366989
0353569331
035353
035347
035345759
035342762
035338
035336862
035335102
035323478
035322482
03532
035316
035311
035301490
03530
035292
035289158
035286046
035273
035268
035259
035252849
035252
035248
035246
035243577
035242
035239
035231067
035225
035223096
035221443
035219
035216
035215
03520352
035201082
03519111
035183
035179
035168
035148
0351433
035140
035124675
03512
035112
035102
0350982
035089
035080
035067729
035060
035054
035050
035046337
035033710
035020
03501
03500202
034995110
03499
0349681
03494
034929481
03491
0348800803
034861
0348551
03485
034849325
034846149
034843696
034843148
034838148
034836089
034834
034826792
034820502
034820
034818738
034799769
034789
034781
034771266
034768
034762142
034741852
034732626
034724
034720483
034717186gunza
034716656
034713847
034713293
034712
034711312
034701923
03467261
034659171
034649714
034649154
03464344638
034642191
034640113
034636492
034631517
034626823
03462414043
034622572
0346175
034613233
034611392
034599412
034592
03459097232
0345715
034566470
034561845
03453324855
034529
03452740133
034521079
034518886
0345181
034514164
034512981
034512834
034512060
034511779
034511
034499287
034480604
034478420
034472
034468065
034467
034460158
034443116
034426327
034424171
034421
034411
03440344
034401180
03439575
034389129
034366654
034347954
034339069
034333
034332291
034327022
034326086
034322500
034321878
034320
034305616
034301236
034297081
034287974
034284672
034281987
0342744
034272313
034267903
034259281
034258135
0342544812
034252467
034252303
034251388
034243
034240598
034236188
0342334927
034229711
03422522622
034218825
034217498
034216180
034215649
034215411
034208749
034204652
034200322
034200
0341usmc
034196044
034180340
034170719
034161
0341594745
03415429291
0341453160
034126122
034118102
0341104
03411
034073900
0340428
034029
034007
033kaw
033973
033933
03388
0338545122
0337le
033789
033765749
033711
033700599
033691
0336699
033658
033602
033587cao.
033580.
033553
03354192
033540
03350cfspb
033491969
03347334
033453
03344
03342528
033419505
033383moni
033350141
03332946
033316
03331
0332pri
033291
03327933270102
0332598441
0332507887
0332420
033237
0332211
033213665
03321
0331juju
033195a
0331905
033187s
03317766144
033167
033165
033160
033158
033151
033149
033141
033131373
033130
033128
033126
0331228017
03312162
03312003
03311986
03311975
033118830
033117
0331103
03310810
0330shit
033090m
0330893028
033086890581
033078717
033076p
033066795
033060
033059
033055
033032
03303
033027
033020211
03302007
03302003
03302000
03301975
03301969
033019
033010
033001r
03300
0329kori
032967
032963
03296
032952303
03293900
032926
032924
03292003
03291996
03291983
03291977
03291971
032917
0329117
03290409
0328mn
03289814
0328900
0328862
03288
032861
032856
03285
032839
03282823
03281997
03281989
03281980
03281976
03281972
03281967
032817k
032812
032811
03280711
03280321
03280267
0328003bb
0327mr
0327aj
032790joan
032779t
032776jda
032766
0327446
032726747
032723
03272009
03272002
03271978
03271889
032715
032710
032704ja
0327**
032699394
032698li
032697150
032693clmp
032692444905
032688766
032687w
03268686
03267979
032675rd
032666
032661692
032660
03263569291
032631744
03263004
032624
032621577
03262003
03261999
03261978
03261975
03261972
03261228
032611909
032611623
032605f
032603b
032601797
0325nino
0325jk
03259432
032585t
032578119
032574240
032574172
032563
03255836
032557112
032554318
032552
032550469
032550301
032550
032546
032542504
032539
0325354143
032534390
032534224
032530688
0325270
032522258
03252005
03252003
03251997
03251983
032516157
03251450
032513527
032511689
032511416
032511021
032510132
032506237
032503m
032501071
0324je
0324997
0324954sergio
032494s
0324924180
0324920
032487t
032478136
032472239
032464
032463
0324577736
032454126
032451080
032448
032446293
032441100
032436
032434129
032430258
03243
032427536
032425786
032424554
032424141
03241977
03241972
032418136
032415097
032414953
032414517
032414401
032412555
032412380
032407158
03240314
032401468
032400454
03240
032399a
0323983
032391305
032389224
032387315
032375740
032367149
032364
032360612
032359322
032357165
032356332
032353301
0323525538
032351
032349860
0323465045
032344303
032342302
032341348
032340035
032332534
032330
032329
032326948
032325624
032325495
032323310
032322332
032321859
03231994
03231969
032319
032315419
032313
03230824
032302???
0322aka
032297129
032292h
03228890236
032287094
032282032
032281193
032268581
032265
03226173148talha
032260
032254544
03225
032245839
032235
032228
032223
03222009
03222
03221973
03221957
03221011
032205punks
03220525
03220322.c
032200605
0321vart
0321964
03219456
032189a
032188283
0321812
032174878
03216683426
0321654789
032161
032156172
0321530
03215267037
032151030
032150*27
032148
03214520
032142626
03214021810
03213820560
0321321
0321304
032127549
032125820
03212475
03211998
03211992
03211314
03211214
03211028
03211
032106540987
032103210
03210.3
0320iloveu
0320bnc
032089352
0320702004
032067492
0320660230
032058451
032056493
03205436
03205
032042086
032041
032039
032032032
03203002
032028653
032026019
03202002
03201996
03201982
03201975
03201971
03201966
032014635
0320103
03201016
032007a
031kc1
031bam
031991m
03198279
031961
03195851
031956456
031954
031948150
031943
031930
0319217
03192008
0319199512
03191988
03191974
031919
031916
031914130
031913
03190915
0318ka
0318FunkOdyssey
031889973
03188600
031865
031858
0318515277
03184318j
031833
0318282322
03182009
03181996
03181979
03181957
031817
031813
03180701
031801501878
03180
0317ep
031790r
0317671681
031763
031758
031757
031752
031749023
031746
031744
031736641
031731162
03172518
03172192178
03172009
03171999
03171987c
03171978
03171969
031713
031711
03170820
03170526
03170307
0317007
031692l
031691a
031690091
03168
031662166
03165939
031649782
031649
03164824
031641
031635
031625
03161983
03161454
03161201
031608351
031607992
03160214
0315go
0315baby
031598a
03159501
031591s
03159078
031583882
031567851
031564
031560227
03154l
0315480248
031540358
031537
031534587
03153130
031526456maw*
03152009
03152002
03151981
03151975
0315181987
031514
031510
031500bc
031498tmc
031491660
03148505
031477682
031463
031460
031458
03144life
0314452g
031437
031431
031423
03142
03141996
03141990
03141976
03141960
0314190179
031413
0314102
03140730
03140628
031404558
03140319
031400064
031399681
031393633
0313901
031385mm
031384san
031378469
0313567
031352152
031350
031345
031342
0313336
03132832
03132098
03132008ym
03132002
03131996
03131976
03131909
03131419
03131201
03131011
03130916
0313034
031301040
0312mf
0312993455093
0312991
03129785
0312911
031288821
03128805
031285522
03128103
031259349
031256
031251274
031251
031248
031246858
031238
031236730
03123456
03122537
03122507
031222322
03122
03121993bee1123
03121987CEntuA
03121983.
03121969
031219105
03121805
03121217
03120912
03120610
031204633
0312033
031201396
03120025
0311rockyou
0311grunt
0311994
0311980
03119285
03119
03118585
0311779518
03116
031158846
031156
031151
031149
031143
031141
0311320
0311300
03112549
03112522
03112517
03112507
031122507
03112002
03111972
03111968
03111318
03110707
0311052531
0311026
0310Chris
0310975
031094008
03109
031087j
03108229
031079P
031069nestrik
03106082084
03106
03105039931
0310479
03104
031039
0310274
03102550
03102538
03102535
03102519
031022timyturner
03102208
03102006weddingday
0310198
03101974
03101967
03101961
031016563bayhay
0310111
03100507
031003919855847
03100148
0309nl
0309josma
0309aa
03099413
030990m
030987doo
030977k
03096488
03093
03092550
03092521
03092515
03092123
03092002
03091995Sanne
03091972
03091967
03091961
03091811
03091220
03091027
030907kkmm
030905t
030904as
0308ma
0308dei
03089347
030891nmg
030891:P
030890j
03088720
0308805
030864
0308601951119
030850161050
030839
030830
03082521
03082009
0308198323sjra
03081971
03081966
03081603
03081518
03080920
03080617
0308022192
0307shadow
0307959
030791kam
030790e
03079
030767
03076
030757
030753
03075
030744
03073874517
03072550
03072526
03072512
030723
03072009
03071968
030715
03071225
03071091
03071027
030705ak
030704mcav82
0307023
0307009
030699lv
030691any
0306562
030652
030650
030625hp
03062551
03062538
03062519
03062514
03062425h
03062
03061972
03061963
03061314545
03060905k
03060284
03060
0305love
0305924
030589ant
03058587ae
03056272
030558
030556
030552
03054722
030540
03053493
03052516
03051992hellen
03051979*
03051974
03051966
03051957
03051955
03051117
03050812
03050708
03050607
030503s
030501636
0304ti
0304sex
0304love
0304kay
0304997
030493mp
0304931230
03049000
030472214
03046
0304557004
030450
03044
030437653
030429162
03042550
03042530
03042084
03042001
03041992k
03041968
03041923orquidea
0304131708
03040cha
03040927
030408253
030405js
030405d
030402j
0304020010
0303danny
03039900
030395958
030394tin13
030394815
030392k
030391a
030384081
03037927
03036982147
0303633
030359
030356168
030349
030344
030342
030334527
030334110828
03032548
03032522
03032518
0303213
030320160
030320049
03032
03031968
03031935
030318377
03031505
0303121
030307vs081107
030307707
0303066
030305649
03030398
03030330100011
0302ting
030295592030
030294bb
0302916
03029
030271335
03026745190
030263
030259693
030256242
03025520287
03025
03024609
030240
030233172
03022536
03022527
03022522
0302226
03021987s
03021973
03021961
0302096
0302055
030200l
0301rb
0301emma
0301984
030196jde
030193z
03019003
030180a
030175335
030163510
0301589
030158
030145
030133471
03012540
03012523
03012520
03012517
03011988411
03011974
03011970
030119
030116
030111s
03010804
030105100
03010424
03010309
03010137
03010
03009646
030096
030092
03008910260
030084
030076083
030067
03006520089
030061
03005875800
03005529442
030043144
030042
03003934
03003811083
030034
0300323M
0300286
030027078
03002265693
0300123
03001130
0300085L
030000000
03/21/91
03/154*3306
03/12/1991
03/10/94
03/06/05
03/03/03
03.12.1991
03.07.1976
03.02.1992
03-12-89
03-0120
02yukon
02yang
02wtwqsa17
02vh16
02tundra
02transam
02svtfocus
02suttondem
02simona
02sexy
02sean
02sea28
02sammy83
02rocks
02regina
02pmca915
02pembjn
02passat
02pain
02ot3771=
02oct90
02nov89
02nov06
02nblaze
02na1292
02mustAng
02ml765
02mayo2007
02maxima
02marzo1992
02marine14
02manuel
02malibu
02m22t
02luvya
02libra
02l01s
02kevin
02ke4897
02kaylee
02juni
02junho
02jun1994
02jrmr
02jetta
02jcp1991
02jan1994
02hrhr
02hemosha
02hc524
02gqb9xa
02good
02gene
02fr1674
02fenix
02extreme
02evamar
02enero
02edgex
02drive
02dhoz
02demarzo
02dediciembre
02dec05
02deabril
02dc10
02claire01
02children
02cats
02camry
02butterfly02
02buick
02briana
02benz
02batetr
02aug06
02alm71
02a0189
02Jetta
02FERGIE
02B1ueye$
029GrAn
029986526
029983657
029982403
029980337
029976070
029973566
029972091
029967948
029965014
029964688
029962391
029960635
029960592
029957583
029952215
029947177
029946350
029944195
029942512
029940143
029939954
029939751
029937815
029935369
0299344
029931697
029929917
029929833
029929095
029926085
029922386
029919056
029911370
029910288
029908824
029904250
02990299
0299021671773
0298sparky
029899013
029897192
029891538
029890213
029886898
029886721
029884
029882899
02988129
029878689
029877114
02987654
029874719
029870547
029870313
029865003
029860892
029859628
029858542
029856104
029852073
029851390
029851114
029851
029846938
029838675
029833603
029830196
029830089
029829209
029825682
029821090
029812244
029810327
029803201
02980
029796604
029793369
029791093
029787
029782011
029780719
029780156
029771363
0297700
029766157
029765596
029763
029761953
029760255
029754457
029752580
029750114
029749226
029748120
029746853
029746225
029743821
029738283
029728796
029727410
029726515
029725237
029724
029722836
029719254
029718
029715437
029712198
029711252
029708749
029705486
0297039
0296dad
029696559
029692342
029689636
029681198
029666824
029665597
029653649
029652624
029647885
029646183
029641228
029639399
029635419
029631508
029630110
029629207
02962509
029624546
029623504
029615846
029614101
029611723
02960303101807
029602
029599029
029596
029595232
029592991
029591086
029590
029585519
029580423
029579789
029578490
029576426
029574593
029571875
029570203
029566745
029563831
029563014
029553034
029546454
029545441
029541622
029527296
029524680
02952290
029520497
029517390
029509734
029508431
029507757
029506332
029501862
029497447
029494582
029490
029487030
029485958
029480469
029477019
029471990
029470863
029468128
029466690
029464322muk
029461137
029460970
02945716717000d
029453743
029453133
029450323
029443546
029441669
029436118
029434243
029424048
029417870
029415268
029408029
029401560
029400689
029396221
029395441
029390508
02938475
029363382
029361
029360641
029356
02935
029346313
029341470
029340562
029337749
029334253006
029330
029329278
029325886
029323379
029321785
029320
029318530
029315550
02931207475
029307667
029301366
0293
029298281
029297229
029295754
029294928
029294464
029292929
029292
029291531
02929013409110
029290
029289083
029286244
029285511
029284087
029283301
029281356
029280951
029280268
029278367
029275563
029272659
029272
029270423
029270
029267521
029264876
029259924
029257488
029254639
029254163
029251753
029250563
029246167
029243912
029237374
029233581
029230079
029225849
029225493
029224258
029219497
029219180
029217875
029216670
029215802
029210108
029208233
029207149
029203656
029202055
029200
029198219
029197
029195425
029194369
029192886
029190522
029187697
029186391
029185873
029183689
029181388
029180
029178390
029174604
029171281
029165805
029164309
029163
029161918
029158286
029156532
029155483
029154359
029150879
029150146
029150086
029147046
029145396
029143873
029141662
029140289
029136011
029131740
029131325
029130395
029127020
029113436
029112550
029112147
029111
029109539
029105328
029103982
029102043
029100125
02910
029097
029091
029089546
029086562
029084546
029080968
029074462
029070157
029066964
029064465
029060541
029059882
029059616
02905849836
0290486003
0290430
029039234
029036841
029034274
029034078
02903065801
029029277
029027122
029026016
029022
029018
029013147
029011113
029010
029009
029005040
029003420
029002635
029001556
028baby
028999256
028993368
02899
028989481
028988071
028985667
028981525
028980368
028979245
02897521261
028970208
028969653
028966415
028965485
028964214
0289631139
028958661
028956586
028954896
028953010
0289521
028951302
028951109
028950997
028950832
028948113
028942458
028940903000
02894
028935855
028934580
028932984tua
028932551
028930121
028927369
028925114
028923961
028922880
028922561
028922269
028921
028920
028912238
028910621
02890j
028907w
028905419
028902760
028901652
028901085
02890
02889mml
028897965
028893090
02889
028888
028884305
028881344
02888
028877686
028876595
028870782
028863844
028862950
02886
028858604
028857946
0288567927
0288565007
028854473
028844268
028842216
028839414
028838270
028837083
028834507
02883183589
028831178
02882827
02882321
02882251203
02882214202ff
028817079
02881658439
028815879
028815477
028814636
0288136201
028812109
028810993
02881
028803746
028800332
028799810
028798793
028798654
028797396
028795889
028795020
028793208
028792142
028790915
028783831
028783546
028780726
028779073
028776411
0287733868
028772090
028769841
028768599
028766737
028762529
028758340
028754635
028753830
028750489
028749416
028744678
028740410
028738512
028736572
028733737
028732511
028730606
028727454
0287213543
028721046
028719479
02871810102
028716
028715638
0287148lp
028713823
028712347
028711887
02870a
028705274
02870344658
0287
028698097*2
028696224
028695086
028690
028688334
028687645
028687459
028682324
028676788
028672589
028670235
028668054
028665633
028662303
028661952
028659183
028657599
028656193
028654
028653334
028651546
028650369
028649660
028648035
028647793
028644363
028640251
028627316
028618737
028618065
028611
028610
028606456
028604858
028604
028602514
0286021792
028601
028559
028543
028521
028516
028502
0284960
028493125Rung
028490454
028489879
0284889846
028488489
028483917
028483358
028482608
028482284
0284821829
028464
0284344
028422
028402605
0284
028390
028382
02834895
028320
028316
028304
02828885710
02828
028254
0282369
028197242
028195381
028193365
028192618
028190507
028189436
028188154
028185
028184
028182297
028178653
028177545
028176805
028175935
028172021
028170502
028169400
028167768
028167348
028166423
028166
028164378
028160589
02816
028157
028156344
028155487
028153808
028152966
0281523773630
028151518
028151016000
028149659
028144616
028141593
028139038
028137764
028137063
028136
028134772
028132325
028131153
028129435
028126412
028125569
028124277
028122520
028120473
028116197
028115435
028112785
028111312
02811
028106090
028101532
028100
028098
0280969661
028095563
028095169
028092710
02809
028089028
028087740
028085295
028077981
028077299
028075619
028071939
028070930
028068
028067917
028066271
028064202
028063528
