6275885254
627588
6275875
62758613
6275850JN
62758479
6275840
62758378
627583
6275811
6275805
627580
62757803
627577
6275740
627572724
62757150
6275709
62756miguel28700
62756883
6275675
627567
62756610
6275623
62755nix
6275576
6275569
6275512
6275480
6275477
6275462m
6275445
62754364
6275410
62753m
627537
627536497
6275352
62753427
62753283
627530
627527
62752669
6275262
627524412
62752366
62752229
6275217
627520
6275199
6275185
6275179
627517
62751612
6275158
6275134
6275123666
6275102
62750m
6275089
62750848
62750769
62750411
6275024
62750155jg
6274vuitp
6274mash
6274mar
6274luvz34
6274hutton
6274cg
6274DIL
6274983
6274959
6274930
627492
6274911
62748dpnoy
6274892
6274883
6274869
6274847
627484200
627482337
627478j
627477638
6274767482
6274765t
6274747
6274742
6274731
62747254
627472
6274717
62746teamo
62746d
62746822
627466735
62746618
627463marine
62746352
6274625cms
62746227irina
62746039850
627459805
6274586
62745785
6274565
62745607
627453j
62745250
62745219
62745
62744918
62744829
62744723
6274457
627444
6274417
62743skn
62743atj
6274366
6274363L
627435Ernest
6274355
627435*7
6274326ct
6274315
62743099216
62742pilyy2304
62742l683!
6274299
627428982
627428
627427382762636
6274271488maag
62742662
6274262m
6274262742
62742625683
6274261
6274258
627425.790.
62742455
62742403
6274233
627422709
6274223536
62742206
6274200
62741991
6274188
6274171
62741563
62741236t
6274091
6274043
62740025
6274000
6273ydoum
6273masf
6273heqyw
6273danza
6273bench
6273996
62739836
6273965
627394230
6273930
6273905
627388
62738724
62738400
62738180
62738167
62738
62737931
62737808
62737784
62737602
627375
627372martz
62736963
6273690
627368849
627366
6273650
62736372
6273630
62736273
627362627362
627362
62735862
6273574
627355
6273529ts
62735009
6273481
6273470
627346384
627345
627343a
627343
62734080
6273399
627339448
62733918
6273363
62733407
627334
6273337
62733265
6273308
62732ss
62732703
6273253
6273246
627321
6273202
62731929031
6273161
627314
627312
627309
627308270
6273078
6273065
6273041
62730106
6273
6272sat
6272marc
6272cm
627298441
6272960
62729456
6272942
62729359
6272927
627291363tekiero
6272907
6272882
627287dana
62728639
6272852
62728381
6272829*2
627282
627280804
62728
6272799
627279
6272776
62727693
6272749
6272737
627272
627270
62726qcynr
62726aime
62726863
627268
6272679
6272671323
6272669
627266627
627266
62726459
627264
6272633551988
6272629
62726264
62726212
6272616
627259
627257
62725512
6272545
62725305
627252023
6272508
6272503
6272499
62724896
6272485
627247780
6272467
6272454
627243834
6272434448
62724274573615
6272421
6272412
6272410
6272409
627239999474724
62723866
627238
627236872
627236343
627236
6272354646
6272342
6272323
6272311
62723
62722893
627228016
627227595
627226337
62722356man
627222AA
6272214
62722096
6272200
6272175
62721640
62721611
627214sm
6272134
6272111
6272104
627209
627207112
627206112
6272043
6272024
6272012
627201
6272004
62720
6271spike
6271gaby
62719927
6271986cdb
6271985
6271984
62719820
6271977
6271969
627196798FEANCE
6271964
6271957
6271939
6271904
6271900
6271893
62718774
627185
6271836
627182030
62718
62717611
6271754
6271726
62717081
627169826g
62716939
6271689
627166616
62716455
6271630
62716163
627161136
6271598
62715813home
627155
6271521
6271504
627148321
627145920
627144363
627143
627140735
62713816405168491440
627137769
627133143
62713250
627132
627131
62712f
627129535
6271271
627126831
627125242carlos
627124826
6271238
6271235
6271225
62712100
6271203
6271190768
62711776271177
6271154l
627115
6271137695
627112810
6271123
6271100
6271099
6271081
627107
6271059
627105174
6271043
627102821b
627101383
62710
6270weirdo
6270jmoss
62709902a
6270972
627094355
627093
627092172
627090651
62708hhhnr
627088
6270870
62708511
62708130
6270809
6270783
627075027h
627073
627070462
6270689
627065
6270628
62706268
62706097
62705e
6270584
62705700
6270566
627055547
627053543
627053063
627052523
627050
62704J
627046
627043ro
627042898
6270415
627039523jaerah
6270364bb
6270340389++
62703345
627031064
627030202
62702dmt
6270297
6270283
6270269
6270253
627024
6270222
6270211
627020300
627020
62701670
6270144
627013956
627013
627012
6270091132
6270085
62700713
627005526
62700366726438
627001
627-8668
627-7589
626zapala
626yhc
626xxx
626wsbrf
626valdez
626tnv
626tarad
626supra
626sonya
626shine
626sb909
626sar2
626rx7mustang
626rox
626river
626rida
626plz!
626pimpster
626phs12
626pbk
626paco
626mobs
626mln8j
626mazda
626luvf
626lovem
626lori
626lilgirl
626koomly
626kinnard
626kayeiah
626justin
626jmb
626jess
626jad
626j1284
626ievxa
626home
626hew
626h34c9866c
626ghost
626gabe
626fillmore
626feifei
626era
626duh
626dongbin
626dog
626cuccc34
626coffee
626change
626bsb
626boss
626bobby
626blacs6ar
626baron
626andrea
626ac
626__626_zeni
626NCKQC42
626MOF
626JON
626CK
6269sh
6269mw
6269lk
6269jnzqy
6269egh
62699dm
62699820
6269962
62699496
62699203
6269912513
62698920
6269882
62698768
6269870
62698671
626984905
62698302
6269829
626981507
62698
62697joa
6269781
62697543
62697300
626971605
626970
62696j
62696969
626969
6269676518
6269669
62696522
6269647058
62696357
626962
6269612534
62696041l
62695r
62695moonandstars
626958747
626957792
626953d
62695281
62695236
6269513pny
6269503
62694972
62694913
62694491
6269443
6269413
62693v
6269398
6269359
626932
62693
62692PINK
626929
626926k
626925675t0
62692506637
62692331
626922
62691hoe
626919167
6269178
6269166
6269143
6269123
6269114
626910
62690kris
62690DT
6269072
6269045
6269018y
626901
6269006
6268xp
6268chryl
62689A
62689718
6268966
626895
6268938
626891ya
626891043
62688jw
62688847
626888
6268862688
6268829
626882703
6268803-
6268794
6268743
626873
62687201
6268696
626869
626865
6268628
6268621
626860
62685t
6268591
6268563
6268543
6268521
626850
62684adr
626847655
626846
62684546
626845
626844
626842
6268418071
62683844
6268361
62683583266
6268355826
626835+-997260
6268332
6268326j
626831
6268291
62682820
6268253m
6268242mvmv
62682426514494
626823968
6268230
626821
6268202
6268198
62681901
626818
6268143
6268126
626809
626807859
6268027
6268017
6268007
6267vigyc
6267mlf
62679rlg
626798
62679584
6267948
6267919
62679046
62678fest
626789048
626788108
6267863rab11331040
626785
6267793
6267792562G
6267777
626776366
626775873
6267746
626774
6267733
6267692
6267651
62676367
6267615
626761112
626760
626759
6267576
626756
626755
626753
62674p
626749
6267475
626745937
626744
626742690
6267400
626738f
6267360
626732571
62672arman
6267273
6267231
6267220
62672174
626720413
626719
6267167
6267131
6267109
6267073
6267049
6267027
6267+6267
6266kat
6266e
6266cl
6266ZORROZ
62669d
6266992
6266977
626695674
626694
626691
6266899196
62668833555
6266878999
62668629
626683154
6266816
6266808
6266794
626679289
6266778
6266751
62667209
6266711
62667
6266692
626669
6266655128
62666439
6266632
62666198
626661
62666010
626659817
6266568
6266551
6266544milo
6266542
626653759
6266526
6266514
626649899
626648233
6266474
6266467
62664607
626644
626642gs
6266414
62663pedgm
62663666
626635
62663311
6266325
6266296
626629
626628
6266277474
62662722
626626han
6266264
626625
6266247
6266219052s
6266216
626619910
62661960
626619
6266177390
62661534
62661315
6266123dc
62661150
6266095
6266078
626607
6266041
6266039
626603
6266-7656
6265secret
6265charmedmc
6265andreinav
62659900
6265984s
62659765
62659426i_tee
62659298
626591
62659092
6265884
6265879
6265864
626585296
626585
626584
62658111
626578
6265765
6265761
626575a
62657292
6265689
6265680
626566ab
626563
62656265
62656244
626561159
6265609
6265600000
62656
6265591a
62655701
6265565
6265546
626553
6265522543
6265511
62654david
6265474
62654575
62654521
6265451
626543
6265411
62653886
62653699
6265331074
62653141
626530
626528
626526107
6265250
62652418016
6265234
62652301
6265216
62652
6265193
626519
62651631
62651552
6265147
62651232
6265113
626508
6265048
6265043976_NICK
62650360
6265012
6264vegas
6264lovesme
6264kwr
6264Tn.
626499diego
626498
62649559
6264939
6264932
6264909498
62648kui
626489400nat
626488k
6264883
62648789
6264845
62648404
6264836622
626483
6264808R
626480
626477500
6264771
626476755202
6264762647
6264733
62646riza
626469
62646864
6264668
626466400
62646572
6264613
6264600
62645iptqd
6264596
6264594986
626459011
6264586626
62645662
6264550
6264544
6264525
6264524
6264510r
626451
62645
62644945
626448685
6264480
626445
626444
626442875
6264416
626440178
6264396
6264382
626438170
626438
626437617
626432557
6264309
6264289
62642786
62642667
626425420
62642420
6264233
626421
62642022
626420
6264189
62641815
626417a
626416
62641533
6264145
626413758
6264122
626411a
6264107323
6264101
626408
62640666
626404
626403
626400
6263carol
6263Dodge
62639m
62639909
626398
626397
626394
62639325
626391
626390
6263852
6263842
6263833340
6263827
6263786212
626378
6263773
6263733
626372
6263708
62637006263700
62636emo
62636899
6263681
626366b
626366
626364656667
6263644221466
626363200
6263618
626360595
6263601
62636
6263590
626358550147
6263568
6263565
6263545
626353484
6263532
6263519
626351
626350540
62635
62634jp
6263488
6263477865
6263464
6263451357
6263420
626341
62634
62633981
6263396424
62633830
6263370
62633565
6263355
6263351
6263321
6263304647
626330
6263295bm
626329
62632780
6263266
62632604
626324613256
626324601
6263243
626323651
6263222
626322
62632069
6263203
626319n
626319916
6263190
6263186149
6263161
62631504
626315
6263132
626312
6263106
6263072
6263063
6263057
6263050
6263036
62630114
6262sza
6262otr
6262maya
6262ma
6262k
6262izaemmap
6262_difrt
62629iloveyou
6262993
6262989
6262978296
626297422
626297
626296554
626294
626293
6262920
62629111
6262907
62628966
62628884
626288093
62628791
626287
6262848455
62628388
626281
626279
6262777
62627562
6262741
626273
62627272
626272
6262717
626270d70d70d
626269831
626268981
6262683
626267
626266
626265
62626363
62626340
626263103
626263
626262dmj
6262626262
626262236
6262612
6262605
6262592647
626257984
6262571
6262565
626256
62625531094
62625515
62625454
6262535232
6262528
626251
62625
6262496
6262483
626248
6262472
6262464182
62624538244
6262434
626241520
6262402
62623lp
626238
626237823
6262362
62623573rw
6262327
626231762
6262285c
626227
62622637
62622529
62622309
6262207c
62621AA1
626219113
62621861
626218
6262175797802581
626217
62621515
6262142
6262129
62621189
6262110
62621099
62621030
6262094
626209
626207
626205694
6262043
626202620
6262021
6262011l
62620055
6262000
62620
6261tul
6261mark
6261ft
6261998
6261994dg
6261991p
6261989c
6261981
6261979vt
6261972
6261968
6261961
6261957
62619397
626193
626192
626191475
6261894
62618798c
62618666
6261861
6261855
6261823
62618
6261767es
626174
626173
6261725
62616ag
626167429
6261668
626164
626163
6261625
626162
626161270
6261605
626159vict
6261593
626157458
6261546123
6261522
626152
626150408143
626148
62614789
6261457
62614305
6261417k
6261408
6261402904065
62613C1
6261366
6261346
626134
626133
6261318
6261311
626128518
6261258887
6261242
6261228
62612202
626120l
62611895
626118
6261169
626113799
6261129
6261120m
626111610e
6261111
62611033984871
626110
626107496
6261046
626101j
6261007
6260sw
6260cr
626099281L
6260977102
626095530
6260949
6260934
6260905
6260902
62608954
62608623
626085
6260842
62608044
62607rane
62607kmc
626077
62607467
62607323
6260723
6260716
62606acura
6260666
62606513
62606301
6260617
626060
62605o
626057
62605511
62605400
62605215
62605053
62604za
62604Mk
6260490
62604560
62604132
62603945
6260371
626035510007
626034
6260327
62603161
6260306
62603
62602af
62602820
626025
6260237
6260225912345
626022
62602149
62601ck
626018722
62601707
6260166k
62601606
6260142m
6260128
62601272
6260121
626010900
62601069
62601055
6260092
6260083
626007
626005
6260004
62600
6260-Sims9
626-4745
626+15+83+
626
625zac
625wrede
625vomyy
625uffxv26
625trance
625sweety-pie
625shan29
625ray
625psu
625ocean
625nolaxs
625micah
625marino
625lindsey
625kona
625kevrob
625junio
625jmg
625honey
625god
625fro
625fikin
625dan
625cry
625chai17
625ash
625alyssa0
625Ellesmere
625E10Ave
6259mc
6259cn
62599aj
6259986
625997
62599382
6259913
62598d
6259893
62598820
625986580
625985621
6259830
62598083
625978
6259774
62597464
6259734a
6259718
6259690
6259631
625962
6259604
62595c
625959
62595818
625958
6259562
625956
625954872
62595100id
625950
62594c
62594361
62593b
6259379
62593676
625936
6259335
6259312
625930
625929
62592537
6259252
6259236
625923
6259210
625920
62591937
625916341
6259140
62591342
62591153
62590h
6259067
625905
625902
6259014
625900A
6259
6258prieto
6258lua
6258joves
6258bl
62589906
625897
62589510
6258923
6258907
62588q
625887437
62588549
6258823nuha
6258819
62587est
6258798
625879
62587883
6258779
62587280
6258718
62587080
6258688
625866442
625863
62586289
6258611a
6258605
62586004
625859
625858746
625858
6258561rpg
625855
62585102484
62584770
6258458
625845
625844
625842
6258412
62584026
62583950342100
625836
62583383
6258318
625830
625829D
625826
62582420
625823
625821c
6258212155
62581JMV
625819
6258170
6258168
62581279
625810
62580946
625808
62580576
6258023
625801
62580004case
625800
6257yai
6257klmr
62579amd
62579811
625796d
625794
6257934421
6257911
625790
62578851
6257881
62578714
6257852
625784658
6257827
62578100
62578
625779
6257784
6257780
62577426
625771
62577019,love
6257683
6257648
62576343CJT
62575830
62575664
6257521
6257507
625750
6257499
62574844
625748209
625743
625741324
62574
625736
62573346
625731
62572mdnfa
62572701
625726
62572466
625722will
625720380
6257199
625718
625716
6257142
62571334
6257123456
62571058
625708
6257057
6257020
625700
6256k6
6256iuz98uA
625698
625696
6256946
6256907
625689
625687
625682
62567842
6256772
62567117
62566777
625665
62566465
625663
625662
62566165
625661525A
625658
6256555
62565331
6256513
6256502
62564534
625645
625644
62564262
62564232
62564141
62564048
62563695
625635
62563416
625630
625629658
6256282
625626627
625625718
62562500
625623
625620a
62562
6256166
6256160I
62561404
62561364
6256093
6256089
625606
6256036
6256008
6256
6255md
6255loveme
6255drv
62559pzxov
6255980
6255967
625595
6255926
6255918
62558vvnqv
6255840
6255793975629246
6255774
62557555
6255725
625569
6255669
62556552
6255601
625559702
62555669
62555421
6255524
6255517
6255511
62555001
625547kn
625547
6255467
625544javra
6255436
6255421
6255408
62554029
62553914
62553683
625536
62553534
625532
6255297129
62552845
6255280
6255273
625526309
62552533
6255248988
6255247
62552389
625523
6255203
6255184
625517
6255165972758973
62551546
625514
625513
62551015
62550988
6255062
62550563
6255040
625503061b
62550
6254lal
6254jklm29
6254cemqx
62549900241634
6254969
62549534
6254939
62549188
6254864
625481
625479
6254789
625477
625474
6254729
625471992
6254705
62546919
62546567
6254621
6254609reivaj
62546
6254586
625456s
625455
625454
62545359
6254533
625452
625449
6254480
6254446
62544364
625442ADAM
62544178
62543881
6254374
625434
6254321
6254318
62542961
6254288
625427765
6254270
6254242
62542387
625422
62541861
625417
6254156
625414
6254121t
625412
6254111j
625410jie
625409
62540867
6254038
6254013
62540024
6254
6253pin
6253mpk
6253a842
62539770
625394
625392ti
6253897
6253878
6253862103073
625384155
625382
6253800
625378
6253755
6253741
6253735
6253714
62536943
625367
625366
6253647
62536366
62536203
6253616
625357
6253559k
6253524
625352
62534lmc
6253478
625346663
6253456
625344650l
6253431
6253415
62533j
62533970
625337630
6253352g
62533423
6253311
6253291
6253276
625327
62532615
625324366
625321
625320826
62532
6253190
6253175N
6253155
625314987
6253114
625310
6253088
6253082181317325
625307y
6253062530
62530415
6253040
6253037
625302f
625302030
625301momo
625301056226
625300
6252ml
6252maja
6252eywcj
6252ae
62529934
6252974
62529540mm
62529327
625292111
6252912
62529051
6252891
625288871
6252885
62528788
6252852
62528373a
625280554
62528
6252797
62527689
6252747
62527378
625272nikol3
6252720
6252703
62527
62526985
62526957a
62526800
6252670
6252665
6252656cjgibson96
625264877
625264486j
625264
62526363
6252633
625261arm
6252610
625260102
625260
625259090
6252588saad
6252569
6252556
62525459
625254
6252530
6252525
6252518
62525
6252498
625249305l
6252486
62524667m
625245mb
625245189
6252451
6252435
6252410
62523908
62523779
6252363
6252351
6252342
625234
625233
62523210
6252308
6252289
625228
62522719
62522543
6252253
6252244
6252239
625223
625222
6252216
6252154
6252131
62521255
62521196
62521122
625208230a
62520506
6252019
625201
6252004A
6252001
6251beth
6251996C
6251994g
62519932
625199184
6251989a
6251985
6251982d
6251972
62519678
6251960
625195765
625195
62519412
62519147
62519049
6251874
6251865
625185
6251796
62517839
6251779
625174
625172
6251690
625168
625164841
62516414
62516336
625162
62516101
6251602
62515778
625156
62515454
6251526
625151
6251507
6251495
625149
62514834426880
62514805
6251457
6251450
625144625144
625143486
6251432563
62514253l
62514082
6251381
6251367
62513397
6251331
62513227
6251314
62512k
6251298
6251288
62512867
6251279
6251252
625124791
62512345
6251230
625122tvxq
6251227
62512202
6251211
6251201
62512
625118
62511617
62511526
62511307
6251127
625111
6251102772
625110
6251095
6251066
625105
62510331
6251024
6251018320
6251016
6251010
62510071
62510019
6250robert
6250mario
625097500
6250942
625093500
625092984
62509
62508832
62508712
62508571
62508431
62508201
625075
625070
62506985
625066
6250636
6250625
625061
62505969
62505802
6250561
625055306
625052
62505034
625050
6250498
6250480
62504566
625044
62503908
6250381
62503721987
6250361
625033357
62503297
625032
625030153
62502t
62502el
62502979
6250256
62502525
6250204
625019
62501759
62501653
625015160
62501331250101
625012
6250113435
62501
625007
6250047
62500143
6250003
625-68-2786
624zglatan
624wita
624val
624sava
624qblac62
624minoma
624mdm325
624man
624lovepink1415
624lc93
624kek
624jar
624henry
624ebqxr35
624dvjp
624devonst
624choke
624burden
624baby
624akr
624McKinley
624AL975
6249n1
6249cimbom357
624998
624992j
6249928
624990
624986+
62498315
62498
6249780
6249771
6249740
62497153182469
6249692
6249682
6249678t
6249662496
624965
624961jane
62495d
6249567
6249540
6249513
6249511
62495
62494meme
6249486
62494537
6249422
6249400
62493nfcmj
6249395
6249321
6249301
62492r
62492e
62492719871989
6249248
6249229ben
6249217
6249214k
624919
6249166
6249138420
6249133
624912
624910321
624909602
624906
6249031
6249010123
6249006
6248zaheg
6248nww
6248h1
6248_6248
62489a
624897
6248951742687390
6248950
62489377
6248921
6248905
624889
6248874
62488426
6248836
6248807
62487c
62487579
62487
6248687
6248669bm
62486498
62486248f
62485alt
624859
6248571387
6248560
624854
624852sda
624851
624850
624849
6248484
6248476
624846g
6248456
6248449/*
6248400
6248390
624838
6248347
624833jmc
62483
6248267
624824d
62482405
62482220
6248210
62481790
6248151431
6248128
62481
624809p
624807mdoc
6248031795
6248000
62480
6247odin
6247jenn
6247986
624796
6247951
624794
6247900
62479
6247897
624784
62478270
62477981
6247762
62477473
62477341
62477235
62477
62476700
6247661ROB
6247637
6247625
62476200
62476
62475jlm
6247587jona
6247575
6247566
624755
624754
6247521
62474jtfsf
62474762
6247455
624744
6247402
62473jay
624736
62473344
6247328
62473
6247288
624727
6247243
624723
6247200
62471995
6247173
6247151
624715.jj
6247142
624712
624711
62470909
624706
6247046
6247023o
624701
6247
6246scatjr
6246mm
6246kds
624697
624695
624692
624691
62469
62468mdw
6246878
6246875
624685
62467oppfe
624677
6246720
624669195
6246689988776655
6246666
6246642
62466246
6246593
6246570
6246556121
6246495
6246483
6246462
62464556
624642006
62463_maine
6246396
6246373
624633109
6246329
624630
624629ss
6246251
6246249
62462419971997
6246222
62462044
6246192
62461803
624617
6246136
62461198
6246107
624609
6246079
6246057
624604
624603
6246027
6246003823
6245usa
6245myrtle
6245ilovel
6245ha
6245fg
6245bc
624598
6245960
624595
6245897
624588
624587
624585
6245840
62457dad
624579
62457780
6245733
62457159
6245704
6245683
6245668
624565417
6245646
6245640
6245633
6245624
62456
6245555
62455512
6245545
624553
624552
624550
62454ss
624549
6245472
6245448
6245421
6245407
62453datt
6245383
6245350
624533
624531987
62453152
624530
624529
6245272246
624525
624524
624523
62452248337486
6245203
6245198
624517
6245163
62451528+
6245146
62451213
6245103
62450976
6245088
624505
624502859ej
6245022
624502
6245006
6244zc
6244mar
6244dvr
6244aytni
6244957
6244929
62449063
624489
624488
62448554
6244850
6244816
624481
6244798
62447718
6244751
6244724
6244704
624468
624467
624466038s
6244640e
6244624
6244612l
62445791
6244566
6244559
6244548
6244539
624449626
6244494
624449
62444663
62444502
62444403
624443mae
62444355
6244423
62444149
6244395
624439
624436
6244301
62442snd
62442magic
62442Dwarf_avi
62442985
624429
6244280l
62442639
624426
62442530
6244241
624423
6244226.
624421075
624421
6244174..
624417#12
624415
62441388
6244131
6244127
624410022536
624409
624407469
62440411
624403
624401840117
624401
62440073
6244000
6243yie
6243mine
6243dh
6243blg
62439john
6243942
6243927m
6243918
6243900s
624388848
624388
6243823
6243810
62437dkch
6243710
624365
6243638
6243627
6243616424
6243604
624360
6243598_HASAN
62435665
6243551
62435354
6243521LMM
6243482
624347
6243462
62434321873
6243423
6243413
624340909
62433C
62433797
62433387j
6243326
6243307224663
624330
62432946
62432823
6243251
6243229bub
6243214
6243202*
62432
6243194
62431880
6243174
62431527
6243148
6243142
6243136742669
6243109
62430916243359
624308
62430526
6243037P
62430
6242mhs
6242got
6242eerzi
6242ab
6242991
6242974
6242969pa
624292
62429074
62428952
624287
6242854
624284
624282
624280499
62427man
624279
6242761149
6242758
62427274
6242723nely
6242689
62426675
6242661
6242651
624264
6242628arc
624262
624261
62425q
6242580
624257teamo
624256624256
624256
624255
62425351642
6242529
62425264811
624252583
62425094
6242502E
624248k
62424852
62424669
62424594
6242453
6242419
6242411
624236985632
62423661951
6242352
6242346
6242332
62423197377
62422magic
6242272
624225
6242232
62422005
6242194
6242189
62421645
6242152J
6242148
624214
624213215
6242116
6242100
62421
6242092
624206t
62420573
6242047
6242017
624201
6242005akt
624200584
6242003
6242001D
6242000a
6242
6241994am
62419933036
62419892
6241988b
6241986
6241982kingshit
6241982
6241980M
6241979
6241971
624196
6241953
62419411
62419344
62419316
624192
6241916
62418bey
62418842
624186418
62418185
6241812
624179pl
6241772s
6241755
62417051
6241672
6241654752
6241645
62416309
6241626
6241621
624162
6241610ah
624159
6241566
6241553
624154
6241529
62415110
62415
624146620
62414526
624143
624142
62414171
6241406
62414
624138
6241371318
6241367
624135
6241324
6241300
6241276
624127
6241255z
62412518
624124k
62412308
624122p
6241227
62412203
6241213
62411827
624116
6241140504
62411111
62410761
6241070v
6241054
6241034
624100
6240max
6240code
62409bar
6240960w
6240935
624091
624087218
6240845
6240808
6240798921
6240770jl
624073m
624072740
6240704
62406hsdof
624069
624067986
6240674
6240644
6240626
624061
62405r
624059
6240586
624056360
624055
6240526
6240511
6240489
6240478j
6240476
6240464
624045
624043o
62404323113288357
6240426
624041
6240370
6240331
624031751
6240265
6240261
6240250
6240238
6240210
62401982h
6240136
624012r
6240128
6240118
624011
624010341
624009
6240078
624006
624001
624000
624
623yexfv52llb
623ufgtc78
623tere
623sli
623sam
623qq919
623phx
623open
623nosie
623nigga
623manny
623lyndle
623kwn
623klabt42
623jodynkb
623jhlee
623imp
623fee
623djey
623chelsea
623by1
623bdc
623bbg
623ac3388
623SHAWN
623LW05
623Kb1985
623JULI 2008
6239zckap
6239sbh
6239adela
6239995
62399811
62399642
623996
62399288
62399
6239886a
623987
62398482
6239809
623980
62397987
62397961
62397886
623978
623975N
623974
6239706
62396cr
62396799
6239650
6239637
6239626
62396
62395kzdxp
6239587
623957
623956
6239544
623953
6239511
62395
623949
62394593
6239421
6239408
62393pam
62393g
623939
6239383k
623937
62393553
6239344hot
6239343294
6239316914maggy
6239311
62392lizzie
6239284
623926
62392333
623922
6239216
6239201
62391mmr
6239198
623919
62391614
62391540
623913
6239106
62390gl
6239073540
6239065
623905108
623901k
6239012
62390048
6238obet
6238jt
62389ao
6238976
6238942
6238905
623888
6238861
6238855
6238841
62388361
623882888
62388260
623877
623876
62387491
623870
623869
6238663466
623866
6238649
62386387!
62386246
6238621
623860931
62385mn
62385kle
623858
623856
6238549
6238536
6238531
623852
623851
62384mm
6238490797
6238469
6238450
623843
62384244
6238421
6238410
62384029
62383kai
62383ap
6238394
6238364
6238317
623831
623830
62382oafu
6238290707
6238288
6238278
6238264
62382578
623825
6238236
62382326
62382
6238197
623818
6238169
623816
623814
6238119
623810af
6238101986
62380mb!
62380a
623808
62380681
62380446
623801468
62380
6237oscar
6237fakhri
62379460
6237930simay
6237900
6237890
623788282
623787
6237846
6237803
6237788
62377804
623777
6237722
623770
6237671
62376572
623760
6237595
623755
6237516
6237489
6237483
6237462
62374569
6237427s
6237400
62373x
6237379
62372gqpao
623727
623725
62372139
62371978
6237178
623714
623712
62370853
6237067
6237057
623704
623701
6237001
6237
6236km
62369rqgjz
6236995
6236948319
6236937
62369
6236877
62368600
6236841
6236823
62367j
6236766
623676
623675
623674
6236689
62366621
623664
623662als
623662620
623660999578
6236603
6236578
6236553
6236530
6236511985200
62364857
623646295
623645
6236404394
62363oac
623636204
623634
6236323
62362n
6236293
62362717
62362524
623624wtkc
62362410
623623ck
6236232
6236230
6236205
6236201
62361WSG
6236175
62361698
6236163@v
623616
623614
6236133
6236108
62360naf0
6236055
6236018
62360
6235se
6235955
6235946
62358914874582451
6235865
623583
623582
6235808
6235781
6235774
6235756879
623575
6235733
6235694
6235684
6235675
623566920985308340682
6235665
62356265
62356120
623559064
6235577
6235559
62355326
6235512498
6235503
62355
6235492065
623548526956
6235475
62354539
6235441
62354232
62353t
6235390
623535952
6235312
623530
6235284
623527
6235251
62352487327
62352330
6235230808
623521
6235201
623520
62351795
623515c
6235121256
62351155
62350989
6235069
623506
62350350j
6235025
6234rn
6234hey
6234dayp
6234997
623498
6234938
62349
6234886
6234875
6234861
6234817
62347908
6234780
6234766
6234746029
623473123
6234713
62347098
6234693
6234642
623462abc
623460221
62345990
623457
623455
6234543
6234536
6234525
6234511775
6234504abc
6234501929
6234489
6234473
623447
623445404
6234440521
623442
6234405
623432
62343184
6234304
62342Nsuely
623429
6234286
623428
623426594
62342525
6234238
623423
623421
62342
6234180533
6234173542
623413s
6234135
623412
62341053180402263
62340boeak
6234049
6234027
6234002
623400
6233thelabrador
6233qfu
6233made
6233dos
6233bk
62339naddy
6233986
6233980
6233964c
6233951
623394
6233929
6233920k
623390
6233884888
62338843
623385
62338451L
623383266
6233809aod
6233799
62337915
6233779e
623377
623376
6233745
62337373
6233728
6233706
623370
6233686
623367
6233640
6233633
62336239
6233595
623359
6233565acl
6233542
62335288329844
62334ihcr
623348
6233462
6233451
6233430
62334226
6233412097
62334
62333811
62333542
6233333
6233307
62332mheyah
6233297
6233292089102347
6233291
623326linda
6233265531
62332534
623325
6233241
623323
623321
62331972
62331913
623318
6233164
623315fan
6233149
6233143
6233126
62331215
6233110
62330ikusu
6233091
623309
6233078
623306
6233041
6233031212
62330292
623302
62330033
6233
6232q2xq6
6232nes
6232dr
6232bridge
6232999
623298
623294
6232927
6232902
623290043679
6232896
623288
6232849
6232843
623284
6232819
62327qxsnq
6232777
623274902
6232737
62326jdp
6232696
6232667
62326611
6232639
623262326
62326124
6232598
6232580
6232566
6232557
623255
62325381338
62325025
62325
6232479141
623246094
6232454
6232440
6232437
6232433
6232425
6232414
62324
6232388
62323650
62323553
623235
6232347
6232341
62323344
6232325valerie
62323148t
6232311
623230
623228
6232260
6232248
6232239
623222496
623221309
6232209
62321c
6232188
623217
6232165
6232152
623215
62321462
62321296
6232121031
6232119
62320s
62320977
6232083
6232063342
623206
623205
6232041333
6232036
6232031
6232017
6232011
62320059109
623200423
6232002
6232
6231dt
6231b.f.
6231S
6231998A
6231995lad
62319935
6231991t
62319912
6231985
6231981
6231978
6231975
6231970
6231968
6231964
623196
6231948
6231940
62319
6231880
623187
6231842
623183379
62318074
623177
6231768
6231758
623171369844
6231688
62316866
6231679
6231649
6231640
6231625
623162414
623162
6231557
6231544
6231536
62315286
62315
6231474
6231457
623145
623144736
6231434
62314203
623142
623141
623140
62313901
62313721
6231368
623136
623134
62313196
623130605
62313
6231265h5621326
623124cb
62312302613
623120
6231175
6231145
623114
62311330
6231124
62311
62310933
6231081
6231076
62310684
6231063
623106
623103
6231005luis
6230nae
6230mj
6230jm
6230imali
6230i2528
6230al
6230968
6230948
623092984ps
6230888
62308800
6230877
62308700
623086
623085
623084
6230828
62307eddy
6230794jg
6230744
623072847
62306ovsr
6230679
6230670
623066
62306443
6230640
623062306230
62306
62305986
6230590
623058792042523
623056989
6230552123123
6230530
62305211
623051
62304bkzsy
623048jojod
6230458
623044
6230392
6230340
623032716
62303050213
62303
6230287
6230266
6230237
6230228989
62302130
62302
62301adj
62301978
6230190
6230183
623017b
623017
6230142
62301331911
6230121
623011
62301097
6230090
623008
623006
6230037
6230017
6230000
623-873-0562
623-2784
622wv2006
622uneay88
622taclooc
622sbjr
622roofer
622r5
622mylove*!
622mnavalst
622lontz
622kar-
622jasmine
622fishegg
622des
622dareen9275
622ccc
622bang
622balf
622agger
622FBIRASSEBAT
622AXZCR68
6229k
6229gn4c
6229eg
6229aj
6229992
622996564
62299307
62298dnm
6229876
622981
62298
62297852
6229744
6229702
62296a
62296802
6229604
62295a08
6229590
62295756
62295400
6229506
62294906
6229469480
622945
6229441
6229434
62294293
62293geiden
6229395626982
62293931
62293859
6229376
62293548017
6229343
622933
6229321
6229311VV
622930
62292rcm
622929loca
62292816
622928
6229260h
6229258
622925
62292388
622923328
6229232
622922
6229206
622920
62291m
62291BABES
6229149
6229142
62291344
6229124
62291221
6229114
62291018
62290bday
6229077024
622906
6229045tina
6229037
622903
622901
62290000
6228mfc6230
6228hc
6228central
6228ABC
62289g
62289733
6228944
62288k
62288877
622885
622882
6228782
6228772
6228756
6228730
622870
62286mmb
622866
6228611
622860
62285dwrsk
6228594
6228566
6228551
6228528
6228499
622847g
6228471m
6228464
62284289
622842
62284
62283m
6228385164023
6228361983
62283230
6228303
62283
622829
62282889
622828
6228261
6228225
622820
62281936
6228181
6228177
622815f
6228152
6228136
622811134
622810
6228077
62280598
622805
622804
622800
6228
6227j366
6227amgnoway21
62279vmb
622797
622790s
6227899
62278929
6227881
622787900
62278728
62278662
622785J
6227841.ferasajami
6227806
6227798e
6227781tyson
62277777
622777
622775
6227722
6227710
6227705
6227679
6227668
6227650
6227643
622764
6227633bh
622758
62275709
6227565950B
62275260
6227517OR
62275125
6227464
622745
622744
622743
622742
6227372
62273607e
622734
622731
62272cvkrs
62272847
6227272
6227237
622723
62272222
62272138c
622720834
6227202
62271947qq
622718
622717
622716
6227131
622711B
62271135
6227108
62270874
6227053
622705
622702777j
622701
6226smile
6226rymaca
6226nz
6226mac
6226cambridge
6226alone
62269c
622699
622696
622690EQA
622690
6226886
6226880
6226872
62268586
6226815
6226812
622680
6226787
6226779
622676
6226751
6226742
62267333673
6226715
6226678
622667
6226645
62266336
62266265
622662101
622660ave
6226585
622658
6226569
6226554
6226512
622649
622646
6226454
622644
6226395
62263635
622634
622632696
6226314
622630mr
6226294
6226280
62262720
622626
6226224
622622004k
62262147
622620
62261832
6226180
622617
62261633
6226154
6226141
6226114
622610
622607
62260560
6226030
62260179
622601
6225sc
6225pocpw
6225holden300
6225cq
6225NUBEN
622599
62259746225974
6225960j
6225947
6225931
62259142
622590
622589
622587
62258643
6225858k
622584
622582
6225792
622578
6225764
622575
6225740
622572
622571
6225698
6225679
6225651S
6225642
62256262
622562
6225605
62256/natchitoches
6225571
6225534
6225528
622549622549
622549
6225472
622544
62254303
6225418
62254004
62253ww
622539c
6225391238
622537
622536743
622535169
6225324
6225299
622529+aj
622528
6225255
622524104
622522tt
6225200115
6225183
6225162
622516*/
6225159
6225143
6225123
62251128
62251
6225097
622509
62250596
62250332
6225022525
62250202
6225009
6224tagged
6224sozz
6224jac
622496
6224936
6224919
622490
622489
6224878
622484372
62248011
62247577
6224746
6224702
6224700
62247
6224686
62246713223loyola
6224660a
6224632ck
62246224a
622462079
622460
62245922
6224561
622455
62245356
622453
622452636
6224516
62245044
622448668d
6224458
622443
622442
622441
6224403
622440068
62243bm
622436k
62243371
622433
6224324
622431123128
622427
6224243
622423
6224221
622420
622418
6224168
6224142
6224133
622412
622411224
622410
6224060
6224039
62240311
622402450
62240057
622400
6223rufus
6223kj
6223farah
622399343
62239610
622390
6223897400
622388
6223849
62238325
6223794
622379
6223722
6223698
6223661
622365955
62236552
6223632
6223629
6223624
6223621
622361
622360
622356
622355
6223539
6223534
62235222
62235
6223486
6223485404Q
6223478854
6223469
6223456
6223450
622342873
62234210
6223418
6223400h
62233887
6223371
6223361
6223334
6223305
62232827
622327
622325
6223246
6223236
62232267
6223226
622322
62232132
622319
62231754
6223166
622316
622315
6223145
62231214
622312
6223095
6223061
6223053
6223020
62230013l
6222mm
6222casey
6222972as
6222933
62229
62228969
62228886
6222877
6222853
6222842
622281
622280
62227nana
6222789
622277
6222748
6222739
6222716
6222677
6222662226
6222631067
6222628
62226222
6222602
6222557S
622255
622254
622252
6222505
622250
62224skmho
62224469
6222439
62224119
62223REY
6222391599
6222387
6222370
6222366
6222353433
6222332
62223130
6222293
6222272
62222698
62222405
6222234
6222227m
6222214angie
622221
62221red
6222176
6222151
622215
622213
6222114
62220b
62220870
6222080
622204d
6222038
6222020
622200000
6221zj
6221sh68
6221nanny
6221family
6221am
622199a
6221996megan
622199096
62219852005
6221983
6221975
6221971j
62219599
6221955
62219506
622194
6221931ro
62219220
622191
622190
622189610
622188
62218643968
622185709
6221850ccc
6221847
6221844
622183517
6221832
6221808
62218030
6221784
62217776842
62217691408
6221757
62217199
6221710
6221701
622168
6221671
6221659
622163630g
6221629j
6221623
622160p
6221542
6221537
6221530$$
62215
6221491
62214824
6221478
6221470
622146364
6221450
622144
62214362
62214254
622142
6221403
62213889
62213686221368
622134
622132
62213152
6221303
622129
62212527
62212425
622124
6221232
62212287
6221220
62212109k
6221204
62212
62211993ja
622119
62211891229
6221168
62211336
6221121620
622111jap
6221106
62210a
622109
6221068
622106
62210525
622103382
6221013
6221010
62210050020478
6220se
6220ohelps
6220999
6220992
62209870
622097
622095
622093462
6220914
62208cw
62208892
6220878
6220861
6220853
6220838
6220821
6220807
62207lilt
62207d62389
622079
622077
62207440
622074
6220716
6220703
62206j
622069
622067
622064771
6220643
62206220
6220606
62205s
6220587
622057*
62205618
622055929cena
622054
622052458
622051
622050
622048071
6220472rae
6220464
6220458
6220429
6220418
6220409c
622040
622038924_
6220366
6220361
62203287
62203125
62202ta
62202614
622025me
6220235
6220228
622021raee
622021
62201a
6220189
622017573
62201716
6220145
6220132
6220124
62201225
6220119
622011372940
62201
6220094
62200872
62200832
6220071l
6220056
622004
62200347260070
622002761
6220015
62200087
622-2118
621wcota
621tita
621social
621sears
621sal
621rocks
621plaza
621options
621nas315
621mercy
621martin
621macon
621lop
621log
621kfchdd+
621hyc
621heidyputa666
621frontst
621eds
621d43d1
621books
621birth
621aok
621NrM
621MER
6219yhbw
6219sd
6219ah
62199c
62199882
621998
62199527
621993kk
62199300
62199216685
621991sonny
621989a
6219893
6219845
62198/8
6219762409
6219730
621972
6219716
62196gmo
621969
6219672358
621965
621964
62196272
62196219a
62195l
62195c
6219594
62195625365
621953kp
6219528
62195
62194ek
621948
6219472
62194460
621941
6219402
62193m
6219370
6219366
621935TON
6219348b
6219325
6219299
621928
62192669
6219255
62192320
6219202
62191kk
62191dat
62191a
6219195
621919
6219173333
6219171
62191597
621913
62191
621909
621907
62190655
6219055
621904
6219009
6218covey
6218bff
6218BV
6218996
6218968
6218929
6218917
6218901
62188j
6218850
6218845
621883
6218824egaber
6218815
62187979
621879
6218762187
6218700
62186ag
62186494
621862
6218610
62185j
6218593d
62185821
6218574
621853
6218513
62184A
6218489
62184327
621842
62183mw
6218384
6218380
621836
6218354
6218340
6218303
6218293
6218282
621826831
621826
62182510
6218217
621818
62181668
6218157
6218148
621812
621811
62180703
621806
62180509
6218012
6217va
6217ma
6217girlzz
6217AJAJ
621799
621796131
621792
6217908
621790
62178c
6217888
6217865
621785
62178345
62177605
621771a
62177
6217679
621766
621765
6217612
621760514
621756
621755
621751
6217484
621744766
62174
6217371
6217324
62172shad35
621728kaykay1
6217242
6217201
6217193
6217178
621716
621715
621712
6217104
621710137
621709
621707
621704209
6217021my
6216suni
6216988
621697705
621689
621688baby
62168686
621683
6216794
6216780
6216774
6216758
6216736
6216694
6216665ss
621663
6216619
6216613
6216603
62166
6216578
621656
6216531
6216517
621650
6216493
6216481
621647
621643
6216417
621640571
621638
6216367
6216362
6216332
621633
621632
621629
6216260
62162525
6216246tsw
621621621
6216212
621619
621618
6216153
6216125
6216118
62161
621609
6216064
621605
6216032
6216
6215ss
6215samp
6215ioc
6215cooper
6215ach
62159jec
62159864
6215970
621594
6215939
6215933
62159201a
621589
6215871
621583266
621581
621580
621578vivian
621577j
6215743b
621570
6215687
6215669
6215652
6215640013
621562210
6215619
621560
6215588
621556
6215499
6215475
621544312109
621544
6215431
621542
6215366
621532
621531
621530
621527130
6215269
62152523
6215241
621523669
621522
6215208
62152027
621519
621517ds
6215166
6215155
62151440308011
62151415
6215136
621513
621512]
6215125D
6215113
621510
6215073
621506
62150456
621504
6215011
6215002
6214mokhtar
621499BA
621497385
621494123
6214899
6214883
6214851
6214844
62148231
6214807854818131
62148
62147864
621477
6214745
6214738
621473
6214711
6214697
6214680
6214652
6214638eduardo
6214620
6214611
6214601
6214599
6214590
621457nm
6214557
62145401
621453j
621452
621450
621441342
6214392653t
621438
621435
6214332
621431192
621430
6214288
6214250
6214236
621422967@11781
6214217boboza
621419991
62141973
621418
6214162
6214159k
62141024
62140xm
62140703
621406
62140100
62140028
6213wb
6213olean
6213lm2
6213dq
6213cws
6213999
6213988
621398
621394
62139321313
621392
6213893
621389
621388
6213872
6213843
621383239
6213823
621382
6213812424
62138
6213760
6213710051D
6213693
6213691252
6213672lou
6213656
621363
621361228
621360128
6213593
6213582
621357
621354celia
6213524
621350tlp
6213499
6213480
6213451
6213412
62134
6213387
6213367
62133407
6213321
6213291
621327
6213230mars
6213225
621322
6213212
6213164
621315
62131452
6213136
621312
62131121
6213109
62131010011010
6213078
621303938
6213033
6213026
6213006
621300
6213
6212skyecookson
6212flint
6212@hall
6212976
62129218
6212889
62128754
621286805t
6212859
6212828
621282
621281
6212795
6212756649g
6212730
62127214
6212716a
621269
621266594
621264605j
6212635
6212626
621260jj
6212604
6212599
621256
62125463
6212534
6212527
6212521kev
6212511j
621250
621247
6212458
621244
621242
621241
6212398
621238a
621238415
6212351
62123456
6212340
6212332
6212321_ema_ema
621230
62122v
6212275
621225
621223295
6212220631
6212213
62122066
6212202
62122
6212192
621219
6212188a
6212162121
6212155
6212131
6212120
62121
621209
621207
62120685
6212047
621202126
6212008jk
6212007jt
6212006
6212004
62120000
6212.33
6211te
6211mer
6211iigf
6211court
6211997d
6211994
6211989zw
6211986
6211984
6211982
6211979
6211969
62119559
6211919
6211885
6211860
6211831
6211825
62118126
6211779
6211751j
6211745
621174
6211719
6211706
6211704
6211666
6211660
6211642
6211628354862
6211606
62116
62115913
6211584
621152mse
62114javm
6211481
621146
6211446
62114285
62114
6211394
62113801558009
6211363
62113519
6211336
6211316
621128N
621128
621127
6211252
6211229
62111985
6211190
621118
621115
621113339
621113
6211124
621111
62111
621109
621108
6211068
6211023s
62110202
62110187
62110131
6211006maor
62110
6210words
6210fi
6210DEAR
62109rs
621095
621093
62109078
62108night
6210893150
6210879
6210860
6210845
621082
6210806
6210787
621074
62107091
6210698
6210640a
6210624
621060
6210590s
6210568
6210551
621053cy
621052536
62105213
6210519
6210513
621050
62104lnr
62104848
621045
6210430
6210419
621041
621040
621039
6210386
621036
62103521
621035
621032529
621032
62103072
6210301
62102megan
621027
621026105962
6210251
6210247
6210232
6210218
6210214
62102106
6210193
6210172
621016
6210147
621014
621012e
62101194321
621010347
62100noah
6210080
621005399
6210050
6210040
6210034
62100310
62100236
621002
62100104
621000
621-michael
620wright
620willow
620ville
620tommy
620susquy
620spg
620segundos
620or711
620nikolas
620mylife64
620monkey
620ltb
620letgeti
620lee
620kia
620jus4
620jordan1
620jbl
620golden
620gds
620foxroad
620emh
620dancer
620ash
620SOYCOOL
620Murph
6209wl
6209sll
6209mini
62099518
6209909
6209893
62098796
620986
6209836
620981
620979
620974
6209675
620966092
6209656
620960680
62096
62095mxccz
62095bh
620959
62095660
62095484
620954
620951
6209476
6209462
620943112
62093daga
6209391
6209381
62093529
6209332
6209310
6209243
620924
6209210
620916
62091345
6209108
62090sc
620909
620907944
6209071487yell
620905z
6209051
62090401
620904
6209007
6208dewar
6208c
62089ggnt
620897
6208925
620892
620891
620889
6208847
620882s
6208804
6208789
6208777
6208768
620873art!
6208727
62087
62086robbi
620865
6208618
62085jbme
6208580
62085627
620854036
62085146
620846
6208442
620843
6208420
6208384
620837
62083400
620830
6208291
62082710
6208262ma
6208252
62082308
620822709
620822
620819905
620818purplezebra
62081784
620815
62081310
620810106905
62080ythfr
62080907
620806
620805
62080203
62080001
6207wavel
6207omtjg
6207allen
620797
620791
620785
6207822
62077941
6207755k
620775
6207696
6207664
6207659
6207644
6207638
6207610
620757411
6207556
6207541007081989
6207517
6207506
620748929
620745
620740570
6207319
6207298
6207293
6207288
620726
620722
620721
620720292
620718668
6207171
620714
620712116
620711016189
6207096
6207074
620704
62070286
620701400
620700
6206jake
6206hn
6206989
620698
6206953
62069408
620692336
62069
62068854
620688
620687
62068645d
620682064
620681
620678
6206777
620675940
6206734
62067100
620668
6206665
6206652
6206628
62066206
6206610
6206600
62065706201802
620656313
6206559362
6206552
6206547
620651me
620651
62065
62064988
620647m
620647
6206452
62064210
6206392909
6206378
62063531f
6206335
620630
620629
620625
6206238
620622638
6206213
620620sa
62062024
6206191
620617643
6206161
6206149
62061432
62061048
62061
620608965
620607l
6206066338
6206060
62060476514847as
62060419
62060355
620602ken
6206005
6205sam
6205lp
6205gamalielky
6205dith
6205990
6205959
6205919
6205872017
620586688
620584
62058221
620580
6205785
620576
620574
620571
6205688005500
620568
6205660zlo
6205643
620562
6205599
6205589
6205575
6205557
62055469
62055110319877
620550
6205482
6205455
6205421
6205365
62053449.
6205340
620533
6205327
6205301
620529
6205267
62052410
6205209
6205208
62051se4
62051825
62051795201314
6205168
6205142377
62051217
620512
620511168
62050cewc
6205073916553
620507
620505
620504208
620503784
620502
620501
6205
6204ever
6204dtcm
6204a
6204992
62049825
620496
620491735
620489882
620485905
62048422
6204816armando
620480283
6204767
6204748
620473005
620472745
62047185055062191093
6204698
6204678
62046464
6204587
6204578684
6204571
6204548
62045383
62045237hj
620446
620444509639
6204421656
62044100
620440084
620437
620429510
62042902
620425sd
6204226
6204214m
6204205
620419818
62041822
620416p
6204131
6204101puc
6204088
620405d
6204041
6204020
62040100
620400035726
6203svr
6203bay
6203951
62039311
6203915
62039
620389220
6203868
620382380J
62038139
62038
620376
62037098
620369087
620368*69
620367
620366
62036420
620363
620362
6203593
6203518
6203494
620347
620344579
6203433
620342
6203408
6203402
6203395+yo
620334287
6203329
620332
620331
620330
620329
6203263
6203255
62032455zz
6203239
6203222
6203154
620314
62031230
6203112
620311
6203100075
62030yocel
6203064
6203055
6203038g
620302940831
620301m
6203008
6203.
6202lgd
6202991a
6202956
620294
62029032401
6202896
6202852
620281887
6202766619
6202752
620274
620271
620270
62026s
620268998
62026707
6202668
6202620
6202602
620258976
620257
6202533
6202511413
620250
620247411
6202423
620241909
620240001
62024
6202356
620234d
620233
62023
620229
620228
620227
620221084974
6202201
62022
6202199
620219
6202156
620214
6202124
6202113vac
6202086
6202071972
6202067m
620205398
62020262
620202
6202006
6202000
6201tmb
6201matt
6201lovett
6201kc
6201993jrl
6201991n
6201987hello
62019863
620198
6201975cdb
6201966
6201953
62019357
620191
620190322
62019
6201884
6201877d
620185973
6201829
62018120
62017s
6201781
6201745
6201738
620172l
6201725
620170
620168207
620163j
6201622
6201608
620160
6201591
620157
620156
620155639
620155
620148e
62014789
6201456
62014232
62014123
62014
6201388
620137
6201362
6201350
6201341
6201323
6201318
6201305
620129
620128084
620127001
620125
620123383
6201227
6201206
6201204
6201198
6201168
620116035
620114u
620113nat
620111
62011048
620110
6201083
62010621
6201057
6201051
620104220
620103404945
6201017
6201014
62010051o
6200wt
6200lok
6200fm
6200boyz\\
6200King
6200KNOX1
62009dbhr
62009732
620094
620092
62009193
62009
62008ily
620089
6200880
6200861
620085617
620081t
620081
62008002
6200797j
6200760
620072332
620072
6200713
62006801
6200673
62006590
62006575
6200646ivan
6200625
6200609
62005lifeLove
620057994
6200527608484
6200515
6200500
6200498
6200489
6200460
6200443
6200439
620042
620041
62004024259
620040
62003988
620037
6200350G
620034eva
6200318M
62003
6200285
6200244
620022
620021
62001n
620018nd
6200167
62001540
620013m
620013235lm
6200124
6200123
62001144
620010862
62000camy
6200072062000720
6200054
6200048
62000429
620003
6200014
6200009
620-2342
62/80117
62.bravo.NG
62.591b
62.224223.1fa
62-rugrats-62
62-31
62*304107*1
62*21*02*75
62%urgo
61z5wxxh
61ydnmas
61ya17
61xgig
61wynstay
61wo736
61walesst
61vym55
61v8z051
61unanbun
61ubkhjawlc1r
61u3c7o55
61truck
61toes
61times
61teews16
61tbird
61sweet61
61stronzo
61st.61
61sogup
61skylark
61shooter
61sexy61
61sejkb1026
61saturn
61samirsadam23
61sam0
61sade
61rousham
61rocco
61riverside
61rf72
61ravenscraig
61rain
61r0cky0u84
61queenrd
61q2hhmky
61poole
61pm4917
61pearls
61ortsa
61o9248
61nueve
61nick91
61nengtrxz
61na85
61n07p04s
61murry
61mono
61million
61michele2
61mh90
61matlock
61mass80
61mam98ma
61madrid
61m3xcuban
61lythroad
61love21
61lemons
61lance
61l@n6
61kristen91
61knobCHEESElol
61kiteroa
61killah
61kh852
61k9kasz7r2
61k7hw
61k124
61june80
61jose4
61jesus29
61jazz
61inspectoralucinda
61if53
61hv2t888
61hsur
61homeruns
61hemi
61height
61halldavy
61h5cd
61gizmo61
61gheisa
61gangsta
61fzl1234
61friday
61ford
61falcon
61f0bb
61enderlec61
61elmwood
61eircom.net
61east
61duzxgx
61dornoch
61diesel72
61deters
61daysover
61daniel
61cstiwm
61conv
61cigne
61charlie
61ch3s
61cats
61carole
61cAZsg
61brokeme
61braynet
61boondox
61blossom
61blackpus
61bilfen61
61bellair
61bastardo
61banda
61askim61
61april
61annvale
61amrican
61amaralane
61almond
61aklan
61aedb
61acksh33p
61acKC97
61a61a
61a42m30i41r
61_amormio
61Wh10601
61STNFC8
61SANCARLOS16
61Periton
61Liz9981
61LACKAGH
61IMPALASS
61FLUKE13
61C@nivoK
61BIKERS
61ALYSSA
61A2b3
619yahoo
619xxx
619wwejn
619wolf
619will
619wcpr
619warrior8
619vs619
619vm
619vivaeddie
619vip
619venom
619vanessa
619tuner
619tkd
619tilin
619thump
619therock7
619thang
619templarios
619t2137
619sureno13
619strap
619ssx13
619southeastdAYGO
619soulja
619sobe
619smack
619slam
619sid
619sharim
619sha
619sexyboy
619sdcaw
619scorpion
619san
619sabbath
619rusty
619rulz
619ross
619rockin
619rmj
619richard
619reywwe
619reymastirio.
619reybatista
619reyMISTERIO
619rey$
619rb13
619rax
619rasta
619rap
619randomdude!
619rafa
619rEY
619qwerr
619pugman=
619princessamdrea
619ppp
619polo
619pmackin
619pim.
619pedigree
619payton
619password
619pal8
619ooo
619oms
619oaks
619o619
619nwo
619nufc
619niles316
619ngongotaha@
619ndt9
619naruto2
619nano
619nala
619mysterio619
619mvp
619monster
619mk
619mister
619mhb
619mexico13
619max
619mar
619manchester
619man116
619mami
619mad
619m619
619luvs
619luv!
619lub
619locos
619llama
619lita
619lilbone
619len
619laughter
619lakriz619
619kroad
619kool
619kk
619killer619
619kido
619khim
619keng
619k1030
619jys
619jus
619jrf
619jonas
619jlaynes
619jesswt*
619jeorge
619jbone
619jardi
619j4j4k4
619isinthehouse
619isaaC
619iforget
619iamdabest
619hotty
619home
619hola
619hlr
619hhhdx
619hh
619hellboy
619hbb88
619harry
619hardy
619gurl*
619gunit
619grrl
619gramsgo
619girl
619ghosDADA619
619gfl1991
619gato
619gaby
619g-unit
619fustfu
619fujp
619fu
619froggie
619fran03
619forreal
619ford
619flying
619first
619fevr
619fatgurl
619far
619familia
619f8
619exfashion7
619ers
619ep
619enc
619elpapi
619eli
619eg619
619eddie
619dxs
619dx619
619dude
619dsr13
619drop
619draco619
619djxwesart
619dizzy
619dillo
619diegito
619deadmandx
619ddp
619dave
619customz
619connecting
619coast
619city
619chula
619chivas
619chekolin619
619champ
619cdm
619cartman
619car
619caliboi
619cal
619bud
619brat
619boyz
619boss
619booyaka
619boi
619bnm
619blue
619betty
619beti
619beezy
619batistacena
619bambam
619baldy619;/
619babyg
619az619angelina
619atlas
619ap4gb23ms
619andre
619anahia
619alanasmom
619ac123
619aaa
619```h20
619_rko_50
619_misterio
619_boi
619_69
619UWK
619UC
619Time
619Sandiego
619SDD
619RYDER
619ROSEART106
619RAYRAY
619RASTA
619PIMP
619OSVER
619NtsYR
619NGONGOTAHA@
619MONTANAFUK
619MISTERIO
619LIL
619Kool
619K22jb
619JUAN
619JAC
619HHH
619HALLA
619GIRL
619Dream
619DUB
619Carolina
619CHOLA
619CARLO
619BELLA
619Andre
619@love
6199slf
6199lisa6199
6199gaucho
6199995
61999734
61999598
619993a
6199915
619991
619989
619987235
61998681
6199855
619982
619981523.
619978
6199739
6199721519
61996tad
61996a
619969
619966k
61996229392050
61996
61995leo
6199584
619954201
6199508
619948
6199460034
619943244999724
6199423b
61994141
619941
61993T
619937954
619937
6199355
6199342954
61993171
61992s
6199294
619926744753214563.
61992566214
61992561
61992525658
6199250529
6199241
619922
61992114
61991zs
61991jr.
61991N
619919
619918955116272
6199178
61991709
619916a
6199169
619916619916
61991624685
619916123321
619914
6199131997
619912
619910@qqq
61990917
619908
619906
619902a
6199015
6199003
6198sd
6198l8682
6198IOWA
61989erica
6198978
619894
6198909
6198899123
6198869
61988550824
6198832255
619882
61987sam
6198765
619875339-+484776-+
619874
61986e
619867ja
6198661
6198637
61985g
6198587
619856
619855
619853
619852
6198515
61984bday
61984823
6198481
61984748c+
6198433
619843
619841
6198407anny
6198387
619835
61983131
6198262
61982567
619824
6198232l
6198216
6198200777
61982
61981ora
61981809909
6198167
619814212725
6198128
61981121780
61981
619807
61980147
619800ca
619800
6197stc
6197gba
61979812345
61979619
61979217
61978797879
61978693
6197865
61978543210
619784
6197819
619781
619777LAA
61977688
6197746
6197710
61976197j
6197613
619760
619756
6197534
61975110712
619750
619749
619745
6197435802
61974
619739
619733
619730266jph
6197294450
619726j
6197257
6197248
619723
6197209696
61971ae6
6197197
61971800
61971712
619716
619714
619713121
619712
6197113*908
6197110321
6197088
619707
619705
619702
61970160
6197
6196lt
6196kmrb
6196BIE
619697
6196964
6196954
6196943
619693
6196916
619691435316
6196876
61968548
6196841
619681352
61967948
619677
6196750
6196741
619669
6196669951
6196666471
619666333
6196658
619662825
619662017
6196615
6196612
6196601982
6196563
6196519
61964rick
619648
61964334
6196363
619633kk7
6196288274
619626
619625
619624
6196207
61961g
619619rm
619619r
619619ms$HARKAWI
619619k
619619jb
619619i
619619e
619619d
619619M
61961988
61961972
619619619619619
6196195
6196192308
6196192002
61961913
61961912
619619007
619619*
619619!B
6196185
61961619
6196148
619614
619613188
619612
619610123
61960967635
6196081
619605
6196034
619603
61960000
6195tiana6195
6195sds9
6195kpml
6195dolla
6195cs
6195agb
6195<R
6195998
619597
6195929
619587
619586
6195837
6195821
619582
619578146a
619577cc
6195752897
6195738391
6195725x
619569
6195667
619562
61956150
6195594
619558
619556
619554
6195524
61955112
6195510
61954hbk
6195490
61954783215
619545
6195436q
6195432
619543
6195423w
6195421
6195419
61954
619539225
6195372840
619536
6195345hlp
6195318
61953
619529
6195254
6195204
61951sam
619519
6195182
6195168
6195151985
6195140
6195138
619512
6195108
619510
61950cent
619509104n
619508
619506700
6195049
619502340460
6195010
61950
6194tim
6194eva
6194away
6194SS
6194999
619499
619496
619490
619489728gl
6194880
619487216
6194868
61948422
619482568
619482
6194796553
6194761
6194743
61947
6194679
61945a
6194578230
6194576a
619457
61945630
6194548
61945123
619451
6194501
619447619447
61944561
619444
61943996m
619438
6194367
6194344
6194312
61943
6194284
61942770
6194256
61942463
619424
619423
619420ea
61942066
619419
61941844
6194156235
61941436
6194128
61941
619407m
61940466664
619403
619400
6193frog
6193d
6193971
6193906
619386148
6193812
6193742449
6193728
61937
6193691
619367
619364759
619361
619360690.
61936
619357
6193561
6193555
619352
619350
619345049
6193430
6193426564
61934
619339n
6193361
6193351
6193343c
6193329h
6193322
619328
61932599920
6193229
6193214619
6193200
61932
6193193
619318d
619317
619316n
619316i
619316605
61931622
6193161
61931500
619314
6193128
6193123
6193101997
61931
6193092
619306686m2
61930543
619305
619301
61930
6192th
6192kb
6192gym.
6192dave
6192chas
619299
6192924
61928x_wwe
6192899
61928863
6192878356
6192846371
61928449
6192766170
6192742198
619273
6192714666
61927050
61926_mzb
6192687
6192664
619265370
619262958
6192624121
61926230
61926192
61926112
619260360
6192593
6192578
6192545
619253417260010
619251716
6192511
6192500298
61925
619247000
6192468
619245382
619245
6192421
61924123t
619241
619240
6192361273
619235
6192337
6192332717
6192327
61923107
61923
61922886
619226c
619226
61922525
619223o
6192232
619222
6192215
61921co
6192189
619217213
6192163
619214sdc
61921456
61921414
619213I
6192123324
61921157472583
61921000
61921
61920777
619206
61920277E
6192022
6192015
6192006rey
619200292
61920
6191tiff
6191sd
6191h
6191A000
6191997
6191994a
619199313ns
6191991b
6191985
6191983s
61919812
6191980
6191978t
6191968
6191964c
6191952e
619194
619192303
619191
61919
6191891
6191881
619185698
619181123j
6191810
61918096
619179
61917602
6191746p
61917
619168
619164
6191636402586
61916191
6191613716
619161
619160
6191598
6191574
61915616
619155
619154
61915095
6191497
619148348
619147
6191457
619145
61914378
6191415
619140a
61913ss
61913a
61913628
61913457456214K
6191338
619132456789
619131984j
61912995
6191291
6191284
61912612
6191258
619123a
619123619
619123456789
61912314
6191226sb
6191223d
6191220
619121093
6191200
6191186h
619116
619114311
619114
6191134258526969
619112635
6191105
61911
619107
619102698
619102
6191019
6191016
61910131808
61910003
6190sub
6190ja
6190alex
6190993
6190981050
619096915
619091646
619090
6190893C
61908864
61908772131
619085
619082n
619080017521
61907ile
6190775
619075
619071
619070
6190661
6190658
6190617
61906
619059
619058183
61905781
619056975722
619055
6190513
61904nc
6190496
619047
6190455
619045
619044051
619042
61903r
61903bjw
6190371
6190335
6190321
619031749
6190279
6190272
6190231
619021087
61901l
6190187
61901678
6190122
61901126
6190104
61900a
61900717a
61900573
6190024
619001
6190000
619/328
619.morocco
619.RKO
619.184
619-player
619-420
619+619+619
619*mysterio
619!!!
619 39
618wym
618w74th
618venus
618town
618tag
618solo69
618shorty
618ricky5033
618photo
618n6532
618mymom
618morro
618joelyz
618j82
618hickory
618goon
618gangster
618ever
618dawn
618colusa
618chef
618candle
618bowwow
618bbtu
618amesti
618_625_690_605
618WEI.
618NMain
618HUT
6189star
6189ct
61899m
6189946
61898tk
61898204
618981
61897s
618978
618972994
618972216
61897020
618968
6189646
6189631
618961
61895mok
61895857
61895764
6189555
6189540
618951A
6189480
618946cat
618943047
6189419
61893junebaby
6189342
61893335
61893289
61893212
61893025
61892jumag
61892dorion
61892ciasi
6189292
6189266
6189246
618923815
6189224
61892143
61892076
6189204
6189202
61891g
61891ag
618919
6189178
61891472
6189144
618912
6189104
61890kmh
6189099
618908804
61890787
61890577
618902
618901
618900241
618900
6188usmc
6188na
61889914
618896443
618894723lou
6188929
6188887
618886
61888488
6188834flor
61888228
61887c
6188794
618878rob
6188782
618876
618874a
618874
6188735
618871056
61886667
618865
618864
6188621
618861kl
61885val
61885kb
61885980
61885885
618856580
618855956
618854
61885015
61884rox
61884V
61884659
618845
61884488
618844
61884218
618842
61883tyler
61883820
6188362
618835
61883429475
6188327235bmw
6188307
618829
618828
618826845
6188262782
61882494
61882224
618822
618820
6188183
61881721
618814
618812
618811
618808
6188068
61880577
6188031
6188007
6187oana
6187ann
6187929
618792
61879
618789
6187867ozgur
61878426
618781
618773261
61877
61876793
61876478
618759kids
6187552kiss
618753
618751
61875
61874385
61874046
61873485
61873297
61873155
618730A
618730
618729407
61872793
61872361
618722340
61872042
618718
6187167
618714827
618714177
618713
618711
61870939
6187057
618704vm
61870432
61870393
6187027a
61870022059
6187001
6186SHER
61869904
61869848
61869693
61869348
618692
618681
61867863
6186773
61867317
6186692932
61866812
6186670aa
618666titikan
61866235
61866010
618658
6186573
618656
6186542443
61865113kg
618649
618643e
61863280
61863279
618630
61862974
6186285
6186262
61862537
61862061
618620
618619j
61861734
618615
61861109
6186102
61860813
618602low
61860120
6185re
6185EFOU
618599
61859368
61859253
6185912222222
61858bcb
618589633
61858869
61858635a
618585
6185827
61858041
61857621
61857235
6185704
618569a
6185655
618564
6185615
6185593269
618558
6185565123
61855621
61855562523
618554
6185520
61854ever
618548426
618548110534
6185465aaa
61854425
618543m
6185426
61854162
6185363
61853448
618531lbc
618530
6185293
6185256
618523419
6185190
618517413
618513
618508
61850514
6185007
6185000
6184su
6184rat
6184clh
6184bread
618495162
6184936
6184899
6184883
618487610
61848589
6184845
61848
618477pfg
618475
618474
618469594557
61846184
6184562mf
6184528
61845
6184483
6184461723cd
61844270
6184420
618438
618435381536
618432918
61843102
61843
6184285737
61842642
6184263
6184241
618422651
618421
618418
618417
6184163
6184148
618414
6184110
618409800
618407
6184036
618403
61840169
618400
6183june
6183GA
6183972621x
6183966nunook
618394
618392121
618388478
618386
618384
618380
618377
6183761m
618374
61837123
61836950428
618367320
618365621
6183641
618362750
61836119
6183569
618353
618350
6183461515346
618341694
61834
6183360
6183328
618331
61832ej
618328
618325838
618324a
618321123
6183204
6183187
618317
618314
6183123
61831150
6183104
6183086
6183022t
61830
6182pet
6182hotchick
6182ab
6182982694
618295
6182929
6182905
6182896
618287850
6182864
618285d
6182829
6182806
6182795
61827675
6182728
618272
6182715
61826937
618268412
6182666
61826381
61826183m
6182546825
6182533
6182523
6182499
6182486
618247r
6182468
618243395
6182407
61823732
618234659
618233
6182314
618228146mh
6182278
61822733
6182264a
618225a
61822540
61822223
6182210
61822001
61821815
61821311
61821043
618210
6182092n
6182083
618207
618205gse
6182054
618204415
618203lkhm
61820234
6182007b
6182004
6182002
6181me
6181eda
6181alphaa
6181995m
6181995
6181994
6181991hd
618199
6181983
6181977
6181973
6181971
6181959
618194
618191
6181903p
61819
6181899d
618186
618184080tkk
61818228
6181818
618181
618179j
6181773
618170023
6181694
6181664
618165h
61816563
6181615
618160365
6181583
618157
6181569
6181542
618153
618151
61815
618144tina
618143
618142
618140332
6181394
61813847
618137379
6181335
6181328242
6181320
6181305
618129805
61812837
6181256*lenyn
6181229
61812183
6181213
6181208
61812001
61812
618119
618117
6181163
6181153
618113
618111
618109155
618107
6181050
61810238
61810122536
61810037
6181
6180lassie
6180ghost
6180five
6180999
618097098
618093922
618091
61808723
618082lj
6180812
61807jsd
61807cj
61807919
618075
6180720
61807
61806732
6180634
61805m
61805AMJ
618059370
618057
6180565
61805344
618053236
618053
61805240
61804grant
61804888
6180474
61804540
618043
618042
61804037
61803lsg
6180371
61803524
61803374757677
618033488
618031156
6180303
61802998
618026
61802481
6180212
618020
618017
6180156
618013
618011
6180103
6180102
618009
6180085
618007
618005
6180046id
618003
61800136
618001
6180
618-9262
618-4596
617tyx
617skidophone
617rocks
617password06
617mozart
617miguel
617luv
617live
617jojo
617jja
617hustler
617hotboy
617holla
617george
617fuschia
617djs777
617dede
617dabean
617chula
617callme
617brick
617boyz
617blue
617bet
617ath
617ash
617aminah
617a981c92
617Redopal
617Bos2Phx
617BITCH
6179ptng
6179dp
6179at
617998
6179950
6179933
6179917
617990283
61798984
617986
61798383
617983
61798
617979
6179778796
6179765
617972
6179707426
6179702014
61796194
61796173
617961
617957434
617954
61794bdg
6179473
6179425
6179415
6179397
6179382246
6179377
617932647
61793028
617928
6179275
61792640
6179248
617921971a
61792029
617919671
617914
617912
617910a
617909
6179048
61790428
61790382
617902
617901
6178kd
6178989194219408
6178961789
6178912287
61788mo
61788aes
6178889693
6178877
617887
61788474
617882
617881
61787heath
6178754
617872454
6178720021
6178716
617869956ml
6178684
6178681
617866
617864
617863
6178612024
61785638
6178518174
6178511
61784am
617849190lokis
617847392
617841041586
617840
6178377
6178355a
6178335848
6178304i
61782a
617828
61782600
6178252
61782388
6178236
617823
617821322p
61782
6178197
617818
617817637
6178168379
617815
61781
6178043
617802937
617800668
6177stone
6177rain
6177jr
6177flow
6177994
617797
61779430
617791
61779
617786
617785
617781207
617780
617778
6177753
617773
6177702
61776944
6177672
61776599
617763579
61776128
6177610
6177604440
617759
61775508
6177510RzaR
6177505
617746
617739254
6177376
6177343
6177323
617731
61772535
61772319
617721
6177200
61771992
6177174329
61771548
6177146
617714
617712
617711373
6177091
6177042099
61770182
6177004
6176zoe
6176pedro
6176970
617696
617695
617692
61769.a
6176886
617687
6176807278
617680188
617677
61767615865613
61767
6176696
6176691588
617668
617665743
6176642
617661766176777
6176614339
617660
61765962
617656
61765243
61764i
617649
6176455394
6176442
617643730
6176427910
61764041
6176394
6176358h
6176345
6176312
6176295
61762828
617625
6176232
61761jers
617618
617617863
617617617
6176168
617615
617612
6176117
6176100
617607
6176068
617604
61760126
61760
6175V1
617595
6175914Y
6175901
61758688
6175868
617584400
6175792
6175776
6175761
61757534
617574l
6175731
617570
617568
6175675026
6175667
6175663
6175642
617561
61755wsh911
6175563
6175531
617549
617546
6175431
617541rl
6175414587
617535412
61753339
617532657
617530
617524140
61752211817
6175217
617520
61751941
6175159
6175157219
6175131010
6175089
617505
6175045170
617503864
6175025
617501336
617500
6174ta
6174rp
6174brayan
6174987
6174932
6174885
6174877
617484
61748041
61747978
6174787109
61747822
617473
6174720813
61747181ks
6174641482
617461
6174589912
617451
617450
6174478668
61744603104219
617443
61744163
6174412758
61743889
6174382071
6174366047
617433
6174317
6174297190
6174271195
61742553
617425
617424
61742345
617422426
617421951
61742
617417
6174134444
61741256
6174118
6174102
6174094
61740622
6174050
6174 m4n1z
6173gloria8334wan
6173S1226
6173974
617397
617394
6173911
6173902
617389
617388
61738596
617382359
6173818917
6173810
6173808
61737520
6173740..e
617373
617371
617367
617366
617365
6173642259
6173635i
617363247j
6173593614
61735319
617349568
617343
6173421
617340
617336491
6173338
6173332
61733
6173287817
617327
61732581
617323
6173211
6173204
6173195ann
617313
6173110201
61730rafaela
61730995
6173081
6173074
6173053
6173038
61730256
61730166
6173007
6172wnu
6172my
6172brisa
6172981759
617296t
617296
61729348
6172919
61729
6172890
6172881067
617287
6172862
617286
617283J
61728394
617283
6172827044
6172815623
61727rocks
6172790
6172769
6172730
617272
6172715
6172701990
6172699
617269
6172664
617264524
6172608
61725971
617259
6172565
6172538
6172528
617251
6172469
617244
617243
6172407
61724009
617239524
6172384531
617238
617236617
6172355kc
617234
6172326476
6172324
6172312big
6172306368
61722tc
617227
6172234
617221814
61722047
6172193
617219146
617217457
6172163
6172130
617212
617209409
6172077
617204
61720202
6172008
6172006
6172004Tre
6172000sr
6171rh
6171kp
6171dca
6171ca
61719998
6171994
61719912008love1
6171986m
6171984
6171979
6171977
6171969
6171954
6171950
617193772_fiore
617193
6171896
617186
61718191
61718141991
617180008
61718
6171790
6171766kj
6171759
61717167
617171
6171695
6171682
617165576
617163947
6171580
6171575
617155571
6171531
6171503
617149
6171471
6171453
6171435254
617143
6171425
6171422
6171407
617140
617139222
617138
6171317
617131+17hermoxa
61713040
617129
6171272
617126
617124910
6171242k
61712212
6171216
617120
617119
617116
617112205
617111
61710vika
61710952
617108813
6171049
61710321
6171026
6171010
6170t302
6170lm
6170cj
617096744
617096
6170945
617092ap
61708k
617086
6170819
6170800
617076
617071
6170665
617064880
617061796
6170617
617061
61705GEO
61705911a
6170557
617053195D
6170518
617050781
61704boo
6170481
617045
61703rudy
617036601540
6170337
6170333
61703
61702991
6170259
617025207
6170228
61702136a
6170204
617019
6170147
61701437
6170121583tor
61701212
617011123n
6170108
61700919
6170069
6170038
61700026
6170000
6170
617.0613
617
616werwer
616turtle
616superman
616shardy
616scarlet
616regina
616pia
616nassaubay9624
616msm
616mlb
616marley
616mac
616love
616laura616
616kee
616jl73
616javiyjuli
616him616
616helme
616forever
616daphnenjaesen
616curryerr
616codie
616cardinal
616bug62
616bff
616adm
616PGL
616MIKE
616B697265
6169narciso
6169ark
61699md5
61699963
6169986
6169963
616993hps
6169916
616991
616990
616988
616985
616981931.732
6169794685
6169792
616976
6169719
61696p
61696jul
6169698
6169684
6169629
616962
6169610
6169596
61695408
616953161260
616951
6169435
6169427
61694137
616940
61693dbz
61693801
616936
6169328
61692girl
616929
616923
6169210
61692003
616918
6169147
6169133
616912c
61690elizabeth
61690a
616909
6169076
616903
61690000s
616900
6168ng5952cw
6168gwh3
6168blbl
61689s
61689hdo
616898799
6168961
616895268
61689448
6168939150
616892005
6168918
6168900
61688992
616889
616884427
6168812
61687jess
616876
6168744
61687335
6168724
616871926
61686puff
6168676
61686674
61686466
61686323
6168628
6168613
6168590
616856mencha
616851803
6168501
616847
616843a
6168429
616841
6168382
616837
6168351
616831
61682livestrong
6168273
616825
61682281
6168209
616817
616813848l
6168125
6168095va
61680880
616807
616806
616803
6168023
61680000
6167sl
6167over
6167mar1297
6167dc
6167981
616794
6167923
6167911
61678jon
616789
616783
6167813
61678026242
61678
6167780
616774cw
6167719
616770
616767
6167640
6167622
616762
61676167l
616760
616759
6167566
61675236
616748
6167458
616741025
616738
6167353
616734
6167316
616730939
6167307
61673
6167276
6167265
616725
6167244
6167234
6167214
616720589
616719661
616718
61671637
616715851
616713812
6167093w
616707
61670425748331
616703103
616701
6166tlc
6166lr
6166ggg2112
61669wmd
616698
6166963
6166956
616695
616694407
61669298
616690
616689
6166875
616686
6166827
6166823
616681612
6166804
6166789
61667658384209
6166754
61667150
6166704
6166660
6166624
6166610
616658956
6166580
61665601
6166556
6166542
616654
6166527
61664KCM
61664895
6166461
616645819
6166446
6166441
6166382
6166366
6166351
616633
616630817444714
6166298
616628j
6166258
616624
6166219.
616621506f
616619111
6166171173
616616m
616616616
6166160
616612
6166095
6166061
6166029
6166003
6165wps
6165ccl
616599
61659704
6165953
61659093
616590314
616589
61658890
6165860
6165858
6165824
61658060
6165800
6165775
616577
616574319
61657334
616571328
6165696
6165677p
6165666
6165659
6165650
6165645
6165634
6165620
6165607
6165559
616554993
616553
6165514
6165508
6165506
6165477
616545125
616542184
61654209bex
6165412
616536
6165332
6165306
6165287
616528
6165269
61652590848
616525087t
6165249
6165232
616521907bb01027
616521
6165204
6165178839I
616515
6165139
6165130
6165113
61650b
616508292
616508
6165079
616506199908
6165047
6165030
6165011
616500
6164krs
6164977
616497
6164929
616491
616488
6164859
6164849
6164830
61647s
6164781_aysun
6164760
6164718
6164692@
61646826
616467139
6164640
61646164
616458ms
616456
6164548
616452
6164513
6164507
616449
6164430
6164421
616440
6164378
616436
6164310
616427008397
616423
61642240
6164209
616418
616416y
6164157
616413ap
616407
6164057
6164052
616402
616401
6164
6163o49
6163iluvld
6163bakelly
616399
6163965
616395
616394
6163929
6163911
616390600
6163883
6163861
6163828
61638192
6163781
6163771
6163736
6163722
61637
616367
6163661nn
616364girl
616363978
616362c
616362369
61636141
616361
6163600
61636*
616357
6163552
6163536
6163490
6163478
6163466
6163397
6163382
616336598
6163355
6163331518
616333
6163300bachata
616329
616328
616326
6163254
616323822puma
61631992
6163186
6163154
6163138
6163130
616312
616310
6163085957
6163076
616307287
6163070
616305
61630367
6163021m
6163015
6163012
6163-1250
6162neff
6162gonk
6162bb
616297
6162952s
6162947
6162930
616291
616290895
6162900
6162858
616284
616283604k
61628272191130
61628212
6162806
61627993
616277
616275
61627172721
6162683
6162677
6162660
616263m
616263644413
61626290
6162616
6162589
616257
6162561
616255
6162538
6162532
6162523
6162516
616251
616250
61624KMS
6162455
616244mysp
616243752
6162424
6162415
616240080
616239
6162383
6162378
6162371
616235987
616231790582436
6162308
61623030
616229
6162265088
616225375
61622507
616224
6162237730
6162227
61622104
616221
61622009
616219
61621784
61621616
616215
616214
6162126l
616211123
6162088
6162077
6162058
6162045
61620298160
61620128
6162000
6161xx
6161matt
6161kita
6161cosmo
6161ab
6161998
6161993t
616199
6161987v
6161983a
6161982
6161979
6161975
6161967
6161942
6161923m
6161916
616190ao
616190
61618au4au4
6161891
6161877864
616184747
61618335
616182848784FMLY
61618146
616179
616177
616175
616173474
6161707
616170
6161697
6161689
616168
6161677
6161661
616164
616163497
616163
616161616
616160007
6161598
6161579
6161556
6161539
6161528
6161517
61615
616146567
616145413
616143696
6161407
61614
6161383
6161370
616135149
6161337
6161327
616132
6161300
6161295
6161281
616126
616124230
616124
6161231
616123
6161229
616122001
61612155
616121
616120
616119
6161180
616114c
6161131110
6161127jn
6161124
6161115
6161085112
616107
616105gxy
6161034
6161022
6161011
61610061
6161002
6160fn
6160d
6160adam
6160967
616093898
616090
61608jim
6160880
61608691
6160842
616082951
616081qt_pie
61607so
616079
616077534k
616073344
616071
6160700
6160692
616064671nas
6160631
6160620
616061561
6160585
616056lol
616055490
616053
616052
6160516
61605132
61604e
616048716**
61604332692
61604061
6160341
6160313
6160308
6160286
616028
616027
616025
6160229k
616021
6160199
61601678
616015
61601328
616011s
6160105
61600m
616007b
6160076
616007
6160040
6160014
6160010
616-9360k
616*dSf
615yordany609
615west186apt3l
615ville85
615tigers
615ryan
615prepa7
615panthers
615nigha
615michiga
615mex
615mdrlum3898
615manchester
615lmm
615lehua
615ktm65
615kham
615junet
615jorge
615hoodboy
615gangsta
615fremont
615flame
615easthenryst
615dmf
615diva
615curry
615comedy
615boyz
615bkpj
615aw
615abi
615_junepig
615Thabo
6159pc
6159klm
6159ND
615997
6159915
61599043
6159900
61598982
6159869
615984
615982
61598
61597888
6159738
6159714
61596AH
615969
615964
61596159
6159547
6159516lp
61595
61594T
6159459
6159417
61593kam
6159375
6159364
61593523931123
615932
61593033
61592g
61592920
6159286
6159231
61591mcm
615916
615913950
61591242
61591225
61591
61590jet
61590810
615902
615900
6158vernor
61589rudy
615899
6158946
615894
6158903
61588tom
61588AMY
6158879
6158868492
6158843480
615883
61587cs
61587a
6158747
6158722
615870
61586l
6158696
6158622
61585837
61585616
615851
615845
6158426
6158413147
6158383
6158358
6158335
615830
6158284plsr
6158215
61581AAK
615816
6158135
615813
6158091
6158082
615807
6158020231
615801a
61580
6157snat
6157kalei
6157carroll
6157996
615798kurt
6157945
615792tm
615792
6157898
615787
6157812
615778
615777
61577516
61576cs
6157676
615761
615758A
6157577
6157575
615752874
615751
615750
61574586
615744
61574268
6157410
615739
615737
6157351
61573350
61573127
615727918
6157269397J
615725513
615723668
615722093
615721660f
61572058
61572000
6157197
61571304
615709
6157081
6157022
61570124
6157001
61570
6156mta44
6156clara
6156FASA4
615698
6156972
6156969
615695
6156948
615693
61569262
6156921
6156915
615690123
615687
6156856
6156816
61568
6156785
6156779
61567720
6156755
615673
6156701
61566900
6156676
61566610
615666
61566536s
6156645
6156638
61566159
61565945
61565601
6156545
615652218
6156512
615648
615646
61564454
61564279
6156422
6156413
6156404
6156399
61563898
6156373
6156362
615634031ad3
6156301
6156251525
61562170
615620
6156191
61561687
6156156a
6156156
6156152827
6156143
61561379
615612
615610
615609510085357
615605
6156029
615601
615600
6155poring
6155996
615598
6155946a
61559154
61559031
615588g
61558786
6155858
6155823819
615581
61558044
61557429
6155720
615571
6155701
61556961
61556621
61556292
61556155
615561315
61555952
61555779
615556
61555420
6155540
615551
61555032
6155477
615545
6155415
6155406
615540
6155382
6155339
615531S
615531
6155294
615525elmo
6155229637
615522
61552110
615516
6155148
61551153
615510
6155037
615503
615500226j
61550
6154life
61549a
6154986
615498
615497
6154955
615494
615488
6154854303
615482737
61548196
6154813
61547th
6154754
6154748568
6154741543
6154722
61547108
6154674770596
61546330
615461
615460
6154580
6154550
615453
6154510
615449
615446
615444
615443138
6154426
6154415
6154398
6154382
6154364
6154342
6154321
6154309
615430
615429090
6154283
6154277
6154266
615425
615421970
6154213.0
6154187c
615417
61541589
61541565
615413559
6154120
61541149
61540k
61540798que
6154073
6154059
6154025
6154017
615400972
615400
6153Just1ncas3
615397k
6153978
615396
6153931
61539066
6153889
6153885
6153849
615381
61538051
6153772
615374096481
61537303
6153723b
6153702
615369
615366
615365
6153644
6153633
6153615
615360
6153553
6153535
6153511
61534857
61534747
615345
615342877
615341
6153340d
615333
6153312661
6153300
615328
6153267
6153265
6153248
6153235
615321
61532
61531823
6153156
61531359
61531231864531
61531136
6153113
6153095
6153066
6153028
6152main
6152eliz
6152axsxh1996*
6152Rad
615297699
615294
615293
61529151
615286
6152811
615280
615278
6152763adr093
6152742
6152739
6152708
6152685
615265
615263445s
6152629
61526130
6152584
61525619
6152550
6152526
615251986
61525
61524955
61524942
615244
615243t
615243AB
6152437
61524.
615239
615238
61523204
6152268
615225011
6152247
6152237
61522252
6152213
615221
61522
6152169484123456
6152153
6152123
61521090
615208
6152034
61520213
6152006
6152000
6152
6151tk
6151am33
6151999
6151996jo
6151993d
6151991m
6151987
6151981
6151979
6151971
6151959
615195759
61519510
6151946nm
6151937
6151918m
61518745
61518420
615183
615181
61517919
615176492
615172
6151718
615169
6151674
615163451
61516207
61516128
61516078
61515z
6151587
615158199
615154220
61515409
615151
615149
615145770583064
61514517
615144
6151415
61514
6151387
6151361
6151336
61513351
61513101
61512993
6151277
6151273
61512508
615124488
61512338
615122527
6151208
6151192
615117
615115
615112991129
615112011712291
6151116
6151113
61510aa
615105516
615104
6151020-6699
6151005
61510
6150ca
6150956
6150928a
6150909
6150896318597
615088
615084d
6150822
6150807
61507rc
6150787
61507783
615077
6150732
6150710
61506j
615069
615067
615066
615062
615061506150
61506096
615060273
61505dominickwesley
615058907*chachi
615054635
6150544
6150540
6150511
61505004
61505
6150491
615048
6150477
615042
61504153
61504079
61504003
615039
615036
6150354
61503113
61503018
6150257
615023549666
61502237
615021
61502034
61501673
615015
6150141
615013541019ll
615011
615010090
615008
615006b
615005
615004
6150036
615003
6150024
6150010
615/21
615-329-2033
615 madison
614trini
614stzec
614savy
614s25y
614rhc623
614red
614pmp
614ntcc
614np132alcaldee
614nc4r70
614mp089
614ladeda
614kil
614jam
614gurl
614girl88
614eca
614coby
614citrus
614burt
614brown
614boyz
614boi
614bebe
614anicole
614alejandro
614a740
614Kaiwhaki
614JNC
614CRIP
614BOY
614BABYBOO
6149ily
6149a84
6149994
61499838
61499638
61499460
61499124
614988
614987
614985
614982
61498
61497801
614974
61497277364731
614970
61496mc
61496be
6149680
614964889
61496149txiki
614961
61495m
61495k.c.
61495831
6149533
6149526
6149513
6149509
614950
6149497
6149452
614942
61494
61493n
6149353
614934
6149327
6149312
61492j
61492bn
614926
6149235
614922
61491klz
6149199
6149188
614918
61491687
614912
6149100sa
61490marie
61490anf
614908
61490537
6149051esg
614903
6149012
6148va
6148namk
6148md
6148bjs
61489dc
6148998
6148980
61489613
614896
6148912
61488yl
6148899
6148883
614882
61487x
6148796587
6148783
6148771t
614874
614872
61486life
6148663
6148618
6148596
6148558
614851pnx
6148491
6148440
614843
614842
614841258bk
614838
6148367
6148337
614829
6148225
61482124
614820
6148177
6148161
614813
6148117
61481117
61480ds
6148078
6148069300
6148035
6148
6147shmoab
6147bi
6147977
614791
614790
6147879
6147828r
614780359
61477ac
614777
6147747
61477350
6147705
6147670
614764
61475878325847
61475393
6147525
61475117101983
6147503
614748466
6147419000
61473c
6147385
614733ro
614731
61473
614728720
6147267
614726
614720
6147122016
61471
6147097
61470900510
61470733
614707
6147038
61470166
614700
6147
6146ms
6146andrews
6146986
61469408
614694
61469111
614691
614687
614683
6146825
6146793
6146752
614674
6146702
614666g
614666
61466146mgs
6146574
614655
6146471
614646M
61464639
6146457
61464123
614640
6146358
614629
6146265
6146254
614625
6146231
614620
6146180
61461628
61461420614249
6146140
614613
6146112
6146104
614610
6146053
614603060793
61460285
6146022
6146005
61460
6145deejaiblue
6145a7x
61459111
614589
6145829j
6145783
61457444PHIL
614572
614566027
614565
6145641
614564
61455n
6145555
61455529799
6145543
61455206024171
61455176
61455
614545256
6145434
6145400
6145382
61453681000
6145359
61453428241494v
614533
614532
614529387q
6145274
6145231
614522l
61452071
6145174207
614516
614513614513
6145085
614507
614506
6145044
614502
6145003989
6144rh
6144dan
6144FDC2
614496
61449525219
61449178
6144880
6144874
61448669
6144848
6144835
6144787965
6144766
6144740
6144705
614468
6144639
6144621
61446
614458
6144575
6144548
6144511
61445
6144490
6144455035
6144448
614443
61444146
6144411
6144397262
6144380
6144376
6144321
614430884
614427314
614425
6144239
6144236
6144210s
6144196
6144191
614418
614416614
6144153
614414b
614414
6144134
6144129
614411
6144075
6144033
614402
614401
6143999
6143982
6143945
614390sd
61438674
614384615
6143834
6143767924angie
614375
6143694
6143651165
61436232
614360116j
6143577
6143536
6143526
61435209476850
614350
6143469
6143457s
61434537s
6143444775
61434101am
614336az
6143357
61433431
6143320zuly
614330
6143278
6143258
6143253126mai
6143243937
6143234
61432029
61432
6143182
6143148
614312
6143102
6143082
6143074
614307
61430581
6143043
614304
6143031
6143026
6143020
61430000
6142seguro
6142rojas
6142joe
6142996
6142949
614292si
6142919
6142900lol
614289
6142858asi
6142851j
614284
61428232
614280
6142799
614278
614277
61427511
6142731
6142697
614267776
614266
6142632200
614262
6142582cf
614257896
6142547029
614250
614247j
614245810
6142454pichocha
61423939
614237
614235
614233i
6142316
614231
6142300
6142264
6142249
614223116020
61422262
61422221
614220
61421994
6142140590
6142136
614211
6142106
6142068a
6142033
6142013
6142006rp
6142005
6141tz
6141nrr
6141elote
6141998
6141994
614199315
61419853
6141981es
6141975
6141969
6141962
6141911
6141903286
614190
614188
61418504
6141846434
6141839
6141825597
6141792
614178
6141769
6141735849
6141696
614164
6141601
6141576
6141551656
6141544390cookie
6141511
61415
61414644
6141442
6141437142509
6141428
6141419950
6141401
6141397857
6141379
61413760
6141366721
614136
6141339k
6141313
6141304707____ss
614126187b
6141250
614123
6141223
6141214
6141206
6141196
614117
614114
6141125
614112211
61411
6141095
6141065
614106
614105520
6141043802
6141027
6141018
6140ss
6140m
6140kec
6140ching1019
6140Kd
614095673
614095
614092
614091979
614087
614085
614081835
61408
614077
6140756
6140733
614072
61406r
6140697
614065a
6140613
61405m
6140593
6140585
6140563
6140554784
614052
61404Jadyn
61404748
614046
614043
61404
6140395
61403805
6140367
6140354312
614031472
614031
61402985
614029
61402402
614020
6140193060
614019
6140179
614016
61401200
6140078
6140050
614004
6140031
6140015
6140003
613yahweh
613wxy369
613usa
613sweetheart
613rouse
613rihg
613qlhoc
613p1nm
613oce
613ninty
613mmario
613lisa
613ladytee
613karol
613jmpn7
613issues
613fuckty
613exhn
613dwl
613colinw
613ckm
613celmioes9572
613bmg
613babe
613amy
613aguho
613adriana
613aaron
613RVRBS*
613Mazda
6139susanna
6139ka
6139aa
61399793
6139973
613997
6139959
613993DF
613993
613991795807
61398nn
6139899
61398611
6139822
61398,marcelita
61397923
61397720
6139758677
61397512
613974a
61397103
6139679
61396539
6139635
6139627645
6139606
6139586
613954244628
61395321
613949
613947
613946
6139449
613941413
61394
61393manda
6139375
613934
613931
61392mlr
613929481
61392820
6139264
6139235ABC
613921
613920
61391o
61391j
61391979
6139181238
613918
613913j
6139131991m
613912
6139117
61390q
6139096
61390626544
6139041
6139008
613900
6138rags
6138dianer
61389616
6138959d
61389357
613886fucku
6138841968
61388350
613881
61388
61387n
61387800
613874love
6138737
61387057
6138700
61386cab
613868
613866
61386486
6138630
6138624
6138617
613860
6138592bor
613858a
613857n
6138565745123456789
6138532
6138516113
6138480
6138463esdeDANI
6138455
613843
613841I526
61384
61383727
61383382
61383103
61383090
61382june
6138298sa
61382714
61382430
613824103
6138223222
61382193
61381988
61381919f
61381689
613815
613813
613812
61381149
61381003
61380881
61380862
61380850
613807239
61380710
6138065
61380579
6138040
6138031
613801san
613800
6137sosa
6137ck
6137981
6137967
6137924
6137889
61378573
6137832
6137811
6137804
61377891
61377723
61377687
613774
6137722
61377193
61376twins
613768897
613766
6137653
6137643
61376168
61376137
6137552
61375318
61375145
61374mlg
6137490C
6137473
6137422
6137384728_amsal
613734
613731
613730
613727
61372551
6137211
61372
6137188
6137171miro
61371572
61371359
6137125
6137046
613701
6136x6136
6136nana
6136honda
6136bb
61369824
6136974
613697
613695
613691
613687
6136850
613681851
6136810
613677
613671
613670
613666313
613666
613660
61365841
6136566
613655
613652
61365070
61365003
613648
6136465
613646
613645
6136447
6136404
61364.
61363878
6136371
61363215
6136310
613630714386
613629j
613628621993
613628
6136258
61362461598
6136239
613623
61362256
6136202
6136199
613619
613617
613616
6136155
6136149
613613k
6136136
613612s
61361161
61360ww
613608221990
613608
613607
61360589
613605
613603
6136009
61360050
6136
6135h
6135Tobi
61359855
61359583
613595
6135937
61359
6135864eage
613584
61358168
6135803
61358
613576
6135745
61357123
6135697
613569
613567
613565154k
6135614
6135606
61355327
613552
61355115
613550
61354977775
6135476
613545
61354368
6135407
6135399
6135379
6135348
61353323
613531
613529
613527884
613526
61352575
6135251
613524
6135221916595774
6135217
6135209
61352011
613518zulemon
6135159735
61351120
61351081988
6135097
6135085
6135038
61350024
6134rm
6134alynn
61349867a
613497LD
6134954j
613493
6134920
613488hell
6134877
613485
6134807
61348
613477
6134754
6134705
6134619k
61346130
61345juancamilo
613459
6134588
613457
6134566
613452684
613449554
6134479
613445
6134413
6134409
613438
6134331
61343125213
613430
6134290
6134268
61342549
6134234
61342226
6134222
61342088
6134192
613416
6134153
613412120
6134109
61340dls
613408284
6134062mr
6134033
6134008
613400
6133lmj
61339b
613399
61339778
6133950
613394
6133926
613389
61338607
6133848
6133834
613381429860Mony
613377
613376
6133725155
6133712
6133671
613364
613363
613362
613361
613360
6133578
61335646
6133549899
6133501
613348
6133438
613342900
6133417@hotmail.
61333998
61333924
61333790
613332
6133315
61332smf
613328952
61332688
6133219
613319
6133165458
613315a
613314C
613313
6133113316
613311
613309575
613307946
613307
6133061
6133044
61330315
6133002ccpp23}
6133
6132sun
6132lexi
6132dsv
613299
6132956r
61329097
6132890
6132883
613286
613282546966
613281
613280
6132776
6132764
613274
6132704
613270
6132688
6132628
61326182
6132592
61325878
6132548456936
6132535
6132505j
61324jchs
613246
613245448
6132402505
61323ab
6132384
613233
613232
613231
61323
6132284
61322743
6132271
613225mikhala1
613225
613223316
6132226
61322189
61322029
61321901
613214
6132121
613210
6132086
613204948
6132020
6132008
613200697
6132002
6132
6131plj
6131mct
6131elle
6131cv
6131af743
6131ANDREWGARD
6131998
6131996
6131985
6131981
6131976RK
6131972
6131970
6131964
61319616
613192520
61319132
613188
613186541
613186
6131845
6131821880
613180
61317840
6131771s
613176
6131712
6131704
6131681/1
6131643
613164
6131623
6131601[hsl
61315598
613154
6131514
613150
6131482a
6131456
6131452
613143315
613142
6131411
613140
6131371
6131352
613131s
6131303
613129
6131283
6131259
613124
6131235
6131229
6131219
613120c
61311v
61311801
6131172
6131165*
6131134
61311200
6131111
6131104
613110
6131074
613103
61310210
6131014
6131000
6130trish
6130boozie
6130988
613096781
6130962659644
613095781
6130925
6130923q
61308951
613089
6130857
6130840
6130816
613080
61307drew
613076982
6130759
613071
61306JR
61306840412
61306648
6130646
61306130p
613060
61305RIP
613057
61305351
61304no
6130474
6130450
613044
6130428
6130410
61303nani
6130352
6130349
61303290-
613030
61302aa
6130281
61302200
61302132
613020
6130186
613017
6130139
6130116
61301024
613008
613006
61300453
6130040
6130033811
61300222
6130007
613-679-0931
613 dana
612wenisawu
612tyaries
612thur!!
612tatu5
612sunrisect
612spank
612sf.nicolae
612sb260
612rainata
612native
612monster
612mm24d
612mccuaig473
612maple
612kidss
612jam
612honeyko
612finest
612dipset
612cov
612catfish
612cafe
612boyz
612bow019
612biras
612bep1905!
612b2cderfgt
612angel
612ad2a4
612Spark
612LOVE
612C0452
612Alice
6129towers
6129lester
