5061251
5061248
506123
5061210082
50612013
50612
506117678
5061159
50611417_bs
506113
50611226w
50611
5061051j
5061042brj
50610186
50610119673845
50610070
5061000
5061
5060papa
5060kp
5060era
5060X2
50609yf
5060977
5060936
5060933
5060929
506092
5060901
50608neneygary
5060897
506087421
506085
506081751
506081
506080
50607878
5060778
5060770
506072007
506071
506070myp
5060708090lona
5060707
5060688
50606800
50606750
506067
5060666
5060653
5060610
5060605
5060574
506056
506055
5060536
506053
5060516016-2
5060505410
5060504301
50605033
506045
5060405
50603870
506035a
506035
5060315109
5060306050
50603034
5060300
5060289fan
5060274608
506027
50602342857188
5060230
506022
5060216
50601djr
5060195
5060184
506015n
5060159
5060147
5060135m
5060122
5060121232
5060112
5060100
50600927
5060086
5060067
5060051
506003ferbuason
506003
50600230
5060013592
506001
5060004691081
5060001
506/999/506mkr
506-8552
505yup
505you
505water
505thug
505sunset
505stx
505ssej
505son
505socrta
505sexymam
505rafael
505pplb
505norman
505nicaragua
505net
505myspace
505mexp1
505loveu
505love
505lc805ca
505latinlover
505lala#1
505kunyit
505kimp
505jump505
505jazz
505jammy
505high
505gangsta
505exy
505eaglestreet
505dmrep
505ctown
505chick
505brandon
505bby
505aloha
505alice
505abcdefghijkl
505aaron
505Small
505ESLX2
505CALEB
505Adob3
5059vr
5059mv
5059lc
5059997
505994991
50599250129826743
50598963
5059890
5059868
5059826
50598
5059792
5059719
50596817
505967
505964875
50596329
5059615
50596084
505960
50595988
505958
5059555
5059536
50595222
505952
50595001
5059479n
505946
5059432485
50594178
5059394
505934773465
5059331
50593254011
50593252021
50593251039
505931530
5059299080
5059292
50592783
505926ap
505926
5059247630
505923
50592
50591928
5059179
50591577
5059132
505911hi
50591171
505911
50591
5059099
50590882
505908
50590600
5059055
50590303
5059023
50590136
5059011
5058nda
5058hullabulla3447
5058999599
50589974
505898
5058966
505895malta
505893
50589215017205
5058912
50589
50588iscool
505888
5058851
50588116
50587982
50587760
50587554
5058729836
5058700
505866w
505864800
50586125
50586057
505858
5058570r
5058536826
505851
5058485
505846
5058426
50584
50583958
505835b
505834blanquito
5058312637
505828_a
5058260
5058242
5058228719
505821
50582
5058177
505817
5058138492
5058134
5058125513895
505812
5058111
505810
5058050
50580270
5058016mm
505800
5058
5057usmc
5057sas
5057cuba
5057askld
505799
505797m
5057956320
5057944
50579393
505793
505788990
50578863
50578407DMC
50578368
5057825749
50577957
5057773
5057763
5057746
5057711
505767
5057626
5057586
505756
5057510
505750
5057480
5057466
50574083
50574
5057362
50573591?
50573448
50573
505728
5057251
505723
5057225810
5057217484
505719
5057177
5057158104
50571401
50571371
505711
5057086
5057073
5057052
5057023636
5057*93
5056jt
5056cw
5056ansel
5056Ponitz
5056991
505697
5056920
5056909686
505690
5056888
5056878
50568385
505680
50567827
5056774
505676142668165362573pop
505674
5056674
505666T
505666
5056633
5056620
5056602341
5056566
5056547
5056512
5056507
50564973
505649
5056435855
505640
505637
505634
505633
505631
5056287
5056272
5056258378
5056233302
5056209
50562005
5056174
505617
5056157
5056123456789
50561
5056087
505607
5056060181
50560555
5056041
5056017
5056009
50560008
5055xx
5055norseman
5055laurel
5055dent
5055ayumi
5055@chantell
50559733
5055968043
5055955
50559326
5055918
505589bekaBEKO
505589
5055877
5055865
50558530
50558485
5055828
505580
5055789
5055782
505577
505574
50556vgepu
505569411
5055679
505567
5055660
5055648396
50556277
505562
505561
5055600
5055582
50555555
50555488
5055517921212
5055515137
5055509855
5055492
5055482oflu61
5055465
5055456
5055448
505541
50554
50553973
505537a
50553540
5055344
505533
50553038
5055262
505525
505524
5055229
5055220
505521
5055205
505520
50551977
5055175841
5055171
5055166
5055122633
5055114
50551089
505510050
505509
5055080
505506
5055058
505505505
5055052
5055011
505500
5054selene
5054eiz
50549home
505498
50549279
505491274
505490
50549
505489dk
50548921
5054887
505484
5054829
5054818
50548
505479
50547698
5054743
5054723
5054716148
505466
50546510
50546419
505462
5054610741
5054607
5054589/5040897
5054565
505455
5054530
505452
5054501
505450
5054499
505446
50544404020
50544401023-3
50544302053
5054410979
5054388
5054353
5054340356
505432pimp
50543207025-6
50543203005
5054303
505430001
505429
5054277009
5054271111
5054257177
505425
50542375anus
50542277
505421
50541923
5054171
50541633
5054154
505414500
505413
5054120
5054112090
5054111016
50541101015-8
50541093@ku
50541012
505410
5054074
505407
50540667
50540502321
50540469
50540400
5054023228
505402
505401
5054007099
5054000753
5054
5053wi
5053leo
50539kkhoz
505396699
505394
5053929
505390
50538m
50538a
5053882238
5053872
505386
5053845
5053838m
505381m
505381437
50538100
50538015
5053799
5053760
505374014
505372
5053694
5053681
5053640
505363960679
5053630
50536121
505359
505357j
5053560
505355164
50535356m
505353
50535053
5053494
50534581
50534307
505341990
5053416
505341
50534062
5053398
50533874
505337107r
505336abc
5053356
505335
505334
50533248
5053309
505330
5053288
5053276408
50532647
5053252471
5053215
505320842
5053180537
5053162002
5053123
5053115
505311
505309
505308
5053043122
5053026
50530070
50530
5052love
5052aa
50529b
50529908
50529457
505293j
5052932
50529191
505291022
50529044
505289j
5052864040
50528572580
5052832
505282a
50527903
5052789
505277
50527576
5052755
505273988j
5052727tnj
50527162514
5052706
50527
5052686
50526549
50526369
5052627
5052606954
505260
505258897
50525817
505257
5052564+-
505255mr
505255
5052531
5052525
5052507
5052465858
505246
50524582
50524429
505244
50524193
5052410013
5052400
505239k
505238j
505235
50523404013
505234030
505233n
505232362r
505231944
50523104036-9
505230972
5052306
5052295
5052283
505227ab
505225
505222
50522012
505219917
505218554
5052182
505216
50521530
50521462
50521433
5052139
50521277
505212
505211024m
505211010549
505210005
50520885
50520782
50520553
505205
5052025
50520238
50520137
5052010c
5052008
5052007
5052003
5052
5051pnpe
5051gjc
5051c
5051awxmi
5051SeansPITA
5051995
5051991
50519849881
5051983
5051972
5051970
5051960
5051957
505195
505193461
505187
5051840
505183
5051821
505182
5051790
5051758
505174918
505172704
505171854
5051653
50516423
505161
5051600921
50516
505158
5051575
505156
50515560
5051553
505155
505154
505153
50515257
50515039
5051500508
505150
5051481
50514707
5051453
5051413
50514095
50514033
5051389
505137523
50513638
5051347pco
50513426m
505133
505130439883
50513031
50513006
50513
5051275
5051202626
50511979
505119
50511700
5051162
5051152
505113m
505112m
5051121
5051110011
505110271
505110155
505110027
5051097
505109
50510738
50510607607816
5051056
505105
5051046
5051039
5051028092dianap
50510189
5051007
50510048
5051002896
50510023
5051000999
5051000411
5051-4
5050tt
5050soso
5050skate
5050shutupplease
5050sanity
5050rar
5050plush
5050markus1708
5050luck
5050ll
5050kickflip
5050jj
5050jack
5050house
5050grind
5050flame202030
5050f4
5050edwedw
5050dog
5050coldd
5050club
5050centabos
5050bx
5050best
5050balance
5050amf
5050acw2
5050SQUAD
5050MARISOL
50509900
505097
5050936
505093
505092
5050913
5050903
505089jt
5050878
5050866
5050834
505082105
50508184
5050800
505077701
5050776w0
505076
5050721
50507047
505067ze
5050670
505066
505065
50506363
505063
505061andrejka
505061
5050606062-8
5050600389
5050587
50505720
5050564
505055c
5050546
50505201314
50505145
50505101192529
505050w
505050r
505050ed
505050c
505050b
505050@
50505060
505050555
5050505050252525
50505040
5050501
505050005-0
50504m
50504900
5050489
50504776
5050463
50504545
505045
50504288
50504242
5050411
5050406007
505040401010
505040014
5050396
505039
5050369
5050356
5050350
5050329
505031
50503022
505030045
50502930
5050284
50502601
50502525eduteamo
5050249y
505024
5050234
50502222
505021787
5050211017925311988
50502098
50502088
50501996cf
50501975
505018lariza
5050174
505016912085
505015
50501379
505012iqb
50501201
5050116111
5050115
5050114073
5050111015
5050110121
5050110060
5050110027
505010d
5050103103-8
50501012
50500kash
50500958
50500886
50500703
505007
50500606
50500449
5050036
5050023
505002
50500112
5050007
5050000
505.2509552
505
504wsvck
504wegetmoney
504uptown
504u07
504tp
504toco
504tng
504tink
504tilidie
504teedy
504sun16shine
504strike
504smb
504slim
504shit
504sawtyu
504rep
504realgur
504ravenboy
504prepgurl
504pimps
504oranjel
504noonie
504nobound
504no70122
504nipples
504nhi
504nell
504n.o
504muffin
504moo
504mob
504midcitygurls
504metairie
504mamie
504loverboy
504lisa
504lilred
504lil
504lady
504kmjc
504kicks
504keytha
504kayla
504jdog
504jalen
504ianhott
504hottie
504hondura
504home
504hoe
504haters
504gurltosie
504gurley
504goon
504girlnic
504girl13
504gangsta
504fry
504fa0
504epj
504eh
504dwayne
504dog2
504dipsetkia
504deli
504clacker
504chick46
504catracho
504candie
504cal
504buckeye
504bre
504boyzb
504boys2
504boybenny
504boss@gmail.com
504boies
504bloodz
504blood
504bk2583
504bigdog
504bfe
504belly504
504beaner
504badazz
504babyn.o
504babyboo
504babie
504b.j
504ambie
504aka
504_pg
504UPTOWN
504PIKACHU
504MAMI
504LYFE
504LOL
504KEL
504GILRS
504FOREVER
504ELM
504DHM
504Chuckie!
504BOYTANK
504BIGROCK
504ALLDAY
504@1754@4
5049arew6288
50499421
5049897
504985m
504981944
50497rcd
5049778
5049752830
5049747
50497351
50497
504969b
50496876615
504966043
5049646
504964
504962Y
5049616
5049593
504957w
504957
5049547
50495361
504952
50495
5049483
504944942
5049443271
504934
5049309
50493
5049252216
504919
504916
5049140702
5049123
5049110756
5049065451
5049058
5049049553
5049048
50490101
504900208
50490
5048st
5048ded
5048988k
504893
504891
50488x
5048896
5048887
504887
5048837
5048819d
50488048
50488
504878
5048755
5048687unka
5048683
5048651
5048591
5048577
504855
504852
5048501
50484878
504846
5048446
50484
5048397
5048384
504834349
504829
5048262
504820616345
504820
5048191610
5048165
5048150
5048131
504811793234
50481
5048079
5048048
504802249
5048015
504801
504800
5047stmarychick
5047ji
5047diva
504799
504797
504796
5047925
504791
504786
50478
50477bedyq
5047747
5047730
504768
504767
504765
5047633asd
5047625
504760
50475759
504756
50475047
5047482
5047474
504746
504744
504743
50474087
504734a
50473441626!
50473140115
504731301589
50473130060
50473130001
50473100062
5047269
50472434
504718
5047133641279
5047118
504711
5047101
504708ajp
5047070
5047042
5047032
504703
504702101
504701278
504701128
5046xdf
5046pc
5046cn
5046bni
5046_love
5046974
50469532
504691
50468889
5046876
5046849
5046835
504682
5046806
50468
5046788
504676
5046702118
504668
5046655234
504664
50466030016
5046546171
50465301i
504651
50465
5046477
5046439297
50463801
504637
5046360
504634
50463
504628
504625
504624961
50462128
50461b
504617
504614
504612
5046100
504608
504606
5046047720
5046045365
5046040
504602
504601241
504601146
5046008
5045qyrwg
5045mike
5045letty
5045hkxz
5045cam
504599
5045898
5045860102
504581
50458
5045778
5045741
504568
504566
5045649
5045629
50456262
5045617793w
5045601
5045598775
504559
5045564
504556136
5045545
504551696
50455045
5045501
50454950
5045479
5045470
5045469
5045447
5045422
50454
5045337
5045316
504530
5045277
5045262z
50452551
504525
504523
50451996..3
5045188
5045142
504511
504510057
5045100
50450z
504506
5045050450
504504lord
504504b
5045038
504501313
504501230
504501205
504501063
504501
5044zara
5044kar
5044hggc
5044boyzs
5044JJ
5044999
50449884
50449795
5044956
5044941
504491
504488
504487
5044863
5044847
504481
5044777
504477438
504477423
504477407
504477403
504477314
504477171
504476
5044741
504472j
50446zuawg
504468
5044675
504467145
5044665
504466
504464317
50446171
504461
5044599
504457159
504456033
5044527
504450
504449
5044465
504446
50444339
5044429
50444
5044397
504438
50443760
5044368976
5044367066
504435053
504435016
504434
504432
5044317125
5044310
5044301
50443.04191
50442949
5044284288
504428263
5044280035
5044277038
5044271009
504427
50442314
5044225
504422
504418036
504417467
50441635frank
50441512
50441369
504411027
504410012
5044097
5044088513
504407858b
504407.rm
50440680
504406
504405102
50440505
504405006
504403014
504402216
504402071
504402035
50440180
504401045
5044010
504400
5044
5043kkk
5043callie
504397
5043956
504395
5043939310
50438842
5043874
504385
504383946
5043812
5043800
504378
504377
504373
5043722
50437008
50436701
5043650184
504361j
5043607
5043599127
5043598
504359
504356108
5043548
504354
50435346
5043504163
504347Lola
504347
50434401045
504344
504343600
50434320025
50434310052
5043423
50434210050
5043419
50434050013
50434
5043389
50433685
5043349
504334221
50433301013
504331050
50433060003
50433030036
504330130
50433010012
504330
50432952
504329046
504329
504328166
504328134
504328006
504327134
504327009
5043263
50432621
504325024
504323043
504323015
50432207
504321s
50432032
50432
504318
5043161
504315104
504312107
50431009
5043069
5043061
5043051
504305049
504305
504304029
5043034
504302133
504302108
504302
5043007
5042skate
5042juan5042
5042gl
5042bubi
504299
5042960890
50429567
50429156856235
50428473
504283001
504280
504279038
504277014
504276055
50427594
504272045
5042711
5042709
504269
504268
504265550
504265011
504264
5042626
5042609393
50426008
504257011
5042549128
50425259
504252003
50425070067
5042503202
50424llP
504249207
504249108
504248221
5042470
504245037
504245007
5042449
504244128
504244112
504244106
504244082
504244019
504244
5042434
504242103
504241116
504241110
50424040
50424
50423923
50423814
5042370
504236bnc
5042341
504233307
504233149
504232109
50423
5042291080
504229
50422711
50422376
50422300031
50422253
50422100030
504220993
50422062
5042201057
50422010086
50422010072
50421975
5042183
504216512
504214632
504213cgw
5042138
504212035
504212003
504211
504210
504209
50420868
50420822buu
5042078326
5042052
50420389
5042037
504202
5042018
5042012405
50420061987
5042003
5041ood
5041mild
5041kc83
5041abcd
5041996
5041994
5041988
5041984
5041982
5041977
50419656
504193664
5041918
504190614
5041904
504190
504188
504187212kup
504187121
5041870
5041835
5041810015
5041800
504178578
50417759
504176529
5041747
504173238483
5041721
5041709
504166
5041639224
50416
504159138
5041586
504157353991
5041560
50415545
504154878babe
504152013
50415095
50415041love
5041489
504148013
504145a
504143016
5041422
50414059
504138
5041369
504133
5041303
504130087
5041297
5041277
5041266650
5041261245
504125
5041225
5041221
5041203v,ld,
50411a
5041185
504117055
504116110
504115115
50411455
5041139
50411295
50411271
50411216
5041120013
504111092508
5041109a
5041107
504110109
504110017
5041100014
5041095
5041087smr
5041080003
504108
5041073
5041068
5041052
504104
50410366
5041033310
50410311
504103
504102104
5041020031
504102
50410120
5041010062
5041010006
50410090
504100557
504100478
504100352
5040wt
5040tkd
5040pine
5040fire
5040au011042
504099
5040969262
5040963026
50409482594323
5040931klo
5040911106
504091
50409001
504090
50408billy
504089
504088053
504086
504084
5040825
5040816
504081
5040805
50408
50407896
50407703
5040749
504072
5040703
504070007
50406aa1
504067754
5040661
5040652
504064464
504062108
504060669
50406
5040598jh
5040583865
504058
5040563107
50405227
5040512mm..
5040510
5040509119
5040506124
5040505403
5040505211
5040505
5040500406
5040487800
50404767
504047278
50404703020328
504045689
504045
504044090
504043958
504042casa
5040418
5040401433
504039ky
504039
5040387
5040360223
50403571
50403536
504033
5040327
504031sfdtfd
5040311
5040307969
5040306123
5040302105
504029
504028
5040274
5040263161
50402511
5040247222
5040230
5040223432043
50402182
5040207430
5040207127
50402022
504019
5040182
504016
504013
5040111412
5040111351
5040111105
5040110740
5040110636
5040110547
5040110431
5040110396
5040110123
504010233gongbao
5040101696
50400912
5040065
5040050130
50400461
50400404
5040039462
5040024
5040011003
50400029
504000
504-lift
504-boi
504-713lilwayne
504-2253
504****
504 girl
504   boy
503ybg
503wd29Z
503truco
503trafo
503thug
503telefon
503sexy
503sanjulian
503rt45
503reed
503mobsta
503mad
503kmgv
503kendra
503hexter
503h13
503girls
503gert
503fs202
503fer
503els
503dmr
503dee
503cuban
503chicos
503chic
503camas
503boyz
503bow7244
503bandini
503asr
503_w31_m1n6
503WPARK
503MILLER
503M412
5039saro5116
5039n4
5039997597
5039990
5039961
503993dnt
50399305
5039915
5039902
5039892
5039870
503985
503984506
5039839919818
5039830411
5039799
503975
5039711
5039706
50397007
50396notxu
503962
50396021
5039575
5039565
503953
5039515
50395039
503950
5039499377
5039453
50394455743130
503939
50393812
5039330
503929
5039255
5039242
50392270
5039214
50391780
5039168944
503915
5039133
503912
5039101
50390j
503907ar
5039053
50390525
503902
5039017
5039012
5039010035
5039010022
5039010004
503900930
5038ng
5038mil
5038chin
503899
503897
5038909726
50388hjw
503889
5038869
5038860
5038830
503880522
503879
503878
50387530
5038734
503872004
5038711110
5038694687
5038663665
5038637422
503861a0295
503859890863
5038590
503856j
50385480
5038519
5038497
503848981
503846
503845
503840124
5038393350
5038363114
503833
503831
50382c
5038292716
50382861
5038262
5038236
5038226
503821
50382
50381765
5038169
5038152
50381352
5038125
50381246
50381115
50381086
50381002brukfook
5038084
5038080603
5038070513
5038055
5038021
503801op
503801104
5038006
5038
5037lp
5037bc
5037991
503797899
50379394
50378963
5037882878
503786
5037850
50378386
503779
50377776661613
503775878
5037753
503774532
503773
503770
50376776
5037669
50376551
503765
50376444
5037612733
503760959
5037599
50375861
50375455
50375375
5037525838
5037518
50375116
50375037
5037471
503743ck
50374208
503742
50374030
50374
5037368361
5037367
5037361259
503736007-9
50373551
5037332
50373143
50372214545
5037215237
503721
503718
50371452
50371391
50371308
5037126
503712
50371112
5037099
503709
5037081
503708
50370697
5037058037
5037046
50370300
5037024737
5037018040
50370133
5037010027
503700202
503700055
5036wg
5036too
5036ford
503698
5036968
5036959
5036925
503689484144
5036870
503685
503684
5036832
50368170
50368120
503679721424debby
5036795
5036788
5036746698
503674072o
5036737
50366ARIA
503668m
5036689318
5036681330
50366761
5036652
5036618080
503661
503660123
5036594
503658753
503656
5036536256
5036520jexx
50365
5036496
50364720
5036459
50364546
5036451754
5036438racpm
50363907
5036382
5036373
503636
50363525
50363266
5036306664
5036294
503627
503626
5036241
5036224
5036214
5036200
50361658
5036147
503614
50361336
5036126642
5036124
50361214
50361160587
503611
503610011
50360v
503609
503606jc
50360548nume
5036045
5036031207
503601
503600426
50360000
5035wes
5035th
5035jd
5035b
50359lpol
503594Ig
5035917919
5035915
503590341
50359
503586
503583
5035811g
5035797
5035719
50357
503567delva
5035658
503565
503563
50355ast
5035580
5035557531
5035536
5035526
5035517
5035511058
503550126
50354918
503548
503544
5035420
5035410042
503541
50354004
50353nkdyz
5035384152
50353808
503537
503534CC
503534
50353113
5035302330
50352895
5035257
5035242
503523Q
5035217
503521007
50352013
503520
50351690
503514
5035132
5035130
5035115
5035105mmm
5035092
5035088
50350686
5035060044
50350537
503504ms
5035030
50350218
50350197
50350
5034roik
5034locke
50349k
5034985
5034949
5034940
5034927618
50349169
5034880
5034821010001
5034805523
503480
5034785
50347704
503474247
503474
5034710004
5034696
5034660
503465
50346410
50346347
503462ea
50346157
50346132
50346004*****
50345897
50345787
503456
5034525
503452
50345130
50345116
50345024
5034495
503447n
503444602
50344342619
5034405294
5034401584
5034398883
5034371755
5034351261
50343434
5034340199
50343352
5034322
50343042
503430
50342661
503426
5034237351
5034220
5034205
5034198459203906
50341962casa
5034196
5034184
50341809
5034172733
503416502
50341500
5034147
5034134
5034114
50340831
50340713
50340671
50340636
50340606
50340595
50340514
5034051
503405
5034043
50340404
50340379
5034033825
50340310
5034027221
50340185
50340122
5034010002
503401
5034006
50340
5033rodrigo
5033and
50339879
5033977801
503396
50339350
5033921201114
5033907342
50339
503384
503382
5033806
503378f
50337796
50337680
50337632
5033734
503367
5033667112
5033657541
50336319938866
5033628
503361jj
5033603
5033575423
503356
503355
503354
503353
503351980
503351013021
5033503350335033
50334814
503345
50334420
50334215
503342
503341477
503341013415
50334027
50333jyj
5033361
5033350080
5033341
5033325530
50333104
5033304914
503329
50332689398
5033261012
5033255531
5033250019
5033247
503323j
5033229l
503322
5033212
503321012009
503320
5033183
503317831
503316
50331465
503313
50331289
50331197
503311728
5033100504489
50330992
50330854
5033083
503307039
50330646
50330593
503305090
50330381
50330307
50330214
5033000999
5032rsdr
5032marie
5032kxrgu
5032cmb
50329934
5032968dollyuy8h
5032953
503295
50329202
5032902
503288123789
5032879403BishoP
50328446
5032829
50327938
503279
5032780715
503276
5032742240
503272
5032700911
5032700678
5032659473
503264ag
5032637784
5032614
503260a
503259f
503258840
5032550070
5032541
5032537
5032525767
5032500
5032499
5032479
503246j
50324482
503244
5032410054
50324037
503240
50323950
5032379
50323698
5032350
503234
5032329
5032311745
503230950-3
503230793-3
5032304642
5032304113
50323039
5032302747
503230187-2
5032300923
50323
50322823347
5032278320919519
50322692
5032260217
5032260167
503225021213
503225021002
503225011013
5032249
50322383
5032211
50322102
5032207951L
5032200953
5032200369
50322
50321991
503218
50321735
5032167036
50321413
503214
503213
503212070695
503211033
5032108648
5032105404
5032105022
5032104555
503210387-6
5032101688
503210096-7
503209
50320885
50320641
50320550
5032042023
5032041099
5032040180aon
5032040091
5032040069
50320400675032040067
5032040058
5032040042
5032040036
5032040028
5032040022
5032040012
5032040004
50320381
5032030017
5032023017
5032020076
5032020029
503202
5032013432
5032011305
5032010140
5032010076
5032010047
5032010018
503201
5032006
503200243-6
5031oc
5031kaye
5031OK
5031993
50319908
50319883723balla
5031940
503193
503192201092
5031901100
5031900418
5031884
503187
503186028
5031840068
50318303
503178844brk
503178
503176088
503174
5031722
5031714*
5031701084
5031701059
5031694white
503167
5031654
5031642
503163503163
503160329
503160248
503160222
5031601521
5031601084
5031601078
503160077
503160044
503160
5031581
5031577
5031571
5031563
5031542
5031536
503152090
5031513POPS
5031504677
50314hhh
5031486
5031467
503144
50314186
50314101234
5031410
50313cc
5031385
50313697
50313626
5031360299
50313523
50313517
50313223fm
5031306045
503130313
5031300001
50312905
5031280122
5031280030
5031270006
503126258856
5031257b
5031248015
50312461
5031231121
503122058
5031210002
5031207006
5031205093
5031205008
5031202040
50312
5031190993caro
503118612
5031146
5031141
5031131993
503113
5031117
5031112
5031110001
5031105067
5031103
5031101342
5031100477
503110006
5031087
50310648
5031060016
5031060003
5031052023
5031051083
5031051014
5031050317
5031050147
5031050092
5031050070
5031050061
5031050042
5031050032
5031050021
5031050018
5031050007
5031050000
503104810725
5031046211
5031041028
5031040049
5031040027
5031040015
50310380
50310336
50310309
5031030015
5031029
5031026005
50310259
5031020205
5031020047
503101318572
5031010207
5031010059
5031010033
5031010026
5031010001
5031007242
5031006156
50310000
5030w20200097
5030nm
5030crostini
5030AP
5030997
503099
5030980
503094
503093
503091
5030904
5030902389
503089969
5030886
503087537
5030862
5030848
5030840!@#
50308308
50308122
503080857-7
5030808200
5030807539
5030805707
5030803959
5030803878
5030801232
503080!
5030793
5030730
5030726
5030714
5030707m
5030701168
50307
5030679
5030635413019
503063
5030614
50306042
503060163
5030601127
50306008
503060063
503060
5030580
5030577
5030567
503055
5030547
5030545
5030542
503053
503052147
5030505941
5030504709
5030504026
5030503460
5030503313
5030501662
5030500933aabb
5030500098
5030474
5030452
5030449
5030424777
5030413055
5030412627
503041160
50304106031
5030408513
5030401244
503040039
503040032
503040
5030365
50303544
5030347
5030329921
5030321
5030316789
5030307262
5030306208
5030306135
50303060
5030304670
5030302baby
503030166
5030300072
50303
50302951
50302715
5030232
503023040
5030211160
503021
5030207161
5030202713
503020221-8
50302019
503020135-1
50301r
503019
5030181
5030171
5030166
50301532
50301417
5030139
5030131
5030123418213
5030117
5030115005
5030113114
5030112012
503010032
5030093tad
5030089
50300813
503007
5030061021
5030053259
5030046
5030036346T4ED6P
50300247
50300216
5030011061
5030008550
5030001
5030*iloilo
503-rzc
503+561473658176
503(dlc)
502sissy
502ogw
502next
502moni
502love
502jw4ever
502j2j
502ilovesummer
502hot
502great1
502gerardway
502frog
502dia
502daville
502chich
502chadronhave
502carroll
502bkt
502akzaw
502MIERDA
502C87127
5029westhills
5029me
5029cheng
5029980
5029916
5029910
502990
5029892
50298792005
5029860
5029853
50298254
50298164
5029813
502980ty
50297950
502974e
502973139
5029724
502971
502967136
5029670
5029632
5029626
502962
5029601
5029589m
50295703
50295635
502952
502950
502946
5029429095
50293xx
502938dl4o
5029372
5029355
50293486
502932
50293105029310
50292962
502928467
50292771016
502927
502926
50292535
50292424
5029234
5029219
5029207
50291986
50291898123
50291814
5029166
5029150
5029139212
5029129
502912
5029112
502910976
50290906
50290740
502906
50290241
502901093
50290020
5028union
5028cef
5028Boga
50289607
502890
50288904
50288888
502886
5028848
5028814
50287961mely
502878d
502878
50287674
5028746
5028711
502867
502860
5028588
502854
502851
50284936
5028476
502845
5028417
5028407
50283878
50283789
5028369
5028350
502833s
5028318e
50283
502825
50282413
502822
50282029
50281974
502819
50281757
502816
502815
50281492
50281243
5028123
50281021
502808601940
50280767
5028055022
502805
50280377
5028030629
5028025
5028013
50280075
5027zz
5027w22
5027kgqyb
5027bsmt
5027a27
5027996
50279723
5027930
502792
5027890
502788m
5027875
502780
5027795
5027769
5027761
502774
5027731208
5027727
50277155127075
5027635
502762
5027606
502758
50275500
5027502
502747
502744a
502742
5027389
50273721
5027316
502729abc
502728b
502728
50272269002
502717
5027158
50271352
5027132
5027123
50271121
502711
50270935
5027077
502707
50270652
502705
5027041
502703j
50270175
5027010048
5027010036
50270080
50270005
5026love
502699k
502699
502697623
502697
5026935
5026902
50269
502688a
5026866
502685
5026835
5026810
502680
502678
502676
50267410
502672
5026715
50267
50266846
5026678
50266691
5026661
502662
50265bj
502656
50265479
5026540
502653
50265172
50265026
502648
502646
502644520
50264299
5026413
50263939
50263707
50263573
50263399
50263207
502630
50262rochayito
502626
502625
50262224
50262153
502621
50261b
50261940
502616s
50261615026161
5026150
50261363
502612tc
5026121
502611
502610
5026078
502605124
502603
50260181
5026001
5026
5025ld
5025burgundy
5025Jguy
50259822
5025960
5025932j
5025917
5025905
50258n
50258353666
50257927brinco
502575t!
502575
50257378
502572
502567si
50256674
50256215726
50256214
5025596nank
5025587
502556
5025548
5025537
5025528
50255110
502549
502548
502546amor
502546
5025449
5025437562
5025430325
5025407
5025379
5025352
502535
502533178
50253270
502532
5025304
502530
502528
502526
502525284716
5025241
50252308882
5025220
5025211025
502520cc
50252
50251817
5025161
502515
50251423
5025128
50250953
5025089
5025084
5025080333
50250794
5025065
5025050250
5025039
50250359185414
50250288
5025018
5025011
5025007
5025003
50250
5024somerset
5024option
5024me
5024everjw
5024disney
5024986
502497
502492
5024911
5024908
5024889
502487334261
502485
5024763
5024738
5024727
502472496
50247021
502470
50246885
5024677
502467
5024622
5024610320
5024591879
50245852
5024571
50245593
5024558
502453
50245074
5024501043
50244995
50244923
50244659
5024461
5024420
50244060
502440
50243919hp
5024378
5024366
5024362h
5024362
5024338029
5024321
5024310020
502428
50242570070
50242540068
50242502
502425
5024242
50242291
50242270
5024220
50242122
5024206
5024200818
50242
50241863
50241686
50241451
5024131
50241301662
502412j
50241258
502412026
50241182
5024100
502409
502407d
5024068sven
5024047r
5024042
50240409102
502403
50240241
50240236107
5024022
50240214
5024020025
502401008
502401
502400001
5023zu2
5023phs
5023lance
5023Cboomer
5023968727
5023950
50239136
502390
50238prtxh
5023896521218MKs
50238856
50238664
5023834
5023828308
50238026
50238
50237szgvz
5023776
502377
50237577
502373
50237148
50237
50236862
50236772
5023655
502362
502361708711
50236058
50235a
5023596
502356
50235500
502353SMl
502353773
50235140
502350
5023487038
5023480
5023456
5023450234
5023438
50234358
50234322
50234187
50234061
50233972
5023394
502338
50233658
5023359
50233490245
502334
5023327
502332
5023314
50233114
50233048
50233
5023298
50232909
50232880117
50232786
50232729
502326
5023250
50232432
502323t
5023235s
502323199
50232203
50232093
50231887
5023187
5023180m
50231799
5023165181
50231626
50231605
5023156
5023151124
50231503
50231234
50231120
50231094
50230980
502308
5023063
50230594
5023052
50230460
50230414
50230325
50230310
50230261
5023011344
50230101169542
5023010016
50230097
5023
5022xxisc
5022n47
5022hs
5022bu
5022WDAKIN
502298
502293
5022906
5022893
502289
5022884
50228762
5022823
502281
5022805005
5022801007
5022780217
5022728
502272
5022714
502270
50226954
502268star
50226817
5022665
50226362
5022616
50226020536
50225825850314
5022578
502257
5022550
5022541
5022531
5022518038
50225061
50225022A
50224BUFF
502246582
5022446
502243
502241030
502241018
50223890
502236i
50223550
50223437yui
5022336a
502233
5022317
50223020
50222922
50222782
5022271
50222538
50222382446
502223
50222222
502221994
50222
5022187
5022180487
502217
502215
5022143
502213k
502213
50221128
5022107
5022102210
50221
50220LP
502209
5022061
5022051
5022048894
50220425
5022040020
50220160
5022014191
5022014049
5022013004
5022012010
5022011162
5022011142
5022011020
5022010929
5022010829
5022010762
5022010721
502201068
5022010620
5022010594
5022010542
5022010514
5022010466
5022010452joy
5022010433
5022010419
5022010415
5022010407
5022010383
5022010343
5022010337
5022010317
5022010303
502201029
5022010238
5022010217
5022010210
5022010195
5022010175
5022010163
5022010148
5022010139
5022010136
5022010122
50220101141587
5022010101
5022010089
5022010052
5022010045
5022010041
5022010035
5022010008
5022010003
5022007
5022005
5022003
5021sulty
5021rs
5021doral
5021didier
5021cg
5021GO
5021996
50219891
5021989
5021985cr
502198
502196932
5021961
502195j
5021917098
5021898
502189
5021889
502187ah
50218616
5021829jp
50218282
5021818
5021812
5021802010
502178041
502177
5021758658B
5021745
502174
5021720
502171briann
5021694750216947
50216911andy
5021679
50216172006
50216009bhl
50215ace
5021596
502158sv
5021584
502158
5021566
502154a
502154234t
50215403
50215395
50215115
50215028
5021501016
50214FEA
5021497
50214808
50214789
5021462
50214546
5021442
5021422
5021413
5021409
5021408210
5021408156
5021405099
5021405076
5021404669
5021404147
5021404
502140034
502139919
50213940
50213846Ru
5021381
5021379
5021374
50213672
50213605[mashi]
502134208
5021340012
502134
5021338120
5021338082
5021338038
5021335010
5021321091
5021321012
502132004
5021319266
5021319217
5021317333
502131656539
5021316028
5021310068
5021310014
5021307
5021306082
50213029
50212c
502129156589
50212658
502125688
50212523
502125021250212
5021250
5021245074
5021240001
50212396300
50212343
50212237
502122
50212116
502121
50212076
502120063
502120
50211960
5021180
50211321
50211205
502112013
5021112004
502110225
50211010
502110048
5021100024
50210983
5021091
50210843
50210704
5021063450rosina
50210607
5021060184
5021060070
5021060057
5021060048
50210521
5021050210
5021045015
5021043029
5021042154
5021042048
5021042038
5021042
5021041110
5021041097
5021041025
5021041008
5021040935
502104070
5021040630
5021040512
5021040402
5021040371
5021040354
5021040351
5021040322
5021040267
5021040238
5021040234
5021040229
5021040216
5021040195
5021040178
5021040146
5021040120
5021040099
5021040069
5021040055
5021040037
5021040026
5021039
50210337
5021031066
5021030079
502103004
5021025
5021020280
5021020104
5021020068
5021020061
5021020022
5021020016
50210153
502101336
502101299
502101152
5021011002
502101070
5021010231
5021010142
5021010132
5021010076
5021010065
5021010053
5021010025
50210100234634
5021010012
5021010006
5021010
5021009d
5021009
50210082
502100562
5021002
5021000122
502100
5020strong
5020nmc
5020lp
5020carmen
5020bvbdv
5020a292
5020TATA
5020CM
5020ARMES
502099
5020968
5020951
50209415
5020937
502090798
50209068
5020882
5020879a
50208651
5020837
5020828k
50208218
50208142
5020810058716
502080
50207877
50207708
50207403
5020726
50207103056153
5020710262
5020710229
5020710
50206trhmu
50206960
502068
50206754
50206660121
5020657510
502062
5020610219
5020610132
5020610114
5020610020
5020610000
502060a
50206
502059
5020579
5020549
50205369
502051388
502051144
502051068
5020510
5020508
502050115
50204leoydany
5020485
5020479
50204650
502045pr
5020452
5020433
5020423
5020413
50204114
502041099
502041012
5020410089
5020410012
5020406080
502040242
50203adribeblack
5020367th
5020362
5020340120
50203252874
5020321
5020310230
5020310211
50203100
50203073
502030018
50202994
502028
5020261540
5020253
50202513
5020251012
5020244
5020232
5020223
502021449
502021264
502021234yy
502021104
5020210447
5020210314
502021024
5020210185
50202100mm
50202100
502021
5020203104
50202016
50202012
502020
50201989
502019
5020160023
50201490
5020148101
5020140231
502014
5020137
5020122
5020117262
5020117222
5020117090
5020117017
502011503
5020114169
5020110135
5020110079
5020110050
5020110035
5020110018
5020107032
5020107003
502010248
50201
502008cool
50200851978
50200799
5020069433210
5020062
5020054
50200320
50200272
502002
5020018
5020016
502001
50200039
502/456
502.6507m
502-0005a
501winfrey
501tavaresrd
501stdates
501st
501sabah
501rockyou
501ridan
501racing
501ph759
501orion
501ole111
501noel
501music
501mob#1
501mely
501meadow
501mainhounds
501maclay
501lizbeth
501kymc
501king
501jenna
501houser
501honey
501hec
501harris
501gurd
501gn452
501f87124
501ezol
501die
501cronstreet
501cent
501carter
501boy
501blk5312
501belize
501ayt3ds742
501and876
501abj.563
501a1355
501_burcin
501GIRL.
501DERRICK
501BOYZ
5019yakuza
5019hi
5019dane
501997656klh
501997040
501994jH!
50199333
501992
501990815
50199080167
501990
501988512
5019874
501986
5019844
5019834758
50198161
501980681
50198004
5019799
5019778
501972103
5019715804
5019700919
501966
501964
501961kool
5019615
501961223
50196038
5019565
5019560
5019553134
5019550195
50195216
50195127
5019503
5019491
5019481
50194690
5019465
5019454
501944esus
50194410122
501943jeanette
5019418
50194083
5019393
50193216
50193121
50193
501929
50192668
50192607
50192311
501922
50191897
50191838
501917
5019164WA
5019154
50191440223
50191440109
5019142
5019131q
5019126
5019121
5019111
50191020119
5019101
501910042
5019099712
5019092
50190706
5019063
50190570
501905
5019048
50190398
50190285
50190268
50190224
5019002123
50190000
50190-*/
5018zai
5018tmm
5018990
501898
5018962
501894094
501893
501890052
501880
5018780188
501878005500356725
5018777
5018764
5018759
501874life
501873014
50187206
50187136
50187127
501870
5018672
5018651955
501864
501862
5018605
50185GER_MAN
501858ana
5018585
5018575
5018550
501852
501851404
5018508
5018480
50184640212
50184630217
501846
50184380112
5018432747
5018409
501839070
5018375216
501836r
5018315
5018304
50182830126
50182773015
50182771093
50182771013
5018260
5018259
50182510105
5018240
50182362
50182156
50182108
501821
501820210
501820204
501820159
501820137
501820095
50181985
50181910
501815v
5018150
5018137
50181100146
50181100112
501811
50181020142
501810136
501810113
501810084
50181
5018097
501808955
5018085
501805080
5018044
50180399
5018031310336
501802141j
5018004
501800016
5017t111013tung
5017mqhh
5017hd
5017Silvergate
501799005
5017988
5017978
501797155
501797122
501794230
501794140
501794079
501794051
501792043
501791
501790113
501790100
501790080
501790022
5017895
5017880
5017851040
50178317
5017825
50178160
501781311
501781153
501781097
501781075
501780
5017792
5017789
50177749
50177624
5017745
50177311052
50177222
501772134
5017720
501770339
501770181321
501770103
501770093
50177
5017697
501769
5017680207
501766
5017650
5017621050
5017618
50175j
501758048
501758026
50175686
5017558
5017546
501754
5017531
50175131
50174st
501749132
501749073
501749
501747osvaldo
501746n
50174580
50174511
5017447
50174461
50174381
5017437
50174336
5017420
5017414
50174135
5017412
5017410004
501740054
50174
50173908geena
5017384
501737G
5017362
50173500
5017341
5017329
501731011025-8
501730
50172590705
501725210
501725130
501725112
501725101
501725000
5017233
50172184
501721033405.7
50171988
5017196
501719018
5017184
501718035
501717105
501716714799
50171610
5017148
501713769
501713
50171235
501712
5017117
5017104
501710039
50171
501708
50170750
50170723
50170680
50170623
5017057
501705261
501705185
501705149
501705067
50170500690ns
50170484
50170387
50170283
50170229
501702044NING
50170185
50170181
5017015
5017012497
50170113ball
50170107
50170082
50170050
501700409
501700364
501700312
501700145
501700114
501700107
501700071
501700027
5017
5016klh
5016Amit
501699
501697
50169382
50169338
501690907
50168877
5016871
501685
501684
5016813nrr
501680
50167abc
501675
5016737
501670
50166903
50166805016680
5016671
501666
5016648
5016628
501660126
501660058
501660016
501656523
5016548801
501650372
50164953
501648672
501647ds
50164690123
501645
50164211
5016415
501639
5016380
5016366
50163545
5016348
501634143
501634117
501634
50163364789
501632
50163088
501629
50162840
5016273
50162699
50162619
501625022021-8
501623116
501623
501622131
501620047
50162
5016191604
501619
501618
501616a
50161503
50161480
50161389
501612e
501612155
50161173
5016108
5016099
501609
50160897536415982BS
5016085
50160483
501604034
501604
50160328
501603
50160223
5016015
50160142
501601189
5016011
501601025
50160074
50160054
5016
5015mh
5015k60
5015KIL
5015987
501596
501593
501592621545
5015900
501589
5015880
50158791004
5015869
501585
501583067
5015809
5015799
501576037
501575421
501572
501570ice
501567
5015657813
5015638060
501563
501562
501560007
5015592r
5015589dll
501557100
50155689
5015533
501552551
5015520168
50155140
5015505
50155023
501550183
501550127
501550123
501550090
501550042
50155
50154f
501547
501543
5015415
5015412651
5015410007
501536s
50153666
5015341
501533
501532288
5015320234308
5015313
501531011013
501530084
50153
5015295
50152820052
501528
50152792033
50152792025
501526
50152312
501523011032
501522013046-5
5015220110152
50152147
501520147
501520049
50151979
5015190002
501519
5015158117
50151385
50151128
50151030
501510
50150j
50150896
5015072382
5015066001049
5015066001004
501505b
5015053001060
50150318
5015020001039
501501ssa
501501i
501501555
5015015011
50150123
50150104
50150098
5015
5014n63
5014mlm
5014jess
5014aod
5014GA3-07
50149j
501499
5014981012
5014948
501489670
5014890
5014887
501488106
501487070
501487032
50148350122874510
5014811
5014809
501479104
50147646
50147607
501476020
50147575918445
50147547
50147529
50147498
50147474
50147451
50147436
50147424
501474
5014733
5014708
50147
501469
5014680101
5014668
501465e
5014631024
501463084
501463048
50146213
50146106
501460079
501460019
5014570
5014556562
5014547
501453tony
50145299
50145038
50144bhatti
50144878
50144763
501445406
5014418
50144107
5014402
50144
5014382
5014373
501436
50143186
501431
5014286
50142811
50142755119562
5014261
501422mkko
5014215
5014210061
501420421
5014202
5014190120
501419
5014170
5014160j
5014140051
50141390
5014132
5014131135
50141204
501412
50141150
501411
5014100693
5014098
50140890
5014075
5014070026
5014061026
5014061004
501405001
50140412091
5014032
5014023
5014015
501401301
5014012
5014003160nanny
5013foo5013
5013dad5013dad
5013andrea
5013N1000709
50139833
50139595
5013947
501394
501392.8
50139
5013890
50138711
5013868L
50138641
501386002499
5013855
50138475
501383
50137a
501379
50137853
501377
50137479
50137365
50137176
50137060
501370399
501370284
501370202
501370078
50136879
5013672
501366
501364
501363
501361984
5013611945
5013601
50135a
50135778
5013569
5013561
50135481
501353s
50135220111
5013516016
50135110ba
501351
501350108
5013501061208931
501350
50134944
50134913yimza
50134760
50134731
501346339097
5013451025
501345
50134380
50134305
5013424
5013422
501342
5013410021
5013410008
50134060114
501339l
501339
501337
5013360340
5013357520
5013342
501331D
5013310750
50133021
5013297
50132920149
501329
50132810129
50132795045
50132792068
5013278p
50132780009
50132742
5013256305
50132489
5013225
5013211
501321032
501320823
501320802
501320313
501320
50131890
5013161990
501316
5013150010
5013140035
5013130
5013123marleni
5013120
50131121-1
501310263
5013102302
50131017
501310108nok
50131007
50131
50130942
50130878
5013076018
5013071005
50130684
5013051
501305
5013047
50130425
50130388
50130334
501302
50130120
5013010049
5013002862
50130013
5013000621
50130..
5012sherin
5012rocks
5012oz
5012mykids
5012lnr
5012bo
5012MAMA
5012973
501295
50129402
501292
5012911
50129010128
5012900541
5012900
50128841333000
5012866
501286
50128505012850
5012849
5012840
501282g
50128080
501279
5012787
501276
50127347101928
50127223
5012716f
501270112
501270052
501270037
5012688092
5012680
501267
501266
5012647
5012626
5012610845
50125waibling
5012594
5012581
50125750
50125598
50125537
50125528
5012550
5012547
50125460238
5012545
50125390102
501253
50125260140
501252022
50125119
50125102
5012507
5012501245
5012500936
50124911
50124906
5012489
50124830
501247411631
50124723
50124651
5012453
50124509
50124437
50124418
501243
50124215
50124170324
50124170223
50124160142
50124140
5012410018
50124075
5012403635
50124010131
5012399
50123977
50123966
501239
50123802
501236char
50123640
50123619
50123600213
50123578
5012352119
50123504
50123501
50123490206
50123490107
5012349
5012348
5012345
50123419
501233a
50123390127
5012337
50123330452
50123330423
50123330133
50123330124
501232g1
50123256
50123250111
50123240
50123211
50123180244
50123180209
5012317
50123150129
50123121030
501231099
501231016
50123079
50123070130
5012305
50123040124
50123023155
50123020144
50123020129
50122907
50122857
50122841115
50122827
501228039
50122765123
50122764050
50122758
5012271
50122690
50122660129
50122659
5012263
50122590
50122554
50122530104
5012252221
501225
50122487
50122444
50122420121
5012233
50122309
50122276
50122241
5012215004
501221028
501221005
50122080207
50122020125
50122009
5012200310
501219780208
5012195
50121921
5012185r
5012183
50121718
501217053
501216768
501216201
501216128
501216
50121529
501214762
5012144
50121353012
50121340
50121313
501212914
50121271
50121250zman
5012123
50121194
5012110149
5012110094
5012110030
5012104630
5012103345
5012103270
5012102348
5012102339
5012102008
501210158
501210140
5012101381
501210060
50121004903
5012099
50120862
50120815
50120740
5012071
50120690
5012064
5012055024
5012051021
501205
50120432
5012032
50120279
501202555
501202041134
50120108
501200a
50120047
50120025
501200071151
5011town
5011nov
5011m10026
5011dmf
5011_07
5011996
5011988
5011985
5011981
50119734
501197
5011965
50119604
50119437220931
501193126
501192135
501192122
501192102
5011918pt
5011905986
501190
50118676
50118611
50118593
50118512
5011837
5011829
501181992
5011811237
501179503
501177621176114
50117717
50117616J
501176
5011740
501172339
5011718
501171079
501171075
501171055
501171002
5011704
50116990044
5011691jb
501168
50116728
50116720102haha
501166037
501165
501163
50116210
501162
5011604020
50116012037
501160005
5011598
50115815
50115785
501156
501155149510
50115500
50115484
5011544
5011531774
501153085
501153060
501153004
5011526216
5011526107
501152317
5011512
5011511116
5011510866
501151012
5011509055
5011507554
5011507018
5011505855
50115032
5011501425
5011501112
5011501018
501148489
5011470
50114645
5011461
5011456501
50114542020
50114512039
50114511
5011450
50114411
501143501143
501143186306
50114313
5011430708
5011429759
5011429049
5011425972
501142502
5011424040
50114236
5011422010
501142
5011417648
5011416
50114131
5011412094
5011410692
5011410528
5011410003
501141
5011409504
5011406567
50114043089
5011402533
5011401248
50114008
50113917
501138
501136
501134
501132451d
5011317
5011314
5011313034
5011312120
5011311007
5011310710
5011310023
5011309936
5011308896
5011308474
5011304739
5011301420
5011301108
5011301034
5011301
5011299
50112956
50112911
50112820109
50112820043
50112820025
50112774126
50112774050
50112772090
5011269
50112558666
5011255
50112528
5011250018
501124958123
501124858780
50112470056
50112460076
50112460031
50112442036
5011242
501124115
5011240
501123890
501123852
501123749
50112359
501123553
501123478
501123336
5011232
50112309
5011230
501122803
501122684
501122637
501122579
50112253
5011224
50112227
501122219
50112219
501122129
5011221051
501122039
501122002
501121268
5011210373
5011210325
5011210301
501121011
501121007
5011210059
5011210034
5011210022
501121
501120718
5011206009
5011205326
501120425
501120402
5011201893
50112010046
5011200580
501120028
5011194
50111920
50111848
50111721
50111615
501116058
50111533
50111527
501115010
50111491
501113mo
5011139
501113783
5011135
501113
50111269
5011120326
50111160
50111152
5011112529
501111160
50111106005
501111040321623
5011110307
50111102044
5011110131
5011110060
5011110020
501110ed
501110722
50111053
501110285
50111025467
501110247
501110139
50110972
50110923
501108555
501108105
5011064
501105a
50110594
501105002
5011049
50110435
501104122120
50110412
50110409
501103521262
5011033009
50110301490
501102547216
501102134104
50110205
50110181
50110152
50110131
5011011121
5011011002
5011010904
5011010856
501101082
5011010120
5011010
50110057
501100557722
5011003
5011002
501100158903
501100157223
50110010116
50110010024
501100
5010riley
5010p@r@v0z
5010ma
5010josh5010
5010999
5010994645021
50109677
50109634655
5010963147
50109610
5010955211537
5010947
5010938
5010920023
501091
50109010337
50109010211
50108951
5010891n
5010877
5010867
50108562
5010837
501083354
501082
501081282
501081089
501081010
5010801149
5010801078
5010801065
501080
501078070
5010775
501077182
501077140
501077066
50107689
50107606
5010759180
5010758018
5010750049
50107483
5010748027
50107317
501073122
501073
501071470
501071429
501071222
501071193
501071140
501071126
501071009
5010710041of
5010708
50107039
50107
50106830
501068
50106677
5010650108
501065
5010648359
501064597
5010640158
50106376
5010627
5010613734
5010613017
5010611050
501061064
5010610228
5010610110
5010610
501060164
50106010056
501060
50105pp
50105ll
50105962
5010585
5010577
5010563145
5010551306
5010551215
501055
5010540226
5010534
50105287
501052323
5010520087
501052
5010515023
50105147
50105133
5010513023
5010510254
501050915
501050696
501050
50104926
5010471
5010467
5010456
50104405
50104395173053
5010434
501043
50104200
501042
501041074
501041032
5010410022
501041
501040139
50104010233
5010397
5010394
5010390
50103720
501037
5010363363
501036
50103574cd103
50103558
50103467
50103374s
501033008
5010323
5010318
501031598
50103158
501031439
501031298
501031196
501031168
501031063
50103101294
5010310003
501031
50103070345
50103033
5010302
50103010320
50103010104
50103010037
5010300
50102rabia1993
5010294
5010283007
5010276
50102745
5010270
5010264002
50102565
50102531
5010250077
501024613
501024505
501024273
5010236
50102305070
50102189
5010211041
5010210617
5010210445
5010210218
5010210033
501020822143
50102010776
50102010257
50102010237
501020031
5010195
501017091
501017
5010163607
50101609
50101583
501015
5010144336
50101428
5010135401035
50101310
501013003
5010127
5010125410116
5010125410083
5010123418122
5010123316096
50101233
501012045
501011995
5010116
501011530
501011436
501011337
501011313
501011220
50101119
5010111031
5010110703
5010110644
5010110609
5010110472
501011035
50101103021
5010110217
5010110113
501011007
501010426
5010103
5010102113
501010196
50101015
5010101308
501010110
501010089
501010066
5010100
5010099
50100851
501006love
5010063062
501005979
5010055
5010052
50100501
50100462
5010039
50100281
5010023
50100186140
5010016
50100148137
50100145128
501001418
5010011749
50100104114
5010010
5010004
501/110
501-2124
501-1152
500zigg6
500xcmbo
500x500
500wood
500wedge
500watt
500w148
500vcstmnti
500vacio123
500tob
500teng
500teamo
500tammy
500swimmer
500suzuki
500stars!
500sstrail
500sportsman
500smwr
500smackers
500slfreered
500shelby
500sheep
500sgrant
500sa
500rubicon
500river
500ram
500pounds
500pigs
500pesobill
500peeba
500numsue215
500ninjas
500mtssprint
500more
500montg
500ml
500million!!
500milkpkpk
500mile
500meter
500marque
500maher
500lvy
500lpl]500;jhki5
500linhas
500lexpad
500lagartijos
500kiss
500kimmi
500kcmil
500joias
500jim
500jeffrey
500irma
500ihd500
500hp18
500horse10
500halo
500gto
500goose
500gat400
500ftp
500freddie
500euro
500ent
500emd
500egs
500eastoak
500dragons
500dollars
500daisy
500cuban
500cookies
500channels
500cents
500cecil
500cascada
500bucks
500blocck
500benz
500bench
500bearsinatree
500avp600
500ashwell
500af23
500a51
500a300
500Yamaha
500XMEN
500TripleH
500STANTON
500REJINA
500LUISJJ
500H2O33
500GCJG
500CCDELOLAS
500ART
500@so-fa-ki#
5009pa
5009lm
5009WIPP
5009L
50098w
5009891
500988453
500986
5009818218
50097jb
5009755
5009716
500969585gbm
500967502
500965366
5009652958
5009652578
500965019
50096275
50096165650860057245
5009612911
5009610juice469
5009570
5009554
50095144
5009487
500946492
50094396
5009413
5009401
5009377
50093300
5009322
500929
50092535
500925
5009222
500920183
50091987
5009175
5009164
5009157
5009150
5009144
5009110
50091091
5009104s
5009101308
500909785
500909130
500908rica250908
50090692
5009063
5009049
50090417
500903
500902637
500902226
500901895
5009016
5009007694
50090
5008tc
5008remix
5008jmfxc
5008dlss
5008aadut
5008SMH
500899
500897s
500896
50089403392232
500893k
500892120
50089+david
50088793
5008843
500884035
5008833
500882
500880141134
5008788gaara
500876
500874
500872
500871
500868
50086682
500865
50086
5008548
5008532
5008524
500850623
50084bapti
500847589598
500844
5008430Schatz
5008412
50083960
50083633
500833
500831091
5008292
500823
50082021
50081986
500818
500817106
500817038
500815066
500815031
500814*s
50081249
500812
5008113003
500811201212
5008111044
500811034
5008108304
50081045
500810331
50081022
5008101313
500810048
5008100012
500809
5008070186
50080630
500805
5008031phsp/b
5008023
500802
5008010047
5008010021
500800700
50080045
5008001
5007zw
5007r
5007omega
5007b
500797
5007890
5007840aldi
500783abc
5007791
50077838266
5007777
500775
50076641
50076136
5007589
500758
500756
50075264
5007525
500749
500745471
5007432
500739
5007383
50073717
500736
5007323
500730830050
500730
500727
500724
500722
5007212p
50071950
500717
5007159
5007130713558
50071212
500712
5007116
50071038.
500710179
50071017
5007101035
5007100080
50071
500709
5007076
5007072001133
5007063
500705t
50070540
500704
50070302
5007030
500702571877
500702469093
5007021
5007017
500701001
50070057
5007003238
500700118
5007!
5006kate
50069ck
500697su
5006973
500693b
5006927
500692
500691
50069
50068858
500686
500684
5006821
5006815
5006790
50067832
5006755
5006739
5006720196
50067
5006699
5006656
500665
500662
5006612088
5006609
5006600lusi
5006585
5006563
5006545981
5006536535
5006520224
5006514
500651
5006502545
500648
500647
5006466
50064514
500642++
5006411929
50064
5006392
5006373
5006360
50063570
500633
500632
5006309
50063
500627ps
5006254
5006241
50062381
50062300123456
5006203
50062020511502026005
5006202021
500619ga
50061933
500618
50061711
5006168321
50061537
500615012
50061403
500614
500613255
5006130
5006128606
500612258
500612047
5006115959
5006109291
500610677
500610568
5006105076
500610460
5006104352
500610366
5006103372
5006103339
5006103313
5006102360
5006102238
5006102118
5006102037
5006101388
5006101320
5006101312
5006101042
5006096605
5006091663
5006081243
500608
5006076268
5006072606
5006070527
500606707
5006058522
5006054717652796459
500605469993
500605468859
500605
5006048
50060458
5006038029
5006034747
5006030117
500602471547
500602470600
5006022817
5006020241
500602
5006018864
50060141
500601072555
5006010058
500600900200
5006006
5006004948
500600400
50060036
5006001365
50060
5005yfyvg
5005ra
5005nmb
5005mrouo
5005j,lm
5005deming
5005berrym
5005ER
50059604
500595
50059266307
5005916500
5005902m
500590
5005898petu
50058846
50058774
50058665
5005845
50058338
5005816
500579
500576021
5005759k
50057412
50057387
500572291.1964
500571moterman
50057015
500570
500566
5005653241
500565
5005639
500562
5005603
500558
50055541
5005550
5005538
50055140
500550e
5005506
50054t14
5005489453
500548
50054546
500543870110
50054188
50054100m
50054005
500538/KR/12
500536
5005352
500532pook
50053254
5005321
500531206
500531084
5005310
5005300
5005287
5005270
50052625
50052511789
500525
50052312
50052221
5005202202
500519
5005144
50051400
50051217
50051162
500510ja
5005108022
5005107
500510406
500510251
500510167
5005101408
500510127
500510072
500510030
500510
50050971
50050882
50050751
5005063
50050568
50050501
50050401121
50050401040
50050366
5005035
5005014823
5005013288
500501166
5005010995
500500ls
500500ee
5005006
5005003
5005001721
50050010
5005000131
5004tony
5004jliaa
5004dowt
5004aja
50049948
50049876
5004982
50049499
50049239
50049182
5004908
5004878
5004866
500485KR
50048500
5004842
5004811
5004800115
5004777
5004763
50047593et
500475425m
50047470
50047431
50047119
500471
500470
50046878
500468
50046700
50046551145
50046534
5004627016
5004618
5004600567
5004600445
5004600362
5004600175
5004577
50045505
50045452
5004531
50045277
50045179
50045087
5004500026
5004499
500449
50044765
5004470
50044610142
50044565
5004433
50044170117
50044110
50044087
5004405033
5004400017
50043980181
500439
5004388
500437
5004366
50043564
50043496160
50043494132
5004346b
500434
500432
5004300477
5004300222
50043000
500430
50042952
50042901
50042741potato
50042614
50042380262
50042380151
50042311
5004220001
50041988
500418k
500418*
500416
500415
500414
50041273123
500412
50041151247
50041126
5004107308
5004105335
5004104355
5004103343
5004103018
500410137
5004101044
500410081
5004100160
5004100021
50041
50040990
50040901251
500408048
500408
5004076
500407282
50040672
500406471692
5004063001007
50040628
50040569
50040501327
50040498
500404771404
50040445004044
50040428219
50040424234
50040424204
50040416
50040369
5004034
50040305118
50040302253
50040281120
5004026
50040256101
50040249303
50040249131
50040235220
50040234211
50040220102
50040210157
50040210111
500401849659
500401470135
5004010222
5004010196
5004010127
500401
50040084
500400600
5004005138
5004004494
500400123
50040003149
5004/76
5003puppers
5003marv
5003abc
5003DAKOTA
500399
500397
5003946
5003900028
50039
500388
5003866
500384
5003835
500383
500382
50038
500377j
50037662
500373
50037088
5003696
500368
50036560
5003614236
50036061
50035rr
500358
5003548
50035386
500352gray
5003510566
50035064
50035023
50034901
50034637
5003457
5003451
500342jc
5003415a
500340v
50034010
500338
5003362
500336
50033533
500333839w
500332
5003304
5003303010
50033008
50032949
5003286
50032689
50032552
50032482007
50032416
500323b
50032343
500321
5003200068
50032
50031920
5003180
50031677
500316
500315
50031468
50031412
5003134peace
500313
5003121
50031114
500311
5003104353
5003103347
5003103311
50031020109
500310038
50030GriS
500309472365
5003088joj
50030803962526
50030762
5003074126
50030722111986
5003067476
5003063327
5003056289
5003055646
5003051819
500304470048
500303440
50030306
5003028981
5003025292
5003022992
50030202
5003019196
50030168
5003015566
50030132
5003013057
5003011466
5003011
5003008
5003005054
5003003711
5003003380
5002wdg
5002siwl
5002necha*
5002laglooc
5002hampton
5002cba
5002ala
500298abm
50029759
50029698
50029611
50029537
50029421
5002937
500293
500292
5002917
50029159
50029070
500289
5002883me
5002879ahc7je4w
50028721
5002861
500286
5002823
50027gzmd
500277525
500276
5002749
50027320
50027236
500271bef
500271
500270
50026913
5002686318
500268
5002648
5002622
5002620
50026185
50026027
50026
5002597
5002579
5002561
5002557
5002544
500253
50025220
5002520127
5002520032
5002512985
5002504263
50025008
50025003
500249
5002480
5002475282
500247
500245jk
500245500245
5002442
50024290
50024156
50024037
5002394
500239
5002361
50023491032
5002318
500231075
50023100464542
5002305
50023016
50023
50022875
50022804
50022531r
5002239
500223
50022243
50022181
50022144
50022
5002190709
500215933
500214880950
50021432b
500212emk
500212043
50021180
5002109345
50021053
500210319
500210170
500210116
500210091
50021006
500210042
5002100335
500210029
5002100205
5002100172
5002100113
50021001
5002100069
5002100022
50020sisi
50020999
5002094968
50020921
5002080m
5002075959
5002062916
5002060
5002059508
5002054459
50020452
50020407
5002039815
5002035904
50020345
50020325
50020301
5002029774
5002021
50020201001
500202
50020148
50020110102
5002010527
500201004
50020072
50020052
500200470740
5002004090
5002001
5002
5001qiqi
5001mmm
5001mc
5001kia
5001drea
5001bw
50019955
50019799
500196th
500194042
500192027
50018lu
5001894sr
50018881
50018694
500184852074
5001828
500182
5001800018
5001789l
50017851
5001766
500175acdc
500175
50017481
50017427
50017371
50017280
50017270
5001723
50017228
5001710734
50017079
50017
50016869
5001680577
50016734
50016711
50016608
50016487W
50016354
50016246
500162
5001612505
5001611
5001603
500160022
5001600105
5001593
50015905
50015844
50015830
50015821
5001561804
5001555
50015463
50015268
5001522
500151
50014984
50014834
500148
50014711
50014628
5001455
50014515
500145
500144222
500143
5001427
50014214
5001415966
500141
5001401
50013980266
50013922
50013867
50013787
50013721
5001368
50013666
50013634919
500136
50013566
50013550
50013532
50013522
50013518
50013494167
50013492186
50013492128
50013488
50013435
50013426857460
5001337
5001323
500131501
50013105
500131
5001308
500130123456
5001300036
50012954
500129
50012833
500128081388
500128
50012791
50012756
500126
500124k
50012459
5001240054
5001238
5001231
50012287
5001221
50012187
500121376
5001210996
5001210637
5001210415
500121
5001208
5001204
50012012
5001200120
50011988
50011914
50011909
50011902
5001189
50011816
50011810413
50011810189
50011810119
5001180596
50011798
50011712325
50011712127
50011710043
5001170207
50011676
5001161
50011532
50011511091
50011511060
50011421076
50011420047
50011411117
50011411049
50011410127
50011410046
50011410016
50011371
50011335
500113255
50011320080
50011316050
50011315859
50011315657
50011315448
50011314190
50011314150
50011313218
50011313089
5001130973
500113
50011295
50011259
50011236
50011222114
50011214058
50011214035
50011213270
50011213217
50011213032
50011212117
50011212089
5001121049
50011210159170231
500112018
50011175
50011136
50011126
50011120039
50011112004
50011110034puntip
5001110012
5001108329
5001108183
5001108070
5001107393
5001107214
5001107098
5001105xxx
500110558
5001105336
50011052
500110492
5001104020
500110363
5001103014
500110260
5001102427
5001102402
5001102315
5001102164
5001102007
500110175
50011015003
50011012
50011011301
50011011256
50011011039
50011010885
50011010873
50011010783
50011010702
50011010675
50011010585
50011010519
50011010439
50011010329
5001101004
500110087
5001100426
5001100169
50011000
50010984
50010975510
50010971376
50010971227
50010970625
50010970365
50010919956
50010919597
50010919489
50010919371
50010919
50010918
50010916534
50010915161
50010914226
50010914088
50010913077
50010913031
500109128845491686
50010912835
50010912622
50010912222
50010912206
50010912062
50010911302
50010910127
5001087971
50010860
50010856
50010823
50010810446
50010810234
50010810047220888
500108
50010799
50010736
50010720022
5001072
50010710061
50010707
5001066199
50010645
5001061679
50010587
50010561
500105471235
500105469669
500105469381
500105205161234
50010514025
50010513524
50010513051
50010513028
50010513012
50010512587
50010511566
50010511506
50010511062
50010511035
50010510599
50010510041
5001050165
5001047975
5001042703
50010413
50010410086
50010410074
5001041003
5001040855
5001039899
50010390
50010371023
5001036952
50010361
50010345
5001032340
500103198707094426
50010310444
50010310414
50010310232
5001030419
5001029j
50010252
50010249
5001024
5001023123
5001023047
5001022424
50010215615
50010215586
50010215540
50010211366
50010210507
50010210333
50010210250
50010210204
5001021010
50010205
5001018752
500101752
5001015568
50010143
5001013047
5001013001
500101269674
50010123
50010120514
50010113532
50010112022
50010111534
50010111
50010084
50010068
50010058kung
5001005
50010023
50010006
5000wheels
5000strokes
5000sh
5000rpm
5000new
5000love
5000lin321
5000lacs
5000kerm
5000forreal
5000dra
5000dh
5000db
5000block
5000at5000clear29
5000am
5000_lalo
5000Mikey
5000Asdf..
500099
500098091
5000948
50009137
50009055
5000898
50008926
50008916
5000884
500088
50008676
50008632
50008558
50008460
50008338s
5000819819819
500078
5000766
5000750t
5000750
500074
500072
500071
50007051
50006955
500068
50006745
5000664
5000659
5000648
50006424
50006358
500061sik
50006163
500061
500059colded
50005969
500058190
500057
50005633
500054
50005330
50005274
500052027
500051547
50005060
50005048
500050009
500048m
50004769+39121620
50004721C
50004596
500044d
500043j
500043482
5000425
500040m
50004000200
50004
5000373
500036
50003534003
500035
50003341025
50003270004
50003161012
500031067
50003017
50003000
50002947
500027883
50002574
5000250
500024
500023
50002261
500021402
5000202
50002
5000192168668
5000189
5000174
50001692
500016211
500015383
50001443
500014
5000123m
50001219
500011676
50001062
500010400
5000100
50000985
5000089
5000070
500006959
5000060233
5000057
50000500
500004565
500003a
5000024307
500001933032795
50000182
50000169
50000128
500000y
500000DNAQDP
5000008
50000069t
5000001
50000.
500/104
500-love
500*a**a
500%jesus
500 mbo
50/CENT
50/91.2
50/50
50/4.4
50/2429+
50/147
50.pence
50.60.
50.....
50-pense
50-ngaw
50-gloucester
50-cent442
50-King!
50-948730
50-50sk8ter
50-50grind
50-40-30
50-029skate
50+blue+cent
50*g.e.g.s.
50*cent08
50*83*83
50((3r2
50%smelly
50%nigger
50%juice
50%isbet
50%drimtim
50%cool
50%bluesky
50%angle
50%angel,50%devil
50%ANGEL50%DEVIL
50$xever
50$cent
50$amor
50!xu!n
50 sent
50 is back
50 cnet
50 cent257
50 cent07
50 cen
50 CENT!
50 74
5/two/1991
5/nenawapa
5/may1991
5/callum
5/NIht
5/9/95
5/9/91
5/9/1988
5/840ok
5/8/1994
5/8/1990
5/8/1980
5/7/95
5/7/90kp
5/7/80
5/7/1994
5/6s1
5/6/93
5/6/91!!a
5/6/89
5/6/12
5/50-52
5/5/92t
5/5/89KD
5/5/1987
5/5/1984
5/5/05
5/4q04su6
5/4LPIJ
5/43cl/c
5/423293
5/4/92mybday
5/3love5/5
5/31/95
5/31/90
5/3/1991marta
5/29/91s
5/28/06
5/27/06
5/26/92
5/26/05
5/25/89/de
5/24/1993
5/23/1992
5/212007
5/202598
5/20/90lm
5/2/92
5/2/2002
5/2/1994
5/2/1986
5/17/93j
5/17/1995
5/16/90m
5/15ma
5/15/99
5/15/1995sopita
5/13/02
5/12/97
5/12/95
5/12/90
5/12/34*
5/12/2522
5/12/1997
5/12/1992
5/12/01
5/11/93a
5/11/33
5/101987
5/10/93
5/10/91
5/10/81
5/10/1995
5/10/1988EMARY
5/10/06-b&n
5/1/91
5/1/1995
5/1/1993
5/1/1/0
5/1-4/1
5/05/89
5/01/92bhprpa
5.townsend
5.star
5.pattycakes
5.nov.90
5.n3.s18.ns
5.mpcjo
5.monkeys
5.m44.o
5.l.69:.
5.junio.90
5.isys
5.ggustafssonn
5.dead
5.STAR
5.AVRIL
5.9shan10.4ellie
5.9jeep
5.9.8-2.0-bevy
5.80.b_
5.8.1969
5.7litre
5.7HEMI
5.7.06
5.628197210
5.5rey5na5.5
5.5936s
5.525.830
5.5.1996
5.4yocc
5.4.87
5.4.1994
5.3litertiffany
5.3.96
5.3.1993
5.289.241-7
5.25.1991
5.2.8@.
5.2.1981
5.16.08
5.123
5.12.1996.god
5.11.91
5.11.1994
5.10jfub
5.10.2007
5.10.07
5.1.1979
5.0jeep
5.0Stang
5.02chica
5.0.8.
5..gabyzea
5-temys
5-silvstedt-5
5-sexy
5-rules
5-qnCaZJ
5-point
5-mile
5-ladywell
5-junio-1979
5-hole
5-fold
5-familia
5-agape-5
5-9-91
5-9-1990
5-8-23
5-7-88
5-7-05
5-6KILLADEW
5-6-87
5-6-1992
5-5-90
5-5-1995
5-5-05
5-4girls
5-33646960A
5-3-91e
5-2groova
5-29-03
5-27-89
5-25-88-06
5-24-93
5-23-93
5-22-65
5-22-08
5-21-94
5-2051000
5-200
5-20-91
5-2-07crusader
5-199313-7
5-19-92
5-19-07
5-18-93
5-18-06
5-16-1994
5-15-93
5-14-83
5-14-1999
5-13-1996
5-12-90k
5-12-90
5-12-03
5-11-30mee
5-10-92
5-10-89
5-1-93a
5-1-91
5-1-1995
5-0mofo
5-09-1976
5-04-91
5,ystla
5,jalan
5,eresmivida
5,alfabeta
5,BONITAROX,BLA
5+aday@
5+956+5
5+6446369
5+5is10
5+5es10
5+5=cuarenta
5+5=10
5+5+5+5
5+44ever
5+3v3n77
5+2+3+2+5++9+6+
5+11+94
5*yuri*5
5*star
5*rini
5*lc**
5*kan&99
5*gymnast
5*fsplash
5*enero*1993
5*champs
5*booty
5*Tiger
5*9=8+U=me
5*8luis
5*5preciosa
5*5*5*5
5*4*35*
5*2*4*5
5*12*96*99*
5*-2luv
5**Leavi**5
5*****star
5)soulonfire
5(bubbles)
5'CALIBER
5&G00dwin
5&0=8%9!
5%pleasure
5%economics
5%award
5%6^7&
5%2$3#1@8!436572
5$whore
5$s117
5$erie$5973
5$Kanelii@1Is.
5#5dan
5#%sekane
5!v!@baabturtle
5!otter5
5!d3k!ck
5!M0N_R4$$Y
5!3gFR!3d
5 waktu
5 sterne punk
5 knights
5 is better
5 duece
5 de mayo
5 bestari
5 april
5 _15
5 836291
5 5 5 5 5
5 238723
5 2 4 1 1 0
5 15k
5 152
5 150
5   1   5
4~vg#70MC
4~nana
4~92+gsq
4zzy rules
4zyaira
4zxcvbn
4zx2RfF
4zuz4
4zumone
4zuc4r
4ztfq7un
4zt3k4
4zrk2hcw
4zpg092
4zorn1
4zoomonkey
4zomohala
4zoezoe
4zoendh
4zoechid
4zo_5t0n3d0ut
4znptn
4znpride
4zn1nv4zn
4zll53ll
4zjmvvzbb
4zixi4
4zithere
4zisekud
4ziggy
4zh43l
4zeyzey
4zero0
4zephania
4zena2
4zeeke
4zebras
4zd2p6
4zbiu86
4zayvion
4zatie
4zariyah4
4zaniel
4zanella
4zalyca
4zakara
4zahzoo
4zaharah
4zacky
4zackary
4zachnmw
4zaWstBf
4za02sar
4z9573
4z7dm30
4z77k0kostia
4z6904q
4z4rempp
4z4nt3
4z4l34n4p121l
4z4da6
4z49wi5
4z41nm1n
4z23v435
4z1ck5di
4yyppiizz
4yxci4pd
4yvhm6t6
4yuzsuzyurek4
4yurlove
4yups1
4yuobaby
4yunamas1
4yumylove
4yubawa
4ytjnu2b
4ysme8bqz
4yrxpjl
4yrsna
4yrs2good$
4yrs()cheer
4ypl628
4yoyos
4youugly
4youtomiss
4yousaf
4yoursister
4yours
4yourmother
4yourhoes
4youreyes
4younotsur
4younme
4youni
4youngin
4youmylove
4youmom
4youlove
4youjesus
4youiwill2
4youidie4me
4yougod
4youboy
4youblue
4youandy
4youand4me
4youLIZ
4you789
4you4ever
4you2nvme
4you2love
4you1special
4you13
4you&me
4yoshi
4yopeeps4
4yokl4
4yoglory
4yodaddy
4yoass
4yo4yo
4ynd3nlum
4ymmbpk
4ymitbik
4ymir'LN
4ymiobfk
4ymil6fksPb\\'
4ymikobK{N
4ymikiy9oN
4ymikIu
4ymik;]yp
4ymiit9oN
4ymigf=
4ymifk8y[
4ymibomiN
4ymibL11
4ymi=yp
4ymi4y808
4ymTobKpN
4yllikriiI
4ylik4iIN
4ylKicridg=bP
4yk37h
4yj4zlhgi9qw
4yipcho
4yhjn
4yf1m38hfb0
4yeyi4
4yeurl
4yesac97
4yenetto
4yellow30
4yell4
4yearsoflove
4year
4yeahbitches
4ydful^jl6-
4yd5qL
4yccalifas
4ybut2
4ybshawty
4yb39c
4yasmin4
4yarbrough
4yankee1
4yaninra32
4yamoms!
4yamaha
4yakini
4yahyah
4yahi24
4yagirl
4ya2ri2
4yITb4k
4y@4&gor
4y=ibomiN
4y8ws5
4y8oyomoN
4y8i;bm
4y8;blk-N
4y85g3
4y7love
4y7100cjbkmg
4y607011985
4y5leilani
4y5esperanza
4y4xa1182
4y4nkr3v4
4y4h4by
4y4648530
4y384i
4y1ilove
4y12903
4y,=ekp6mt
4xzpf2e
4xyu22pz
4xxxx4zzzz
4xxrachxx4
4xx2mx6
4xuax2y3
4xthefun
4xskkxskk
4xrays2go
4xpress
4xoxo4
4xnana
4xminis
4xmarried
4xlwd4bm8igq
4xlove
4xkb3d
4xiximaru
4xiomara
4xilssex
4xikititas
4xi1594ar
4xfs7
4xfelon
4xer933r
4xecxk3
4xdinamo
4xctte
4xcb6aya
4xbox2
4xb609
4xavor
4xander
4xallday
4xai333
4xaaaa
4xVwY
4xVictoriax4
4xKCmg5p
4x96ozco
4x7ufb3e4
4x7pactos
4x78q
4x6120
4x5erreway
4x5912
4x4z71
4x4v8hemi
4x4truck45804
4x4sniper
4x4rider
4x4records
4x4princess
4x4path
4x4offroad
4x4morocho
4x4metal
4x4k12
4x4ingisfun
4x4inAK
4x4hearts
4x4go
4x4eq69
4x4crew
4x4col
4x4chick
4x4bronco
4x4bb9
4x45928
4x44x4
4x44wdfun
4x44eva
4x4442
4x4222
4x42111914x4
4x400m#1
4x3x4x7x
4x3d9p8
4x337e
4x2x0zz
4x2icesz
4x2cdu
4x24790
4x1champ
4x10crip
4x(36_48
4wynstvn
4wyatt
4wxx327
4wx9m25
4wx4yz
4wwe4
4wvqh2pw
4wuya6
4wu18
4wtj57k
4wt8km26
4wslam
4wrong
4written
4wrd3st
4wox009
4worned
4woowoo#
4woofys
4woody
4woodfield
4wood27
4wonderman
4women1man
4wolverine
4wolfamotha4
4woahnawardy
4wnara
4wjjw4
4witsrLo
4wipgi4
4winter37
4winston8
4winny
4winner
4wingsoflove
4windex
4wimauma
4wilson
4wilmaworm
4willys
4willie
4william4
4willard
4wildlife
4wildeboertjes
4wijojael4
4wii1992
4wiggler
4wield
4whyruhere
4whsikey
4whore
4whodie!
4whm7v/
4whjcXnP
4whitewate
4whites
4whitellw
4whitehall
4whisper
4whfld
4wheller
4wheler
4wheelmax
4wheeling7
4wheelin63
4wheelers1
4wheeler7
4wheeler21
4wheeler13
4wheeler.
4wheel05
4whatyo
4whatever4
4whaat/
4wh04072
4wgjcz2
4westvinestreet
4westleyd
4westglen
4wesomeGod
4werock
4werhere
4weras1
4wepre4
4wenguda
4wen4y
4welcomes
4wel55lt
4weishan20
4weezy4
4weeman4
4weelgal
4weeks
4weed2
4weddellg
4wear1_2get
4wdtrdv6
4wdriving
4wdist
4wdcglove
4wdaction
4wd1q9
4wcgordon24
4wayne119
4waygutta
4waybludstaz
4waybb
4waxut
4watnuts
4wathnkp
4water
4watana
4washington
4warrens
4warning
4warmth
4ward45
4ward2007
4wantbaby
4wanderlei
4wanaque
4walter
4walnut!
4wallsball
4walkers
4waikato
4wahcacl
4wade3
4w_2pr_oql
4wLomtw4
4w9tym49
4w7gxj
4w5j0y3
4w5a6r6j0c5
4w50m3
4w4wjw
4w4lh
4w48813
4w3nytib4
4w31il
4w2m7d
4w1i4gi5
4w132781
4w03h151
4vyr45
4vxy122
4vx065eb
4vwsu6ro
4vvvvv
4vuitt0n
4vsdax167
4vrpmpn
4vrhis
4vquySo7
4vq8g4xn
4vou7ixi
4voncile
4volley2
4volcom
4vnsfphm
4vmsqueen
4vl7nrx0
4vix826
4vivi7sol
4vita!
4virgo59
4viradadoavesso
4vinny4
4vinguyen
4viewsonic
4viet03
4vienna
4videos
4vicoc
4vickie
4vgmqkup
4vette
4vervelia2
4vernon
4vermio
4verlinda
4verizon
4veritas
4verbales
4ver1720
4ventress
4ventilive
4veir0
4veggies
4vedas
4vecescuatro.
4vdf72c
4vblues
4vapxj
4vaneffen
4vanderpool
4valoray5
4valentine
4vagos
4v8nmD
4v6t81B6
4v522e9sz9
4v4ng4rd3
4v4l0s
4v474r3736
4v3l1n07
4v3f3nlx
4v3c355u780
4v2laura
4v184v18
4uzuib
4uy4wf
4ux4x
4uwena
4uvishal
4uva91
4uun3hf5w7
4uuh4u4w
4utt008
4utonv
4utoknowmn
4utm41d41,
4utiny
4utheworld
4uteary
4utait
4utaeaa8
4ut8yzl6
4ut0p14
4ut$tr1fe
4usven
4usumi
4ustr4li4
4usteven
4ussie
4usonly
4usnavy
4uskylor
4ushorty
4usexy1
4useinaustralia
4usbyus
4usala61
4us2sos_mj23
4us2no
4us2Live
4ursho
4urolltide
4urmomma
4urlovefr
4urlife
4urisonl
4urick
4urhair
4ureyna
4ureyesonl
4urbutt
4uranus
4ur8u33k
4ur1ck8a
4ur0r4140988
4uqzouhe
4uprince
4upperfieldway
4uphen
4uperm2n31
4uoyevoli4
4uonly73
4uo15117
4untrapidist
4unt34m0
4unpoco
4unot2no
4unot2c
4uno420
4uno14
4unme2
4university
4united4
4unicorn
4ungu
4unek5
4undertaker
4unc610
4unana
4unaa
4un431ne
4umypet
4umyluv
4umydear
4umrtnz!
4ummy4
4umike
4umeador
4umalover
4umagoo
4ulord
4ulillie
4ulena
4ulalla
4ul14n4
4ukub1tch
4uktrey
4ukno16
4ukilroy
4ukavenlee
4uka296
4ujosh
4ujappj
4uiwrite
4uiwould
4uiwillb
4uiwill2
4uiwil
4uitry
4uinfullblossom
4uimcute
4uim993
4uigonuts
4uie247
4uican
4uiamtrue
4ui9tqtz10
4uhottie
4uhoes
4uheka=a
4uhaters
4uh2nvmeh
4ugroklutsik2
4ugiamedelinatq
4ugators
4ugar
4ufkl4rung
4uellen
4udonlyboo
4uczjat
4uckhoz07
4uchrist
4uchenbl4e
4ucentt
4ucd150389
4ucandygirl
4ubuster
4ubs7ou
4uboyz
4ubigL
4uband
4uaway
4uart1ca
4uanilu
4uandu1seeu
4uandre
4uan3vr
4uallwillbestrng
4ualexa
4uaintshit
4uTumn
4uSeofLOOKIN@Pix
4uMark
4uFishY
4u9uanda
4u8ntme
4u864e
4u83jbk2
4u7ksxra
4u6yje
4u6u5t
4u6kata
4u5tlass
4u53a019
4u4urska
4u4ulina
4u4tru
4u4me4us
4u4me4emo
4u4ever00
4u4EReph
4u3rn1ouz
4u3ocqwz
4u3ccw
4u2xsa2z
4u2uacib
4u2touch
4u2smile
4u2share
4u2pon
4u2pin
4u2nwe
4u2nvv
4u2nvthis
4u2nvmee
4u2nvme4life
4u2nvme123
4u2nvm
4u2nvi
4u2nvenemy
4u2nvbitches
4u2nvag
4u2nv73
4u2nv2dhawk9
4u2nv1984
4u2nv06
4u2nv007
4u2nv***
4u2ntr
4u2no
4u2njoy
4u2nfe2m
4u2me
4u2m2
4u2lovme
4u2lovee
4u2l3av3
4u2hat3
4u2grip
4u2gi69
4u2getin
4u2findout
4u2envynow
4u2ekzas12
4u2dzr
4u2dance
4u2cw2k
4u2cme18
4u2cdrgas
4u2cbye4
4u2c808
4u2bornot2b
4u2bmine
4u2bj69
4u2bforgot
4u2bee
4u2bcm1
4u2allah
4u2N02
4u2662
4u24get
4u2223
4u2003
4u12or
4u030101
4tzso45k
4tyundra
4tyson
4tysix
4tyreese
4tyransylvan
4tyone
4tyminimal
4tylerwe
4tylaw
4tyjeah
4tybaby
4ty6n2
4ty5th
4txwdtgd
4txd6mn.fun<333
4two81
4two16
4twlbr
4twinone
4twentyone
4twenty9
4twenty4
4twenty247
4twenty2
4tweetz
4tweet
4twaun
4twain
4tw4s0d
4tuttons
4tushka
4turkeykitty
4tur7ner
4tunis4
4tuney
4tuners
4tunemaps
4tune500boss
4tune4ever
4tune1
4tune
4tunamaj0r
4tulita
4tulipanes684
4tuktuktuk
4tuggie
4tudorcourt
4tucker1
4tu66ay5in6
4ttv334
4ttdwhl
4tsunami
4trwtregyt
4truths
4truncates
4truly*21
4trulove
4truffle2
4trudat
4truckman12
4tru3lov3
4trr-jx7p
4troveceslosamo
4trooper
4troerescachuda
4trixie
4tristen
4trish
4tris10
4trinity
4trill1
4trickedoutbraids
4trick
4trice
4tribble
4treyonly
4treyantho
4trevor7
4tresses
4trentity
4treetop
4tree
4treatment
4treasons
4trayganstacripcuh
4tray
4travioni2cMe
4traviesa
4trapt
4trappin
4transman
4trainers
4trae*dre
4trackstar
4trache
4trace
4tr15k@deck
4tphJH#JH#
4townsend
4town07
4toussaint
4tottembeach
4tosix
4tortugas
4torment
4toriishot
4torch
4topmodel
4topaz
4tootsyd
4tootsey
4toostoned
4toolong
4toola
4toodles
4tonymc
4tonio
4tonia=
4tongmeadc10
4tondot
4tomyburgo
4tompa
4tommypookie
4tommy58
4tomcats
4tolove
4toledo4
4tokyo
4tohokage
4togo24
4togla
4tofu
4toes_manny
4toddi
4todaymark
4today&tomorrow$
4tobate
4toaster
4to20
4to.sem
4tnttrees
4tnt7071
4tnmgh87
4tnhntr
4tn3c3p2
4tmorude
4tmefhj9tenc6
4tm654w8
4tm0s3
4tlpplt
4tloop
4tlg98
4tkl317
4tkemo
4tjyr9
4tjandamanda
4titude
4tities
4titanic
4tissy
4tis975
4tiptoesgr
4tinsink5
4tinola
4tinni
4tinks2
4tinkle5
4tinkerbe
4tine
4tinarr
4tinabell2
4tina2
4timsheart
4timmy4
4timmy
4timestheluv
4timeiku
4timecoop
4timbert5
4timberhill
4tim0es4
4tilly*
4tigres
4tigerz
4tigators
4tified
4tifflou
4tiff88
4tier!
4tibbsdog
4tiara
4tiamo
4ti4ln
4ti4dyVD
4thyr
4thwatcher
4thwalnut
4thunder
4thugs
4thteach
4thsister
4thsib
4thsea
4thrtb
4thrills
4thquarter
4thpre
4thpatch
4thoverseer
4thoserock
4thorson
4thone
4thomaslewis
4thofjune
4thofjuly2
4thofeight
4thof6
4thoct
4thnote
4thnad10
4thmonth1984
4thmeal
4thmarine
4thluvofu
4thlonxp
4thlevel
4thl0n42o
4thjuly1986
4thjanuary
4thjan04
4thissucks
4thislove
4thirtysev
4thirteen
4thinline
4thill
4thief
4thhomerun
4thgr8
4thforce
4thfeb88
4thfeb1985
4theye
4thewood
4thewin
4theweb
4thevoyz28
4theused
4thetibbits
4thetears
4thesun
4thespada
4these
4thering
4therest
4theresa
4therealshady
4therapy
4ther3als
4thepunx
4thepower
4thepets
4thepath
4thenut
4thend
4themyspace
4themoment
4themkids
4them2nv
4theluv
4theloveofpete
4theloveofgod
4theloveofGOD
4thelove!
4thelife
4thelettes
4thelasttime
4thelakers03
4thelab
4thehouse
4theherd
4thehaters
4thehappygirly
4thegreat1
4theglory30
4thegirls8
4thegift
4thefool
4thefallen
4theevoloflife
4theels
4theduster
4thedream
4thediva
4thecrew
4theclan
4thecause
4thecap
4thebrain
4thebooks
4thebeat
4thebaby
4thearmy
4theLove
4the2jig
4the1o
4the1ilovewilliam
4the1
4thdecember1993
4thdec1988
4thcubs
4thclass
4thbloodline
4thba5e
4thawl
4thavebitch
4thaugust2007
4thathotguyjay
4thatcake
4thaol
4thang7
4thand26
4thampere
4thaluvofm
4thaluv
4thala
4thafam
4thacrew
4tha2ofus
4th_7lbs
4thWatch
4thKuad
4thDecember
4th61206
4th5di
4th2nd1994
4th13.
4th-genmc
4th-Wall
4th hokage 4 ever
4tgreenj12
4tfour
4tf+-lala
4texonly4me
4teweweh
4teto5
4testing
4tessalou
4tesah
4terria
4terrance
4terby
4tequilas
4tepianist
4tenth
4tenken4
4temuujin
4temmuz1982
4tekno
4tehamaway
4teensonly
4teenk
4teenart
4teen1
4tedEbear
4tech
4teatime
4teanzach
4teamleader
4teacup
4teach21
4te4ay4
4te1d1!
4tdtz9
4tdmai
4tdg6n
4tch4tch
4tbwhyb
4tbunny111
4tbsb2637polo4
4tbqxibmnalog
4tbkatyu2
4tbird
4taz_leah
4taytay
4tayport
4taylen
4tayas4v
4taviana
4taurus5
4tatum
4tatties
4tatobug
4taterbug
4tatanka
4taste1
4taslim
4tasha4
4tarvis
4tarheels
4taqwan
4tapromo
4tanks
4tank
4tangels
4tanebir
4tampa34
4tamera
4tamariki
4tallies
4talib
4takes
4tajarae
4tajab
4taimiyyah
4tahoe
4taffy
4tacomu
4tacjo
4tac129
4tabletalk
4tabita
4ta2rwsy
4t98d17n
4t8452ph
4t67plk0
4t5v78
4t5695
4t4x14
4t3uqu
4t3phxx
4t311arz
4t2love3
4t28srd6
4t1t04t1t0
4t1g3r
4t.junior4
4szq5wag
4syth98
4syncere
4sylver
4sydorlean
4sydla
4sy7oyi
4sxxzu
4swzmoney1
4swn579
4swim7
4sweets
4sweetlover
4sweetb
4sweet2me
4swedes
4swarm4
4swainl
4sw0rds
4sutherland
4susans4
4survival
4surillas
4surfer
4surf87
4surevaw
4surefit
4surebaby
4sure4ever
4sure12
4suraj
4suprinya
4superpetzbatttle
4super0
4sunshine4
4sunshine!@
4sunflower
4summers
4sumlove
4suk4rlz
4sugkczm
4suge69
4sugars
4sugarpie
4sugarbutt
4suckaz
4submissive
4subaru
4su4su4su
4stupidpeo
4stupid4
4studio
4stronzi
4strog1rl
4stripes
4stringthing
4strings4anurse
4string$
4stream
4strawbery
4straw76
4stranger
4str1d_4zu7
4stpaul
4stouth-2-maj
4story
4store24
4stops
4stonv1ll4
4stoner20
4stone
4stmustang
4stkryst
4stixxxx
4stinkyboy
4stinker
4sticks
4stewart
4stevep
4steube
4stepr33l
4steplove
4stephen
4stephan
4stemtech
4steiner
4steezin4
4steaua
4stbassgtr
4stassia
4start2me
4starsgt
4starry
4starmistress
4starjoey
4starg973
4starfish
4starbaby
4star8
4staples
4stanford
4stairfreak
4stadtsr1
4stackz
4staciej2
4st7lb
4st2bgd
4sszixis
4ssvballl
4sshole
4ssfucking
4ssasinboy
4ssFUCKm3
4ss4ss
4sqyare
4squrepants
4squirt
4squid
4squ-oriA
4spying
4spuria
4spud78
4sprookjes*
4spring
4spotties
4splinter
4splash
4spikejuno
4spices
4spencer4
4spence4
4speeddog
4speed
4spaulding
4sparti
4sparrow
4sparkley
4spankings
4spamspam
4spade
4space
4soylatte
4southpark
4sosweet
4soraw
4sophie4
4sophia56
4sonya
4sonshines
4sons2
4sonlife
4songRib
4somethingeasy
4someone
4some1*523
4soloyo
4soldiers
4sogbreath
4soe4some
4soccewr
4so2wckla5
4snyder
4snuggle4
4snrotaz
4snowmiter4
4snowkids
4snowball
4snow4snow
4snow2man0
4snow
4snookom
4snne95
4snipsnipsnip
4snigga
4snhKH
4sn4w1
4sn14ns4r1
4smurfet
4smsjes
4smoot
4smoking
4smokey
4smitty
4smithers
4smit2hk
4smid4
4smasayushi
4sm4fgx5
4slutts
4sls1981
4slove
4slj10
4slippy
4slimjim
4slide
4slices
4sleeplessdreamer
4slave4
4sl1l0p4
4skyme
4skyehigh
4skulls
4skr0cc0
4skittles
4skinnie
4skin2k7
4skiming
4skills2
4skhjk4j
4skelton
4skeeter
4skata
4sk4sf
4sjpjrp
4sjim4
4sjb31
4sj0kwmqvrx
4sizta
4sixela8
4six4six
4siv7rak
4siters
4sistersofmorden
4sistah
4sisib
4sis2conly
4sirena
4sirbrina
4siora4
4sinners
4singing
4sincerity
4sinatra
4sims4
4simplicity
4simeon
4silvas4
4sillykida
4silly5
4silkymycat
4sienna8
4sidon
4sidious4
4sidewestsidechick
4sides
4sicili
4sibes
4sianpr1d3
4shzl27
4shyre
4shyanna
4shutup4
4shushu4
4shuricken
4shtray
4shroec
4showmynig
4showgirls
4shough
4shots
4shortyc
4shortcake
4short
4shoothoops
4shoniecey
4shomynigga
4shokolatitous
4shodog
4sho78
4sho4sho
4sho25
4sho1025
4shmly
4shloggies
4shl3yr0x
4shl3igh
4shizzyeazy
4shizzlemanizzle
4shizzle!!
4shizzile
4shizal
4shityou
4shitface4
4shira
4shippuden
4ship09
4shimmer
4shiloh?
4shiggles
4shezy
4sheshe
4sherman
4sheridan4
4sheltroy
4shelley
4shelbyjo
4shelby4
4sheffield
4sheem
4shaypay
4shayla
4shay6
4shawna
4shawn
4shauny
4shatara
4shasha
4sharpies
4sharon
4sharky
4sharing
4shared
4shaqvis
4shantih
4shanna
4shanice
4shane08
4shamrock
4shameboy
4shalom
4shallow
4shaladog
4shaggman
4shafiq
4shadzy
4shady
4shadow4
4shaddow
4shacole
4sha6216
4sh4t3r
4sh4lee
4sh1zz1e
4sh13y
4sgkfakms4
4sg80p001
4sfrvkdr
4sf59q`
4sexythug
4sexysista
4sexybitch
4sexyazn
4sexy11
4sexsex
4sexiest
4sexhumble4
4sexandthecity
4sex69
4seven11
4sevda
4settembre
4setonwynd
4setembro
4sessik
4services
4seriwhce
4series09
4seresvivientes
4serena
4serangkai
4septembre93
4septembre
4september1997
4september1989
4sept94
4sept4
4sept1995
4sept1987
4sepm4ul4n4
4sep992
4sep2003
4sep1992
4sep07
4sensimilia
4senna
4sempre
4selly
4selflove
4selandd
4sejadah
4seewju8
4seeson
4seen
4seeevil
4security
4secreto
4secretID4
4sebbie8
4seasonswilliam
4seasons4
4seasoners
4season61032
4seashells
4seansdog
4seanmorga
4sean2a
4seals
4sealand
4seM2z7
4sdrez
4sdick
4sdesk
4sd2z1
4scumbug
4scrubs
4scrilla
4scotty4
4scorned
4scoody
4scoob y
4schoolboys
4schnookie32
4schilo
4schaap4
4scary93
4scappy
4sc4_2009
4sc0re&7
4sberg
4sbcinctm
4sayal
4savage
4saundra
4satirev
4sateki
4satatial
4sassy01
4sarang
4sara98
4sapi
4sanugald
4santiago
4sannie
4sandymandy4
4sandy23
4sandona
4sanasa
4sana.ss
4samuel
4samson
4samoa
4sammy32
4samijo
4samcrab
4samantha4
4samand
4sam4my
4sam2nvandrew
4salyers
4salsa
4sally4
4sales
4salemalal
4salehouse
4saldana
4salaam
4saken2u
4sak3n
4saintluketheevangelist
4saintcath
4sains2
4saij
4sage
4sag04
4safe4293
4sadgirl
4sachi
4sabcrk
4saIF999
4sa4sa
4sa4erma
4sRcqr
4sP01s0nJ3an
4sDd5h2
4s91021k25
4s8s9s3
4s896h2ah
4s803s
4s7f3bvn
4s5zH6
4s4zgmwu
4s4everock
4s3zzeqa6+
4s3n4k4y4
4s35h
4s301282
4s2rm0
4s1skv21
4s1992HJ
4s0mething
4s0a3m4
4rzm638
4rzbknp
4rz8evf4lvsj
4rythm
4rylie
4rylee
4ryanotte
4ryan2
4ry4nprid3
4rxad@#
4rwydl77
4rweng
4rvrtlov
4ruw680
4ruts3d
4rutepinto4
4russiki4
4russ
4rushings
4runts
4runnersc
4runnerkyle
4runnerboi
4runner91
4runner69
4runner4me
4runner20
4runner10
4runner05
4runman
4runaway
4run176
4rugratz
4rugby
4rufenacht
4rudyboy
4rudawg
4ruby
4ruben2
4ruB4
4rty7y7
4rtwxm983
4rtur0!
4rtociclo
4rtg8h
4rtf8iju
4rtaxs
4rt9ahPW
4rt65z
4rt4nda
4rt1st1990
4rt1r5
4rslkh4n
4rsjamnick
4rsdys3
4rs3na1
4rrrrs
4rr35+3dd3v
4rp867
4royalty
4roxygrady
4roxy4
4roxin
4rox128
4roup8lu
4rounds
4rottie1
4rotrell
4rossuk
4ross4
4rosita
4rosered
4rose20
4roscop
4roscoe
4rosario
4rorison
4rootbeer
4rooroo
4rontuar
4ronlyy
4ronald
4romulo
4rompassion2love
4romeya2
4romeojj
4rombully
4rolo63
4rolando5
4roland
4rohaya
4roger6
4rodito
4rodag
4rockstar
4rocknroll
4rockhead
4rocketslove
4rock8
4rock0you4
4rochelle
4robter
4robinclose
4robertlee
4robert5
4robert2
4robbie
4roadwren177
4rnri69
4rnner
4rmyesturday
4rmthasout
4rms4
4rmnarnia4ever
4rmmsgj
4rmkasfoust
4rmhim
4rmdade
4rmda559
4rmcali
4rmadill0
4rmZebuttom
4rm5tr0ng
4rm4nd0+95
4rm4g3d0n*
4rm493dd0n
4rlove
4rleft
4rlaqo
4rl3th1
4rl16f
4rkids
4rk3zzqmh
4rjwhite
4rj9a23qk
4rizzbaby
4rizmyniz
4rizal
4rivva
4rivera8
4rivenrules
4ritlu
4risonly
4rise
4risan
4ripsonji
4ripoll
4ripdap
4riojas
4ringtone
4ring2
4rinahuynh
4ril26
4rihanna.
4rightthurr
4rightnow
4rifhan
4rief
4riding
4rickross
4richwood
4richhowe
4richa
4ricardo
4ribbit
4rhyannen
4rhonda
4rhianne
4rhatid
4rhaleyh2
4rgvisan
4rgiven
4rgen4l86
4rgals
4rfvvfr4
4rfvdd
4rfv@WSX
4rfv7ygv
4rfv5tgb6y
4rfv5TGBhaya
4rfv36
4rfv%Tgb
4rfv$RFV44
4rfgt56yhju
4rfgcf
4rf7ujxv
4rf5tg6yh
4rf133
4reynise417
4rewind
4revertheng
4revermore
4reverLOVE
4retro
4retards
4resqxt5
4resorte
4rere6397
4requel
4rentnow
4renoonly
4rennob42
4rennat
4renie
4rene692
4rends
4remftu
4remeldi
4rekameika
4reinds
4rehwinkel
4rehj3dhnfj
4reggae
4refn13
4reese
4reenainez
4reeme
4reel94
4reel1
4reeds
4reece
4redwolf
4redsox
4redshoes
4redroses8
4redrose
4redneck4
4redick4
4redhotchilipepp
4redfury
4redeemed
4reddal9
4redcats
4redbull
4redarmy4
4red44
4red.com
4rebelde
4reason
4realz1993
4realyo
4realworld
4realshottas$
4realpretty
4realo
4realness
4realmyniggs
4realmc
4realluv
4realkim
4realion
4realhonky
4realho
4realg15
4realdog
4realdawg
4realchick
4realbitch
4realDude
4real4u
4real34
4real311
4real100
4real0007
4reaal4
4rdw34d
4rdsux
4rdreams
4rdman
4rdhtr
4rdgrl
4rd2007.
4rd1ll422
4rct806
4rch4ng3l
4rccf4qt
4rc34y4l4
4rbwbecause
4rbdlover
4rb45c2
4rb14jr75
4razzy
4razer
4rayray
4raymon
4ravonjr
4raulv
4ratten
4rato069
4ratbags
4rasheeng
4rashad
4rasadata
4raptor
4rape&kill
4ranjeio
4rang3r$
4randr
4ran6ix
4ramone
4rambo
4ralthera
4ralphie
4raliza
4raisin
4rainy
4raindance
4rainbow4
4railer
4raiders1
4rah4rah
4ragjul
4raffy
4raeswood
4raellen
4raebrittany4
4radriver
4radixxx
4racnas$
4rachlew
4rachael
4raceys
4raarel
4rWtj5wu
4r@%1gh
4r9odd
4r8iq2q36m5f
4r8a9m1
4r8344fpmo76
4r7o12ck7
4r7a9m9
4r6t5h10
4r6fus
4r5th87z
4r5t6y7u4r5t6y7u
4r5t6y7
4r5t6y$
4r5t66
4r5r@0771
4r5kidz
4r5e0le
4r54r5
4r53n4111
4r508c60
4r4r55
4r4r4r
4r4o4b4i4n4e4t4t4e*
4r4nz4
4r4d3n0l
4r4c31y
4r3thus4
4r3n1t4
4r3e2w
4r3700
4r2eqk
4r1zz13!
4r1q3e2w
4r1k4r4p
4r1g15n18a2b9t
4r1fc4em
4r17on
4r14n4?
4r14n1ng
4r14d1
4r13st
4r13ll4
4r135ok
4r13112h07
4r0Fq8Sw1
4r#E2w!Q
4r!f123
4r!3lss
4qym76qg
4qwufgtq
4qweasd4
4qurannow
4quinn
4quiero*
4quenton
4queens2kings
4queenia4
4queenapple
4queLepasa
4quavon
4quatasia
4quariusgi
4quamae
4quadre
4quacks
4qu4fl4m3
4qu14hy
4qtina
4qsbckck
4qrz2se
4qpixtec
4qmu951
4qmncxzs34
4qlpodge219
4qjq3sx6
4qil4h
4qh9ng
4qg5xld8
4qevpw
4qe9ye2d
4qd57t
4qcayankkamu
4qasim
4q@midnight
4q7rxd
4q7apveb
4q77104657
4q521
4q4ko9f9
4q4325
4q3l3m
4q12fueg1
4pzxmate
4pyrite
4pussys
4pussboy4
4purplefish
4purple0
4pupusas
4puppyy
4puppyfood
4puppydog
4puntos
4punkkr6
4punk
4pumpkins!
4pulguilove4
4pujoxcz
4pugpug
4puerquitosrosas
4puddles18
4puddie
4pucca
4pt0kl
4psxxwtb
4psari
4pryssy
4prosp
4prong07
4promise4
4prize
4privetdr
4prints
4princesss
4primos
4pril1o
4pricky
4prettyric
4presley
4prenzler
4preciosa4
4prayitno
4prayers
4prada
4pr1n4m3g4
4pr1l2600
4ppppo
4pplesauce
4pple213
4ppl3z!
4ppl35trud3l
4pp1e
4powder
4pounds
4potmouth3
4pot4
4posterbluebed
4possible
4portorchard
4porter
4porkie9
4por7
4pops1
4poppin
4pop742
4pooter
4poopers
4pookela
4poohpee
4poohbearsmiles
4poody
4pontes
4poncho4
4pom30
4poly4
4polo11
4polk86
4pokesmot20
4pojan89
4points
4pointer
4pogiboy
4poets
4poesia
4pochacco
4pocalisse
4poIAkaC
4pnt7as2
4pmdcdpn
4pm6260
4pm31august
4plus2
4plummer
4plug4
4ples
4pleasure
4playtime
4playmt
4playkbb18
4playinitup
4playgurl
4playboy4
4playbodger
4play77
4play4life
4play39
4play240907
4play2
4play14u
4play08
4plastic
4plaj
4place
4pka1
4pjj173
4pizza
4pixyo1
4pixies
4pitita4
4pistil
4pirihi
4pioump
4pinx4lyf
4pintuku
4pinkyy
4pinks
4pinkmama
4pinkis1
4pinkfrogs
4pinkerton
4pinkdog
4pinkblink
4pink24
4pincher
4pimps
4pimpn
4pimp11
4pimen
4pillows
4pike
4pigs2u
4piggy16
4pigfoots
4piffer
4pierreb
4pieceband1
4pidcu9e
4pickler
4piaksepsep
4phylyn
4phrodhite
4photofx
4photo2fun
4phone
4phion
4philly56
4phia4
4pharmacy
4ph4ch!b4tuh4n
4pgtips
4pgletter
4petwho
4petty
4petsIXO
4petitnoel
4petieeee
4petessake
4peterboi
4peter
4pesos
4perucha
4perry
4perod4
4period
4perez
4percy20
4peppy
4pepito
4pepes
4peoplesuck
4pensluv
4pennylynn
4penny051293
4pennie
4peninha8
4penakids
4pelos
4pele9
4peepers
4pedestal7
4peate
4peat
4pearl
4peaks
4peaches2
4peacaj7
4pd27tc9
4pcsnucue
4pcharming
4pcb1843
4pb7fvza3dy
4pazzaway
4paytons
4payne
4pawsx6
4pawspups
4pawsbubby
4pawelczaks
4paulpaul
4paulanz4ever4
4patty
4patron
4patriot@
4patricia
4pataas
4pastrana
4passwords
4passiontea
4passion4
4pasa56columpio
4party4
4parsam
4parrotbay4
4parkwood
4parks
4paricutin
4pappy4
4pappaenmamma
4papimami
4papercut
4papaws
4papakia
4papa4
4paola
4panties
4pantalones
4panfla4
4panchovilla
4pamilocas
4palmbeach
4palabras
4paints
4painonly
4pain
4paige
4pah0ran
4pafod
4padres
4paco
4packerss
4pack1
4pac88990
4paarden
4pXZ375V
4p8T$y
4p844p84
4p6d13m12n*
4p5fshkb
4p53/,acv
4p4m1k1ru13z
4p454
4p4!cr4zy
4p3o2n1d
4p3g2q
4p2r1d4r1s
4p2b94
4p1nh5
4p12i4nd1
4p0w3clbglgt
4ozzymoise
4oxyr0xy
4owell
4ovfg178
4overher
4ovecka
4ovan4
4outof5
4outof11
4ousette
4ourty2uce#$
4ourskim
4ourroos
4ourlove7
4ourkings
4ourjl
4ourfaith
4ourboys
4ouraol
4our5ive
4our3boys
4our-sh0w
4otillo
4other*
4otbal#1
4oster
4osnofla7169
4osionly
4oscpep
4oscar
4orville
4ortunate
4orthopossa
4orrskin
4ormore
4orknbeans
4orked
4orgiv3n
4oreo
4ordi69
4ord150
4orba
4orangecounty
4or53y5
4opsxx7h4
4opeth
4opan8
4op2en00
4oo8572
4onthe45
4onplane
4onlyn2
4onliya
4onions
4oneworld
4oneofive
4onedick
4ondec
4onadapaseloqpase
4omron45
4omega
4omari
4olygmans
4olofmylyf6
4olivier162006
4oliver4
4olinae
4oktober2008
4oksim
4okolado
4okoena
4ojonny
4oinknyr
4ohsohappy
4ohana
4oh4kx2ki9s!
4ogh5422doit
4ofus4eva
4ofus2dogs
4ofthem
4offroad
4off16
4ofclass
4oeh11
4odontologyc8
4octubre97angel
4octubre1991
4octubre1982
4october65
4octangela
4oct1997
4oct02
4ochoa
4oceanmoon
4occ7sta
4obji75b
4obaby
4oakpark
4oakfield
4oadoexl
4o9w3513
4o9f6l2n0
4o91oy14
4o6268
4o4yah00
4o4inka
4o3f9k
4o31o7
4o2enty
4o2904
4o1lf3
4o10yc
4o$3r!ou$
4nz-sexy
4nyth1ng
4nylon
4nycedric22
4nwhp1502
4nv3rs4r0
4nutz46244
4nutrex
4numc1ad0v21
4nujeffery
4nubi5j0
4ntr4k
4ntonio
4nton1op3dr0
4ntologi4.
4ntibiotic
4nthonydavid
4nthony%
4nthon4
4nth0nyf
4nte49
4nt41r4.
4nt3k11
4nt0nMiX
4nt0N10
4nsyncfo
4nslx4
4nselmomix901
4nsa2
4nracing
4nq8rv8N
4nph4g
4npares
4nowucme
4nowornevr
4nowme
4nowkyle
4now927
4noviembre1990
4noviembre
4novembro1991
4novembergracie!
4novapig
4nova7
4nov92
4nov88
4nov36papa
4nov1992
4nov1990
4nounou
4nothot
4notfunny
4noside
4norwood
4northside
4norrablm
4noopy
4nonrev
4nonpesco
4nonna
4noneyabiz
4none2c
4nolly
4nolessnomore
4noko-cjj
4nokia
4noiembrie2004.
4nodoubt
4noboy
4no4~l7
4no1nosy
4no12know
4nnm4r13
4nnh30ngh4s3y0
4nndromeda
4nnc290
4nn4n1co
4nn4m4551gn4n
4nn4Bana
4nn4629
4nn41996
4nn1554
4nn130ng
4nmj2ja
4nm@rockyou
4nm01me071
4nlr30
4nlmb4
4nlavigne
4njr1t
4njin9
4nj1nh477
4nj1n9lo
4nj0d1
4nitrodaddy
4nitlow
4nissan
4nique
4ninononi
4ninjas
4nini4
4nine2964eight
4ninabella4
4nimmu
4nilorac
4niles
4nikoso
4nikolas
4nikki12
4nik8r
4nik851
4nigga3
4nietos
4nicole3
4nicol
4nickyjuju
4nickk
4nicke69
4nicf6lave
4nice21
4nicate
4nic8er
4nibal-p
4nhykowl5
4nhusang
4nhs3l4mjssvjp
4nhbtvf6
4ngy&j0rdh1
4ngmoki0z
4ngie17
4ngh4r4d
4ngh3l
4ngers1985
4ngeluvaldo
4ngels
4ngelita22
4ngeline
4ngelfir3
4ngelcaid0
4nge!ica
4ng3lz
4ng3ltkm.
4ng3lofh34rth
4ng3lit4
4ng3lg1rl
4ng3lchick
4ng3lb4by01
4ng3l3y35
4ng3l2kk
4ng3l1t4
4ng3l170
4ng3l,c
4ng31po
4ng31in4
4ng31583
4ng3/0/0v3
4nfqwdk0h8l
4nf6rt4nate
4nextel20
4newton
4newports4
4newnew
4newlife*
4newfriends
4newbs10
4nevermore
4neveah
4netty2
4netcash
4nesito
4neruda
4neongelb6
4nene
4nemo13
4nellyrick
4negk1
4neco4
4neciebug
4nebraska
4ndyviyu.
4ndygggg
4ndy4515
4ndw1t4
4ndrx5010nlkol
4ndrewcurrie
4ndreaymartin
4ndre4s
4ndr3y07
4ndr3sit0.
4ndr3ialopes
4ndr3505t0
4ndr345
4ndr3407
4ndr314
4ndr1t4
4ndi08
4ndh1k4
4ndes123
4ndcufug
4nd4l4n
4nd4/4054b4b054
4nd3rson
4nd3as
4nd1s0n
4nd1k4
4nd1h4k1mz
4nd14ks4n
4ncul4
4ncm007
4ncb9180
4nc2va
4nayarit
4nay08
4naudani
4nature4
4natraly
4nations
4nater
4nate7
4nat2rol
4nasty4
4nashton4
4nascimentos
4narnia4
4naranjas
4napa4
4nanny
4nana4
4names
4nambla
4nalcavity
4nala06
4nak8ter
4nailiang
4nagwa
4nagollah4
4nadz4
4nadene
4na21yr7
4nWWqaeA
4nOQdbnC
4nGG11
4nAsoris
4n9w3e7h
4n9j9s1a
4n9991
4n93lk03
4n9371n3
4n7h0ny
4n7e2s
4n7a9t7ha2lie
4n7445
4n7121
4n701n373
4n6u5h
4n6r14n
4n6pinky
4n6hrr4
4n6babe
4n66oro
4n63lit0
4n63l40r0z(0
4n63l1c4
4n6311
4n613k4th3r1n3
4n5ww13ihqzp
4n5n6n7n
4n5m4x
4n51e753ab
4n4tm8d2
4n4st4ci4
4n4s1f4n1
4n4rk14
4n4pedro
4n4nc51n
4n4mi4
4n4m1l3*
4n4ls3x69
4n4l4y3v5k4
4n4l123r
4n4km3d4n
4n4k4r3n
4n4ird4
4n4hy
4n4c4t4rin4
4n4bby
4n4b1l4
4n4831
4n450f1
4n44264
4n4.m14
4n3tHh
4n3fingers
4n3a7e2h
4n3355
4n2l7m9f
4n23n9a20
4n1y41
4n1t49l0...12
4n1nd4
4n1m4ls
4n1992
4n151160
4n0m4r10926r4
4n05718q
4n.r390
4n!x!t@!
4mzrxeghvz4n2109
4mzmtoki
4mzcellie
4mzapl83
4mz.josh
4myzoe
4myzach
4myyahoo
4myx2c
4mywriting
4mywil
4mywhiskey
4myvoice
4myusm
4mytyme
4mytyguy
4mytwin
4mytonyonly
4mytla
4mytigger
4mythyroid
4mythugz
4myteon
4mytattoo
4mytale
4myswtsister
4mysunday
4mystuff
4mystory
4mystephanie
4mysrn
4myspacepic
4myspace69
4mysoua
4mysonjacob
4myslut
4mysite
4mysidney
4myshelle
4myshawn
4mysex
4myself8
4mysecurity
4mysecret
4mysavior
4mysamira
4myroxie
4myroland
4myrobert
4myra.
4mypuppy
4mypuma
4myprecious
4myppl
4mypooh
4mypiglet
4mypepper
4mypeoplekmk
4mypassword
4mypain
4mypage2
4myolivia
4mynookie
4myniggas
4mynigel
4mynicks
4mynewlea$e
4mynemo
4mynas
4mymymy
4mymomo
4mymom21
4mymnky1
4mymissy
4mymimi
4mymary
4myman
4myluva
4myluph
4mylovely
4mylord2
4mylittlesammy2
4mylilnat
4mylesson
4myleigh
4mylee
4myl33
4myklayzae
4mykita
4mykidz2
4mykidsandme
4mykids2008
4mykids002
4mykeon
4mykdslv
4mykcf
4mykate
4mykaedyn
4myjustin
4myjub
4myjosh
4myjnzekie
4myjeep
4myjames
4myj4ne
4myisabella
4myis0ly
4myinternet
4myimope
4myiisonly
4myhoz
4myhoroscope
4myheroine
4myhappiness01
4myguy
4mygunner
4mygrlhayley
4mygood
4mygod
4mygma
4myglen
4myginger
4myg525
4myfriendsonly
4myfreedom
4myfish
4myfatty
4myfamilia
4myfallenangel
4myeyesony
4myeyesonly2
4myeyes2c
4mydonut
4mydogeli
4mydog22
4mydirdy
4mydennis
4mydailah
4mycross
4mycountry
4mychloe
4mychael
4mycatneeder
4mybusiness
4mybug
4mybrwniis
4mybrother
4mybrokers
4mybro
4myboys2
4myboubi
4mybenino
4mybella
4mybebot
4mybattlecry
4mybabyray
4mybabydre
4mybabyboyz4
4mybaby2
4mybabe
4myass
4myaol
4myali
4myairman
4myah
4myadidas
4my_t33
4mySunshyne2
4myRY
4myLADYbug
4myJesus
4my7kids
4my4boyz
4my3baby
4my3ACE
4my2kiddos
4my2babys
4my1sportboat
4my1love
4my..x
4my-julian
4my$anity
4mwsif9n
4mwNA3so
4mviergela
4mvfit8s
4mutation2
4mustangs
4mustafa
4muskaters
4musicians
4mushrooms
4murrays
4murhuhh
4mup827
4munkieluver1
4munkey
4munche
4mulate
4mula51
4mujeres
4mugger
4mudcat45
4mu2ri
4mts584
4mtitan
4mthec
4mspamh
4msnjp
4mskitty
4msionk
4msg4msg
4msboss
4ms0103
4mrwy@07
4mrt1997
4mrshll
4mrsebate
4mrniteguy
4mrkibble
4mrental
4mr1mzd
4mpslmr
4mphithere
4mpaiged
4mp4r1t0
4moyclarerdbaldoyle
4moxley
4mowiie
4mounties
4motherrussia
4mother4er!
4mot3f1sch3r
4mospas
4mos3sar
4mortons
4morris6
4morocha
4morlibre\\'
4morganpark
4moreyrs
4moresex
4moreproject
4morelime
4more4
4morchito
4mor4lrock
4mor3hg
4mopalo8
4mooshu
4moondogguy
4moon
4mookiemagoo
4moogalatte
4moodangnaka
4moo6
4monty4
4montell
4monster4
4monroe
4monkeys4
4monkeelovers
4monica2c
4mongolian
4moneymoney4
4money4me
4monasha
4mon3keys
4momoney
4mommy5
4mommom
4mommasaid
4momdied
4mom12
4molokini
4molly4
4molina2
4molh82101
4molasaxilas
4mofun
4moejoe
4modesty
4modeling
4mochi
4moblife
4mob44
4mo444
4mnglian
4mn4_tikka
4mn212
4mmtunnel
4mmnk
4mmmms
4mmml4
4mmint
4mmernest4mm
4mm5XsP
4mlr47
4mlng
4mkrew
4mkgsue
4mka986
4mjchance4
4miyavi4
4mix5p4r55.
4miwyii8
4misuren
4misty1
4missy69
4misspriss
4missp4
4missm
4misskitty
4missgrace
4missdaisy
4misie
4misha16
4miself
4mis4l
