82252567
8225247
82252342
822523
82252134
8225201314
822520
82251885
82251749
822514
82251228
82251047
8225102
82250954
8225081
82250570
8225025
82250
8224tash
82249crewe
8224987
8224963
82249512
82249416
8224916
82248813
822485
822484
8224827
8224820
8224810
822479j
8224789
8224772
822475
8224748
8224723
82247080
82246860
822467arturo
8224664
82246440
822464
82246325
82245donn
822458
8224568
822453
82245
822443
8224418
82243d
82243912
8224373
8224338
82243113
822430
82242711
8224255
8224248
822423
82242255
822422
822420
822419
822415
8224142
8224132
8224113
82240982
8224080
8224072
8224063
82240574
82240361
8223prycz
8223j.pablouva
8223an
822399182239918223991
8223991
8223935
82239231
8223904
8223896
822388
8223872
8223868
8223864
8223832
822382
82238
82237848
822376yoyo
822374
8223722
822370boo
82236bktep
822369
82236367
8223605
8223597
822358
822357
82235525
8223541
8223533
8223516
8223490
8223444
82234230
8223418
822341
82233yjdy
82233975
822338
8223374
82233278
8223317
8223313
822331000
82232869
822328
8223268
822325z
82232325
8223221
8223214
822320
8223190
8223185
822318
8223165
8223162
8223135
822312546
8223121
822311
8223101
8223084
82230706f
8223053
8223040
822303
8223006
8223
8222rsv
8222isgoed
82229900
8222981
8222952
8222942
8222932
82229085
82229029
8222871
822285bc
82228587
8222839bet
82228222
82228185
8222809
8222795
8222787
8222754ee
8222748
8222716
82226pbmu
8222682
822266
8222646
82226300
82226054
822259
8222538
8222504mook
8222495
8222489
8222468
8222450
8222448
8222423
82224054
82223972qaz
8222391
8222365
822232m
8222325
822229
822226
82222384
8222229
8222221
8222171
822217
8222143v*
8222121314
8222102f
82220466
822203
822202
822201228
8222007
8221rutvic
8221ku
822199
8221986
8221980
8221979g
8221978ald
8221974
8221963
8221960
822193
8221917
822191524
82219
8221896
822189
8221840
822182218221
82218182
8221808
8221763
82217553
8221745
8221740G
8221707
822169r
82216861
82216715
82216681
82216555
8221649
822164559
822162
8221614
82216
822157
822155
8221547
8221537
8221512
8221499
82214700
822146
8221450
822143774
82214250suzette
82214210
822141
82213danielle
82213798
822135
82213328
8221314
8221306
82213017
82212abc
822129103
822129
822128
822127
822126
8221249
822122
8221219
8221215
8221194
822118
8221159
8221142
82211306
8221125
822111999
8221109
8221107228
82211
8221087
8221075
8221072*
82210687
82210603
82210543
822104pc
8221033
822103
8221023g
822102
8221002
82210
8220zz
8220ash
8220HanDy
82209906
8220967
8220957
822095
8220942
8220915
8220900333
82208pc
8220890
8220880
822087
8220842s
8220830
822082
8220800
8220790clr
8220787
8220771
8220760
822074
8220737
8220724
822070
82206868
822066
8220641
82206362
82205as
822058
822056
82205410ud
8220525
8220510
82204949
8220485
822047
8220449
8220430
8220408
822040
8220392
8220368
8220352
8220341
8220332
8220317
82202kstjt
82202CT
8220295
822023755
822023
82202132
822020
822019
8220170
822016
8220150e
82201302
822012s
8220123
822011p
82201055
82201
8220077
822005afvbsonic
822004upao
82200315469
82200249
82200121305
8220-8220
822.2290/
821z9525
821tweety
821star
821ratita
821pink
821pablo
821nvpr
821lois
821kreu
821kas122
821jos821
821harleyd
821erht
821drea
821dls
821denny
821bryant
821bj
821angel
821RvP74
821Morehead
821EOR
821AMW
8219mt
8219kika
821999
821998
821996sespi
821994mx
82199425871013
821993J
82199322
821992hadeel
821992-
821991kat
8219918
821990s
8219902410
821989a
82198919
82198819
8219875
821986E
821982200682
8219815
821981*
821980forit
82197nana
82197731894145
821974seth
8219726
8219699
821967
821966
8219633
821961961
821961
82195a
8219593
8219569a
821955
8219549
8219516
8219512j
82194b3
821949
821947
8219433
8219409
821940
82193cr
8219389
821938
821936
8219345
8219327
8219288
821927
821924
8219233D
8219223
821922
821920
821919D
8219185
8219165
8219138p
8219134
821912
82190af
8219093
821906lb
8219053h
82190461
821904
821902rp
821900calabaza.
8219006F
8218palm
8218julio
8218_abel
82189tlh
82189m
8218994
8218955
821894
82189183
821890c
82188hob21
8218877
8218846
8218835
8218815a
8218795
821879
82187718
82187532
82187102991
82186j
8218688
82186817
8218664
8218642r
8218640
821863014
8218608
82186
82185kr
82185818218581
8218577
8218567
821855
82185291
8218515
821850
8218481
8218466
821846
8218418
821839
8218384
8218354
821834
82183319
82183169
82182982a
821829
821828
821827
8218262
8218235
821822
8218212
82181joe
821817mia
821816
8218128
821811
821810
8218059
821804
821802
821801
8217yayas
8217km
8217keyla
8217985
8217971
8217915a
821789nlc
82178886
8217840
8217823
82177j
8217790
821778
8217752
821773
8217711FLES
8217708
82176875
821768
821766
8217656
821764
8217622
8217607
8217579
82175613
82175
8217474
8217413
8217399
8217375g
8217341
8217303
821729
8217275
8217262
82172
821719
8217179810
82171730
82171681
821715
8217143
821713
821712
8217083
821706
8217042
821703
8217012
8217
8216elm
82169956
821698
8216965a
821695l
8216947
8216930ugh563
82169
82168903034
82168618
8216827SUPERENANO
82167j
821679
8216758h
821673
8216704
8216673
8216668
821664
82166218
8216607
82165wlc
8216596
8216574
8216526
821651a
8216455
8216448
8216441
8216429
821641756
8216401k
821636932
8216330
821631
821630
8216270
8216259
8216213
8216206
8216203
82161sm
821616l
8216165a
821615
8216136
82161148
821607
821606
821605
821604
821603**
821602
8215kaymoeway
8215978
821597
8215965
8215943
8215935
82159185
8215882ismymoms#
82158776
8215872
821586
8215821
82158
821574t
8215715
821569
821568
8215651
8215646
8215628
821559
821558
8215567
8215560
8215556564
8215544
8215531
8215518
8215506
8215494
8215477
82154664
8215423
82154072
82153meb
8215382
821537950543
8215347
821532
821529610
82152700
8215254
82152444
8215217
821520
821519
8215143
8215133
821513
821512
8215108
8215092
821507
82150305
8215022
8214stace
8214jim
8214daotiem
82149900
821497
8214966
82149513
821492505
821492
821490
82148380909
8214824
8214814
821479red
8214784
8214775
8214754
8214744
82147008
821469bzw
821466
8214651
8214628
821459
8214561
821455
8214545
8214530
82145081luis
82144d
8214475
821447
82144287
8214401
8214386
821437886
8214372
8214358
8214344
821431468
82143
8214267
8214237
82142213
8214213
8214186
8214171
8214149
8214134
821413
8214122
8214107
821410
82140606
8214038
821402
8213wprt!
8213tt
8213odog
8213jd
8213995
8213986041995pwasdfg
821397
8213953
8213919
8213906
8213881
821386
8213849
82138213
821382
821380
82137604
821375
8213735
821372727
8213711
82136862
8213664k
821361
8213561
8213512
82135
82134824
821347821347
821345
8213421829S
821340
8213388
8213371
821336
821334
821332
821330577553
8213293
821327423175
82132694
8213263
82132421
8213221
8213208
8213202
8213192p
8213189
8213170
82131611
8213160
8213130
8213127
8213120
8213112
8213100
8213085
8213074
821305k
8213052dalia0253@sbcglobal.net
8213049
8213009
82130000
8212xb8212xb
8212sd7
8212monike
8212fir
8212cderic
8212JC
821299
821297
8212946
8212918
82128872
8212883
82128776
82128661
8212840
821281
8212809
8212795
8212782
821277
8212754
8212740
8212721
82127
82126330myhpnumber
821262
8212589982125899
8212582125
82125813438
821257
821256
8212541045
8212510
8212506
82125
8212495
8212486
82124489
82123670
8212334b
821231psdb
82123120
821231055366
8212307
82123
82122914
821228820508
821228125634
821227125966
821225alvim
821225075686
821224145021
821224-14-5021
821223085119
82122302
82122207443
82122202
82122200
82122124
8212205572
8212196
8212194
82121908
8212182
8212179mj
8212173317
821217065330
821217/ial
8212166m
821215k
8212150
82121425kat1403
821214086187
821213s
821213977
8212135275
82121277
8212125_bubenim
82121216
82121203495
821211075431
82121018
8212092
821207125686
82120521
82120396963
8212033
82120300152
82120200824
82120162
82120123
821200k
8212004
8212002ma
8212001
8211zl
8211sej
8211me
8211ju
8211fvr,
8211999j
8211998
8211993r
821199314779905
8211992
8211991888
8211990
8211987kns
8211980xxx
8211978
8211972
821196da
8211963
821195pir
8211957
821194
8211928
8211924
8211910
8211894
82118617
82118268729
821182
821180
82117891
8211780f
821177
8211766
8211741j
8211714
82116991
8211676
8211654
821164
8211614
82116034
8211591
8211578267
8211563
821156
8211545lol
82115348220321
8211511
8211477V
8211438
8211421
821142
8211357
8211350i
821133075730
82113050868
821130146381
82113
8211295
821129025961
82112828
821128085700
8211268
82112650
8211261
821125diana
8211255
8211245
821124146086
8211237
8211233
8211231224-yu
821122125230
82112125
821121015312
821118x
82111801
8211170
8211146
821113135090
8211122
82111212
82111200390
821111055417
821110135546
82110904254
82110832
821108032
8211077f
82110716
821106M
82110605699
821104135208
82110299
82110220
821102065242
8211010860112
82110
8210made
8210b
8210_CAJOVI
821097av
821092
8210911
82109014
82108tkojr
821086908587
8210854
82108408
821080
821077
8210759
821069geraldino
821068jp
82106821
8210674j
821067
821065415
8210636
8210619
8210616
82106
82105lv
8210599h
821056600
8210560
8210544
82105323
8210521
8210512
821050626
82104mc
82104812
821047
821045
82104093
8210386
82103646
821034567963
82103210
8210317a
821031451818
821030JPH
82103039
8210302001001
82103
82102904528
8210283
821028075513
82102626
821026065362
8210241413
8210240501
82102400
82102323
821023075696
821022465
8210221182
82102124
8210210
8210208
82102011
82102
82101993
8210194395
82101900858
821018115155
821017521
8210169
821016015230
8210151
82101442
821014055343
82101382
82101311232
821012j
821012300
821012035058
821011344k
82101111
82101089
82101
821009091082
821008821008
82100866
821008123
821008035688
82100793
82100771
821006025646
821005zi
8210054
821005035017
821004055753
821002julio
8210023677
821001085906
8210007
8210000
821-3193
821*aly
820yeaka
820syd21
820stanleyt
820sara
820rg820
820pre)
820normita
820maddi
820katy
820jjwcu
820h*rn11
820d985
820cse
820arianitap
820ambr
820Base
8209nv
8209hwy151
8209999
820994
820993
8209919
8209895
8209854
82098321
820982
820979
8209766
820976
8209743a
820972
8209686
8209675
8209659882096598
8209642
82095L
8209533
8209482
82094568
820942
82093si
820936
8209348
8209315
820930135598
82092cee
8209297
820929085108
82092814
820928035520
820927g,h,sh
82092708698
820926afo
820926451
8209256333
82092504
8209247182670
82092405
820923xnn
820923125690
820923-09394
82092166b
82092103982
8209210114087
820920f
82091919
8209190
820918iefa
820918085671
820917115461
82091582
8209152906167
820914jswh
8209141
820914086095
820913125945
82091216
820911384
82091101
8209105551
820910035610
820910026095
82090mg
82090914762ed
82090908118
820908105122
820907622574
820906000
82090510
82090381
8209037
82090319
82090306
820902l
820902135849123
8209015
82090108028
82090101
820900103s
8208venmar
8208majors
8208bd
82089cmw
8208983
8208979
8208957
8208931504
820891
82089
82088m
82088925917
8208874
8208859
8208847
8208820
8208816
82088059
8208756
82087468
82087109
820868
8208670
82086504
8208650
82086427
8208625
8208618
8208603
820860
8208591
8208535
8208502
82084945
82084743
82084647
82084563
82084360
82084233
82083e2
8208385719
8208332
8208317
820831135
8208304
820829055403
820828105763
8208270366
820825321998
82082311
820823028
8208223
8208208283
82082006
82081986
82081800
820817065057
82081512asdq
820815045327
820814918
820813705
82081351607
82081204
8208116120
82081027
82080825
820808143
8208075
820807036
820806tg
82080600
8208041064
82080361587
8208021
820801cl
8208012
8207lulu
8207kelsi
8207el
8207995
8207989
82079755
820795
8207936
82079140
8207884
8207859
82078545
82078445
82078396
8207820
8207780
8207777
820777
820774123
8207736
8207724
8207708
8207673
8207662
820759820791
82075906
82075858
8207573
8207550
820750
8207494
8207458
82074386
820742
820738
8207366
82073583
820735
820731sammy
8207303ca
820729105397
82072810
82072728
82072525110500
820724j
820722a
820721085221
820719shy
82071912
8207173972
8207165761
820716045188
8207155074
82071401
82071313
82071255
82071219
820712065632
820711145163
8207109h
82071
820709135732
820708016141
8207071
820706135104
82070556355
82070467
82070405
8207025
820702045240
8207001
8206pwhsk
8206eg
8206coub
8206SbH
82069905
8206987
8206953
82069180
8206902
82068784
820686
82068466
82068206f
820681207
8206806
82067907
82067727
820673JC
820673
820671
8206688
820667
8206649
8206622
82065785
8206559
8206547
82065301006
8206508
8206458
820643419853335
82064030
8206384
82063774
820637
820636
8206344
8206341
8206318
820631
82063011
820630085349
82062972
8206286984
82062703
82062534
820625065255
8206250020
820623025671
82062152
820619930305
82061650
820616015379
820614820614
82061401
820611j
8206109
8206101106
820610
820609135276
820608085692
82060751sp
8206065519
82060571
8206048
8206043470
8206038
8206030064088
8206023
820602145340
820602075151
820601086502
8205zeus
8205m288
8205fmtid
8205SNKK
820597540ny
8205932
82059044
820588
8205875
8205832.
82058205j
820581
8205790
8205766007172487008
8205715
8205705
8205698z
8205669
820566**
8205637
82056269
8205605
82055662
820551s
820549
8205477
82054688
82054660
8205407
8205400
8205396
8205382
8205367914
820534893026
820534
820531025527
82053058962622
82052KEIZ
8205292
82052900677
82052868
82052791
82052702
820526075028
8205249t
820523145991
820520cst
8205196794
82051809021
820517201
82051704122
8205170
820516125378
8205161
8205153
8205141
8205131
8205125660081
820511086373
8205103
82051
82050917
8205090f
820507686868
8205065315
820506115328adieyunie
8205045887
820503sz
820503106047
82050207
820501025374
8205004
8204sbk
8204AAB
8204980
8204973
820494
8204928
8204904
820489
820487512217
8204850
8204848
8204835
82047mj
820479
82047754
820475009
8204696
82046771008204677100
82046717
8204651
820464
820463
82046
8204567913
820453
820451
820447
8204466
8204457
820439
820437
82043575
820435
8204333
820430045019
8204296
820428146689
820426055417
8204253
82042406
82042403
8204226221
8204221151
820421ang
820421126001
82042010
820419552
8204194
82041923
82041805
820417latsirc
82041713
820416820812
8204162a
8204156
820414ke
8204137
8204126e
82041157
820410ak
8204103210
82041
82040925
82040914
820407w
82040757
820406fam
820406105704
82040488
8204044
820403815
82040305
82040114
8203tc
8203rossie
8203lj
8203babe
8203ag
8203977
8203953
82039327
820393
82039115
8203907
82039
8203883
8203863
82038203
8203804
82037tysbj
8203794
820375
82037
82036701
8203653
820365
8203636
8203619
820359
820356
8203542
8203480
82034768
8203413
820340
8203393
820335139
82033392
8203330
820332
820331105389552294
8203309653
8203296
82032881
820327045264
820326emg
8203253946
82032424
820324025321
82032371
82032351
82032257
820321145686
82032037
8203198
82031914
82031901
820318
820317035281
8203165374
8203154043
820315125259
820315086747
820315016116
8203148
8203140891
820313luyang
82031316
8203123
820312055275
8203118
820310ia
82030amor
820307jt7
8203070
82030614
820305tj
8203044
820304146388
82030303
82030214
8202sun8202
8202ociz
8202isis
8202dawg
8202aqua
8202_9810
820299
82029510
820291a
8202876
82028657cge
8202838
8202815black
8202812
8202788
8202752
820274
8202714288U
82027002
82026886
820267
820265
8202627
82026
8202568
82025524
82025394
820252
8202493a
820245132
8202446
82024412
820240
8202377
8202367
820235196
820233kjp
8202321
820228135029
820228035773
820227052
820226kumi
820225045079
820224115434
8202237
8202225
82022009
82021999
8202187j
820216821013
820216025527
8202148
820213ph
82021295
8202125
8202115
820211065431
8202105
820210016064
820208821112
82020703
820206025048
82020576
82020411
820203634s
8202023
820201762
8202007
8202003
8202001-04
8201tyson
8201tpg
8201slh
8201mc
8201lyq
8201jmg
8201an
8201997
8201993
820199
8201984
8201981
8201979
8201975
82019733
8201963
8201954
820193
8201923
82019038
820189
8201858909030101
8201847
82018201a
82018199
820181
82018
8201778j
820175760
820171
820169301
8201676v
8201653
8201606
8201598
820159456
8201552
82015424
820150
8201482014
820148
8201470
82014522HP
8201438a
8201420I
82014
8201376
82013652
82013547
820132j
820131358
8201300658
8201282
82012808
8201276
82012708
820126045129
8201231
820122015504
820121d
82012122
820121085658
8201202
82012
82011986
8201190312
820118025494
8201131656mathias
8201126
8201115
8201104
820110
8201090525
82010781
8201070
82010696
82010652
820105820130
82010539
820103caro
8201032
82010235
820102105262
820101herdi
82010166mb
820101078
82010067
8200sct
8200lb
8200fbaby
82009stinks
820095
82009111995194
82008ygide
8200895
8200887
820087
820086
82008522
82008414
8200835
82008330
8200820
8200814
820079
8200782
820076
82007226
82007007
82006tommy
820069630
8200685hha
8200672
8200664
8200651
8200624
82006111028790
8200598
8200583
8200571646
82005561
820052
82004lastone
8200464
820045
8200441
82004225
820040
82003s
82003b
8200364
8200345
8200317
82003
82002923
8200289
8200282
820026
820023
820021404
82002041131
82001881
8200179
8200162
8200121
820012
82000pbnn
8200080
82000700
82000655
820005
82000321
820001
82000000
820/300/110a
820
82/277
82/10/15
82.96.3-08664-93t
82.10.23.
82-65-mt
82-14-10
82-04-29aysl
82+555
82(cLrM)79!!
82&amber
82%2119
82 full
81z28red
81yz125
81yluj
81yeedeed
81xineohp
81whitlandrd
81wdnaa
81waternje
81vsdwade
81virginia
81vinz4534
81varna
81usmc
81upatasanlorenzo
81u3w01f
81truestar
81travis
81tq6uo57k
81toycar
81toffee81
81tmz6zf3j
81tigers
81tigany
81td2vro
81tbrown
81tannerrae
81taartjes81
81tPA6o
81t28b
81supporter
81sunset14
81stgrape
81static
81ssgint
81spirit
81snoopy25
81skipman
81sikness
81shvlhed
81shgirl
81sexual
81sean81
81sa58po
81s2street
81ruth
81rqsv
81roca
81richmond
81ramos
81rad
81rabbit
81qpwoot
81problems
81prarsinia85
81poly81
81playa
81pimpin
81picasso
81pcfzat
81pass
81pantera
81opop
81olds
81oiva
81ohouse
81nt4n9
81nm3tklmn
81nk4182
81nike
81newtown
81nerak
81natty81
81naomi
81n9k7vl
81n1440e
81mykenzie81
81moyleroad
81monte
81mmm0rtar$
81mm5raay8ac1c
81million
81michel
81mexican
81md00
81mattjay
81marine
81maria02trujillo24
81mandeli1
81malibu
81mafer55
81m7gg
81luvbeach
81love
81locolp
81llab0ng
81lindao
81lex241
81lettizia
81l402v6e
81kilos
81karen
81justin
81june29
81jose#1
81jeremy
81jeanine
81jackgood
81isit
81ionaway
81iloveyou
81ilailla
81ih07
81huamani
81hottie
81honda87
81holla
81heiden81
81hbic
81gspiv140993
81grannys
81gold81
81glsqtz3b
81gibson
81gh9e14c
81ge0527
81gb729
81gabe81
81fuck85
81froggy
81fraluca
81fourrodrd
81forlife
81fordg
81football
81fedaletos
81fairies
81euclid
81emu06
81em53
81eenie
81eddie
81eagles
81e5ctnd
81dvm7m
81dunvegan25@%
81doodle
81destiny
81delorean
81dd78cd
81davis
81dancer
81daisy
81cricket69
81cowboy
81corolla
81conrad
81clams
81cieloytulove
81chathu99
81cem1218
81cb527c
81capri
81candyshop
81candy
81camitate
81cake
81c7cf
81c2f311ec
81butterflies
81burn81
81boyz
81boogety
81bocicoel
81blue
81blackevo
81biliko
81bgm601181i
81beast
81bc551
81bandit
81atheist
81as02yb
81arashia
81april
81amw391
81amanda
81agan
81ac2545
81aaliyah2007
81a1m2p4#
81_noemi_89
81_kashef
81_RMkt
81WETwet
81SzLc96
81RTHDAY
81RAIDERS
81MortaR0341
81MeMo81
81MAN66DEL
81Jwbh31
81JAZZYJ
81Hawa1!
81EM92
81D1AE81FE
81Camaro
81CHEVYTRUCK
81Burt
81B6454
81@sanguam
819yitenglim
819west457
819victoria
819slore
819rfine
819rachelwong
819next
819lolo
819krazydew822
819king
819joby
819jamie*
819dearborn
819cosmo
819cochran
819c271
819bob
819abc
819ROYALTY
819BOY
8199sr
8199enj
8199978
8199952215
8199930
81998krh
8199870
819982315
8199807
8199781997
8199773
8199754j
8199706
81996knc
8199685
8199661
8199640558
8199605
81995tab
819959
819956
8199530
8199527
81995167
81994g
81994ad
819948
8199469
8199459
819941914
8199406
81993jb
81993ak
8199354011
8199324
8199319b
8199310dgm*
81992IB
8199293865
819927
8199246
819922
8199206
819919819
819917
819915
819912
8199112228
8199091
8199070
819906
8199057
819904j
819901akm
8199003
8199*shs
8198kp
8198bmav
8198ab
81989849
81989685
819896
8198924gj
81989145
81989141
81988j
81988987
8198858
819884444
8198827
81988232
8198812
8198761
8198733
8198713
81986934
819864954
8198601
819860
81985864
819858
8198573
8198556562
819851
8198498u9
81984838
81984256
81984209
819841232
81983921
819838
81983757
81983206ic
81983044
81983
81982934
81982898
81982704
81982217
81982036138
81982*
8198197
8198180
8198158
81981395
8198123
8198119
819810021
81980818
8198035
81980156
8198011
8198008
81980
8197chuck
8197TASH
8197999
8197975
8197952123
8197927
81979184
819787
81978576
819781978197
819781
8197753
819774
8197725
819767rach
8197662
819759w
81975854
81975797
819754
81975054
81974392
81974293
8197387
819738378
8197360
8197351
819732564
81973
81972803
81972591
8197244
819722
8197094
819703
81970008
8196oilkin
8196jm
8196TY
819698
81968l
8196845320
81968164
819674
8196719
819669
81966681
81966341
8196593
8196547
8196526
8196510695
819650
8196494
8196492ff
8196431
8196407
8196338
819633636
8196321A
81963
8196273
8196238
8196216
81961981
8196185
8196171234
81961648
81961412
81961363
819610
81960910
81960764
81960369
819603
819600a
81960
8195aj
81959900296451
8195981
81959559
819590
819589
8195862
8195848s
8195754
8195716047
81956pap
81956875
819567
8195641
8195608
81955652
819552
81954668
8195448
819542l
819540
819534
819532455
819528186
819524
8195231
81951694
819516
8195152
8195144
8195122aj
819510
8195012
8195***
8194to
819499
819495-a
819493
8194923
819490
81948662
819484
8194826738581
819482
8194770
8194756
8194736
819473
8194660
81946
819457624
81945553
819455
819450
8194497
8194459
81944535
8194395r
819434
8194313b
8194277
819425
81942
8194169
8194151
819415
81941246
8194060
81940564
8194046563
8194020
8194000jrlm
8194000000
8194
8193prum
8193char.
8193VR
8193998
819397
81939524
81939297
819391
8193848
819377
81937573
8193713619
81936928
8193663
8193655
8193624
8193615
8193595
81935803
81935489
819350
81934122
8193396124486CACB
8193381177
81933716
8193340
8193328
8193299
819328Dw
81932788
8193255
819324605
8193213
81931741
819312
819311294
819311
819309
8193057
8193041
8193
8192wr
8192silvia
8192jimmy
8192ca
8192977
8192956
81929171
819288
8192856
8192851
8192756
819275
8192722
8192713
819266
8192628
819261616k
8192582
819256
819255
819253a
8192526
81925082
819250
819244
81924213
8192400
81923680
8192331
8192300
8192290
819226
819221
8192196
8192183
8192125
819212
81921045
81920908
819207
819203
8192008
8192005
8192001
819200
8191xm29
8191tt
8191rickilea
8191nh21
8191han
8191b
8191999
8191996
81919925759
8191990BRYSON
8191988vip
8191982m
8191978
8191976
8191955
819194
81919192811
81919
8191879
8191861
8191815
81918
81917795
819177
8191756
819173
8191719
81917054
81917
819168a
8191670
8191626
819160
8191589
8191531
8191493
8191439
8191406
8191393
81913471
8191335
81913316
819130801
81913037
81913
8191229210
81912001
819117
8191142
819113
81911196
81911
81910920
81910663
81910466j
81910364
81910191
819100
8190x6
8190poop
8190jm
8190amoryvidamia
8190abdul
8190971
81909434
81909301
819092131416
8190916
81908777
819086
819084
8190816
81908062
8190782ya
81907647
8190753
819074
81906jc
819069
8190636h
81906302
81905b
81905741218
819056
819053party
819051l
81905157
8190496
8190453
8190405
81903954
819036
8190337
8190331
81902939
819028
8190253
8190247
8190232
819022
81902099
81901mal
819019
8190187
819017
8190159
819013
81901101-17537
81901065
8190101
81900911365
8190063827hernando
8190010
819/51
818zbaby
818whynot
818vivalaraza
818vallero
818va773y
818tere
818tech
818smoke
818smiles
818shorty818
818sexyyou
818sarang
818sandiego
818riders
818randy
818raing
818princess
818pollo
818piru
818pimp
818pacoima
818ninja
818nan
818mtroyal
818modern
818misny
818mex
818lpc
818lover
818lizard
818lilgee
818leoku
818laflaca
818krz
818king
818jugetona
818jlg
818iara
818hoodrat
818gurl
818guicho18
818girls
818fucklove
818easy
818diego
818cutie
818chola
818ccd89
818burbank
818beyda
818bardy
818ashton
818anger
818amelia.
818abi
818VERE818
818VALLE
818TEAMO
818RoosMIck
818RINNYAVE
818PVAMP
818PREETYEYES
818PACOIMA
818MOUZY
818LOVE
818LIFE
818LADY
818JOKES
818FLOWERS
818BRADLEY
818BETO
818AW.7
8189ss
8189rnyce
8189ar
8189978002t
81899687
8189933
81899300
81899058
8189901
8189897
818987521118
8189855
8189833
81898
8189754
8189749130E
81896k
818968
8189674
818967
8189647
8189632
8189587
81894me
81894fca
8189494
81894667
8189455
8189445
81894
81893l
81893J
8189396946
818938158
818936
8189310
81892don
818929123
818925112008
8189203
818920
81891babygirl
81891J
8189196
81891851PUPU
818916m
81891414
81891340
8189128
818912
818911
81890mg
8189092
81890800
81890392
818902
8189013
8189004
8188pv
8188nate10
8188k
8188ec
81889chris
8188977662
8188964
818894
81889277B
8188920
81889197
81889077
818890
81888lj
81888cn
8188884
8188877687
8188869
8188861
81888506
81888442
81888310214987
8188821
818882006
818880
8188765
818873b
81887350
818869a
8188670
8188656
81886258
8188612
81885dtb
81885686
818856
818853
8188501
8188487
81884815
8188444d
8188390
8188343
81883382
81883305
8188315
81883017
8188298
818828
8188262
8188253
81882272
8188218
81882160
8188204
818819p
81881988z
81881917
818819
8188189
818818818
8188182
8188151497
81881354
81881075
81881
81880893
818808188
8188064
81880407
81880281
818801
818800
8188
8187ij
8187digua
8187962
81879431
8187916
81879
8187898
81878781
818786a
8187841
81878161
818780989
81878
8187788
8187754
81877369
8187730515
8187715
8187705
818770
8187695340
818767
8187647586
818764
81876225
81876
8187571
8187558
81875457
818754
81875341
81875128
81874964
8187481
818747
8187441568
8187428
8187412
81874
818739
818738
818736
8187319
818731
81873
8187291
818728
8187244863
8187223
818722
818718NY
8187155
818714baby
81871158
81871003
81870k
8187053
8187014ja
8187008
818700
8186star
8186lm
8186ed
8186dda
81869917
818696
8186896
8186862
81868284
818681
818679724013
8186788
818674
818672
81867125
81866804
81866621
818665t
81866331
81866159
8186572
81865218
81865149
818651
8186480229
8186466
8186456rc
81864425
81863981
8186365
8186316
81863070
818623
8186225
81862115
818619
818615d
818613a
818611
81860916
818606
8186011
8185xk
8185mj
8185gwen
8185anne
818597
818596*b
81859466
8185914
8185910124
818590
8185876
818586848926
81858610
8185846
8185836
8185820
8185803
81857824
81857659
8185749
8185721
81857
8185675
81856587
8185634
8185620
8185601
81855855
8185551212
81855271
818552
81854966
818548
8185456
8185450
818542424
818541
8185399
8185390
81853569
81853198
8185303
81852lake
818529653925
818526igp
818525
818524
8185227
81852042
8185161
818515889
81851264
818510
8185086
81850789MAMA
81850737
81850516l
818504m
81850250
8185004944
81850
8184shell
8184sam
8184four
8184dan
818498shea
8184959
8184952
818492
8184911
81848994
8184879
818487
818486
8184855
818484
818483
81848178
818481
81848
818479
818475712345
81847431
8184722
8184704
818468
818465
8184641
81846182
818460
818457
8184566
8184523
81845149
81845
81844ag
8184483061
81844729
8184435
8184411768
81843eap
818439
8184366
818436
8184352
818434
818432
81842381g
818420
818419
8184177
8184158
81841417
8184105
818407
8184055
8184033
8184027
818401232
8184000109
8183y0106
8183qk
8183mj1
8183lkh!
8183ju!
8183gennov
8183abc
81839999
818399
81839700s
8183949505
81839347
81839153
818389
8183887
81838789
818386
81838587
818383
818381317
818378
81837578
8183737
8183716
81837023
81836526
81836240
8183618
8183615473
81835808
81835528andrei
8183545
81835434
8183529
81834986
8183479
8183461
818345
8183426t
818341
8183393
81833732
8183359
818334
818333
818332753
81832858
818326
8183232
818320a
81831648
81831410
8183123
8183096
81830612
818304f5
818303s
818303
8183019
8183
8182nitescrjn
8182mla
8182egr
818299
81829767
81829640
8182952
8182932bg
8182925
818291
8182906
81829
8182894
81828899z
818287
8182855698
818284
818283mc
81828385
8182838485868
8182838485
818283839
81828308
8182828
818281818180
8182805
8182793
8182771
8182766
8182759
81827556
81827253
8182720
8182707
81827
81826819
8182661
8182637
8182614
81825970
8182586
818256EC
818255
8182530
8182520
8182501233
81825
8182486
8182466
8182456
818245
8182416
8182412
8182408964
81823850
818237
818236818236
818235
8182338
8182315401
81822d
81822953
81822815
8182276
8182265
81822383
8182222
81822027
818220
818218luis
8182187
8182179
8182159
818213cali
8182131
8182121
818210rc
81820yup
8182088
8182067
81820583
818205
81820347825
818203033
8182026
8182010
8182008
8182005
8182002
8182**
8181waw
8181simple
8181rabbit
8181ha81
8181cathy
8181_wie
8181998
8181990b
8181989
8181987leah
81819838
8181976
8181971
8181954
8181928
8181898
8181869
8181865
818186
818184
818181p
818181k
818181/
81818080
81818042
8181798
818179
8181783
81817719
8181757
8181750
8181725
8181706
81817
818168503
818168
8181661
8181657e
8181626
8181621
81816102
818158455juke
8181555
8181525
818152
81814921
81814818
8181419
81814
81813832
818137
818136319
818134206
8181325574
8181317
818130
818126
81812420
81812329
818121722aa
81812
818117827926
818116
818113
8181122
8181114
8181101
81810605
818105
818103
8181022
818101
8180ezcom
8180ashie
8180981016
8180970
8180968
818095
81809244
818091869
8180904
818089289
818088
818086
818084192s
818082
81808062
818080085
818077
81807144
81806s
81806681
8180626
8180608
81805rip
81805jg
81805a
818054
8180528
8180502
818048
81804407
8180425
81803jnc
8180340
818033228055
818031ct
8180308
8180299
8180272495
81802475
8180230
818022
8180203
81801910
818019
818016
81801435
8180126918k
8180124
8180112
8180099
81800910
8180081
8180032
818001albrvaz
8180000
818-928
818+818
817vws
817twu7
817tapout
817south
817sindey
817ry
817ray
817qaz
817phil
817pdt
817pasler
817nnygi
817nate
817music
817murda
817mimo
817ma7
817love4e
817loles
817latinos
817jovan
817jammy
817jacob
817gutta
817foeeva
817eee
817dover
817cutie
817coyote
817chely
817car
817c444
817blue
817adlesirc
817YOSHIMI
817Warwick
817NATE
817HUNTER92
817CRIP
8179mpp
8179malibu
8179goty
8179ac
81799bbg
8179956
8179935
8179923
81798852
817988
81798674g
8179859
8179819
81797agatha
8179795
8179773
8179755
8179738
817971
81796nadiha
81796856
8179669698
8179665111
8179662N
817960
81795862
8179565780
81795296
8179512
81794hj
8179485
8179448
8179421
81794145
81793nini
81793acm
8179378
817936x
817936
8179323
81793114
81792ts
81792emily
8179295589
817928300841
817927
81792530
8179239
8179229159
81792
81791marie
8179191
8179160
81791300
817911a1
8179099072
81790088
81790
8178ad
81789mg
8178967
8178925
8178917495
817891
81788amt
8178880KM
817884
8178827
81788106l
81788
8178787
817878
817875
8178689ltm
817867
8178662306
8178603426
81785553
817850131028
817846678954123
8178445
81784070
81783815
817837
81783533
817832510750
817832200415
817832
8178312
817829kr
817829
8178276054
8178254
817824
817821
81782026
81781966
81781751
8178151
817814
8178112
8178101578
8178088431
8178081255
817804
8178006426
81779945
8177972169
81779371
817788
81778533
817784
81778256
81778181
817781708
8177756
817773
8177693
817768
81776452
817763a
817759
8177577
817754b
817751
81775
817748
8177475
8177465
8177447074
817740
8177393053
8177373
8177369
8177357
8177352
8177349
8177340
8177316tt
81772675labebe
8177246357
8177234578
8177225
8177198
8177142
817714
8177114
8177074
8177055
8177040
8177037
817701710
8176vo
8176ds
8176970
8176950
81769371
817692
817690
8176892
8176881863
8176862
8176845
81768251
817681
8176806
81767947
8176769jo
8176700
81766983
817669
817666
817665
81766
8176578
817655
817654
81765
81764Soo
8176483833
8176474
8176445
8176435
81763778
8176364
8176344
817634
81763336
8176318
817629
8176278
8176267h
8176226
81762020
817617
817613dd
81761369
8176128
81761237
81761
81760715
8176062
8176002
8175fish
8175GC
8175968137
8175950
8175882n
8175855
8175817438
8175808
817577
81757503
8175736
8175712
817569903
8175666
817562
8175603usa
8175577
817555
81755412963
8175521817
817550505
8175503
817550
817549
817547
8175454614
8175426
817540
8175374
817536
8175349cengiz.
81753209
81752791
8175260
817525
817522
8175209
817520
8175162
817514
8175125
8175112
817510
8175085
8175048kgh
817503105
8175&nb
8174ll
8174lao
8174ga
8174aa
817498
8174959
8174922
817489
8174869JV
8174856015
8174850836
8174833
817482
817480
817477th
8174735
817469JCMEX
8174679599
8174655943
817456al
8174564712
81745540
817454J
8174505
81744766
817443
8174409
8174395
8174385
81743590
817431
8174260558
8174253
8174250me
8174213
81742
8174185
8174130846
81740901
817406
81740324
8174015602
817401
8174#hot
8173cla
8173993
81739284
81739255
817389aha
8173870
8173852f
8173800d
8173780107
817375
817372323
8173708
817369
81736443
81736110
81735584
8173527
817352000
817348l
8173463118
81734597
81734476
81733cd
8173353
81733343aaa
817330
81732382
8173168
8173132h
81731213
81731002
817309032
817307k
8173063522
817303ef
817302s
8173023
8172jbq
8172ffk
8172asdfgjk
81729901
8172976271
817296clogger
8172942964
817292218
817292084
817290
817283
8172824435
817280569
817278
8172755
8172713
81726roc
817269rd
81726657
81726573
81726495
817263540
81726234
81725a
81725972
8172576
81725451
817252007
8172508
8172460948
8172456
8172435036
81724321
8172417
8172410
8172400
81723868
817238
817235271-
81723480
8172312846
817229
8172282
8172256@
81722488
8172210
81722
817215
817214
8172129
8172118
817211
8172069776
817206
817204
8172020371
8172004
8172002
8171tea
8171mac
8171999
8171995
8171993d
817199
8171982
8171979m
8171976
8171973
81719660
8171963
8171955
817194220
817191
81718pm
8171871
8171857
817184
817183
8171822I
8171819
817180959
81718
817178
817177
8171750
817173
8171718
817171417923239
8171713
817170
817169
8171672
81716450
81716145
817161
8171581
817157
8171540
8171523
8171510
81715032
8171460
8171443
8171414
8171399
8171389
8171381
817134858518
8171325
8171314
8171288
8171266
8171253
8171233
8171216
817119a
8171161
8171123
81711121
81710859
8171069799360348
8171017
8171014
81710
8170hb
8170cd
8170993
8170982
817090
8170885
8170831
81708
8170788
8170739
81706627
81706481810
8170619893
81706060
81706
8170585
817056a
8170556i
81705454
8170512
81705
8170448
8170435
81704219
8170388
81703604
81703208
81703
81702901
8170263
8170241991
8170233
81702274
81702
817014
81701297
8170104
81701
8170080
81700709
81700436
8170029
8170019
817.881.2582
817-800
817-0572
817!home
816ww
816vay90
816thug
816stud
816sharai
816serrano
816ryders
816princess
816nylims
816nbbb
816mom
816macho
816lorenzo
816lina
816lanalhue5461
816killa
816kbn
816jwc
816hylhyl
816haydon
816georgiamay
816exit
816effie
816dodger
816dbk8
816cuz
816ccc
816cal
816bubbless
816are
816aces
816PASS
816LW1983
816KCMO
8169ys
8169ca
81699678
816993
81699162
81699
8169872
8169836
816982
8169803
816977
81697533882634pn
8169707
8169673
816965520
816964
8169604642
816956
8169536
816952952816
816951
81694rn
81694dj
81694a
8169458
8169420
81694036
81693e
81693c
81693766
8169361
8169334
8169321
816930
816929504
81692800
8169269
8169264
8169220
8169201
81692
81691j
81691cg
8169190
8169185
81691695
8169149
8169142
816912
81690s
8169054
8169010
8169
81689jhr
81689909
8168981
8168924
816891
81688as
8168886
816887
8168845
8168810
8168787
81687731318162132538
816876
8168726
8168684882
81686790
8168614
8168580
816854
81685001
81684sle
81684kt
81684927
816847
81684102385
8168398
8168382178
816837
8168338414
8168314
816831
8168298
816827m
8168243907
81681eld
81681818
8168166
816812312
816812
81681073
81680np
8168089594
8168008
8168
8167home
816799
8167932
8167921
8167909874
81678707
816784721446
8167796526
8167786
8167720
816766
81676353
8167618
8167607x
8167590
8167540
81675398127622
816752
81674aa1
8167461
8167456
8167411
8167402njrp
816738
8167327
8167304
81672945
8167282
8167266
81672388
8167227ingrid
8167226
81672
81671994
8167177
816716kc
816714216
816710
816705
81670215
8166debs
81669b
8166981
816695
81669318
81669
8166863
8166822
8166810
8166779
8166735
8166732008
8166718
81666934
816668
8166665
816665
816663
816660
81665144
81665
8166452
8166450bb
8166446
81664128
8166389
8166354
8166339
8166323
81663162
816629
816626
816625391554213
81662334
81662164
81662
8166188
8166147
816614
81661234
81661087
8166100
8166077
8166068982
8166015
816600
8165xxx
8165kbjunior
8165ellen
8165Iluvsvs
816596287
816592
816586
8165798
8165762
816574
8165727
816571
81657
8165680
8165667
81656404
81656325
81655960
81655909
8165568
81655563
81655
816548
8165454
8165440
8165438
81654
8165387
8165336
816531
8165296.
81652679
816526
816524613123
8165239
8165227
8165221
8165204022
816519
8165149
816513
8165123
81651169
81651096
816506
8165043736V
816502
8165004
816500
8164df
8164Ever
81649984
8164979
816497
8164904
81648ne
8164837714
81648237
81648164a
8164808
81647891
81647193
8164676
816466
8164634630
816456
81645112
8164499
8164481
8164468728
8164454
81644452
81644062
8164401
816438erika
81643852
816438252
81643815141917
816437952
8164369
8164368108
8164356e
816433
816430cl
81642963
8164284929
816427
8164259
8164222
816421
8164188
81641696
81641585
81641462
816411jc
8164114
81640719102709
81640603
8164046
8163bis93
81639fe7
816397p
816392
8163889
81638534
81638422
81638163a
8163795
816377
816374
8163716
81636906
81636887
816366
81636381
81636087
816358
81635467
8163541
816352MMS
81635228163522
81635200
81635005
81634894
816348
81634591
816341
816340
81633932782807
8163379770
8163305
8163299
816329
8163281
8163278
8163242
8163238
8163222588
816321
816315
816313
816311K
81631070
81630bday
816308870k
81630806
816307
81630620
8163044
81630384
816301
8162svc
8162ik
81629SV
8162967621
816294
8162921
81628587
816283
81627916hass
8162768
8162734
816272021
81627
8162691
81626820
8162651
8162629
8162625
8162592
8162540pop
8162521
8162505
816250
81624sweet
81624728
816244064104
8162432160
8162414956
8162400
8162353
81623275
8162315431
81623
816229
81622733hp
8162247
816224
8162227018
8162219
816221
816220
816219
8162157
8162144
81621195
81621098
8162087
8162074
816207
816206
81620461
81620259
8162000
8161pg
8161jjh
816199410
8161993J
8161983
8161980
8161978
816197
8161964
8161951655
816193
816190
8161898
81618578
81618352
81618168
816181
8161795
81617897
8161758
8161716
8161693
816168
8161660
8161649
8161631987
8161581
8161560
8161543
8161505
81614960
8161484
816145
8161410
8161405
816139
8161374
81613438
8161328rios
8161322
81613182hotmail
81612916
8161287
816128
8161239
81612275
8161208
8161201
8161198
81611847
81611640
8161153u
8161129
8161102
816109j
816108
816106
816104870
8161034
8161
8160mk82
8160kt
8160am
8160990
8160975
81609527
81609492
8160935
8160926
81609
816088
8160849
81608290conjuntomaguari
816079917
81607790
8160743
816073
816070695
8160696
8160693
81606356
8160602
81605wasloved
81605j
81605b
81605797
8160530b
81605
81604b
8160479
8160447
81604234
81604
81603lexis
81603600
81603101991
816030kerrie
81602707
81602474
8160230
81602230
8160213106
8160211
81602030
8160197
81601415
8160120
8160095
8160086
816008
81600691jl
81600580!
81600361
8160031453
81600084
81600037
816/1220
815wilcox
815walie
815squad
815ska
815sanu
815rain
815oh6
815nasty
815mylife
815monkeypoo
815mat
815mar
815l7r99w4
815kbk
815john
815gussy
815eime
815da2
815burp
815b5z
815J02abz
815ASan
8159kna
8159alex
8159976
8159950
8159939
81599265
8159907
815986
815983
8159806
81597r
8159798
815972
8159711
8159698
8159672
815966k
815964467081
8159623
81596/52322
81595a
8159596
8159582
8159526
8159518
815951
81594kd
81594e
8159474
8159439
8159422257
8159404
81593911
81593722
81593544
81593082
81593027/
81592877
8159267
81592524
815925
8159221
8159207
81591vs
81591j
81591M
81591600
815915
8159138548G
81591304
815911
815910
81590sexxi
81590e
81590426
81590380
815902
81590102691
815900715
8159+gmn
8158mv
8158dboy
81589809
8158975
8158949
8158917w
8158903y21081084
81588love
81588819
8158845
81588123
8158802
81587748144
8158761
815875
81587138
815869629
81586660
8158631
815861
81585nk
815858
8158561
815853
81585
81584b
8158488
8158482261
815847
81583royalqueen
8158360
815831
815830
81582803
815827
815826
81582519
8158223
815821
815819
8158175
8158163
81581588
8158134
8158118
815810jj
8158093
8158079
8158065
815804
81580277
8158009
81580000
81580
8157chicks
8157994
8157986
8157963
8157955859
815793
81579255
8157910a
81578786
8157855
8157844
81578009
81577865
8157752m
815773
81577157
81577010
81576911
81576503
815764
8157634596
8157614
815758
8157575
8157566
815752113
815747
815745
8157406
81573kp1
8157382
815738
8157377
8157334
8157323
81573
815727yy
815727
815724
81572368
8157208
8157191
81571810
8157164
8157143
8157125999
81571205
8157086576w
8157056
8157011
8157001
815700
8156cv
81569431
815690
815687
8156856
8156850
81567Aa1BF
8156789
8156778
815677
8156749
815673ng
8156719
81566962
81566850
8156658
815664193307
81566190
81566
815659
815656
815654
815653
81565067
8156472
81564494
8156443
8156433
81564008
8156384
8156373
81563534
8156346
8156339118
8156315
8156247
81562363
815622546
81561d
81561922
81561592981223505
8156112
81560946
815605m
8156044
815601
8155oscar
8155langza
8155always
815594
815592522
815591
8155899
815588
8155846ami
815583
8155808
8155778
81557510
8155739
81557201
81556p
81556894ayu
815568
8155621
81555939
81555531
81555271
815550
81554883
815548
8155460
8155449
8155443235
8155432
8155404
81554001
8155387
8155358
815534
8155319
8155276
8155254518
81552265
8155185325
81551617
8155160
8155157
815513
8155111
815508KUMBLA
81550677
815506
815503
81550165af
815500
8155
8154oca
8154956
81549300
81549275
815490sexy
815489wh
81548916
8154872
81548606
81548279zz
8154815487
81548076
8154738
81547299
8154708
815469
8154666
81546425
8154636
8154627
8154614
815456
815454
815453
815452
8154509
8154487
8154482
815441
81543937198153023902
815436
8154351
8154336
815430
81542740
815424
8154227
8154211
8154193
8154173t
81541590
8154156
815412559
815409
8154064z
815406
815402
81540034
8153vn
8153dk
8153995
8153979
81539665
815395
8153942
8153905
8153897
815388
815382
81538086
815379+
8153770
815376
815372
8153690
8153641
815362
8153596
8153535
815352
8153511
8153491
8153484
8153457
8153415
8153403
8153361
81533370
8153321
8153280478
8153243
815324
81532
8153167
8153158
8153144
8153123
81531
81530820
8153047
815304
81530349
815303
81530093
8153
8152pom
8152krc
8152clinton
8152aaj
8152995
81529854
8152969
81529516
8152943431
8152937
8152895
8152886
81528688
81528289
815280s
81527815
8152738
8152721
815268
8152644
81525878456
8152587
8152575
815256
815254
8152501
8152493
8152483116
81524581
815243769c
81524101qwer
8152401
81523aaj
8152372
81523591
81523514
8152330
8152309
815227
815226
81522481
81522384
8152193
815218
815215
8152135
815213
8152126
8152110
81520j
81520733sull
81520635++
815206
8152022k
81520103
8152004
815200
8151xoxos
8151ohio
8151997
8151996
8151990.na
8151983
8151981
8151976
8151970
8151964
815193
81518650
8151823
81518151
81518
8151798
8151782
81517427
81517114
815170
81516k
81516872
8151681198
815165
8151644
8151637
815162342lostlord
8151606
815159
81515474
815153
8151516
8151506
8151480
8151471314
815147
8151448
81514408953
81514355
81514163
8151401
8151390
815136
8151340
81513323
8151327
8151306
8151296
8151293
81512691
815126
8151252
815124
81512253
8151209
815118
8151174
815116
815114
8151131202
815113..
81511278615549
8151125
8151119ok
81511140
815110623
815108
8151075
8151066
815106
81510481
8151044
8151032
81510236
815101915
8151012
8151
8150mkj
8150jetta
8150due
8150THJKK
8150993
815097
8150944
81509271
815088
81508736tj
8150858
81508210
81508150
81507cer
81507364
8150721
81506ct
81506AEB
8150689
81506663
8150653
815060
81505nr
81505cc
8150590
8150580
8150524
81505006
81504wcc
81504866
81504525
8150447e
815043
815041
8150332
8150329
8150319954
81503
81502cpr
815029
8150284m
815026
815023555
8150222
8150189081
815018166764
81501577
815014
8150123jorge
8150096*rg
8150071
815006
8150032
815003
8150016
8150009
815 7531
814yffib
814yad
814tata
814sns
814pooh
814nc4of
814mlt
814mj0028
814llo1
814lalcon
814jnm
814jenny
814heinz
814fda
814evr
814doggie
814cook
814cliq
814asshole
814SQUADRON
8149hd
81499960
8149981499
81499265
8149908
8149850
8149828
81498149
81497sr
814978
8149737
8149673
8149636
814961170
81495857
81495492
81494rb
81494jo
8149493
8149472396
8149459
8149424
81493shiz
81493510
8149318
814931
81492800
8149235
814923
81491earth
8149182030
814914250
814912
8149109
81491
81490nena
814907
814904
8149005
8148mark
8148jm
8148YRR
814898
8148913.
814891
81488c
814889
81488839
814888
81488763
814886
8148843
81488$r
81487752
814876
81487041
814868
81486428
814862626
81485d
8148580
814853
8148512
814849
81484
81483819
814836
814831
81483047
8148261s
8148210
814818@rey
814817v
8148166
81481513
814814e
8148144145342b
8148120
814811
81480di50075
81480850
81480314
81480
8148
8147patron
8147986
814798
814795327
814794576
8147933320
814789
81478442
81478
814779
8147770
814771p
8147665lokaa
81475797
8147566
8147541
81475012g
8147484
814747
81474563
814743524
8147430
81474
8147353
8147322
81472collects
8147239356
81471966
814718
81471135
8147087
81470487
8147020536
8147020123
814700
8146green
8146et
8146am
81469773
81469518
8146928
8146866
81468439
814682
814679
81467479
81467206
814670
81466904
8146651
81466
8146546
814650
81464675
814637
81463394
8146299218
8146287
81462633
81462315
81462055
81461775
814616
814614
8146132
8146114
814610
81460836
8146049
8145orchard
8145grandad
8145eptah
8145dg
814599
814596488
814593germ
81459259
814592
81458a
8145881458
81458578528148
81458272
81458194
81458030
81457936
814578
81457616
8145742
81457101
8145709
8145672
814564259
81456279
81456
81455922
814559
81455765
814556
814554
814552
814551
8145492
8145475
8145466
81454520
81454241
8145395
8145356
8145331
81453188
81453052
81453
81452kr
81452667
814523m
814522
8145189
814518
8145154
8145123
81451120
8145064
8144var
8144sd12
8144life
8144anne
81449075
81448749
8144858
814480maro22
814478
814476
814474
81446719
81446520
81446478
8144568
81445561
81445380
81445195
814451
81444803
814444
814442
814440
814436
8144329
81443120
81442899
814424
8144215b
814419469
814418pim
8144171
814417
8144156
8144140
81441181ihsan
814408
814406
814403764
81440093
8143viv
8143nippy
8143eng
81439alex
8143991
8143963
8143953133
8143919
8143894
8143857
81438406
814382
814371880
81437023
81436896
814368
814367
814362
81435858143585
81435594
8143536
8143507d
814344811
8143434
814341
81433670
8143333
81433191
8143304
81432807
814325
814323marrod0564
814319
81431719
8143103
81430955
81430807
8143063
8143024
8143005
8142ki
8142jm
8142hot
81429435
8142919
8142894
814288yvonnedayctt
81428618
81428265
81428203
81428142
8142779
8142730
8142709
8142661981
814266
814264
814262
8142610_22216486+
8142602
8142563
8142556
814254
8142536
8142518A
81424910
8142473
8142454
8142430
814239
814238
81423767
814236
81423387
814231
814229
81422639
814226
8142221
814220p
81422
81421981
8142168
8142159
8142140
8142134
81421264
814212
81421
8142081420
814206
8142044
814202jj
8142021
8142006
8142003
8142002
814200
8141zoe
8141qj
81419999
8141996dg
8141995
8141991j
81419876625
81419870
8141981568
8141975
814197
8141965
8141948
81419210_92437080
81418987
8141888
81418534
8141845
8141801
8141784
814175
8141726
814171
81416l
814166emssb
8141642
8141629
814160
8141584
8141559
81415492
81415348
8141529
8141517
81415
81414901
814148
8141462
8141438
81414223
81414
81413734
81413562
81413328
814131
814128
81412486
81412469563
8141232
8141217
81412027
8141192
8141186m
814118
81411656
814115
8141134
8141120
8141115l
814111
81410cfcda1a
814107
81410530
8141044203
8141026
8141015
814100234
8140seanjb
8140dm
814097
814094
81409
8140857
8140829k
81408030
81408
81407G
8140774
8140721
8140693
81406214
8140612z
814057000
8140550
8140528
814051
8140496
8140451
81404217
814040
8140384npi
8140325
81403
8140280
8140271007
81402522
814023
81401d4476
8140170
81401322
814010
814008
814005870a
8140047371
8140037
813yippyyy
813victor
813tuc189
813trapstar
813to826
813slim
813rocklight
813rep
813rara
813nuki
813noochie
813mulachaser
813mekaandtjgurl
813mamii
813killer
813julius
813jbb
813jaeger
813isme
813hitmaker
813harrelldrive
813good
813forest
813eric
813ely
813drew
813dog
813deej
813crew
813chris
813chd923
813bull
813bubble
813bread
813bjh
813beau
813bakari
813abc
813SYLESE
813NOEL
813MONEY
813LILDUKE
813Jef
813Heritage
813Crystal
813BITCH
8139pi
8139daisy
81399730
8139962469
813994jv
813994
813991
81399034
81398921
81398754
81398592
8139830060Q
813980
813979
8139714
8139705595nancy
81396james
813969
8139669k*
81396365
8139631
81395yani
813955
8139525
813950a
8139482
81394730
8139416
81393x
81393mw
8139381393
8139341i
8139329
8139325
813932
81393011
81392m3
8139296
81392694
81392449
8139234z
813922822
81391nikki
8139190
81391526
813913jt
813913
8139111
81390riah
8139080
81390722
813904rn
81390378
81390184
8139009
81390
8138akh
81389mans
8138972
81389689
8138920940
81388jel
813889516
813888
81388561
8138837g
813881
81387erin
81387962
8138742
81387286
813870
8138685688
8138667
813865
813864
81385872
81385634
81385
81384956
8138488
8138480
813846
813845
813842d
81384224
81384
81383beka
8138382gti
8138369
8138330513
813830
813829
813824
81382293
81382129
81382049
813819
8138181
813818
813816
813813898987
81381381
8138103h
81380hot
81380915
8138065
81380627
813803
81380
8137ss9
813797
81379246
8137919z
813790
8137898
8137872
8137853
81378491
813777357
81377668c
8137746
8137739
81376689
8137663167
8137644
8137633
8137600z
81375722
8137560
8137556
813752
813751
813750
81374701
8137458
813742
8137405
81373820
813737813737
813736
8137323
81373
81372944
8137273181
81372606
813722
8137202
8137175
813716
813715
81371276
8137122
81370Bh
8137087
813703
813702
813700
8136cjj
8136969
813695321379
81369322
81369123
81368a
813685
81368310
81368136
81368009
81368
81367819123
813677
813674
813670
8136698g
8136688
8136680
8136642
81365dww40
8136583
8136547794pink
8136520
81364a7ab4
8136464
813645
81364434buena
8136426
81363814
81363767
813634
8136310
8136299
813627
8136249
81362467
8136218
8136173
81361484
81361383
813612
813610
8136057
8136036
8136005
8136000
8136
8135jmc
8135_21635_Paw
8135995luisitd1
813597d
8135976
8135939
8135919
813591
81359
8135868
813586
81358541
81358489
8135816
81357789
8135748971
8135729
81357150
81357074
8135680
8135655
813563
8135622
8135612
8135602
8135586
81355778
81355667
8135547
8135534
813551
81355
8135457242
81354343
8135425
813542
81354139
81353996
813538
813536
81353453y
8135339
81353251
8135309
81353062865
8135252
81352266
813521sunflower*
81352174paola
813519
8135181
8135161
813515
81351334
813512
8135108
8135105h
8135090
8135069
813506
813502
813501
8135000652
8134dbue
813497
813495035
81349150
81349005
813490
813489
8134877
81348663
8134860
8134822
8134801
8134789
8134724
813470319m
81346ss
81346927
813468
813464
81346025
81345677
81345567
8134523
813448
813446618
81344643
8134447
81344214
8134398
813436
8134357**
8134347133
81343352
81343101995
8134278
813423
8134212
8134205
8134193
813417
813415
8134130
813411i
8134102h
8134071d
81340618
8134056941
8134044
8134034ewy
81340222adoro
8134005
813400
8133rp
8133karen
8133USMC
813399
81339854
8133967
81339509
8133933
8133920
8133894r
8133889
8133869
81338333
81338290
813380/
813377
813375
8133733
813373
81336862
813367
8133664
813365lj
8133652
813363
81336020DU
81335562
81335425
813353
8133509
81335
813347152463
8133464
8133445
813344
8133416
813341
8133404
8133386
81333782
8133347
81333318
813329l
8133285
8133278
81332561
81332525
81332361
81332251
8133214
81332010
81332
81331930
81331856
8133151231
813314
8133114
8133103
8133098
8133092
813307s
813306
8133033
81330182yu
8133001198
8133
8132xxxx
8132mz
813299471645
813298
81329725
8132969
81329609
8132937
8132924
81329063
8132904
8132866
813281447
8132812
8132810
8132803mf
81327940655
813279
81327618
8132731
8132729
81327205
81327137
8132708
8132689z@
81326772
8132664
8132630
8132627
813261
8132604
8132600b
8132599
8132591*
8132586
8132581325
813257
8132564
81325598
81325501
8132534
8132522
81325093
81325053
81325
8132497
8132481
813243
8132427
8132421
813241536
8132393
81323764y8
81323618695632
8132348
81323217
8132303
8132289
8132280
8132269
813226
8132247
8132222
81322122056
81322106
8132199
81321962
813219
81321818
81321598
8132154
813215
8132140
8132117
81321
813209
81320581
81320362
813202534
8132004
8132002
8131zpb
8131whit
8131or
8131nm
8131mmc
81319v
8131998jc
8131994
8131992z
81319916124
8131989rich
81319855
8131982
8131979
8131975
8131968
8131963sb
81319607
813196
8131957
8131943ae
81319198
813190
813189591q2w3e
81318761
8131831g
813182
81318099
813179
8131781317
81317653
8131764
81317516
81317397
8131715asd
813169230119
8131675va
81316487
8131634
81316100
81315979
8131581
81315769
8131560
8131520
8131488772885959
8131472
81314520
81314338
8131427
8131407
8131398
813138
81313766
8131358
81313474
813133
8131325
81313207
8131308c
81313
81312913
81312813
813124Kp
813124
8131220
8131214
81311995
8131187
8131170
81311624
8131160
81311518
8131147
813114
813113
8131123
8131112
8131104
813110
81310922710
8131063
81310460
813101
81310012
8131
8130raie9387
8130kaylah
8130jp
8130diane
8130bh
8130DOUG
813099
81309828
81309693
813094
81309-2m
81308862
81308751
813082381
8130802ns
8130788
8130778
813076
81307533
81307203
81307050
8130690
81306772
8130627
8130597
8130570
81305326
81305249
813051
81304gjp
8130496
81304580
8130439
8130419
8130412
8130405
81304
8130395
81303812
81303721
813036
81303558
8130334
8130318
81302mcl
8130296
813027
813026
8130245
813023
813020s
8130206f
8130203
8130196
81301457
8130130
813011
813010
81300jc
81300582
81300467
81300207
81300103
813-5148
813'sfinest
812weeks
812tq/0505
812tediunbeso*/
812skate
812scott
812rocks
812rca
812oct
812nux
812nam
812mne
812mhw
812lumie
812kt
812keila*
812joy
812isle5
812ina
812ham
812gu54
812grace
812geo
812galloway
812f131
812emw
812december
812d3Falc0n
812clare
812c
812buremln
812azaz0
812ars
812a6017
812[/addy
812MARVINPOLLO823
8129malinda
8129cm
812999810110
81299616
81299557
81299389
8129925
812992
81299117
812990282605
812988
8129868
8129834
8129826
81298237
81298
8129780864630
812974
8129715
812971
81296maaria
81296906
8129686
8129680
812967
8129667
81296608
8129619
81295xp
81295913
8129555
8129536
8129520
81295085
81294vivianslee
81294april30
81294M
8129498
8129459
8129436
81294250li
8129415106
81294$@m
81293jpaj
81293as
812937
812936
81293561023
81293459ab
812933
812932
8129310
8129300
81292kpg
81292cs
8129296
8129271
81292677
81292227199110344
8129206
81291pj
81291k
81291Lalo
8129188
812917834
81291704c
8129151
81291462
81291396
8129118)A
81290alfcrossfox
812909n
812909
812906
81290543
8129038
8129**
8128jy
8128ang
81289long2
81289b
8128996
8128993
8128989
8128982
8128966
812895
81289026
81288788
8128858
81288316
81288149
8128808
81287h
812877
8128728
8128712j
81286ecp
8128693
812865
8128616
81286116
81285vero
81285d
8128593
812859
8128582502
81285575
8128550
8128537
8128519
81285110880
812849
8128455dk
81284505
812844
81283scu
812835
8128333
812831921
81283
812829
81282721
8128252
8128247
81282350
8128203
812818
8128156
81281358
81281200
81281164
8128113
812810
81280w
8128067
8128054
812802
812796
8127911228567890
8127880
8127859cal
812785
8127840
8127838e
8127822
812781
812780
8127777
81277370878330
812771
812767
8127648
81276118
8127608
812760
8127593i
81275779
81275426
812753
812752000
8127518
8127511
8127494906
8127479
812743
81273a0-
812739642
8127381273
8127359
81273272
8127310
812729814511
8127289
81272659495248j
8127250f
8127218
8127179
81271557
812713
8127126122
812711
81271
8127094
812709
812706a
812706
8127046
812703oink
812703
812701AMP
812701
81270024
81270
8126stargirl
8126q
8126esteban
81269cd
8126967
8126956
812693
81269139
812690
81268908126890
81268668
81268254
8126812681268126
812681268126
81268055
812680
812675
81267241
812672
8126698
81266879
8126658
81266554
81266231
812660
8126564z
81265587
8126524
8126512h
81265006
8126494
8126454
81264312
8126420
8126379812
8126367
8126328
81263055
81263
812628
8126269
81262625
8126197
8126186
8126154
8126141
812612549v
812611513
8126104me
8126101235
81261
8126083
812606p
812606
812605
8126047
812604
8126020
812601
8126-28275
8125ej
8125_14
8125@k@ksp03
812599
8125967
8125965
812596
8125944
81258j
8125891
8125880
81258708
8125868
8125843
81258340
8125829
812581k
81258125
8125806
812580
8125764
812569
81256632
812561
8125603
8125596
812557
8125531
812551
81255
812548
812546919
8125460c
81254367
812541
8125407
81254
8125385
8125370
8125358
812535
8125307
812530
812529
81252452
8125227
81252097
8125201
8125190
812518851128
812517
8125158
812514
81251306
8125129
81251200
8125116silva
8125111
8125098
81250730
81250676
8125055d
8125047
8125010
8125000
8125
8124luz
8124lau
8124as
81249896
81249395
812492
812490
8124897
8124883
812484
8124821194
8124807
81247974
8124789
812475
81247365
81247
812468
812466
8124622
8124604
8124591507
812457
812456
8124550
8124545b
8124533
812452
8124492
8124490
812445j
812439
81243625
8124350
812433
8124295
812429
8124274
8124255
8124235
8124211
8124169
81241536
812413
812411101
812408
812407
81240448
812404
8124022
8124013
8124006
8123s471
8123ndalee
8123ihateu
81239themouse
8123983e
812395
812392
812390
8123879
8123866193
8123851
8123843
8123830
81238283
81238243
81238132
81238123n
812381
812380
81237bluet
81237994
81237812
8123756j
81237254
8123700
8123696h
81236683
81236565
81236480
8123631
81236073
812357
8123555
8123540
8123538
812353
8123508d
8123500
8123490036
812348
8123466
81234579
8123413233
812340
81233941
8123389
812337
8123364LEMUEL
8123355
8123345
812333
81233130531
8123300
8123292
8123276h
81232615
8123248
8123219
81232136
81231858
812318
81231746
81231507
81231491
8123124
8123115
81231
812309
812305124
812302br
81230170b
812301
8122sun
8122mm
8122mare
81229863232
81229706
81229666
81229503
8122925
8122902
812287
812286
8122834
8122818768
8122814
8122806
8122781
8122775
812275
8122736062
8122717
8122711
812270
8122687
812264
81226304
8122620a
81226166
812261225
8122599153
8122559
8122540
812253752
8122535+8122535
8122525ah
8122522
8122511
8122506
8122501
812247
812245
8122422
81224
8122385h
812238
812236251215
8122342
81223386
812232
812231
812228
8122245
81222218
81221g
812218k
812218A
812217
81221627
812214r
8122141c
81221354
8122123
8122112
8122109
8122102
812210
8122095assiram
81220814
81220792
812206wa
812206
81220526
81220344
812200555
8122001
8122
8121st
8121levi
8121ak
81219kgujs
8121998
8121995en
8121994h
8121992tiaguinho
812199
8121988a
8121986t
81219866
8121985tiger
8121982tzo
8121979
8121978102819984222000
8121976ang
8121970lf
8121967
812195
81219445
8121933
81219277
812191773
81219035
812189
81218705
8121865
812184km
8121838
8121827
812182182
8121798
81217754
8121766
8121739
81217225
81217138
812171
81216jj
8121690
8121684
8121664
8121640
812163113
8121626
8121619
8121597
81215782
81215511
812152
812151925
8121518
81215125
81215053
81214sejujo
812148
812147
8121451
812145
8121420
81214114
81214093
8121405
81213laser
812139
812137a
8121369
812135
81213235jy
812131415
812131
81213008
81212982
8121288
812127bc
8121256
812125221829
8121231212187
81212231
81212179
8121211
81212
8121195
8121185
81211647
812115
8121138
81211218105lito
8121113b
81211060
81211032
81210737
812105
8121048
812104
8121032
8121027
8121004934
8121000d
8120view
8120lenore
8120dsa
8120al
812098
8120969
812093
812092
8120911casa2
81209
81208815
812087juany
8120856
8120833
812082
8120791
81207855
812077
8120759
8120728
812069269200s
81206675
812064
812060112325
812060
812059
812058
8120533
81205265898312
812051
81204lr
812048JR
8120458
8120414d
81203beau
8120368
8120345
8120327
81203130
81203
8120285
8120267
81202526
81202433
8120237tex
812022
81202
81201960
812018
812012812012
81201256
812011812011
812011
812010
8120099
812009
81200780
812004
8120023
8120022
81200181
812-8217
811z4812
811yami
811vsu
811tja
811south22st
811show
811rocket
811pauline
811ni
811mickeymouse12
811mau
811lim
811kyden
811katyba1994
811jjm22
811jen
811girl
811flag
811ely2516
811e230
811dizzeltuba
811dar
811claudia
811chepe
811cabdykisses
811bud
811blackjack
811banner
811azn
811angelica
811adb
811_1507
811ROBY
811NORTH
811Dig
811Cyn
8119hap
8119bda
811997dr
81199790
8119954
811994_lee
811993q
8119910
81199
81198810
8119833
81198311
81198175
8119789
8119777
81197327
8119713
81197
81196928
81196826
811966
8119639
8119623
81195wex
811959
81195880
8119575
811956
8119543
81195111
81194skg
81194217
811941
81193b
8119379
811935328502
81193501
8119323
811932
81193101c
811931
81192c
811928
811927
811925220
8119241
811920
81191ruby
81191me
81191dady
811919114
8119156
811914120
811913
8119123
8119113
811910708
81190ENMANUEL
811908112530
81190552
811905
81190280
81190116
81190...
8118stac
8118j6460
81189el
81189av
81189a
8118991
8118971392
8118966612345
81189642
8118950
811894
8118918976215
81189119
81189045
81188paraiso
81188mc
81188bday
811888e
8118875
81188337
81188216
811881387423
811879
811877
811876
8118751
811874
8118727
8118709
81186r
811869
811867
811865022852
81186342
8118610
811859
811857
811853
81185100
81185*
811849
81184528717195
811843
8118418
81183wlr
81183989
811839
81183666
811833
811832
81183
81182904
81182662
8118251_ss_ss44
811825
8118222268
81182168324
81182031
81182
8118182
81181632
811816
8118155
81181314
811812
81180kd
8118081d
81180360
811801357
81180000
8117op
8117mark
8117andrew
8117SEP
81179531
8117917
811790
8117885
811787
81178636
8117841
81178380ju
81178192
811781
8117770
811774maulana
811774
81176892
8117663
811761
81175906
8117586
811756DA14
81175318
811752110
8117514
811750
81174911
81174785
81174645
81174402
8117428
81173honeybee
8117366
8117338
811730
8117268
811726
811723family
811721
8117198
81171882
811714
81171221
811711
811710
8117083
81170616
8117047k
81170439
8117039
81170214
81170171
811701
811700090879184
81170
8116pinklady
81169982
8116980
811695
811694817
811692
8116900
811688233561
8116877
8116858
811684
811681792859
811681
8116781
8116773
8116759
81167501182
811672351
81166bebe
8116677
8116661
8116631
8116618jay
81165s
8116593
81165702
8116564
8116526
81165121
81164mkg
811649
8116413
81163pl
8116385
8116368833
8116348
8116338686
81163231
811631
81163037
81162l
811629
8116257
81162361
811622
8116190
8116184
8116162512965
811616
8116156
8116150
811614
811612n
811609
81160822
8116073
811606
811603120
8116010141154
8115gh
8115bbfu
81159s
811596
81159159
811591
811590
811588370
811584
81158385
81158285
81158232
81158153
81157912
81157694
8115761399
81157514
8115729
81157117am
8115699
811567
8115659
811565
811564
811563cs
8115636
8115601
81155k
8115582
8115537
811550d
8115484
8115466
81154569
8115448
8115440
8115417
811540
8115370208
811536
8115344
8115331
8115315
81153
811527
81152620
8115255a
8115246
81152240
8115212
8115191b
8115183
8115171
8115165
81151523
8115138
8115123
81151128
811509
81150705
811505
811502
8114fran
8114billy
8114991
8114987059kg
8114981149
81149618
8114949
8114919
8114906615
8114901
81148826
81148750
81148486
811484
811482
81148122
81148017
81147659
811475
81147482
811472
81147
81146625
8114644
81146
81145878
811456
8114545
8114537
811452
81145183
8114501901994
81144882
81144625d
81144511
811442
81144118
8114406
811438gobgab
81143637
811435
8114336
811430
8114293
811429
811427rt
81142585
81142558
8114241kza
8114234
8114210
81142047
811420
811419
8114169
811414187fugatt
811413
811412474
811412
8114107z
8114104
811408
81140457
8114000
8113jm
8113je
8113bre
8113960
811391991
811391
8113900
81138t
8113883
8113875
81138410
8113822
8113819
81138113aa
8113785
81137655
8113751z
81137361
811372
81136pop
8113676
81136626
8113651
8113649
811363372*03
8113630
8113620
81135fe
811357c
81135659
81135541
811354
8113524p
8113511
8113481488
81134744
8113435_i
811342
8113411
81134..
8113381133
811337
811335
8113340vb
81133
81132888
8113281
811327zrdb
8113279
8113272037
811326
811323d
81132271
8113200
8113170
81131646
8113158
8113154
8113151
81131400898037
81131328
8113125623
8113118718
811310
81130789
81130652
811305
811304
8113025
811302
81130126
8112zo
8112rockyridge
8112fsu
8112ea3633
811298
81129662
81129638
8112926
81128Martin
81128872
8112868
811286
811284
811281lolo
81128112
811279
811277
8112742
8112726
81126910
8112672
8112659
8112643
81126258
81126203
811261d
8112607
81126003
811260
8112594
81125878
8112569
811256
8112549
811254
81125333
8112522
8112517
8112515
81125132
8112511
8112493335
811247270d
811245mercury
8112444
8112436536
811242
81124102
81123992
81123456
8112339899
8112323
811231145856
811231015752
81123006
811228025853
81122736
8112265374
81122608
81122527
811225075548
8112239
81122358
8112232
8112213
81122108
8112199
811219045238
8112186
811218055434
811216uu
81121618321
8112155
811215105344
8112146
811214-14-5811
81121372
81121247
81121226
811212025437
8112105221
811210065267
811209ls
811209025196
811208016343
81120713
811206181283
811205momo
81120530
81120527
81120515
811204ale
811204146351
8112017
8112013
81120085
8112004a-p
8112004
8111sima
8111nc
8111la
81119b
8111996m
8111993RM
811199214
81119888111988
811198
8111969
8111965
8111958
8111956
811195
81119297
8111916151
811190241
8111891
8111887
8111883
8111864
81118406
8111836377
811182
8111811
81117964
811174pa
8111703
8111695
8111676
8111664
8111655
8111611
8111591
811156
81115441
81115
81114693
8111451112
8111441
81114002
811139
811137
8111320
8111313
8111295605
8111279
81112601805
811126
8111243528
81112318
811122swan
8111222210
811122035631
8111214
8111209
81111923
81111705269
8111159
81111521
811114125354
8111126
8111119
81111111
8111105277
811109081
811108126086
81110710
81110705
8111066
811106145611
81110530986
8111049
8111047a
8111032
811102811102
811102075679
8111013
81110103
8110chico
8110bia
8110MACCMGCC
8110991
811096
8110948
81109097
81108930
8110889
8110877
811086
811084
8110823
81108110
81107y
81107cam
81107892
8110782
8110723812
81106kmdg
8110697
8110688
8110649e
811064
8110637ta
8110622
8110619988
81106068218899
8110596
8110594
811059
8110568
8110543
81104d
811049
8110473
811046
8110437
811041
811040
81103ma
8110366
81103413
8110331
8110327
811031syed!
8110304700n
81102axess
8110298130
81102856
8110272
81102714199
811027016192
811026075270
811026015315
81102529
81102450
81102412
81102403
8110234
81102306880
811023025868
8110226
81102106
8110200
81101961
8110190
811016rr
81101601
8110158
811015086097
811014B
81101450546
81101415801
81101387
811012a
811012232323
81101213
81101186
811011125175
8110109
811010016217
8110092040
81100888
811007015264
8110066
811006045090
81100536
811004ANILU
811004175
81100410
81100303
811002125210
811001na
811000
810wickham
810wer
810sesame
810rochester
810prinni
810olivedr
810mickey
810marelle
810loves48
810leome
810kate
810jones
810jess
810iluvpws
810gurl
810faint
810elmo04
810duffer
810brooks
810berry
810authenic
810ad
810LandE
810HUSTLE
810ANGELI
8109felicia0403
8109bl
8109also
8109992
810998
81099641796
8109924
81098aug
810989
8109856690
810983
8109803
8109761
8109745
81097136
81096vez
8109695
8109672
8109636edi
81095km
81095kjb
81095957
8109571
81095322
81095
81094ash
81094765
8109449018
810943
8109402
81093s
81093g
81093c
8109397
8109365
810933
810931
81092m
810929105712
8109279
810925135287
8109245280
810924055269
810922ag
8109216
8109213
81092123456
810921
81091l
81091jorgelove
81091g
810919125496
810917831223
81091614
81091588
81091414
810913145613
81091120
810911011
81091001
81090al
81090860
810907..
810905145875
8109051
810904497
810903ngg
8109036
8109028
8109015ll
810901145296
8109001
8108ms
8108ho
81089abcde1
810899
810898
8108954
8108941
8108911
81088951
810888
8108856884e
81088385
81088206
810881
81087jess
8108769
81087499
8108725
81087173423
8108708
8108697914850810
810869
8108678
81086470
8108629
810860
81085cml
8108582
810852
81084leo
81084ch
81084840
81084614
81084556
810840
81083ok
81083626
8108339h
8108327
810831499
81082vlr
81082909
8108283178
8108261056
81082530940
810823373
81082305
810822g
81082240
810822085547
81082085
81081m
81081ash
81081908
8108180
810817125014
81081662
810814509675
81081241
8108109741
8108105635
810810065530
8108092226
81080821
8108055442
810805016398
810804075599
81080305
810801145424
810800_fei
810800
8107iverson
81079love
8107980240587
810795g
8107953
81079313
8107921v
81079
8107897
8107881
81078549
810781w
81078111199
810780
81077321
810770
81076p
810766
81076519
8107625
8107618I
81076
81075946
810758t
810755
810754
810747
810742
8107354
810734
8107319
81073110
8107306
81072813
8107256
8107252
81072417
8107236066
810722mvm
810721125319
8107201028
81071915
810718045246
810717125252
8107170
8107165
810716135627
81071568
810714126161
810713m
8107134458
81071301
81071213
81071188
81071081905360
8107098
81070901
810708105153
8107080
8107066
81070608
810705105131
810703842
810703035483
8107023
81070160
8107014
8107002
810700
8106ryoumadianne
8106leeka
8106jp
8106bb4233tp
8106JR
810699
8106972
8106947727
810692
8106912
810690134588
81068736
81068690
8106852
81068417
81068182
810678
810673
810670
810669
810666a
810664
8106626
8106614
8106578
81065412
810652136
810650
8106473
810641
8106397450
8106373
8106368
8106344
8106323
81063094
81063004
8106292
810628145067
81062640
81062605588
810624016161
81062310
8106225756750
81062103
810620347
8106182
8106174
81061692
810615fuck
8106159330
8106148
81061458
81061368
810613145478
810611alma
8106106
81061
810609146021
810609025502
81060806
810607chipitin
810606035537
810605086068
810604371
81060349
81060264
81060108
810600
8105cscs
81059679
810593
8105919
810591
810587977
810586mer
810585r
810584072dafni
8105826
81058194
81058
8105794
81057795
81057516
81057259
8105670
81056682
810565477
8105616
81055b
81055978789
81055807718364
81055615
8105525
8105515
8105509
81054yuri
810545
810542
81053m
8105389899
810536
810534
81053103D
8105306792
81053012
810529145758
810528810528
810527016020
810526915
8105261
81052519
81052470
81052407
810523ka
8105236
810523-9
8105214
81052110
810519105349
8105186
8105161
81051572
810514135143
81051312
8105128
8105119
81051108531
810510146128
810508135147
81050701
81050680cc
810506015432
810503125433
81050306
810501125608
8105009
8104tye
8104plc
8104fr
8104billyz
8104MH
810499
81049743
810496
810494jess
8104947
8104924
8104898
81048812
81048612
8104802
8104773
810477
8104725
8104719385
8104688
810465
8104621
8104601
810457
810452
810447
8104436
810441
810439
8104378
8104356
810433
8104324
8104310
810430075518
81042947
81042914
810428YOSOYPAZ
8104255353
81042408
81042307
81042167334736
810419135647
8104186
81041515
8104150
810413alan
81041346
8104121307
81041202394
8104113sg
810410075115
8104089male
810406ya
810406087
8104045
810403135589
8104023
810401abc
810401065206
810400
8103boys
810398
810394
810393
8103911
8103870495
810384533
810384
810382
8103789
810377ls
810376
8103744
81036popo
810368
8103667
810362
81036
8103589
8103580293
810357
810356
81035580
810353
810352
810347
810344l
81034302
8103422
810341
8103408
8103404
810339
8103348
8103325
810331125217wan
81033107
810330075713
8103296
8103290
8103287
81032813
8103271255
8103265
81032602800
81032502
8103232
810323135060
810322015008
8103213
8103208
810320025202
810319851216
8103191
81031901
810318ts
810318086196
81031712416
81031574
810314M
8103139643
8103134547
81031206499
81031131
810311145536
810310016070
810309145385
8103090
810308135716
81030701
81030610
810305125096
8103045305
81030414
8103040
8103024
810302115108
810301810301
810301125312
8103000
8102tv
8102hbk
81029714
81029652
810293kazu
810291il
81029066
810288
81028206
81028086
8102799
810277096
8102729
810270cris
8102702
81026622
810265
8102641
8102620
8102617
81025cit
8102591
8102567marix
81025546
8102541
810254
8102539
8102535241
81025339999
8102531
8102527
8102525
8102519
810251
81025
81024906
8102485868
8102478025
810246freddy
810246
8102449
810241191
810239
81023652301
810236
81023123
8102304
810230
810229be196
8102288
81022796
81022650645
81022500
81022403
810222085762
810221125048
81022
810219leo
81021974
81021822
810216105456
81021510
81021408
8102132
81021301
81021214620
81021201529
81021024
81020ab
81020862
81020505
81020410
81020407
8102033923
8102030
81020223
81020201
8102012
81020
8101tg
8101jun
8101cherry
8101ad
81019988
8101996mira
8101993t
810199233
8101989r
8101988mohamed
8101987alenka
8101981d
8101977
8101971
8101967
8101964
8101957w
8101951
81019400
810193654v
81019094
810189525
810189
810188
8101844122928
810182m
81018
810179
8101782
8101773
81017662
8101743
810174
8101727
81017
810167
810165
81016191
8101610423
8101600000
8101590
8101564
810156
8101545
810152
8101496
81014810
81014618
810145dad
81014
810136
810132844
8101323
810132
810131145221
81012stich
81012938
8101286
81012704
81012541
81012510
8101244914
810123long51920
810123456
8101232
81012302
810122303708
8101218
81011994
81011951
81011906
81011810
8101152539
81011508
810114840204
8101133
810113000
810112pm
8101127vianey
8101114
81011002
81010A
8101095910
810108jes
81010852690800
81010814
810107145635z
8101060245
810105035192
8101040
8101012
8101011
8101010
810100
8100tx
8100kia
8100aaa
8100GIRL
810094
81009016
81008y
81008baby
8100899
810088
81008519
8100846974
810083
8100827374
81008103
81008083
81007mc301809962
81007910
8100783
8100751
81007261
8100717i
81006kl
8100694
81006704
810066st
81006433m
8100623
81006122
81005x8
810059
810058
81005563
8100536
8100504
810050
81004aj
8100490
810045
8100410
8100393
810038
81003778
81003621984
8100338
81003245a
8100319
8100303
810030
81002975
8100279
8100268
81002523
81002456
8100233
81002316
810021934
810020992
8100187
81001445.11
8100135
8100121
81001155
81001127
81001012
81001008
810010
81000a
810009012
81000704ac
8100067
810005
81000314
81000306
81000302
8100024
81000152
810000YT
81000060
8100
810.234
810#1hot
81/nov/6
81/213phase7
81/115bg.11
81.tin_ker
81.27.j
81.19.48.42:279a
81.01665713704
81-8-09
81,56,n1
81)09)03K322$91
80zzzzzz
80zluvcali
80z115
80yvonne
80yorkroad
80ylrebmik
80yiyo
80yd76
80y28z
80xobknuj
80x_baby
80wonder
80wildcats
80wedding
80wagon
80vmb80
80verito
80v39g
80ufcrich
80trees606
80trackstar
80townshiproad1462
80thecommoncrich
80tbird
80surf
80summit
80sthemes
80stars
80staprd
80ss4545
80srule
80srocker
80srock16
80sresurrections
80spower
80so505
80smovies
80smetalrulez
80slover
80slady
80shockey
80shay
80shairbander
80sgurly
80sfriend
80sergio
80screwu
80sbatman
80sbaby06
80sbabe
80sanmarco
80s_car
80s01p04
80rph
80rock1991
80robinkim
80rn1n1991
80rice80
80rguh
80rd1t4
80ramiel80
80radina
80r152a4
80qku5mz
80prorun02way
80pringles
80popdriv
80pomeroy
80pink08
80pine80
80pics16
80phils
80per0deau
80park
80p3kv3
80ornuthin
80olds
80oktober
80nnyl
80nn1e
80nj0v1
80nike86
80nicevaimo
80nc9952
80nbjnaug99
80na52
80n1tatadoro
80mustangs
80musicman
80mpf1
80monkeys
80mona80
80mj05
80min
80midland
80megusta
80mckibbon
80manor
80mammina80
80madness
80m11l219y
80luvs04
80luver
80lt07
80lopalr14
80lling3r
80lindsay
80lilelf
80lic12
80lecue18
80lasalle
80lamina
80ladee
80la3w3
80kronur
80kjj9rq
80kittiepi
80kina
80keys
80kboq
80karensita09\\\\\\'
80k22m
80jwks97
80july08
80jpxh
80joker87
80jmga
80jessica
80jdszbm65
80jars.
80jamesg
80jaja
80ir45
80ipjln,
80imf20
80iloveme
80iesbaby
80i00f4005jphrgwe
80holland
80hhaa88
80haven
80guzman
80greenbrowroad
80greeky
80glenst
80gd4n
80gbhdd
80g6gbugbig
80four
80football
80fleabo
80fick
80fav1248
80face
80evolb
80eve0
80etazeta
80erica
80epteken
80eminem
80elcamino
80ehcram
80edward
80e800n70ng
80dude
80dpj62
80diamonds
80derrick
80davinci80
80culture
80corvette
80conan80
80cloe
80civc
80chevrolet
80cf45
80cenlin
80cc3r69
80candy12
80caglar80
80c6451c
80butterfly
80buick
80buddy17
80bubbles
80bruin
80bre08
80bottom
80boboys
80bitch
80bianca
80berrowroadbos
80bebo
80balissem79
80baht
80baby1
80babies
80b158c3
80axemen
80atla91
80artista
80apjs95
80andadyson
80ambila
80alpacino
80alcber
80aiya
80adernAGH
80abril12
80aa95541987
80a50f3ce3
80_pelucas
80Yogi*)
80Wideout*
80SNENA
80ROCKON1
80NandiX45
80Martell
80MDelia79
80LRDC03
80Jq26ue
80Jefferis
80JNwiYEC54b
80JDmd05
80HAIRMETAL
80FuErTe
80Eric
80DULCES
80Brier
80BeN01DaN
80BRUNETT
80BADbyxor
80Acres
809zuly
809yohannamargarita
809udu
809tillidie
809shamanda
809rvvp
809riky
809ppp
809pimp
809palito
809oliver
809norton
809n718
809minumero
809migente
809max
809marie
809mamiysonia
809lokita
809lilo
809leo
809klokrd
809kid
809juan
809jose
809jodete
809jjhb
809jimmy
809jason
809hvbrt
809hi
809guam
809goz
809francisco
809flora
809elnegro
809dr4eva
809domicilio
809dioesamor
809cocire
809choco809
809camino
809bryan
809bmgg
809babyink
809aurora
809amar
809alanna
809admin
809VICCY
809MONICA
809MAMI
809JIMENEZ
809DOMINICAN
8099ladii
8099AR
8099966265
8099960356
809995656088
8099945704
8099942994
8099940365
8099936933
8099932526
8099919762
8099916546
8099915277
8099903
8099895617
8099890607
8099887964
8099883514
8099865998
8099847482
8099845331
8099839603
809983
8099826361
809982307+6
8099818827
8099818174
8099816715
8099813
8099807304
8099801878
8099794
8099787861
8099786
8099782585
8099777302
8099777076
8099771894
8099752910
8099751918
8099746657
8099743862
8099739932
8099731857
8099729908
8099728839
8099727451
8099719710
8099718443
8099716272
8099713483
8099711670
8099707517
8099703133
8099699790
8099696687
8099691290
8099685715sheila
809968264
8099675008
8099671750
8099671122
8099668603
8099660449
8099651918
8099650753
8099648177
8099642222
809963pr123
8099637676
8099637433
8099633538
8099632672dni
8099630238
8099625425
8099624645
8099623214
8099621204
8099617483
8099611831
8099603
80995b6b4g3
8099583
8099577
8099574017
8099573328
809957
8099567
8099555
8099540022
8099537813
809952ec
80995230
80995
8099497652
8099491282
809948
8099462316
80994558-zc
8099418
809940
8099394687
8099380993
8099374613
8099330049
8099321661
8099319335
80993168205763776
8099309561
8099302797
8099300
8099280992
8099267445
8099262
8099253601
8099243982
809924
8099236403
8099235154
8099231831
8099229023mme
8099228533
8099222231
8099221309
8099220682
8099211209
8099211029
8099210451
8099210328
8099210152
8099203
809920
8099198350
80991924
8099191H
8099189706
8099188762
8099186384
8099185828
8099181469
8099180885
8099178200
8099176
809917
8099167875
8099163999
8099159584
8099154284
8099148238
8099147256
8099143436
8099142929
8099142381
8099138818
8099131091
8099125704
8099122818
8099120410
8099120150
8099109521
8099098634
8099095900
8099093574
8099091271
80990808201
8099076232
8099071193
8099070274
8099068794esawq
8099067296
8099064*7
8099057923
8099054746
809905
8099045815
8099042220
8099039171
8099032978
8099031812
8099027720
8099023399
8099018792
8099012149
8099001
809900
8098_15mam
8098996077
8098994610
8098992769
8098990037
8098956
8098914
8098904513
809890
8098898473
8098898
80988929667
8098890041
809888
8098863678
8098860837
8098853599
8098852235
8098851225
8098849
8098845798
8098841690
8098838103
8098836421
8098830879
8098828418
8098826116
8098823170
8098815825
8098812
80988098
8098807028
8098802221
8098792378
8098788422
8098786631
8098781550
8098781235
809877Z
8098778573
8098774826
8098774312
80987722572483105
8098771056
8098761381
8098754118
80987514
809874dn
809874356
8098736829
8098733860
809871a
8098711
8098700
8098697595
8098692878
8098689611
8098681277
809868
8098675985
8098668765
8098665763
8098662203
8098658559
8098650183
8098645974
8098640898
8098637180
8098632209
8098630960
8098624105
8098622143
8098619910
8098617616
8098614036
8098613502
80986115
8098604504
8098600441
80986
8098584722
8098583368
8098579
8098572587
8098569402
8098565906
8098562504
8098558609
8098554676
8098550024jose
8098546
8098544382
8098540010
8098531040
809853
8098528375
8098518966
80985138240370
8098512953
8098512
8098508862
809850
8098497680
8098493759
8098489118
8098472292
8098468341
8098462476
8098460138
8098451246
8098441
8098425492
8098422889
8098421609
8098410013
8098406637
80984
8098392482
809838
8098369593
8098364455
8098351421
8098345116
8098341920
80983
8098296
8098289
8098279
809826
809824897
8098221280
8098220093
8098217
8098212596
8098209073
809820629
8098204591
80981cj
8098192882
8098187467
8098187037
8098179668
8098177037
8098172832
8098165792
8098161238
8098156827
8098154442
8098151295
8098135792
8098133219
8098132885
809813122
8098130023
8098114cz
809809809809
8098090
809808
8098055575
8098054564
8098047781
8098044801
8098042536
809804
8098035284
8098032850
8098024493
8098022613
8098019444lmpm
8098019
8098018237
8098011569
80980025
8097rajo
8097dp8844
8097GORDON
8097984
8097971192
8097969265
8097943
8097911183
8097902020
8097901628
8097895784
8097889368
8097887854
8097886958
8097886619
8097885623
8097881790
8097880586
8097875662
809787
8097849
80978292
8097819037
8097813989
8097811885
8097809890
8097806636
8097802561
8097801541
80977kejtns
8097798579
8097792959
8097790558
8097787664
8097785964
8097778260a
809777446
8097759454
8097753780
8097726367freddy
8097721
8097697
8097682608
8097678470
8097669780
8097664535
8097663265
8097662506
8097661914
8097660245
8097651661
8097649618
809764
8097619290
8097615297
809760
809758
8097569310
809756
80975398
8097531346
809753
8097511
8097502420
80975
8097481060
8097480134
8097460307
809746
8097451179
809744482
8097438160
8097434
8097411789
8097411111
8097410729
80973726209
8097369213
8097368776
8097368584
8097367711
8097357
8097329399
8097326235
809732145
809728as
8097282345
8097281934
8097281
8097280175
809728
8097275903
8097272847
8097258261
8097255706
8097253615
8097252921
8097251249
8097250653
809725
8097246170
8097245684
8097244538
809724037603
8097223
8097217925
8097207145
8097205392
8097202787
80972009
809720
80971844602807
8097180804
8097178
809717
8097156809
8097153
8097147734
8097143905
8097141588
8097136449
8097130758cadena
8097129658
8097128981
8097128028
8097124097
80971
8097087358
8097083000
8097070933
8097067650
8097066782
8097063144
8097062604
8097058854
8097055537
8097053088
8097043302
8097039174
8097036684
8097022986
8097022901
80970205
8097017
8097015350
8097013021
8097012370
8097012018
8097010413
8097010153
809700
8096mooka
8096du
8096998808
8096998415
809699809
8096996848
8096995801
8096995396
8096994842
8096994547
8096994012
8096993678
8096993044
8096992111
8096990799
8096990130
8096984701
809698
8096966893
8096953755
8096953287
8096951519
8096951436
8096950772
80969507
8096949779maria
8096941
8096917252
80969
8096899651
80968944630527
809689
8096888
8096884765.com
8096882505
8096879892
8096878432
8096874691
8096873032
8096872294
809687
8096864086
8096861
8096858679
8096853471
8096852037
8096851867
8096851308
8096845825
8096845318
8096840694
8096836980
8096835504
8096833554
8096829639
8096824558
8096821207
8096819961
8096819521
8096818284
8096817612
8096816261
8096814080
8096813528
8096812239
8096810700
8096787109
8096778460
8096774825
8096766566
8096758359
8096755737
8096750459
8096745558
8096740201
8096739363culo
8096737100
8096715855
809670
809669
8096672462v
8096662982
8096660534
8096656556
809665412
8096652468
8096648677
8096640425
809662528
8096620616
809661071
8096606849
80966034382269
8096601
8096590
80965817
8096573918
8096572385
8096547525
8096547226
8096546787
8096544750
8096542922
8096540474
8096536525
80965337003
8096465623
8096461
8096457777
8096449
8096440
809643es
8096438258
8096425002
8096419745
8096410girls
809639
809635rp
8096346557
8096336
8096324255
8096311000
809627db
80962732
8096267846
8096266472
8096264202
8096261
8096236445
8096235013
809623
8096220910
8096212523
8096209498
8096207232
8096205311
8096204
8096202992
8096202139ana
8096182145
80961778
8096169039
8096165944
8096165191
8096163700
8096163
8096162223
8096161092
8096160896
8096150346
80961489658
8096131206
8096125565
8096124920
8096124781
8096124077
8096122731
8096120
8096107671
8096103527
80961
8096092118
8096084602
8096082417
8096080
8096072143
809607
8096061466
8096055577
809604l
809604
8096031809
8096025847
8096025220
8096021704
8096019366
8096016
8096015176mikes
8096013628
8095xxx
8095mcr
8095abm
8095998664
8095996099
8095995962
8095994800
8095994617
8095994
8095992438
8095991481
8095990271
8095988961
8095988172
8095987026
8095985283
8095983456
8095982610j
8095982148
8095981620
8095979816
8095978241
8095976039
8095974732j
8095974501
8095973453
80959707642520
8095969637
8095969130
8095968889
8095968153
8095967382
8095966970
809596612
8095965997
8095963794
8095962551
8095960429
8095959827
8095958760
8095958121
8095957806
8095957335
8095956982
8095955708
8095952828
8095951485
8095951
8095950444
8095948417
8095946266
8095944280
8095943595
8095943168
8095942926
8095942
8095940993
8095938781
8095934897
8095933909
8095932004
8095931564
8095931293
8095930814
809593
8095928275
8095923425
8095921347
8095920722
8095920069
8095915466
8095914298
8095911245
8095909310
8095907045
8095906502
8095905366
8095905045
8095904371
8095903791
8095903435-m
8095902878
8095902182pablo
8095901177
8095900665
8095900385
8095899R
8095888021
8095885559
8095884189
8095883167
8095881902
8095881085
8095880425
8095877163
8095876883
8095875635
8095872809
8095872527
8095869495
8095868278
8095865768
8095863272
8095861008
8095858153a
8095858109
8095856050
8095853030
8095852159
8095850486
8095848527
8095847364
8095844480
8095843469
8095842748
8095842424
8095842064
8095833290
8095833125
8095831406
809583
8095829341
8095827983
8095820176
8095814109
8095813564
8095811215
809581
8095804305_
8095802775
8095802185
80957989
8095797692
8095796886
8095795086g
8095793206233213
8095791845
8095791728
80957897717
8095789650
8095787406
8095786172
8095784803
8095784255
8095783307
8095782228
8095781542
8095780355
8095780233
809577alg
8095776871
809577559
8095771512
80957686480000
8095768506
80957684172952690
8095768080
8095766835
8095765817
8095765119
8095762864
8095762780
8095761957
8095761024
8095760308
8095759856
8095758331
8095757175
8095755684
8095755104
8095754176
8095753452
8095752553
8095751203
8095750698
80957502391897
8095746759
8095742292
8095740283
8095737970
8095736820
8095736510
8095735709
8095733145
8095731616
80957310
809573
8095727750
809572547
8095723680
8095722656
8095722472
809572
8095717
8095714232
8095712126
8095711074
8095709406
8095707176
8095705089
8095704086
8095702826
809570178
8095701258
8095701172
8095699436
8095697
8095696878
8095696626
8095695698
8095695030123
8095694163
8095693299
8095691843
8095691469andy
8095690299
809569
80956888
8095688462
8095688048mami
8095686827
80956864962512
8095685697
8095684M
80956841870
8095683708
809568230
8095681785
8095680615
8095677682
8095675676
8095672818
8095671103
8095666845
8095659336
8095657760
8095654767
80956543
809565
8095647603
8095645148
8095644
8095643187
8095642031
8095641846
8095641521
8095641
80956408123
8095635966
8095634930
8095633
8095632178
8095631390
8095628
8095626707
8095624700
8095623274
8095619876
8095619338
8095618267
8095617456
80956171213
8095613694
8095613250
8095612396
8095612123
8095611364
8095610163
809561
8095609022
8095607188
8095606107
8095604587
8095604203
8095603942
8095603121
8095602324
8095601032
8095600528
80956
8095599243
8095597679
8095597487
8095595476
8095594368
8095593663
8095591
8095584313pascuar
8095582446
8095580116
8095579495
8095579339
8095576007
8095575386
8095574498tay01_
8095574394
8095573160
8095571457
809557011590690
8095569343
8095566572
8095565998
8095564798
8095564235
8095563
8095562525
8095562342
8095562
809554eli
80955494
8095548199
8095547571
8095546283
8095546133
8095544672h
8095544201
8095544112
8095543845
8095543731
80955432821
80955427407
8095542273
8095542181
8095541985
8095541813
8095541691
8095541237
8095540963
8095538912
8095537925
8095537262
80955365
8095535339
8095532990
8095532126
8095525539
8095522642
809551711
8095516623
8095512864
8095512778
8095512020
8095510280
8095509804
8095509175
8095508178
8095507011
8095503448..
8095501534
809550
8095497953
8095495859
8095493391
8095484402
8095481234
8095480581
8095480214
8095473931
8095470801
809546a
8095466
8095454918
8095453751
8095453280
8095452124
8095450
8095442398e
8095441237g
8095437757
8095425929
809541688
8095414914
8095409810
8095401528
8095400602
80953l
8095398514
8095396911
8095394630e-
809539
8095388144
8095386066
8095385014
8095379784
8095377438
8095376791
8095375253
8095371621
8095370668
8095367137
8095366097
8095365131
8095362675ander
8095359063
8095353736
8095351459
8095349709
8095349093
8095347456
8095345856
8095344056
8095343490
8095342
8095339012
8095338828
8095337450
8095336304
809533473
8095331624
8095331121
8095328304
8095327
8095325274
80953217455
8095318750
8095315083
8095312
8095310682
809531
8095306216
8095305610
8095303753
8095301298
80953
8095298134
8095295274
8095293
8095291200
8095291113
8095291003
8095289399
8095287804
80952877
8095287621
8095286666
8095286174
8095286033
8095285272
8095283669
8095281602
8095281485
8095280135
8095277810
8095275488
8095274131
8095270661
8095265341
809526
8095258939
8095255480
8095254088
8095252799
8095252275
8095251
8095250118
8095247356
8095246204
8095243163
8095241942
8095241158
80952407077
809524
8095236856
8095236035
8095235061
809523
8095229043
8095227092
8095223780
80952219
8095221187
8095221037
8095217134542
8095213589
8095213119
8095212455
8095212247809521
8095211670
8095211454
8095211184
8095205
8095203629
80951dr
8095199
809519
8095181925
8095181643
8095181295
8095180463
8095179951
80951771
8095165374
8095158404
8095149548
8095139
8095138373
80951337
8095126
8095125234
8095124193
8095114
8095106371
8095094O
8095092
809509
8095087414
8095086903
8095082446
8095080875
8095079935
8095074308
8095067866
8095048018
809504
8095024497
8095021
809501
8094aw
8094990929
8094985
80949802
8094963
8094953099
809495
8094948296
8094942050
8094932893
8094924
8094920217
8094912558
8094908166
8094901934
8094891777
8094891022
8094890424
809489
809487
8094861478
8094860876
8094848540
8094842600
8094831204
809482jl
8094826
8094822267
8094820664
8094797661
8094790285
8094772
809477
8094767575
8094760268pirin
809474
8094731557
8094730119
8094727062aldiablo
8094725
8094718801
8094718605
8094718158
8094714460
8094714235
8094712282
8094678
8094645932
8094644
8094632297
8094621990
8094610750
8094589150
8094585567
8094582692
809458
8094567292
809456
8094540767
8094536721
8094531240
8094511364
8094502207
8094497026
8094484582
8094475302
809445
8094436866
8094425
8094414
8094412240
809439
8094376329lusia
8094365532
8094346
8094338457
8094316539
80942optsy
8094290281
8094287205zoharys
8094278017
8094269929
8094267997
8094260857
8094255
8094248544
8094247260
8094240526
8094202
8094197421le
8094188
8094181A
8094161
8094147654
8094147324
8094143335
809414
8094127691
8094126087
8094122670
8094121688
8094120348
8094104995
809409
80940744
8094063536
809404
8094020066
809400a
8093rw
8093999229560
8093991156
8093986
8093972119
8093963697
8093962555
8093953494
809393k
809393123
8093923912
8093917146
8093908799
8093902
80938a
8093882097
8093881821
8093881061
8093880563
8093880168
8093873299
8093871068
8093852319
8093850176
8093840505
8093837590
809383
809382
80938093
8093800814
8093791854
8093791174
8093791026kma
809379023
8093790029
8093779552
8093776445
8093765692
8093760249
809373
8093727413
80937235
8093722043
8093720137
809371
8093705906
80937
809369303030
8093651
8093641356
8093640484
8093634214
809363
8093618450
8093608637
8093607800
8093603727
8093582058
8093577733
8093570983
8093565962
8093554
8093543906
8093539445
8093530
809352104
8093518031
8093512630
8093510723
8093508950
8093496845
8093483194
8093442905
8093411039
8093406
8093374215
8093372194
8093362868
8093356639fernan
8093355602
8093348811
8093348605
809334829782966492318092679052
8093341031
8093337037
8093335252
