20790024369963
20790
2079
2078vghdi
2078tat
20789kim
2078994
20789760Cs
207897
20789666
20789555
2078950a
20789349
20789243
2078922
20789188
20788jm
2078899
207889
20788621
207885488
20788517
207884215
20788365
20788343
20788242
20788141
20788118
2078807
20787784
207877
2078752198
207873
20787161
20787121
20787106j
207870
2078693
2078683058
20786781
20786720
2078659001
2078637
20786229
20786199
20786178
20786140
207861
207860
20785lydia
20785865c
207855209anyibel
20785307
20785116
20785002
20784nkgks
20784962
20784855
20784789
20784678
20784663
2078465
20784614
20784564
2078452900
20784480
20784368
20784307
20784265
20784199
2078415311
20784066az
20784034
20783wco
20783md
20783984
20783914
20783833
20783828
20783777
20783707
207837
20783567
207834
20783345275km336
207832wolf
20783265
20783168
20783152
20783119
20783110
20783089
20782pgl
2078294
207828martin
20782798
20782714
20782695209
20782622
2078261
20782507
20782483
20782450
20782335
2078228
20782227
20782
20781rh
20781cat
2078194
20781866
20781817
20781799
20781753641788
20781633
20781621
20781613barbara
20781450
207814
20781387
20781377
20781365jh
20781357
207813
2078124
2078123
20781214
20781171
20781131
20781042
207810
20780977
20780905
20780893
20780780
20780690
20780668
207806
20780551va
20780538
207805
207804076
20780365a
207802t
20780241
20780125
20780084
20780029
20780027...
20780
2077lov
2077fy
2077choco
2077TMR
2077AB
20779732
20779676
20779494
20779355f
207791
20779
207788f
20778842
20778707
2077865
207785
2077838
207780
2077792
20777643
2077738
20777124
2077706
20777
20776958b
207769
2077668
20776499paolaale
207762539
2077598
20775818
2077559742
2077558dj
20775548
207754zach
207754
207753
20775078
2077496798
207749181
20774770
20774759
20774731g
20774643
20774509
20774410
20774333jormary
20774292
20774250
20774014543
20773847
20773765centeno
20773723
20773651
20773595
20773312
207731j
20773138
20773088
20773010
20772allen
2077295011
2077286nat
207727gkzbnd
20772755
2077269
20772646a
20772610
207724
2077228
20772247
20772071
20772017
207718lo
2077187
207717
207716135
20771589
20771515
20771498
20771436
20771283
207711904
20771024
207708j
207708317780
20770771
207707
20770608
20770500
20770464
20770333
20770232
20770203
20770187
20770153
20770052
2076vfas
2076ahuyv
20769983
20769969
20769772
20769712
207697
20769688
20769640
2076961808
2076955
207695
207694498
20769394
207692
20769151
20768professor
207688hen
2076883614
207687072
2076861
20768589e
20768449
207683
20768147
207681
20768
2076794
2076766
20767565
2076752
20766d
2076686
207667441992
2076666
2076657
207662
20766109
2076605147
20766017a
20766
20765910
20765302
20765214
20765198
2076512
20764991
20764893
20764874
20764613l
207646
20764471dj
20764278
20764117
20763987
20763922
20763805
2076379
207637
20763606
207635
20763420
207634
2076332
20763263
2076315
20763053
207629006
2076276
2076267
207625gh
20762315
20762214
2076216
2076212
20762084
20762024A
2076200jaja
20761902
20761848
2076178607W
20761724
20761702
20761660
207616
20761564
20761446ga
2076139175395123
20761319
207612b
20761191
20761073
20761006
20760954
2076092
207608732638852
20760853
207608-0
207607
2076048181es
207604
20760363
20760222
2076020760
20760170
2076014
20760111
2075morris
2075garza
2075boston
2075KFHN
2075995
20759840
20759611
20759485
20759444
2075938gordo
20759341
20759199
20759143
20759023
2075900
20759
20758895
2075886623915427
20758819
20758681
207585m
20758577
20758553
20758291
207582613
2075822
20758172
20758135
2075811
20758072
2075798
20757908
20757898
20757852
20757766
20757672
20757590
2075750
20757360
20757284
20757253
20757232
2075719966
20757146
207570p4
20756996
2075692
207568
20756683c
20756636
20756561
20756544
20756440
20756417
2075636
2075629n
20756287
20756247
207561july
20756132
20756118
20756055
20756016
20756+
20755932
20755904
20755747*alejandra
2075569
20755596
20755524
207554822712
20755385
20755315
207553
2075526
20755252
20755239
207552099
20755154
20755144
2075514
20755066
20755024
20754935
207548456237109
20754815
20754778
20754701
2075461
2075456J
20754552
2075447
20754430
20754393
207543
2075428
20754152
207541
20754081
20754036
20754021
20753921
2075380k
20753757f
20753722
20753686
20753440
20753420
20753360
20753187
2075309
20753051
20753008
2075295
20752712
207524
207522
207520
2075198
207519
20751589
2075151857
207514
20751392
207513324
207513
20751189
207510
2075084
2075074
20750633
2075035jor
20750330
2075009
2075
2074sunny
2074pli
2074morriss
2074mom
2074kk
2074968
20749541micky117
207493283
2074926
2074910
207490
207489926
20748943
2074893620748936
2074891002
207489
20748804
20748749
207487
20748642
20748526
20748474
207484
20748380
20748338ernesto
20748318
2074831
20748292
2074825
20748229
2074820
20748183
20748121*
20748089a
20748035
20748023
2074799sonic
20747986
20747978
20747942hector*
20747902
20747862111193
20747764
2074774
20747646
20747523
207475
20747454
20747436m
20747417
2074734319931714
20747242
20747178
20747168
20747108
20747
2074692492
20746887
20746847
20746826
20746813jonathan
20746737
20746673
20746628
20746597
2074653682
207464j
2074648
20746452blesing
20746424
20746422
20746350
2074631
20746288
20746218.vcv
20746200
20746174
20746126
20746111
20746099
20746066
20746030
20745992
20745933
20745827
20745803
20745764myby
20745711
20745670
20745593
20745514
20745376luis
20745302
20745253
207452
20745122
20745027
20744md
207449923718411
2074484__
207445323
2074444
2074433
20743905
20743887
20743840
20743742
2074353
207430
20742891
2074274
2074270
2074255
20742456
207422
2074219
207420807017533
20741889
207417s
2074178
20741737
207417
20741611
207415h
2074147
20741446
2074144
20741386
20741323abc
2074121
20741113
207411
20741017
20740wfa
207409999
20740956
20740908
207408752311161
2074077
20740702
20740631
20740617.,navm
20740571
2074047
20740377
207403
2074021
20740109
2073rgn
20739935
20739817
20739786
20739725
20739669
20739599
20739451
20739374
20739358d
20739287
20739111
20739064
20739013
20738980
2073878
20738545
20738482
207384491
2073835
20738231
207381093
207380618
20737belut
20737927002
20737902
20737859
2073769a
20737585
20737516dess
20737433
2073733
20737315
207372
20736g
2073652
20736186perro
207360827
207360
20735888
2073580
207357654
2073566
207356
20735338
207349j
2073486
2073480ah
2073462
20734554
20734481128
20734186
2073402
20733kn
2073372
207335301
2073348
20733281nrc
2073314895
207331036
20732k
2073286
2073270
207325885
2073251
20732473
2073232
2073221
2073219907
207320862
20731ms
20731926
20731898
207318113
207318
20731789
20731736
207317
207316393
2073162
2073157ag
20731446350579
207314
207313248532313
207313
207312
207311163
207311076
207310678
20731050
207310
20730eb
207309
20730890
20730809
207307409
20730688
20730599
20730503
20730459
2073042
207303em
20730272
207302153646
20730090
2073007
20730067
20730
2072sym
2072gata
20729979070890yo
20729932
2072986
20729785
2072967edgar
207295832346761702
20729535
2072952
207295
2072946
20729409
2072932a
207290
20728995
20728961
20728947
2072883
20728686
2072865
20728407
2072822omc
2072820you
2072815
2072811
20727900
207278
20727672035689
2072759907
2072755
20727444
2072726
2072711cm
207271
2072703
20726869
20726694
20726619
20726521g
20726459
207264
20726251
20726190
207260779
207259999
20725826
2072558213
207255018420725
2072549
2072547
2072538
20725339
2072532
207253
20725275
2072522
2072511
20725002l
2072497
20724867
2072479
20724673
207245
207244
2072437
207243
2072428111
20724174
2072411
20724
20723d
207238
2072371
207236
2072344jj
20723381.190293
20723223
207231
207230
2072294
207227956
2072271909
20722619
207225360
20722409
207223
20722133
207220683
20722
2072191
2072172
207217
207215
2072140sb
207213419
207213
20721198
2072109a
2072108
20721
20720812
207207778
207207207
2072069
20720455
207204340
207202582
2072020193
207201tabov
20720047
2072004
2072001
2072
2071maG
2071998
20719872077*
2071982
2071978
2071968
207195
20719415
207192
20719033_JHNO...
207188
207186
207184l
207184
2071830
20718194
2071812
20717968pe
207179
20717763
20717726
207176311305919
20717614
20717545
207174
2071738
2071731110
207172s
2071725
2071722
20717165
207170920
20717
20716901
207168
20716731
20716659
2071653
20716404
2071622
20716113
2071602jashmina
2071591
20715891
207158
2071570
2071558angie
2071547
20715367
20715287
207151
20715048
207150
20714957
207146020241991emre
2071457
20714389
20714248
2071419
20714156
2071412
2071405
207139538
2071373
2071357
207135
2071321
207131
20713013
2071300
20712m
2071290
20712881
20712753
20712659
20712548
207125
20712378karen
2071236
2071231
207123
2071220712
20712105
2071206453
20712011
20712006
2071198
2071192
2071183
20711775
20711722
20711708
20711687
207116432
2071150210
207114428
2071141
207113357
2071129
20711132luisking
207111
2071107
2071102
20710k
2071090
207107
20710615
207105279565
20710436
20710382
20710304
2071016
2071010
20710025
2071001010jesi
20710
2070mc
2070chic
2070994
20709930
2070991
207099
207096
2070947
207093
207092
2070895JOSH
207088
20708619
2070851
20708380d
20708342
2070819
207080944
20708
20707990b
20707774
2070760
2070759
2070755
20707242anile
2070721
2070718
207071
2070705
20707020
20707.j
20706943
20706866
2070673a
20706677
20706447
2070634
207062
2070614
207060846
20706057
2070597
207058
2070571
207056
2070556
207055
207053
20705223zrn
2070510
20704987
20704908
20704783
20704701
20704642
20704552
2070437
20704300
20704285
2070422
2070420
20704184
207041689
20704109
207040486
207039969
20703950
2070382
207037
20703542
2070345
20703395
207033
2070327
20703221
20703195
2070313716161
20703076
20703025
207030200
20703007
207029djo
20702872
2070271
20702496
20702447
20702393
20702357
207022538
207022
20702166
2070215
2070207
20701994
20701911
2070184
2070181
20701769
207017583
20701720
20701694
2070166
20701654
20701651
207016
2070153
20701501
20701470
2070146
20701321
20701225
207010985
2070105
207010
20700m
207008j
20700836
20700817
207007
2070065
20700546
2070052
207005
20700484
2070036
207003
2070024
2070016
20700110
2070005t
207000368
2070-jf
207/122
207-4685
206zafa12375
206yamean
206xrd
206wrc-rally
206westside253
206walnut
206valleyt
206vaildr.
206twilight
206tuning
206third
206star
206slick
206sedan
206s,^j22
206rock
206redcar
206rambler
206ptysia
206pocono
206piru
206pimp
206pesos
206night
206n6csks
206motasfumadas
206mohamkayy
206mj1
206maung
206lynn
206lol
206lasalle
206jrk2501
206izm
206hdi
206gurl
206gti1411
206fish206
206falfe
206e5f2
206ddforme
206castle
206canterbury
206bst
206bmb173
206bestari
206baby
206b12
206anamix4ever
206_gurl
206Shizzle
206LIFE
206JORDAN
206BROWNEY
2069dayu
2069blanca67
2069abbottst
20699b
20699934
20699801
20699771
20699734
2069970
20699696karen
20699684
20699620
2069950
20699466
20699453
20699431
2069940
20699395
20699384
206993808669094
20699301
20699156
20699103
20699094
20699
20698955
20698885
20698634
206985206985
206983julianka
20698319ty
20698206
20698204
20698175
2069803
20697ub
20697909
20697776
206977293
20697540_epi
20697375
2069712
206970736
20696aqaki
20696847
20696782
20696633
20696537
20696438
206964
20696302
20696269
2069622
20696157
2069600
20695s
20695966
20695774
20695756
20695737
20695693
2069568
20695619
20695575colombia
20695460
20695365
2069534
20695205
20695168
20695143
20695113
20695104
20695080
20695057
20695029
20695017198942z+
20694l
20694880
2069478157
20694750
20694585
206944ml
206943778394458
2069432
20694275
20694176
20694039
20693948
20693933
2069385
20693828
20693714
206937
2069358
20693547
20693541
2069353
20693496
206934076938549
20693351
20693276
20693180
2069312540
20693069
20693037
20692_lok
2069278
20692726zsazsaal
206923456
20692156
2069202
20691843
20691785B
206916
20691535A
20691326a
20691306
20691202B
20691113
20691048
20691014i
20691
20690978
2069082
2069072391
20690612
20690308
20690277
2069017
206900s
206900430
2068t
2068r
2068bkpi
20689952438
2068982784
206898
20689702
2068969J
206895301
206893J
2068907a
206890
20688961
20688813fvero
206886
20688513G
20688349
20688319
2068829gigi
20688259sgaira
20688103
206878
206877
206876
206874l
2068735
2068731
2068714
20687
206869
206867
20686572
2068649
2068619
2068608
20685961
20685779b
2068564168
2068545
206852
2068518
20685108
206850
20684922
2068463
206845538
206841908
20684142
206841
206840
20683988
206839
20683757
2068352g
2068329
20683273nia
206830
20682989danielteamo
2068289fluffy
2068280
20682719
206825
206824
206822
2068212tim
2068211
206820681986
2068200668
20681gtc
20681969a
2068183
20681754r
2068170125
20681432
206814024
20681362
206812
206810d
2068103dirq
2068094
2068060153
20680473
20680271
2068019
20680090c
2067kztbz
2067clap
2067@nuch
206799
20679657
20679643
20679523
2067949
2067935
2067930
206789htyuiobxdasno
20678977
20678887854
2067888
20678824rr
206787772
20678667solarte
20678566
20678560
20678526
206785
20678413
20678350
20678342
2067829866134391
206781d
20678142
20678123
20678051
20677983
206778809992
20677667
20677594
20677555
20677328
2067720677
20677147
20677109
206770066163
20676938
206769
20676841
206768
2067674
20676410
2067638032
20676234
20676199
20676165
20676
20675922
2067581
20675681ekvg2993
20675607
20675586
20675530monea
20675466
20675417
20675180
20674941c
20674848
20674777
20674752
206747
20674569
20674551
206745
206744
20674277
20674275
2067408
20674033
206740
20673black
20673944
206738Linn
20673874d
206738022399217
2067375
2067371
20673620
206736
20673545
20673452
20673410
206733921992
20673365
2067330
20673218
20673153
20673134
20673122
206730bl
20673070
206730124
206729
20672856h
2067277
206726
20672464teamo
20672406
2067237
20672309
206722874
206721
2067206
206720
206719g
20671881g
206715570251
206713pe
20671228
2067118681
206711631011
20671023
20670rexko
20670889
20670819
206707922n
206706157
20670455i
2067040
20670352
20670246
20670062
20670015
20670010
20670-0169
2066ww
2066DMDM
20669867
20669775
20669665
206695
2066943111
2066934019071990
206692
20669066
206689838
2066885
206688217ely
2066866
2066828
2066817
20668117
206680262_wendy
20668020
20668010
206679t
20667887eamo
206678
2066766
2066759
20667423
2066730
20667255
20667189
20667094
20666isabel
20666880
20666869
2066670
206666679
2066659
20666459
20666382
2066628
206662329
20666079
2066599666037426
20665873
20665611
2066556655
2066549slu
20665317glennys
20665291
20665263
20665164
2066500918-05-91
20664958
20664936
20664845670
206648082988
20664762
2066469jr
20664669
2066463336209523612680
206646
2066447
206644
20664294
2066425ec
2066422
20664156h
206640r
206640461
206639h
20663960ddddd
20663766
2066364
206636
206635613610616
20663520d
20663480
20663447
20663328
20663206
206632
20663154
20663132
20663124
20663095
20663037KARINA
20663013dynrma
2066295
20662849
206626
20662484paola
20662307
20662243s
206621814
206620b
20662072b
20662017
20662
20661979
2066184
20661784
20661676gq
206616
206613n
20661328
20661291
20661247
206612
2066117
2066110
2066090mm
2066077
206605
2066035321615
206602ta
206602
2066008
2066001
2065vette
2065mers
2065hi5
2065d
2065a
2065MAIN
20659au
2065973
20659677
2065950
20659302
2065913a
2065909
206590489
206589
206588100
2065857_
206584523
206582942
20658040e
206579
206578
20657773
20657757188
20657655
206576
206575567124
2065753
20657427
20657298
20657138
20656900
206568919750687
2065680
2065655che
206564
20656333
20656236H
206561ada
20656145meamo
206559lmg
2065595lol
2065590
2065570
20655603
2065554m
2065540
2065528
20655045
2065503
20654962
20654933
20654906
20654842g
20654816
20654789
20654736
206546742hcDJCC1
206546742HC
20654624
206545850857
20654564
20654516
20654512
20654503
20654322oc
206542671105...f
2065421j
20654206
20654133
20654101
2065408
206540211
20654
20653953
206539
20653659nany
2065364299
206536
20653571
20653464210592
20653419
20653395joselyn
2065338
2065326
20653234
2065314
2065312db
2065308
206530214
206530
20652955
20652837
206528
20652680
2065263
206526+14
20652574
206525522
20652413c103
2065237
20652320???
206522899+_mdj
2065222315
206522
2065214770493
20652104
20652032
20652000
20651963
20651793
206517642025021990
206516552707
206515kb
20651513
206514
2065135
206513050
2065113
2065110F
2065105
20650933
206509
206507771
20650769
20650694
2065063
2065055
20650404
20650350
20650271
20650253927art
2065022010567
206501+
20650012
20650006
2064soukry
2064kt
2064eva8
20649999
20649967
2064988
20649848
2064973
20649560
2064950707
2064949
2064945m
20649369
20649338
206492535
2064921
20649140
20649088
20649042
20648947
20648921
206489
20648689
2064859
20648522
20648465
20648382*
20648321
2064822010236
206482
20648156.
2064810
2064808a
2064803
20647Rojpalakorn
20647914
2064791
20647892
20647720
2064756
20647492
2064733809.
20647237
20647171
20647013
20646898
20646834
20646722
20646653
20646618
206465030
2064645820brtl
20646353
20646283
206462
2064612420646124
20646061
206460
20645a
20645909
20645847
20645788geo
20645709
206456
206455
20645461
2064542
2064537
206453
20645277123789
2064520
20645157
20645135535
206450684
206450024
20645
20644958jhoita*
20644753
2064473
206447
20644671
206446
206445586
20644456
20644364
20644052
2064398
2064375
2064368
2064364218
2064357
206435
2064332778
2064329t
206431406051
206431
206430A
20642y
2064266
2064255
2064242068
20642328
206422532
2064216
2064212
20642002
2064197
2064191
20641686
20641578r
206413975
20641312
2064111728
20641
2064091
20640705
2064054
2064050
2064039253
2064032
2064020
2064019
20640056
206400
2064
2063ss
2063lucasdrive
2063kc
2063dg
20639870
20639767
2063960
20639528
206392534
2063920639
20639182
206390
20638960
206388
20638743
20638711
20638618
20638561
2063850nikol
2063845047
20638403
206383A
20638373
20638279
2063820638
20638148
206381
20638064
20638054
20638012
206378d
20637879
20637799199205
2063761772
20637493
2063744
20637380
20637345
20637295
2063723
20637186
2063713
206371
206370835
20637043
20637034
20637
2063687adrian
20636831
206367525190304
20636734
206366a
206366634
206365939
2063653lu
20636494
2063646
2063633
2063631
206361j
206360
2063594
2063591595
20635864
2063570
206355d
20635470gabyx
20635367
206353
20635266
2063524
20635180
2063511000
20635080
20634985
206349496
206349
20634813
20634809
206347
20634652
20634541
20634530
2063443519
20634296
20634200
2063403
20633nigga
2063384
20633765
20633697
20633314
20633285
2063322
20632kg
20632950
20632881.m
20632669
20632586
20632537
20632502
206324@
20632429
20632381
20632326
206321579
20632113
20632
206319043
206317d
2063171
20631586
2063155
206315
2063145
20631395
20631344
20631234
206311841
20631114
206311
20631045
206310120
20630g
20630952
2063090
206308515
20630780
20630706
20630641057
20630615
206306024
20630561
2063050042
20630478gerardo
20630463
20630401
2063039
20630330
2063030367
20630162
2063012
20630042
20630000
2063
2062vmikom4us
2062mg
20629cvqzs
20629905
206298
2062977dr
20629752
2062964
2062961
206294217
206293b
2062939
2062933189
206293
20629254
2062920
206290958
2062902
20628963
2062882
20628790
206287
20628612
20628575
2062853
2062841
206284
2062825
206281
20627yenni
20627971
20627912
2062744tsh
206272
206271
20627
206268t
2062684571190
2062681
206268
2062670861
20626401MARY
2062637
20626289
2062614555
2062593
20625808*
20625700
2062565
20625532062970
2062547
206254
20625347
2062533
2062532
2062531
2062529
2062522
2062520.alozx
206251828642
2062511
20625003
2062490
20624823
206247
2062464263
2062445
20624337
2062421l
20624151
2062402051
20623897
20623748
2062363
20623516
206235
2062339
20623298
2062324126
20623131
20623079
20623
206228551
206228081578
20622732
20622613
20622584
2062251448
206224604
2062241c
2062233
2062222
20622108
20622078
20622056
20622
206219
206218679
20621827
206217051j
20621700078
20621525
2062148662
206214
2062131075
2062119013
206211
20621055
206209mv
2062091
2062080
206207
2062066015
206206206m
20620610
2062051842
2062034
206203
206202
20620113
2062009556
2062007
2062001
2062000169
2061mv
2061ku
2061bren
20619ac
206199320958983
2061991331
206198
2061978
2061977022
2061974
206196987456
2061963marwan
2061954
206194
2061930hg
206191180524
20619004065
206189
2061852
2061848
20618425
2061821
206181198
2061796
2061780
20617757
2061764
20617514
2061749
206172
2061715
206171044
20616994
206169845
20616929
20616824
2061679720616797
20616736
20616682
20616653
20616611taty
20616603
20616593
20616584
20616407nacho
20616334
20616223
2061614
206160960
20616035
2061601
20616
20615987
20615892
20615815
20615795
2061561
20615577
2061554
20615439
206153982675165
20615351
20615310
20615211manuel
206152
20615112
206151
20615067007
20615032
20615
20614978
20614889
20614875adriX
20614838
20614807
20614757
2061472
20614664
20614609santaana
20614550
20614524
20614500052
20614499
20614410
20614351
2061433
20614303m
20614200
206141989
20614132
20614041
20614021
206140
20613981
2061396
2061394
20613880
2061385
20613831
2061381
206136265P
206135vic
20613528q
20613492
20613444
20613426
20613258lamami
206132
20613178
20613099121992yr
20613043l
206130
206128a
206128
20612750
20612670
2061263527lTVANW4
206125
2061227
2061214cjj
2061210041
206121
20612075
20612014
20611958
20611743
2061168
206116437
20611589
20611500
20611447
2061141
2061134
206113159
206111n
2061107
20611036
20610man
20610859
2061074
206106
2061056392
2061047
2061040819
2061037463
2061036
206103
206102707853
20610222
2061018
2061013
206101
20610048
206100
2061/2mainstreet
2060uu
2060ootd
2060crh
2060antwerpen
2060ac
2060995
206098d
2060975
206096
20609433a
20609421
2060936677A
206093
2060925502_tkd
206091atolbert
206091
2060909789
2060903.
206088710
2060885201314
206086
2060850
2060836m
2060836b
2060826
206081lacee
20608116
2060807
20608016
20607wiicf
20607891
2060783
20607757
20607627
20607484
2060747
20607416
206073521158
20607276lindsayb
2060720608
206070555
20606989
20606928
20606864
20606792
206067
20606597
20606528
2060649jc
20606464FRANCISDORY
20606434
2060637
2060622r
206062
2060612061CATA
2060608secret
20606063
2060604p
2060591
2060576
206057
20605648
20605579012
20605420
2060537
2060532a
2060529
20605266
2060521e
20605108
20605089
20605045
20605015
20605
20604956
20604932
206048266
20604784
20604706
20604561
20604465
2060440306
20604311
2060427
2060419
2060411
2060403
2060395
2060390
20603821
2060377
20603729
20603686ij
2060364mpj
206035
20603446w
20603391
2060336
20603303
2060327
20603225
20603146
20603115
20603077
2060301
2060300
20602gh
2060288132
2060276
20602548
2060240
206023320
20602290
206021galerias
206020603
2060196543
206019
20601848
206016589293
20601598
206014
2060136254
2060131
2060128
2060119
20601017
20601+n
206009j
206008
206007875
2060066
2060062
2060057
20600519e
2060047
2060037
20600322060032
2060028
2060020600
2060017
2060010
20600034
20600010
2060
206.930.45.g
206-1329
205zestgti
205yz125
205xad
205whittier
205turbo
205t16
205starling
205s4ave
205ral
205pug
205pool
205phat
205paterno
205pRINCESSg
205ohio
205mustapa5452
205mps
205mixon
205mi16
205me
205love
205lacoste
205kt
205jkp
205jack
205han
205gti16
205ford
205elvis1994
205donatito
205ddt77
205cr195
205cn181
205chrcst
205bumchum473
205boyz
205biggy
205bffallen
205RG
205Pui
205BGA
2059phone9159
2059kiri
2059Rock!
20599965
205998
205996747
20599482
20599410
205993
205992
20599041582
20599
205989
20598804
2059861
2059859
20598460j
20598405
2059829
20598178
20598125
205980884
20597986
205978910
205978311
20597519
2059742
2059735
20597295
2059706
2059700
20596950
20596859
20596800
205968
20596701
2059662
20596604
205964
2059625820596258
20596187
205960
20595carlosjose
2059592k
20595892
2059579
20595649
20595563
2059555
2059554
20595523
20595415
20595326
20595064
205950
205949048753108
205948
205946800as
2059461
205945
20594372
205943630
20594294
20594250e
20594215
20594169
205941
20594032
20593975h
20593894fg
20593868
205937
20593687
20593663
20593651
20593566
20593524
20593516
205934821
20593472
20593409
2059328
205932
205931
20592b
2059296995
2059285
20592719
20592707
2059256328
20592540
205924920
20592469
20592339
2059229
2059219685
2059209
20592028
2059196770
20591934
20591821d
20591738
20591676
2059162
20591537
20591455
205914
20591292
20591233
20591159
20591061
20591013
20590919
20590890292653131
205908
20590723
2059067
20590483
205904
2059034
20590237d
205901p
20590139
20590071
2058sweetfu
2058sephira
2058ln
2058jp
2058ao
20589aut
20589912
20589893
20589847
20589808D
205896sk
2058961
2058959
20589550
20589532
20589468
205894
20589369
20589302
2058922
205892
2058918
20589173
20589129erick562
20589102
20589025e
20589
20588985
205889123
20588701
20588687
2058857
2058840
2058837
20588349
20588276
20588200
205881967263259b
20588166
20588133
20588029
20587917
2058784
20587733
2058766
20587619
20587585
2058750k
20587403
20587211
20587205
2058718
2058710283
20587041
20586bgnrk
20586758
20586673
20586498
205864
20586350
20586236
2058621196
2058620066666
2058617444
205858s
205858
205857
2058564013
2058555
20585273
2058515n
20585075
20585
20584888
2058482058
2058465
20584555
2058420584
2058413
20584077
20583974
20583832d
2058382422
2058351293
205833
20583272
205830293
20583
20582999
205828
205827603
20582602
20582535
2058245
205824
205823
205822058220582
205822
2058219
20582167
205820
20581684
20581563
20581452
205814
205813
205811hy
2058114
20581025
20580hiran
20580765
20580717
205807
2058056
205804ljw
20580431
2058039
205803
2058020580
205801137
20580035
2058000
20580
2057work
2057g
20579zbsh
20579931
2057989035
2057988
20579742
2057961
20579509.j
205792mr
205790A
205790
20578as
20578992
2057894675
205788599
20578798d
20578649
205786
20578506
2057835dododo
2057834p
205783
20578181
20578123
205780
2057795
20577835
20577767
2057757
20577452057745
205772@facebook.com
2057721025
2057714m
20577053
2057703a
20577034
20576996
20576960A
20576920416
20576770
20576597
20576478
205764461988
20576264
20576199$
205761
20576052
20576
20575960
205759
20575832
205758
20575741
20575641
20575601
20575555
20575471
2057541
2057536
2057523
2057516
20575117
205750773
205750336
2057488
20574837
20574823
205747680416
2057475498
20574730a
20574713
2057460978
205746
20574542
205744
205743
20574181
20574150443
2057410
20574
20573823
2057379
205736m
2057361
2057350
20573411
205732
2057315
2057300T
205729
20572780
2057275
205726
20572310
205722
205721
20572013mocosa
20571991
2057183100
20571591383
2057155
205715
20571230
2057120571
205712
20571127
2057104953
205709
2057088
2057078
205707
20570632e
20570540
20570504
20570430
2057040
2057034
205702798
2057020554
20570190
20570081I
20570
2057&id
2056tdp
2056ndvkp
2056kiwi24
2056hoppie
2056gc
2056R-75
205699515
205699
20569850
205698
20569563
2056935
2056915
2056905m
2056902
2056898
20568923
2056876reyes
2056855089
2056842220568419
205683530
20568308
20568186
205680ia
20567957
2056787
20567785
20567624
20567514
2056741
20567233
2056718
20567125
20567
20566988
20566907
20566831
20566685
2056665
20566567
20566475
20566364ecvp
2056616
2056601
20565913E
20565892
20565621023
20565507
2056545
2056525863=home
20565238
20565023
2056487
2056481
20564779
205646187
20564305
20564162
20564
2056398
2056393
20563896
2056382
205637
2056356
20563466
20563313
2056309
205630
20562988
20562914
20562904
2056290
2056287144
20562708
20562690
205626
2056253
20562500
2056247
20562458edelvis
20562392i
20562313f
20562259
205622
20562157
20562141
205621
20562091
20562056
20561noon
20561942
20561818i1987
20561705
20561668
2056156
2056149
20561474
20561459h
2056137
2056119
20561167A
2056112
20561078
20561011
20560jd
20560929
20560833
20560823
20560812
205607481847798v
20560722
2056070819061992
20560621
20560554
20560505
20560386
205603496
2056027
2056020
20560190
20560184427*
20560107
205601
20560093123
2056009
20560043
20560000
2056
2055sdc
2055jcr
2055herrera
2055belleza
20559871
20559849
20559812
20559745
205597
2055951816
205593
2055929
20559249
20559233
205592
2055913
20559092
20559071delforcerbk
20558915
20558890
20558862
2055880
2055873s
2055872016
20558661
20558539
205584899
20558446
20558411b
20558386
20558367
20558344
20558333
20558312
20558250
20558216
205581984
2055804l
20557ohk
205579785
20557957
2055791719061629
20557891
20557835e
2055779JLUV
2055776
20557737
205575n
205575
20557478
20557455
2055742
20557363
2055727
2055719
20557069
20556992jessi**
20556907
20556878
20556843DANILUI
20556700
2055669
20556567
205565
2055634579
2055630820
20556264yoma
205562
205561c
20556148j
20556
20555964
2055581
2055577
2055573V
2055568827190
20555627
2055534
2055524
2055519
2055515
205551
2055506ro
20555029
2055501
2055493
20554887raquel
2055485
20554772
2055467
2055441
205543506
20554281
205542
205541
2055407173
20554048
205539mn
20553842c
20553785
2055355
2055344
205534
20553339
20553245
2055312r
20553008
205530055
2055298
205529
2055278tiaa1
2055252
2055240
205523
20552222
205521677
20552101
205520
20551983
20551958
20551873
20551845
20551526
2055148
20551426
20551366a
20551214f
205511
2055102307
20550816c
2055074
20550610
205506
20550506
205504blvl
2055040
2055031
20550260341
2055015
2055005a
2054selcuk2054
2054mab
2054ks
2054fatcat
2054OHIO
2054998709
20549941
20549876
20549789
20549673
20549569
2054940721
2054933
20549247
205491b
205491
20549064
20549
20548943fernando
20548913
20548810
2054872a
20548619
20548468
2054838s
205483319p
20548320
205482
20548019
20547lrs
20547925
2054788
2054787
20547853
20547727
20547699
20547676
20547633
205476
20547542
2054746
20547352
2054732255
20547303
2054727010010
20547197
20547125
20547071
205470
20546812
205468
20546751s
205466630883683
20546608
20546441
20546352
205463
20546227LUISORAA
20546133
205461
20546032
20545963
2054595
205456c
20545636
20545514
2054549
205454
2054533479
20545236
2054517055
2054490
2054485
2054473
20544600
20544498
205443
20544040
20543t
205439680
2054377243
205437
20543510281997
205433
20543141
2054301
205429
20542715
20542603
2054256
20542543
20542452
2054236
20542309007007
2054218
20542049hacettepe
20541997
2054184
205417t
20541732
20541672
205415
205412
20541138
2054106
205410041
20540s
20540d
205409609
2054093
20540910
2054069
2054031j
20540161
205400fer
205400
2053teylor
2053pls
2053love
2053ecookerd
205399jk
2053994
2053975
2053962136
2053937
2053908lesa
205390
20538983
2053891215
205388ng
2053885
205387
205386
205385
205384
2053822840
20538208
2053800114
20537ozqqg
2053775
20537532o*
20537481sm
205373
20537231**
20537189
205370eliel
20537
20536984
205369
205368k
2053672420536724
20536636
205364933
20536462
20536422
2053640
205362320
20536193
2053615
205360554
20536
20535959
20535909
205357c
20535685
20535611
205355294
205353r
2053537
2053533
2053526
20535193
20535123
2053508127021991
20534jrjyf
205349299
2053471
20534614homnaka
205346
205344469koala
2053438
20534277
2053423060
205341997
20534121135
2053403038
20533mr
20533942131
205337501
2053342
205333l
2053333
205332elfinforest
2053320241xandy
205331551
20533061
20533030440
20533
20532afovp
2053273
20532659
205323861
205322sexy
2053210
2053202
20531862
2053179
20531654carolina
20531544090
205314
2053135
2053129
2053116
205311
205310gr9001
205310
20530996
20530724
205306411
205305423
2053040169mdaa
20530320
20530261
205301039
20530051
20530009
2053
2052kinoad
205296
2052948
2052926
205291d
205290/codigo
20528rabbit_
20528941
20528895
20528787ska
20528510
20528465
20528193
205280
2052775
2052768335
20527613
2052752
2052748
2052735
20527227993
2052719482480234
20527065
2052699920
20526948
205268R
20526789
20526677
205266
20526598
2052653
205265
20526410
2052633
205262971510
205262620
2052626
205262
205261
20526
20525870
205258
20525707
20525681
2052561
2052551
2052538293
2052536
2052534
2052532
2052530
2052528
2052524
20525211
205251580
2052503
205250
2052499
2052480
2052460
20524575
20524441
20524329
2052429
2052427
205242
20524128
205240974
205240128
20523963
205238w
2052379
205237
205235173
205235
205234648
2052337t
20523248
205231814
2052300
2052293091719872007
2052272
2052258
20522494
2052242
205223
205222335
205221clt2k
205221726
20522050
2052191ka
2052185
2052179520
20521766045404
205216248
2052157
205214x
205213448
2052123368ferhat
2052110
2052105
2052101
2052095
205208257
20520752
2052067
205205m
205205835
2052051452
20520440128
205203311
205203
20520259
2052019
2052013347889
20520066
20520033
2052002
2052001
2052
2051so
2051isav
2051FER
2051998
2051994gloria
20519930
205199
2051989hasna
20519891464
2051983ssj
2051981eylinsanchez
2051975
2051969
2051964
2051959
205194
2051939
2051917
20518ld
205189
205188
205187
20518520
205184ale
2051830rh
205182j
205182021
205181510
205180Fleg
20517G
205178ak
20517764
2051770118
2051762
2051742313177@s
2051730
2051710
205170
2051692877
20516758199
205164
2051628bv
2051623
2051621
20516068
205159
205158615
205158181
2051541
20515400
2051515
205151
2051502100
205149
20514762
205147
20514521
205144yoda
2051436
2051420514
2051416
20514115
205140795@are
2051405263@LJ2
20514037
20513976
20513804697
205137
2051355j
20513481
2051339
205133
2051329
2051321
2051319
20513145
205131
2051302
205130
20512958
20512937
205129
2051288f
2051287
20512680
20512571
20512465
20512402
20512345
205123205
205121
2051205153
20512022
20512007
2051190
20511894
2051174
20511688
205116518
205115
20511452
20511315
205112o
20511257281990
20511171
20511110
205110364
205110
2051094
205109
20510877986cca
20510741
2051056
20510512
205105
2051040528
20510379
20510351
2051028082
2051027588
2051025687
20510151
20510106
2051007
20510030
2051001507
2051000758?
2051000
2050tg
2050rar
2050mj
2050faye
2050db
2050ann
20509ar
20509887
205098
205096ba
205095459
205095253
2050951
205092kayla
2050922
20509154
2050908
2050905
205090
20508mnj
2050883
2050877205087520557962053636
20508750
2050860
2050850
20508495626
2050841
205082536
205081989
2050810
20508059
205080017
2050784
2050773
20507700
20507641
20507612369
20507594
20507548
2050751069
20507490
20507431
20507397t
20507364
20507317
20507299
2050719
20507125
205071
2050707
20507047162
20507011
2050688
20506839
20506772
20506748
20506685
20506675
20506607
20506595@jose
20506557
20506526
20506481687
20506422
20506348
20506314_marco
205063010
205062m
2050628049725
20506237
2050622
20506147787
20506135
20506094
20506053
20506044
20506004.
2050597
2050591
20505848
205057849314074
20505694
20505614888
20505577
205055
20505482
2050546
20505423
20505391c
20505382
20505357
20505246
20505162
20505156
2050512
20505104037
20505020
20504972
20504901
20504839
20504810
205047360
20504672006
20504635geuris
20504619
20504560
20504511
20504450
205044
20504334
20504242
20504222
20504193
205041752
20504162
20504121
2050410007
205040l
2050409
20504049
20504006
20503993
20503967
20503931
20503886
20503831
20503820
20503792
20503731
2050369821475
20503657
2050363
20503609
2050360
20503558
20503525
2050351528
2050349
2050348
20503412a
20503396883key
20503372
20503350
205033
20503278
20503228
20503205
20503193
20503143
20503126
20503074
205030203b
20503.4tam
205029787603
2050287
2050284a
205028
2050272
2050270
20502640
2050246
2050241
2050238
205023
2050228
2050225
20502214
20502198
20502114
20502050asd
2050201
20501wai
20501984
2050179
2050168
2050159
2050153
2050147
2050144378
205013m
20501360
2050132
2050128
2050125
205012133
205011in
2050117
20501069
2050098418
20500909
20500890
2050086
2050080
2050078
20500712
205006581
205005
20500472LIZ
20500466k
2050042jaz
20500381
2050030
2050028
2050026
20500185
205001
20500000
205-1445
205*23laura
204x402
204web
204teebank
204symphony
204sumac
204stairs
204snowcone
204sanjose
204redrow
204potter_
204pa527!@
204nagle
204morgans
204marj
204life
204kkpeb
204kayls
204juancarlos
204jc19
204holland
204gh45
204gal
204flatland
204duh
204costa
204cjc
204chans
204c1997
204boyz
204bhp!204b
204appleson
204WEST
204SUNSET
204KILLA
204E15th
204CEDARAV
204ABE
2049jj
2049bookie
2049ap
2049999
20499959A
204996
204992
20499036
2049878
20498454
204984
204982
20498156
20498129//
204980930
2049798
204979
20497683
20497544
20497517
204974
2049719600199
20497004
20496937
204969
20496594
204964h
20496378
20496311232
2049622
2049605g
20495ica
20495891
20495727
20495665
20495422
204953112536
20495192
204951315038
204950hl
2049508
20494932
204947333
204946
20494495
20494444
20493psyj
20493990
2049394
20493719
20493680
20493637
20493569
20493525
20493483
2049335
20493201
20493145
20493048yy
20493033
20492959
2049269
20492580d
20492559858
20492533
2049252w
20492327
204922912790
204922050
20491an
20491973A
20491826
2049172
20491641
20491601
20491467A
20491352f
204913
20491254i
204911carthage
204910k
20491065
20490camy
20490906
204909
20490741963386
2049068
20490584
204905
20490446
20490386
204902
20490128
20490097+lore
20490044
2048yb
2048mbddr2
2048ajk
20489joshua
2048994
2048990s
204899086
2048987
20489826
20489729
2048968112
20489645a
20489597
20489569
2048952042
20489481
20489441
20489344gareth
20489273196
2048923
204891080
204891
20489065
20489005
204890
2048899
20488820
204886j
204885941
204884
2048821
2048818
204881
204880
20487dani
204879
20487658
204875819
20487562
2048730
204869m
2048687
20486649
20486604
204865
204864
20486321
20486215
20486139neliana
2048586
20485618
204855
2048534
2048515
2048505
20484thiri
20484870
20484774
20484642
20484541
20484421
20484306
20484196
20484149
20484046
204839
204838
204836M
20483661
2048349
204833
2048325384
20483000021521
204829
20482805JOSE
2048274
20482657
20482455
20482356
204822089
20482132
204821!
20482054
20482005
20481s
2048187595362
20481846
204817b
20481688a
204815555
20481498
2048138
20481333
20481228
2048122238
20481195
2048109010250
20481
204809
20480772B
204807
2048055
20480500
204803
20480184
20480155
2048010
204800
2047tzdmk
2047luv
2047ilovejesus99
2047cm
20479902110juan
2047981
20479699
204795
20479227g
2047920s
20479118a
204789y
2047881
20478741
204786060790
20478500
204783
20478218
204782
20478021f
20477ngage
204778
204776+l
204775
204774133
20477285
2047722234
20477156
20476s
20476958
204767000
2047666
20476581011123456789
2047653
20476429H
2047620476
2047611
2047600
2047589
204757
204754
2047528
20475167
20475
20474760
204747
20474568
20474498akaramelo
204744
20474310346122
20474152e
20473kkaapjday
2047371
20473605
204733
2047323
204732
2047310
204728410
204726
20472562
20472363477
20472216
204722015
20472066g
20472027
20471945
204716h
20471506c
20471441
20471306
20471264
20471124
204711014r
20470694
204706
20470526
20470518bb
20470507
204704152
2047031615
204702831k
204702471e
204702
2047016m
20470123
2047002
20470
2046tina
2046palolo
2046lb
2046jc
2046gelli
2046angels
2046aaa
20469854
20469779
204696
20469507
20469419
204693
20469218
20469112
20469066
20469003++m
204689
2046883004
2046872819
20468581745
204685279
204684056
20468252
2046824143
20468196
2046813184
204681
2046801
204680
20467958
204678221034luis
2046780
20467774
20467736
20467467
2046739
2046722181
20467210
20467076
20466l
204668544
20466790
2046676891100
20466574
204663
204662
204661
204660306
20466
20465996
20465868
20465666
20465539
2046549
204653j
20465328
204652
2046518pon
2046510
204650
204649139
20464892
204648779DESSERY
204647m
20464759
20464633f
20464505
20464437
20464376
2046428
2046413
20464
20463845
2046369
204636
204634778
2046337
204632
2046313377
20463010h
20462lt
204628abc
20462604
2046242
204622746
2046205
2046200
2046194
204619
2046175
20461613
20461485
204612tj
2046124036
2046123
2046118
2046115
204610s
20461080c
204610
2046081
2046079014957
204605947
20460361d
204601
204600313
2045sms
2045ninja
2045kc
2045cf
2045REYEZ
2045993B
204598pm
204595
2045927
204590
2045895
2045887
20458666
2045856
20458292
20458254
20458236
20458052639zEGAMILENIUM
2045791804125133
204578k
2045758
204575
204574
20457290
2045728
20457262
20457210
20457164rojas
20457064
20456n
204568
20456789
2045678
204566
2045658
2045643d
2045632
20456313d
204563
20456289janny
204562
204560
20455993
2045595
2045591
2045555
204554
204553
20455046
20454f
204549
204548711b
204548
2045467
2045460
20454591
20454556
20454377e
204542
204541
20454
20453989
20453969
2045388
20453760
204537
20453588
2045346
20453407
2045337
2045335
20453289272
20453168g
20453082
20453054
20453025789
20453020
20452923
2045288
2045281
20452761
20452750
20452690
204526688993203
20452629
204526007
20452539
20452494681
20452452
20452364
20452290
2045225
2045211
20452069
204520
20451986
20451932
20451849
2045183178
204518
20451798
2045175
204516640302
20451603
20451502
204514593
20451422
204513903
20451376
20451359
20451316
20451307
20451231
20451218
20451212
20451182
20451148
20451134
20451113
20451062
204510242
20451011
20451000
20450985
20450891
204508
20450738
20450605
20450554
204504814633gu
204504385
20450393
20450316JREK
20450264
20450236798zaff
20450165
20450104
204501001005
204500587
20450
2044th
2044june
2044jasper
2044GENESIS
20449991
20449930
20449881
2044987
20449854
20449754
20449716
204497
204496
20449513a
20449504
20449493
20449428
20449358
20449338
20449304
2044927
20449233
20449193
20449031Wuinder
20448953
204487226a
204487
204486612098672
20448451
20448410segm
2044822
204482
2044803
204479
2044779
20447765
2044771108pooh
2044764
2044749
20447459
20447328
20447281
20447136
20446cody
20446932
204468r
2044684
20446818
204467448082020
20446727
20446679
20446658
2044662
204465
20446427
204464
2044632
2044613
204461
20445859
20445723
2044562360
204455d
20445558
2044551
2044549
2044537
2044526
20445156
2044503slu
20445015
2044500
20444902
2044473
2044469ac
2044451
20444403
2044424010126
2044423
204440677b
20443999riera
2044396
204438ar
20443805
20443758
20443729
204435
20443384
2044332
204432q
2044321
20443130
20443005423554
2044292
2044261
20442377
2044224482
2044224
20442147
20442049ok
2044204
204420204
204419
2044181
204416
20441428
2044129
2044123a
2044116
204411
2044107]
2044090559
20440829
2044067
20440649
204405
20440411679
20440401
20440284
20440229
20440152
20440122
2044-2044
2043spy
2043lola
2043isaho
2043amd
2043998
20439866
204396882
2043957
2043940
2043937
20439160712345
20439046
204390
20438978
204387734
204386p
2043843
20438341991
204383
2043820438
20438
20437669
2043750
2043748
204373lr
2043720437
2043710192hugo1983
20437
204369432
204368460
204367
20436556
204364296
20436395vane
20436301
2043620436
2043610
2043607
204360110792
20435885
204358
20435575
2043542
20435317
20435259320
204350522
20435
2043490
2043480
204347888
2043474
20434706
20434690
20434620
2043459
204345
20434482
2043445j
20434362
204342812280606
20434242
2043420
2043416
204340bruno
20434050
204340112000
20433o
20433948
20433801
20433755
20433745luis
20433643
20433525
204334877
2043338
204333595
2043330275
204332469
20433180802
20433048yessi
20433019
204330
20432vpso
204329725
20432950
20432926
20432902
20432866
204327731
20432680
20432654
2043264jj
20432554
204323r
2043227
20432209
204322
2043209
20432032623127
20431turtle
204319
20431884
204318669
20431741
20431723
204316471
2043154
204314801
204314623
2043141
2043132532829
20431317
20431218
20431122
2043108z
204310030
20431
20430ijwak
204309246
204308779
2043077
2043063
20430603
204305
204304
204303355
2043024
2043019
20430156
204301175
204300dubnigga
2043007
20430043952yyy
2043
2042pt00
2042detae
2042bs
204299r
204298
20429689
20429519
204294l
204294843107
20429360
20429295
2042926
20429078
2042902vdg
204290
20428h
204289
2042881
20428661
20428597
204284966
2042830pmg
20428228
2042810
20428081
204280
20427pung
2042784320427851
204278
2042759
2042758
20427456gus
20427353
20427289
20427106
204271
20427014505782
20427
20426915
20426797
20426684*j
2042650
204264
2042627658
204261o
2042613
20426079
2042594
204258
2042545
2042539
2042535
2042532
2042527
204252535
2042524
20425170928
204251036
2042502
2042486
20424757
204244
2042428
204242
2042411sam
2042410
20424
204239221bgs
20423856
204237
2042363j
204235lisita
2042341
2042336
204233267
204232
204231400
20423091
2042305351
20422913
20422892
204228727
20422815
2042276
204226561
2042230
2042216
204220420
204219ss
2042196
20421911
204219
20421846
2042183
20421751
2042166
204216
20421551
20421525
20421449
2042139
20421307nb
2042124aw
20421244
2042120461
204212
2042118
2042114
2042112
20421111
2042105917
20421038
204210
20420909
204208a+a
20420827
20420810
204208
2042075134
20420747
2042070715_seval
20420556
204205013
20420473
20420452
20420412
20420348!
20420328
204203
20420233
20420206
2042009
2042006
20420036
20420011
20420003
204200
2041neka
2041999
2041996060695
20419940
2041992ayhamale
20419901516
2041984
2041983
2041977h
2041976
2041971
2041969
2041965
204195
2041945
2041942
2041929
2041914
204190eli
20418940lberos
2041877
20418563
2041835
204182a
2041818
2041813
20417906
204177s
2041766064
204175
2041733
2041730
2041723
20417123456
20416i
2041699
204168neri
2041683
20416793
20416703cristy
2041659
204165
2041636
20416
2041594
204157r
2041559
204153b
204153
204151
2041498
2041483
20414778
2041475607
20414701
2041453
20414373oma
204142j
2041427
2041420
2041410010
20414092
2041403784
2041394
20413913
20413903
20413885
20413840
2041379
20413768
204136c
20413675
20413543
2041345
20413427
2041327
2041320138
20413181
20413162227
20413139
20413119
20413100
20413080j
20413043
20413029
20413011
204130051
204129814
20412913
20412834lacantan
204128
2041276
2041267
20412661
20412658a
20412618
2041259t
20412560
20412534
20412491
2041247
2041238
2041235
2041233
2041231
204123.9254982
2041226
20412190
20412182
2041215
20412077
204120526
2041203
20412005
204120
20411z
2041196620
20411913
20411907
2041183
2041180
20411774
2041174
204117&
20411692
20411677
20411626
20411580
20411542
2041152
20411505
2041148677648001
20411464
20411455
20411424
20411411
20411332
20411315
20411268099m
2041126
20411222
2041122
20411204230991
20411124
20411109
20411095
2041106
20411047
20411034
20411020
20411001
20410972
204109146442107
20410882
20410829
204108
20410765123
20410727
20410709
20410659
20410633
2041056632
20410513
20410509
20410460
20410419
20410363
20410349
20410309
20410276
2041020019
2041019
2041018621..
20410165
20410140
20410125
20410110
20410100
204101
20410029
20410016
2040yume
2040thirty
2040ste5
2040ry
2040qk
2040owqtm
2040lob
2040lebg6080
2040jg
2040dc
2040bc
2040ana*
20409g
204098
20409751
20409472
20409408
204093
2040913
20409081
20408964
204088779
2040887
20408629
20408542
2040846
2040842a
2040832
20408081
20408060
20407jye
204078
2040767
204075
2040723
204072
20407020
2040700
20406hrxdr
20406allison
2040686
20406760
2040672
20406654
2040652
20406314
204061d
204060hg
2040608010
20406065
2040605j
204059
204058
204057251
204056
20405456
2040528
2040522
204051969
2040505
2040500
20404975
2040496
2040489
2040485ruthma
204047j
20404634
2040457
204044
2040408luisalves
20403820631
2040374
20403718
204036859
20403552
204035
2040334
204033
20403090
2040303
20403013643
20402884
20402722
20402708
2040268
20402594
204024651
204023AND
204023711
204022f
20402245
2040218
20402158
20402068
204020208
20401999
20401993
20401990
20401988
204019689405
2040187
20401801
20401710
2040159
2040152
2040141
2040133
204013
20401249
20401214
20401180
204011
20401051
20400khjqq
204009y121e
2040097
2040093
20400830
2040080
204006
2040058
2040050
2040047
20400414
204002583
204002
2040013
204001
2040-ki
203za+narak
203woodard
203towncreek
203spotes
203skylord
203s677j!
203rh25
203raymer
203pt4267
203polo
203pdt
203op3
203monroe
203mmmami
203metal766girl803emo!
203maifat
203lynn
203lmw
203lisag
203leslye
203kill
203j144lock
203hall
203girl04
203fgh
203f4a2c19941
203enclave
203comfort
203cherry
203boy
203bone
203black
203aracoma
203allday
203alejandro
203PT
203NE38Lco4I
203Bridgemanstreet
2039retnoe
2039kp
2039bridgewoodnc
2039LA
20399868
203998
20399771
20399725
203996
203995
20399378
20399302
203991
2039896a
203989
203988
20398718
20398637
20398399
20398143
2039807
2039800
2039795
20397900
2039782
20397762
203977133
2039764
2039761
20397191985
20397144
20397052
20397
2039677k
203967
20396614
20396534
20396516
20396407
203963
20396265
203962332
2039608
20395jtb
2039584
2039563
2039543k
203954
20395378
20395241
2039513
2039499
20394975
2039460787926791
20394546
203942th
203940z
20393919
20393843
203937
20393560
2039330
203932290849700a
2039313
20393016
203929p
20392903
2039271
2039261o
203925
203924071
20392213h
203921
20391930
20391893
2039186127
2039166
2039141
203913990
203912
203911
20390remix
20390931
20390914
203907
20390607
203905
20390306
20390227
2039013656
20390102
2039002
2038tomas
2038sun
2038oct07
2038le
2038hoera
2038aga
203899042
20389823
2038974
20389411
2038938
20389230724
2038914
203891
2038906A
20388964
203888
20388507
20388373
20388358
20388207
203880743
203880
20387844
203877869105
20387588
20387386
2038724
20387154
2038704
20387014
20386qgfi
20386918
203867
2038666
20386567gouveia
20386470
20386432
2038625
203861347
203861
203860
20385atc
20385938mariyjoshua
20385863
203858
20385785
203857
20385613chi
20385564
20385553
20385496bb
20385438
203854
2038537
20385230PaCo
2038519
20385113v
2038509
20385000
20384picfx
20384961
20384941
20384762
2038474
2038469
2038459top
20384554
2038453
203844
20384260
203842003
20384190
2038411
20383_mo
20383923cs
203838
203834688236547
20383394
20383306
20383292e
203832
203831591
203831
2038305
20382jr
20382985
203829
2038284
20382697
20382538
2038253
20382467
20382419586706
20382378*
20382367zx
20382231
20382197
20382165
2038212
203821
2038207
20382
2038199220381992
20381973
203817
20381608
20381493a
2038124
20381212e
20381151g
203811
20381081
203809
20380825
20380710
20380652
2038054
20380497anny
203804
20380374I
2038029
203802
20380050
20380031
2037repz
2037hobson
2037gfeh
2037ari
2037VGKF
20379p
2037987325
203798
20379665
203795
20379479
20379450
20379363i
203793
20379135j
20379086
20378984
203788594
20378693
20378672ROXANA
2037850
2037847
203784
2037817
2037794
20377916
2037779
2037762
20377506384
2037747
20377400
20377364
2037730
20377231
20377148
20377122
203770
203769999
20376992
2037685252
2037678
203766803
20376643
20376406
20376349
20376219
20376111
20376082
203759508
2037584
2037581
2037571
2037556
20375473
203753L
2037530
20375229
20375140
203751
2037506
20375012
203750
20374999
20374969
20374771
203746amo
2037456091
20374469
20374394h
20374284
203742321
203741
2037396
2037380
203735
20373347
20373134
203729723
2037270ed
20372526*a
203724446
203722aevans
20372254
2037222
20372044
2037198
2037184
20371794i
203717586
2037168
2037156
203715
2037140025292850
20371398
20371291
20371234
20371095
20370912
203707435ramio
2037063
203704m
2037028
20370139gb
203700031z
2036ruth
2036musa2036musa
2036kaza
2036flo
2036a2036a
2036983
2036978429061992
20369482
2036927
203691112
203689
203688098
203685724
203684
203681360
20368069
203678
2036760sr
203676
2036747
20367292
2036724
20367
2036699
203669526
203668173
20366677
2036659ytibal
20366537
203665
203664
2036632
2036623
203661a
20366
20365977
203659
20365840
20365762
20365695199107
203656451
2036560
203655iban
20365558yaml
203654m
2036541616
20365317
20365262
20365232
2036520365
2036518
203651152510jp
20365
20364861
20364835
2036479
2036478
20364755
20364631
20364480
20364448
20364386
20364338
20364286
20364268
203642031990
20364125
20364068
20364
20363915
20363819
20363775
20363752
20363704lamejor
20363638
20363535
20363470
203634
2036333
203632r
20363257
20363203
203631hg
20363085
2036300
20363
20362962arli
20362900
203628b
20362814
20362771
20362725
2036260
2036257
20362528
20362355
20362263
2036223
2036213e
20362114
2036200
20361e
20361951
2036185
203618
20361780
20361747*
203616j
2036163
203615
203614666a
20361413
2036139
2036124
20361211
20361139
20361105
203610d
20361061
20361027
203610
203609d
20360938
20360834
2036079
203606love
20360556
20360517f
20360507
203604
20360348
20360312
203603
20360255
203602
20360188
203601595
2036007
20360055905edwin
2036000717
20360
2035west
2035pugey
2035main
2035lena
2035jj
2035flowleche
2035e16
20359917
2035985
20359815
20359772
20359767
2035973149
203597
20359594
20359490
20359473
2035936
20359309
2035927820359278
20359198
2035914
20358luis969
2035898
20358838
203587k
20358714
20358667
20358602
2035857
203585099
20358472arturo
20358413
20358261
203582
203581
20358052
20358
20357982
20357951f@cs
20357891
20357761
20357715
203577
2035760
20357518
20357505
203573683293
20357323
20357297
20357273
2035723
20357198520
20357
2035699823
2035689
20356882
20356774
203567
20356613
2035654
203564888
203564132421354
203564
20356290
20356164
20356133
20356092
20356077
203560
2035590
203557
2035569
20355605
20355513f
2035545
20355374
2035525
2035517
20355120
20354emi
20354991
2035491
20354803548
203547507
20354718
20354510
2035442
2035435034
203542792
203542
203541
20354064
20353gxphu
203538c
203538145
2035379315
2035372
2035354V
20353173
2035303
20352axyut
203528
203526mr
203525
20352436
203524137
20352323
2035224649
203521
20352085
2035202686
203519jt
2035197fad
2035196
20351866
203518131000791
2035168
2035161
20351565
2035154
2035141
2035136
20351328
2035130594J
2035129
20351163
203511
203510Sue
20351030
20350hrt
20350911g
20350821
20350712
20350577120491
20350529
2035045
2035032010169
2035032010061
2035028s
2035021
2035008332
20350
2034sb
2034pickle
2034mk
2034languages2034=]
2034jenn
2034hd
2034bigman
2034advfd
2034Rodrick
20349950jm
2034974
203496m
20349547
20349450
2034939
2034932040012
2034924
2034903
20348876
203487jlt
20348622
203485
2034833
2034822010344
2034822010010
2034808
203479
20347868
20347848
203478
2034763
20347554
20347511
20347439
20347420
20347408
2034732
20347267873
2034714
2034707
20346992
20346921
20346869atlaspk
2034681
203467683d
20346762
20346640
20346493JoSePh
20346421
203464
203463
20346247
203462
20346133
20346116291992
20346060
20345r
20345959
20345741
20345687
2034567
20345641
2034562359
20345587
20345507
2034543
203453acrm
203453
2034508159
20345035
203446598
20344616
2034447892
20344418
2034420
2034408abc
2034404
2034401377
20343976ana
20343944yun5
2034389980
20343654a
203436
20343538
20343430
2034340
20343302ines1992
20343279
20343211
20343199
2034317129
203431
2034306
2034303321
20342vnhkk
20342975
203427
203426963
2034256z
20342540
20342421
203423090
2034227
203422
20342107
2034208
20342028
2034193
20341821
2034175
20341624lumi***
20341572
20341467
20341390
20341365
20341304
203413
20341124
2034109
20341005teamo
2034099
20340643
203405m
203404b
20340371
203402a
2034029
2034024
203400l
2034003
2033wosl
2033sl
2033marco27
2033jr
2033giggles
2033cordelia
2033berserker
20339927
20339898
203395CB
2033954h
2033915
2033905
2033898
203389
2033870
2033841002
2033817
203381
203380
20337996834
2033776
203377203377
2033762
2033740
203373jp
2033720337
2033695
20336866vivarbd
20336824076609st
20336782
20336720
2033660
20336591
20336529
203365
203364
20336329
20336304
2033627298123336
20336226
203362
2033617n
20336145
20336102
20336082
20336047
20335@takara
20335983
20335936
2033585
2033576
203357
20335636
20335538
20335491
2033542
2033536
20335290
20335278
203352547
2033521
20335125
20335067toro
20335035
203350
2033499
20334938
203349277
20334851
2033480
203347
20334515
2033451
203344201
20334403
203343
20334267
20334205
2033414
203340671
2033403155538maddieisthebest
20334010
20334
2033356
2033340025
2033333
2033330417
2033320483
2033310
2033300
20332lucero
20332942
2033284
203328
2033271rg
203326
203324
203323708
2033236V11
2033231362
20332268
203322153
20332120
2033193756445279
203318496
203318137
203317123
203315969
2033154
2033138
203312569
2033120
20331004
203309659
203309
20330850
20330782
20330684
203306202625773g
20330530
203305
203304
203303857
20330355
20330308
20330247
20330208
20330104
20330076
20330048
20330001
2032ymv
2032sandra
2032nkc
2032mr
2032d1
2032PE227
2032991
20329872
2032980greciav
20329632
203296
20329537
203295
20329413
20329397
203292900
203292693kelly
20329166290690
20329155
20329040
20329033
20328996
20328908
203288
2032879
20328662
20328594
2032837
2032829019930117
20328287
20328241
20328225
20328201**599
20328149=karo
2032812
20327st
2032789
20327847
20327830
20327640
2032753397
203275
203274661008
20327361
20327278
2032716
203271347
2032709leo
2032702
203270
20326909
203268l
2032683
203268
2032671
20326529
20326500
20326464SINKO
20326351
20326347
203262
2032617
20326139
203261
20326021
20326
20325wnq
20325837
20325793
20325728
20325670
2032560698
203255
20325479
2032542
20325407
20325369
2032533
203253
2032525
203252
20325189
20325155
20325098
20324968
203249
2032487
203248
20324780
20324732
2032457329
20324391elynes
20324382
2032422
203241
203240551R
203240
203239
203238248
203237357jm
2032357
203235
2032347
203234228
2032341rc
2032327892
20323203
20323165
20323123a
20323101988
20323
2032288
2032280348
2032270
203226syd
20322563
20322506
203223
20322231
20322131
2032200
2032198482
203219317
20321864
203218379
2032182
2032173893@xp
2032171
2032164119
2032160j
2032160
2032154
20321512
203215096
203214ar
20321327
20321234
20321212
2032120
2032114
2032112
203211
20321056
20321020
20320989
20320956
203208683leima
20320826
203207
20320662
203205601
203205198484990
203203a
2032033tre
20320320317
20320303
20320216
203202
20320150
2032013784
203201072532
2032007
2032005638
2032003
20320021
2031samuel2121
2031no
2031mo
2031mhine
2031jesus
2031ecinaj
2031coda
2031DC
20319a
2031998
2031995kostas
2031994peixes
2031992dan
20319914
2031989nar
2031988241983
2031982king
2031981
20319791979
2031977
20319762a
2031975
20319700
2031958
2031956
20319490
2031943
2031927
203189vin
2031894
2031893133
203188
20318747
203186
20318486
2031846
20318297
2031815
2031804
203178k
20317777
2031750010
2031740
20317281006jl15
203172
203171r
2031711
20316999
20316891
2031688
203168
2031669
20316581
2031653
2031639
20316288
203162506
2031619
2031608T
2031606
203159s
20315965
203159
2031580
20315793
20315761
2031567b
2031563
20315526
2031540
2031526
203152
2031518
2031515
2031511
2031510
20314929
2031489
2031485
20314789
2031467985
20314675
203146
20314581
2031454301as
2031442
2031438
20314300
20314222
203142
2031410014isra
203140992
20314079
2031400
2031399
2031395lp
203139
20313813
2031375
20313724
2031358
20313536
203135
20313402
203133374445
2031328r
2031325
203132
2031315
20313029
20312a
20312998
2031294
203128mishijos
20312889
20312816
20312787
20312706
20312629
20312615
203125584
20312528
20312520
2031243008
2031241
2031240
2031234
20312121a
2031202
20311983
2031187
20311723
2031171
203116271384
20311572
20311510
2031142506791099
2031141
20311362
203112oneata3103
2031124
20311224
20311214
203111987
203111657ie
20311112
2031111
20311107
2031107120311071
2031106
20311029
203110
20310886
20310876hindi
203107quezada
2031075907
2031070111
203105FV
20310438amgz
2031038
2031032
203102pik
2031024
20310210
20310194
2031015q
2031014
203101153
2031010310198619
2031009765OTILIA
2031002425
20310010
20310
2030york
2030xeon
2030tom
2030sach18
2030msq
2030majo
2030llanos
2030kc
2030girl
2030djemy
2030deli
2030cl
2030ce.com
2030azul
2030Prepsen
2030ACN
203099kay
2030992
2030984
203098202
20309736
20309571
20309538
20309454andres
20309374
2030934
2030924
2030922827
20309119
203090a
2030906149
20308tm*
20308979
20308956
2030893
20308900k
20308889
20308874
203088
20308721
2030869
20308656
203086
2030857
203085
20308460
2030843
203083845d
20308344
20308315
203082e
203081hell
2030815874291
2030814803273017
20308023142
20307964
20307904
20307873
2030786
2030783
203078
2030776
20307702dani
203077
2030761
203076
20307540
2030749j
2030743321016868
20307327
20307280
203072307017c
20307149
2030711
2030682535
203068*-+
20306650j
2030642
203064
203062404
20306192943
2030615
2030613
203061
203060504
203060100
203057
2030568
2030549
203054
2030536
203053
2030511
20304cOMBO.
20304938
20304856
203048
2030470245
203045h
20304517G
203044717k
2030444
203044081991
20304310
203043
2030421j
20304172
20304133
203041
203040rt
203040d
20304060
20304050akt
20304036
20304031
20304021
2030401015
20303942
20303840
2030382
20303732
2030362ldb.
20303608
203035127
2030350
20303416170491tonyfe
20303369
20303334
20303276
20303238
20303205
203032-e-
2030312
2030306
203029879
20302934
20302917
20302864
20302857
20302816
20302665
2030261
2030260
20302580a
2030256
20302549
20302541
20302524
20302491
20302444
203023ak
203023013023
20302211
20302162
20302124
203021000
203020a
20302099
20302047y
20302037
20302029
2030202
20302000
20301988
20301970
2030195
20301911
20301854
20301824
2030174
20301732
20301708
20301677
203016581
20301601982
2030159
2030157
20301464
2030143
20301411
20301387ns!
2030134
20301327
2030131
2030126
20301228
2030119867
20301164
20301138
2030112
20301091e
20301034
20301017
20300lis
203009728
20300940
203008743
2030081
20300762
20300750
203006337
2030061
2030056
2030054
20300503
20300432
20300381
20300291
203002388
20300203
2030020
20300183
203001250
20300100
20300041
20300/06
203.3091
203+507+dzx
202wright
202water
202victor
202ussada
202torana
202sport
202snow
202smith
202santanatown
202rockyou
202ravan
202rae
202plz
202mover
202miller
202lofty115
202leo
202kevin
202justina
202hill
202girl
202gablestreet
202esselle
202elmpark
202dc
202cutie
202bridwellloop
202bluecrip
202bbb
202azee
202allday
202abeyta
202a4475
202XoF
202SYAHIRAH
202GANGSTA
202BANKS
2029pimon
2029mjm
2029jeded
2029callihan
2029FLEET
20299cyj
20299962
202998
2029973529
202997
202995
20299455
20299396
20299230
2029910
20298926
20298888
20298816
202988
202987
20298615
20298536
20298454
20298425
20298302
20298294
20298196
20298159
20298139
202980
202979332
20297824
2029764
202975
20297432
20297372h
20297129
2029706
2029702
2029680
2029665
20296471
20296204e
202962
2029600
2029583
202958
202956
202955
202954/
2029536
20295141972
2029509
202950
20294910
202949
20294780
20294668
20294516
202945
20294240amsn
2029403alx
20293woaiq
20293867
2029384756
2029364
202935
2029345
20293272
202932
20293139
20293123ivette
20293109
202930km
20293039
2029301
2029295
20292927
20292883
20292698
20292631
20292531
2029252
20292505
2029245
20292344
2029225f
2029217
20292102
202920s
202920E
20292047
20292013
20291clays1
20291987
20291976
20291950d
20291916
20291812
2029170j
20291681
20291664
20291485
20291447
202913DK
20291373
202912644
202911735
2029111234
2029102533
2029101995
20291002sanede28
2029095
2029088a
20290830
2029071
202905p
20290494
2029045
20290311
20290142
2029007
2029006
20290002A
2028yvo
2028rvsd
2028never2230
2028mane
2028joe
2028fpkf
2028cab
2028babe
2028anna
2028Stewart
2028JOE
2028AH
2028994
20289895
20289842
20289817
202897M
20289692
20289579
20289519
202894
20289374
2028916
202890
20288781
20288695
2028851
202884
20288249807
20288023
202879
2028771
2028761
20287598
20287518
2028747
202872m
202869648339738
202869
2028685
20286796
20286771g
20286761
20286599
20286560
20286526
20286493
2028645
2028639aw
2028630
20286293
20286273
20286134
202861
20286
202859951
20285972
20285910
20285850
20285823
20285729
20285566
20285517
20285420
2028539
20285287
20285243da
2028520
20285100
20285073
20285004
20284wijbk
20284993
2028493
202849
20284884
20284716
20284588490
202845
202844444
20284403
20284376
2028427
202842
20284
20283878
202837
20283603
20283406
20283232
202832
20283148
202830v
2028306
2028295141
202828j
2028280
202826566
202825a
20282533
20282529
20282522
20282499
20282419
20282340
202822ered
20282230
202821986
2028207
20282028aj
20281995
20281931
20281919
202818ravial
2028180826
20281751h
20281608
202816013
20281566
2028145
2028141925
2028130docbmjsh
202812bg
202811f
20281130l
20281106A
20281087
20281035
20281019
2028100
202809e7
20280914
20280906
2028080905
2028073332
2028066
2028060088
2028059
2028045
2028035
2028032
20280300
202800cp
2028/472004
2027tj2027
2027thanaa
2027shulsita
2027opm
2027msqbb02
2027ch
2027amor
2027WH
2027BEATTY
2027999
202799
2027987
20279833352
202797
2027960
20279405
20279275
20279226love
2027921128
20279145heco
2027906
20278993
2027889a
20278843
20278643
2027860
2027856902
202785
20278365
202782
202781585oal
202780s
202780
20277986b
20277861
20277725h
2027763
2027756
20277519
20277488
202774
20277320
202772
2027710
2027687
202767
202766
20276498
20276316
20276171*
2027608
20275971
20275821
2027576
202755
20275375a
2027525k
202752
20275108
20275060
202750
20274ep
20274944g
202748702
202747wttyj
2027479
20274715bebe
2027446056
202744
20274294
20274264
20274141
20273963
2027379
20273523
20273485
2027334
2027325
2027321
202729ief
20272907
2027284
20272795
20272671
202723j
20272325
202723
20272230
20272011
20271976
20271920
202719
20271768
2027169
2027156
202714881196cfc
2027145735
20271360g
20271306
20271187
20271109vp
20271066
20271
2027099
20270848
2027063
2027048584
20270379
202702255
20270151
20270109
2027003
2026wild
2026sarwatali
2026razvan
2026nell
2026mmm
2026ate
2026_amigis
2026@2026
2026993
20269806
202697m
20269784
2026971k
20269609
20269594
202694ckj
202693
2026920
2026917
2026900
20268990
20268893
202686
20268483
202682720
202681086
20268052
20268028
2026801
20267972
20267837
20267755
202676a
202676218
20267450
20267415
2026727715
20267185
20267151
20267021
202669d
20266884
20266835
20266756
202667
2026668
20266636
202665947
202665
202664396357
2026635
202663
20266270
20266227
20266154
20266117
202660573
202660012
2026599
20265904
2026580
20265621
202655
20265365
20265293
20265103
2026509
20265
20264alco
2026499
20264946
20264877
202648
20264784
20264673
20264488
20264389
20264223
20264197
20264106
20263v01
20263864
20263822
20263745
2026373
20263710
2026352091
202632
20263189
2026312920263129
2026301
20263...
2026290
20262858
20262830
20262812
20262769
2026272
20262674
2026262
2026261120
202625679
20262535
20262502423
202624
20262312
20262302
2026227
20262254
202622
202620s
2026209
20262056
2026202
202619j
20261988
2026198
20261963
2026195
20261920
2026190
20261850
2026181
20261728
2026171c
2026168
2026163038
20261599831
20261519
20261514
20261503gsgCR
202613kakis
20261307
20261233
2026115
20261027
20261010
2026100552
2026098
20260887
20260611
20260583094
20260552
20260401
202602al
20260227
2026020150
202600020
2025wesley
2025shel
2025po
2025mmmm
2025mass1
2025job
2025gcr
2025cy
2025bank1832mink
2025admin
2025AK
202599
2025976210
20259643
202595916
2025936
202593
2025912347
20259012
20258915
20258811
20258782
20258687
20258609
202585
2025840
2025827
2025825
202582
20257angel
202579
2025784s
202576
202573a
20257193g
202569786520
202567
202566
2025657
2025645
202563n
20256305
2025610l-
20256091
2025605
20255lt
2025588
202558
2025564
202556
20255546
2025545
20255245
2025517691
20255
202549162475026jose
2025488095
2025486
20254790
2025472742
2025467
2025464
202545
2025443
202544
202543210
2025429
20254271
20254130
202541
2025406m
20254018
20253970
202538202538
202537691023
2025371
2025367
20253627xd
202535120
2025340852558230
20253378
2025323
202531b
20253148
20253113
2025310
20253072
2025303540
20253026
20253014
20252june
20252939
20252910
2025286
20252827
2025281111
20252727J
20252618
20252537
20252533
20252529
20252528
20252520
20252418
202523jn
2025222522
2025221
20252143
202520ypedropedro
20252045
20252026
2025202233
20252010
2025200017
20251996
20251987
20251845
20251719k
202516ix
20251672
202515358874
20251431
20251400sioux
2025137
20251316
202512518
2025121802
20251206
202511r
2025114
20251108
20251101*
20250k
20250989
20250818
202506e
2025062916
2025058
20250406lsk
202503mony
2025030
2025020111
2025018
202501236121
202500a
202500025846
2024yellow
2024sdy
2024orladijuanes
2024mh
2024life
2024kp
2024kgb1991ok
2024joan
2024iris
2024forest
2024david
2024aj
2024MANGERE
2024JAF
20249954
202497
2024961
20249517
2024943
20249391
2024923011
202491
20249
20248936
202489
20248768
2024860559
20248575
2024838
2024827319
2024820
2024812
20247am
20247899
20247877
2024779
2024776
20247697
20247647
20247421
20247385
2024733017
20247244
2024724
2024716
20247143
202471
20247041
20247
20246965
2024684
20246777
20246752
20246737
20246724
20246643
202466
20246586
20246557
202465
20246470
20246340
2024626807641409
20246205
20245966
20245924
202459
20245797
202457890
20245738
202457
20245693
20245640
2024561414
20245524
2024548
20245469kenny
20245414
20245336
2024521
20245175
20245127
20245086
2024504415112310
202450391718
20245013gaby1901
202450
2024493
20244912
20244900p
2024483
2024477
20244757
20244723
2024469772
20244684
2024466
2024465004
20244624
20244613
20244597
20244542
20244514
20244485
20244466
2024434
20244276
202442
20244162
2024413593
202441
20243qbpyb
20243997
20243956
20243897
20243877
2024380
20243715
20243656
20243624
20243543
202434cy
20243459
20243453jesus
202434001502
20243336
2024329595
20243212
20243159
20243117
2024311
20243036
20243002
20242977
20242942glory
2024288
20242828
20242788
2024275
2024271220
20242628
20242620
20242593_911813
20242536
2024252731
20242524
2024251v
20242511ze
20242423
20242391
20242364
2024232
2024229850
20242285
20242235
20242165
20242126
202421051500
20242085
202420242
20242008
20241997
20241985
20241967
2024190
20241828
20241728
20241713
202417
20241644
2024162
20241611
20241552
2024144
20241415
202413lm
20241308
2024121
2024120140
20241186
202410723
20241025
20241
202409l
2024091
2024080513959
2024071
20240615
2024057d
20240505
202404480
20240437140190
202403123132
202402q
202401b
2024011
2024007
2024.
2023ssss
2023rno
2023ohio
2023mfmglove
2023lk
2023km
2023kama
2023jesus
2023isamara
2023hotel
2023dunning1993
2023des
2023aleja y li
2023DTH
20239mf
202399241089
2023986
20239732
202397
202395
2023932
20239164
2023906531
2023900
20239
2023899
202389474
202386lani
202385
2023825
20238232
202381
2023806
202379a
20237924
20237808
20237692
202375437
20237450
2023744
20237412
2023733
2023719
20237147
2023711]
20237041
20237
20236B
2023693
2023690
202367somagui
2023663202
202366
2023650
202364
2023633757
20236293
2023619
2023600
2023589
20235822
2023577jae
2023572ab
20235652
20235581
2023554200
202354
20235175
20235130
20234dec
20234916
202348121ahmgr
2023473
202346
2023458
2023445
202344
2023432923
202343
2023421
2023416
2023413
2023410350
20234085
20234007
20234
20233959
202339
2023385319902533
202338213356
202336
2023350111
202333516
2023328
2023322
2023312389
2023310098
20233086
202330061995
20232wac
20232911
20232890
20232867
202327jose
2023274
20232715
202326kaka
20232531
20232526
202324pO
20232433
20232427
2023242
20232307
2023218
202320j
20232070
20232023ah
20232007
20231al
202319960
20231909
202318a
2023184
2023181
20231741
20231629
2023161820
20231525
20231417
202313@cl
2023129
202311pipastqm
2023112108V!
202310a
2023102590
202310027
20230886
202308307
2023082
2023078
20230715
2023065KM
20230613
202305287079*-)
20230484
20230449
20230382
202303402505
2023030327
20230211
202302002
20230185
2023003
202300011
20230
2022yc
2022w1w8be
2022s2
2022pg
2022nk
2022mj
2022jm2022
2022h
2022gamboa
2022fb
2022chino2220
2022cagb
2022bronx
2022ab
2022Taurus22
20229865
2022979a
20229770
20229703
20229673
20229589
202295671m
20229503
2022949
2022944
2022939imhere4u
2022936
202293
2022920229
20229152
2022902
2022898b
2022898
20228954
20228945
20228932600***00*
20228794
20228751
20228710gigi
2022861
2022858
20228472
20228315yuli
20228214
202281
20228012
20227974
20227891
2022782nilda14
20227764a
20227724
20227610v
202276
202275766
20227469
20227380
20227274
2022720227
2022715
20227127
2022710811A
202271
202270
202267
20226636
202265210j
202264
202263
2022626
20226016016
20226
20225948aa
202259
202257991260421
2022563199
202255kr
202254ap
2022539
202253
2022529
2022527
2022524
2022520225
202252
2022519
2022516
202251436
20225050
20225011
202250
20224run2b1
20224939
20224916
202249
20224860-jhoanny
20224824
202248
20224774ju
20224686
20224654
20224635
2022460689
2022457
20224558
20224510
202244jm
20224466f
20224360
2022434
2022431
20224232
20224225
20224209
20224175
20224169
20224153
2022414j
20224125
20224116
20224103
20224092
20224072
20224057
20224035
20223jubjip
20223940
20223862
20223858
20223782
20223763
20223706
202236541
2022361l
2022357
20223547
2022350
20223482
20223472
20223376
202233546
20223319
202233
20223295
2022328
2022324776
20223240
20223221
202232100
202231KJ
20223127
20223113
20223090
2022307
20223032
20223025
2022298
20222918
20222872
20222821
20222806
20222722
2022270
20222635
2022256h
20222521
20222501
202224sean
202224K
20222488
202224351523
20222426283032
2022242
2022239k
202223761
2022233
20222325
20222220
202221202221
20222069
202220222022
20222001017711
202219881521989
20221979
20221965
20221933
202219128
202218g
2022189
202218334
20221795
20221722559
202217
2022165
202214763092
20221453
20221430morena
20221429
20221344
20221319
202212j
20221296
2022126
2022121y
20221192
20221180
20221125
202211210
2022110981
20221101
20221082
202210556
20221028
2022101313
20221004
2022096
20220916
20220912
20220832
202207561
2022071
20220601
20220501
202204b
20220472
2022042744
2022042
202203J
2022037
20220310
20220222022220
2022020
202201910
20220139
20220131
20220081988
202200739675383
2022002688
202200182
20220
2021zev@hc
2021xx
2021tcc1978
2021ssst
2021reec
2021plainfield
2021nery
2021mp
2021me
2021lorja
2021leanne
2021kevand
2021jb
2021griffis
2021eyb
2021cele
2021arana
2021_p_
2021Tinker2021
2021Mh
20219991
2021993r
2021993c
20219921992
2021991d_c
20219881521989
2021986456
2021984yn
2021981
202198
2021978
2021970
2021965
2021954
202194
2021933
20219294
20219203
20219121
202191007
2021903
20219,ebru
2021899
2021888
2021879
20218587
20218569
2021845450
20218359
20218325520
20218289
202181
20218011
20217barquisimeto
202179666
202178822
2021778
20217508
2021748
202173
20217270
202172
2021715
2021712
20217102
20217020
20217
20216harmony
202169
20216802
2021674
2021669
202166222
2021660
2021651
202164207680032
2021617
2021615
2021613
20216
202159
202157mc
2021576
20215611426
20215567
2021547
2021536
202153
20215232
2021513145
2021502
202150
2021496
20214930
202148G
20214804
202147ko
202147
20214578
2021455
20214450
20214342
20214290
2021420214
20214120868619
2021409838ben
2021408326855523jrbr
2021405
20214025
20214000
20213r
2021397
2021388570
20213800
202137
2021355
2021345
2021339
2021329
2021323
20213034
20213016
20213010
2021287
2021283
202127jpkl
202126z
202126660
2021256
20212528
20212525
20212521
20212506
20212503
202124b
2021247297
202124581
20212425
202123j
20212327
2021230014
202122sota
202122l
202122cm
202122ag19d
202122La
20212252
2021223
2021222628
20212223242526
20212218
20212203
202122//
20212198
2021214
202121188
202121154
202120445
2021202122232425
20212020
20212007
202119zam
20211997
20211989
2021193
202119108
20211828
2021177
20211686
20211657
20211630
20211617
2021156
20211529l
202115125
20211499
2021142
202113a
20211357
2021129m
20211232
20211224
2021120187
20211101
20211056
20211017
202110042006
202109ak
2021095
2021091149021
2021090
20210874*m
20210852
20210784
20210766
20210691
20210653yindys
2021062003
202105442510
202105098
2021049927
2021043352
2021042952zander
2021040029
2021033
20210308
20210268
20210224
2021014
2021013
2021011
2021010
2021009
2021007063
2021006383
20210059
20210000
2021(samil)
2020xx
2020wo
2020walton
2020vv
2020vip
2020ucc33
2020tony
2020tere
2020surgery
2020sofus
2020shahfit
2020sat
2020rh
2020r1
2020pokitas
2020pepecoco
2020paul
2020on
2020no
2020musiq
2020mom
2020mfbi
2020me
2020marie
2020maldo
2020m0
2020luna
2020lovebsb
2020libra
2020kyle
2020kevin
2020karol
2020kae2020
2020js
2020jja
2020jana
2020jack
2020hoop0s
2020gazza2020
2020fraz
2020force
2020filbert
2020eric
2020enero
2020ej
2020ec
2020dv
2020dl
2020dc
2020crew
2020cj
2020cgl1983
2020cerr
2020cas
2020calvin
2020bttw
2020bmxmag
2020blind
2020berreth
2020baby
2020angleitos
2020alexis
2020ak
2020act
2020ab
2020a
2020_gucci
2020YA
2020Skillz
2020SB
2020MIJO14042020
2020ARI
20209@@@s
20209900
2020987
20209777
202096525
20209564
20209546
20209480sp
202094255
20209381180591
2020929
202091983
20209186460188
20209156094
20209100a
202090706012339
20208n
20208jmyj
2020890
2020886
202087ise
20208727
202087
20208613
202084k
20208467noyo
202084513444237
20208383on
2020827yo
202081r
20208173
202081012
202080j
2020805a
20208
2020793@pedro
20207908
20207868
202077jime
20207716
2020767
20207603
202075
2020741
2020732
202072
202071
20207000277555
202069NB
20206805
2020671
202067
2020662
20206386
2020630
2020622
20206174anita
20206116
2020602
20205989
202059
2020589
2020576
20205720
2020568
20205605
20205554r
2020554
20205488c
2020541042259
20205365
202052A
20205216ant
202052
20205161
202050r
2020505
20204ever
2020493786
2020491
2020484
202048064
202048
202047
2020467
2020456
2020449
2020435yuleima
202043
20204248
20204136
202040m
2020404
2020400l
2020389
2020377
202036cf
20203683
20203636
20203592hn
20203551b
2020347
2020341
202032t
2020329
20203259
2020319
2020315
20203131
202030aa
20203057
2020301
20202o
20202c
20202984lady
20202929
2020288
20202828
2020280
2020266
20202564
202025586094
20202529
2020252628
20202521
202024htg
20202487
20202405
202023202023202
2020230
2020226
20202224
20202200
202021k007
20202128
2020210320
202020x
202020tata
202020sga
202020ramm
202020nicolasX
202020m
202020l
202020i
202020e
202020d6
202020abc
2020208
20202031
20202027
202020202pp
2020202020202020
202020202020
2020201314523
20202010
20202007
20202000
202020.
20201purple
202019969
20201990
20201989
20201987mari
20201980121
20201976
20201898
20201858
20201846
2020182
20201718
20201708lye
2020164
202015jazmin
2020147
20201402
20201390
2020135
2020134679850
2020132
20201314
20201311
202012p
20201245
20201220
2020121
20201195
20201110
202010x
202010gugu
2020105168abc
20201030
20201020
202010.
20200dayana
202008972-
20200848
2020081011
2020078
20200744
2020072004
20200718
202006isis
20200698
20200622
20200610
20200562
2020056
202005113
2020048
20200418
20200405
202003_y
20200365
20200285
20200280
2020022021
202002098990
20200196752
2020016
20200126
202000J
20200073
2020004
2020-400speed
202/energy
202/341
202.202.
202 medo 707
201yoz189
201woaini
201west
201w93
201vogel
201vil
201tnfm
201teamo
201tabby
201seven
201roxy
201roble
201pytthug
201pink
201pikeview
201pamela
201oak
201nes
201natashita1990
201moss
201mhz93&
201mcs
201mamii
201m239y879t248l
201liz
201landaoanh
201kimbo
201julie
201jkc
201jersey
201jch201
201janata
201hv3497
201hotboy
201fsl
201formcr
201fan
201evey
201elm
201deerchase
201daking
201d37fd
201buddie
201boys
201baby
201anki
201allday
201affen
201a202u205t2015
201Marisol
201MEEDAH
201KINGS
201Davey
201CAZTER
201==mr
2019ttsl
2019thonics
2019patterson
2019jya
2019janc
2019gaby
2019devontaz
2019coach
201999ad
2019996
2019989
20199820
201996a
20199612
20199530123
201995132129
2019951
201994abril
2019944
20199412
201993edz
201993a
20199377
2019933f
2019930
201992yazmin
201992jen
20199285
2019925
20199216angela
2019920247
201991ja
201991N
20199154321
2019914608
20199113
20199109
201990r
201990567
20199012267
2019900
201989moreno
201989car
20198942
20198915
2019888
20198826nov
20198806
201987k
2019876r
20198744
2019870529
201986e
201986ak
20198650
201985y
2019855ld
201985423
20198520
20198420
20198345
2019832
2019827eb
2019820198
2019817
2019812
201979993
2019792
2019783
201977sy
201976Ban
20197625
20197523
2019751010
20197402
201973n
20197316269
2019726mary
20197210
2019718619128913
20196mtv
20196866
20196787
201967051994
20196682
20196644
20196592
201963numero
2019638584
2019622
2019613
2019610R
2019602t
2019598
201957910
201957
2019552ih
2019551481
20195418
2019537
20195314
2019529
201952021
2019512890
20195086
20194net
2019486
201948
20194666
2019461043
2019460406
20194527
201944+rubenxD
20194338
201943
201942
2019415451
2019404
201939m
20193825t
2019369
2019351
20193409
20193340
2019328
201932
20193042
2019303
20193016
20192972
20192956
20192930
20192919mpkd@!
201929*213
2019279950
2019273tere
20192674
2019263130
20192544
2019251113
20192502
2019243008
20192406
20192397
2019234665
20192305
20192285
20192200
201921j2
20192180
20192120
20192087
2019208
20192019abc
20192009
20191g
2019199425
20191986
20191971
20191905
20191886
2019187
2019184
20191817161514131211
20191817
20191753
20191687
20191666
20191630
20191610
20191557
2019154321
20191510
20191409
201914031234567890
20191351
20191304
20191227
20191190
201911201911
2019101
20190j
20190872
2019081234
201907M
20190718
201907
20190681
2019066
2019060185
201905bonbon
20190471
2019034397840907
201902D
20190185
20190133
2019010
20190097
2019
2018yasneiby
2018rocks
2018mimi
2018j
2018eat
2018danielpia
2018boo
2018bb
2018babe
2018amat
2018ag
2018RI
20189a
2018986
2018969
20189591
2018942
201892c
2018929
20189129
20188lost
20188919luisana
201889
20188789
201886js
2018860
2018857
201884
2018833
20188321
201882889
2018820
201881n
20188179
20188161
20188146
201880m
20188081
20188009
20187858
20187851
20187755
201875_s
201875
2018723
20186jsk01
2018695
2018687720
2018685442
20186810
20186704
20186604
2018651242
20186286
2018619ok
2018613
2018610
20186059g
20185965amylee
20185923
20185870
20185861
20185848
20185821100293
201858
20185741
20185711
20185688
20185657
20185600
20185593
201855141
20185407
201854
20185322
2018528
2018526
20185215
20185183*
20185126e
20184y
20184942
20184875a
2018473
201847
2018455tel
201845
20184462
201844
2018414
201841
201838o
20183828
2018359
201835338
201834
2018328720183287
2018324528
20183192
2018300
20182bsa
20182819
20182733
2018266
2018262
20182553
20182527
20182384f
201823
20182232
201822
20182128
201821
20182020
20182
20181989
2018191623
2018180cell
201817639676766
20181707
20181687michelle
20181664
2018161513
2018156
20181512
20181354vecerra248
20181337
20181325
2018124950
20181233
2018120
2018112
20181099
20181034
20181005
20181
201809424
2018068
20180625
20180600
201803d
2018030
20180215
2018020180
2018012_mostafa
2018010781
2018002890
2017zo
2017s52
2017psicologia
2017police
2017osman
2017mommom
2017lp
2017lek
2017kh
2017honey
2017ec
2017amor.
2017_*power
2017Meses
2017Fire69
2017A
20179932
20179749
2017974394
201796595
20179636v
201796
20179527E
20179450
2017938517258874
201793
2017925
2017920113
201791
2017902
20178srw
201789612
2017879
201787
2017858
20178555
201784
2017830
20178225
2017816
201781
2017803
201780
2017795
201778
20177692
20177369
20177361
2017728
20177191
20177117
20177102
2017700
20176lian
20176962
2017685
201768
2017667102
20176599
201762jwa
2017624
201762
20175991
2017595
201758
2017575745
2017569m
2017568TJD
2017559
20175519
20175443
20175346
20175298
20175248
20175190
20175118
20175020
20175
20174973
2017491j
20174905
20174859
201748
2017467655015599
20174640
20174617
2017458
20174518
20174442
20174429*3722919
2017435
20174230
201742
20174167
20174124
201741
2017399214
20173963
20173890
2017385
2017374
201737202
201737
2017367gisel
20173650
20173630
201736
2017353
201734joy
20173470
2017332
2017318
20173133DALMA
201730ilh
20173078
20173041
201729m
201729133
20172908
2017289
20172831
20172727
20172677
201726288203861
20172530
20172480
2017246120
20172427
201723mm
20172390
20172279
20172243
201722116041
2017220172
201721301212
201720mkjf
20172069
201720444
20172016
2017201
201719s
20171986
2017182230
2017177
201717377
201717
20171663
2017166
20171446
2017142
2017128
2017121
2017113333
2017110
20171069
20171004a
20170sun
20170861
2017081323
20170787
201706dmc
2017062630
2017055
20170502
2017041ke
201703941A
20170346
20170307
201703
20170279
20170216
201702
201701749
201700d
2017004
20170029
2017-235
2016tk
2016sgalen
2016parkrose
2016manuel
2016jor
2016ia
2016fz
2016da
2016cmb
2016amor
2016989
2016972395
20169600
201695a
20169523
20169409
2016939
20169019
201688
2016865
20168434
20168145a
2016801656
201679p
201679
201678
201677
20167544
201673ms
2016723t
20167145
2016709
20167
201669171
2016691
20166840
2016642
2016634
2016625313
20166235
2016613
2016607
201660
2016599
2016589bs
2016589
2016579
2016555
20165419
2016536
201652
2016494
20164852
20164816jmr
20164773
201646g
20164600
201644A1#
20164431
20164365
20164286
20164213
20164181665
201641417
20164026
2016401
20163a
20163874
20163789
20163632
201634564840066
20163301
201632
20163101
20163011
2016297l
2016290105021992
20162859
20162731
201626labebesexy
20162529
20162500
20162487170
20162434
20162371df
20162324
201621rmv
201621543
20162116moon
20162068
20162019
201620155
20162004
20161g
20161987
20161926
2016189
201618140194
201618
20161728
201616k
20161642*x
20161626
201616087
201614cvc
201613madison
20161395
20161324
20161238
2016122309
2016120161
20161101b
2016109100
20160920
20160916
20160898
20160795
20160592
201605201605
2016048
201604531a
2016041987
201603
20160214
20160150
20160128
20160074
20160000
2016/37
2015ww3
2015wolfe
2015tmc
2015rocks
2015na
2015mae
2015lu
2015kc
2015kat
2015jaujino
2015heypeeps
2015grad
2015flowers
2015ed16
2015dd
2015corazonlv
2015boys
2015babygirl
2015aab
2015_RS
2015WLJ
2015JJJ
20159r
2015999550
201598478952675
2015975389cb
2015966
20159600
2015943
201594
2015935
201593
201592020
2015912
20159111991
20159003
20158800
2015852433
201585
201583
20158224d
2015820158
201580
20157928
20157813238797
2015778568
2015757372
20157533
2015744
20157292181920
2015723
20157200
201571
20157056
2015699
2015667
20156576
201564
201562541
2015620495
20156147
20156070
2015603
201560
20155950
20155908
201558
20155721
20155669
201556551993
201555892
2015555
20155536
20155450
20155423
2015541
20155306
2015526
20155212
20155148
20155067
2015503
20154life
2015497
20154896
201548658
2015479
201547
2015459
20154576
20154477
2015439
20154347
20154331
201543
20154286pm
20154249
2015420
2015415776
20154111
20154094
20154063
201540
201539359098309
20153887
20153861
201538350
201537
20153598
2015353
20153444
201533r
20153331
20153266
2015319
2015312
2015304
2015295
20152814
20152630
20152532
20152525
2015250
2015240
20152261
20152245
2015223536
201521e
20152129
20152096
20152026
2015201520152015
20152006
20152000
20151babi
20151991
201518m
20151823
20151814
20151703
201516e
20151616
201515sophia
20151518
201514fecr
2015144
20151425TY1601
201514205123
2015141
201513tm
20151396
201512bffl
2015127531
20151172a
20151122
20151112
2015109
2015107b
2015102407
20150bim
201508859
201506jt
20150630
2015050
20150452
2015043
201504139
2015038superman
2015023
2015022
2015020260
2015016
2015014
20150070
20150061a
2015005296
20150023
2014yung
2014wp
2014uplode
2014tb
2014stef
2014scc
2014ram$
2014pepsi
2014mini
2014makati
2014lionettedancer
2014lane
2014kw
2014kd
2014jasli
2014inmyheart
2014hottie
2014hh
2014grad
2014fde
2014e111
2014denny
2014cherry
2014carter
2014brd
2014beau
2014asheborochick
2014am
2014a5
2014VP
2014LL63
2014HILL
20149944jd
2014990
201497922hu
2014979
2014969934
20149554j
20149469enyu
2014942333
201493osa
2014933
201491621374166
20149122
201491
20148nf
201489K
2014896
2014891
2014889543
20148846
20148705
201485
20148400jo
20148161
201481
2014794
20147834587
2014769
201475a
20147585n
20147350
2014714k
20147096v
2014701
2014693862
20146922
20146617
201462L
201462
20146137calo
201460528
201460
20145981
2014591
201459
20145887B
2014587n
201458058
201456fonjui
2014565017
201456283r
201455
2014546
2014539
2014534
201453
20145211jose
20145161
2014508984
20145042
2014501
2014493
2014485a
201448
20144716
201447
2014469
2014453a
201445
20144387
2014432
2014426
2014422
20144100
20144061
20144001
2014390359
201437
201436a
201436201436
201436
20143533
2014345055
201433062
2014321
201431996
20143135
2014302
20142979
20142872
20142701
2014265
20142603
2014255060
20142523
201424827
201424717
20142342
2014222004
20142164300
20142017
2014201029
20141991
2014196
20141905
2014188
2014185
20141827
2014179011
20141721
2014171
201416490690
2014163
20141604
20141516
2014150
2014148
20141420
2014133
20141304
2014123
2014121
20141194
201410K
2014102
20141
20140996
20140943
20140909
201408209
20140778df
20140726
201406m
2014063122
201406
20140581
20140551
2014049dj
2014044
20140408
20140389r
2014031
20140281
201402201402
20140187
20140173
201401201401
2014011227
2014010
2014008
2014001
2014/green
2014$Am2014
2013yah
2013xlg
2013ttj
2013tekiero9c
2013sliberty
2013senior#12
2013rulz
2013rlkg
2013ohyea
2013noelani
2013negro
2013moesam
2013mariana
2013luke
2013lamont
2013krazzie
2013kkf
2013killacrazzy
2013kalie
2013jessica!
2013hbic
2013graduat
2013goon
2013falloutboylvr13
2013eod
2013elwood
2013eb
2013dykes
2013dg.
2013col.
2013click
2013chick
2013cheer
2013bunny
2013brooke
2013beachbabe
2013arm
2013almosts13
2013aleluyita
2013aa
2013_cutiepie
2013_9596
2013MM
2013@1320
201399A
2013997
20139944ras
20139812
20139712
201396171atgm
20139587
20139563
2013954
201394c
201394
201393189
2013920561
2013911515
2013901
201390
20138k
2013890101
201388979570
20138763
20138747
201387
20138681
201386630
20138594
20138517
20138499
20138467
201384
2013829
20138209
201380
20137917
2013789521475963
2013771
20137603
2013754810
2013751
2013747d
20137407
20137345
20137307
2013729
20137197
2013714
20137013
201369d
2013694
201368590c
2013673-6019
20136715
2013671
201367
20136578
20136546
20136463
20136439
20136334
2013624
2013620136
201361748
20136133
20136035c
201360
2013596
2013589
20135852152
20135711
20135638
201355a
2013556788
201355201355
20135464
20135454
2013531799
201351918
20135142
20135071
20135...
20134me
2013496575
201349
20134679
2013464ABC
201346
2013448763
2013436752judy
20134326
201343
201342
201341011
201340tmg
201340748
201339bb
201339504
2013393062
20133814
201336p
201335882
2013350
2013347716
2013344
201332882
2013325553
201332019
201331e
20133183
2013315
2013307814
2013304
20133
20132968
20132900
20132828
201327425
20132721
20132705
20132615
2013254t
20132537
20132530
20132529
201325220
2013248a
2013248
20132459
20132425m
20132416
20132390
2013232
20132243
20132196
20132155
20132128
20132032249
20132024
20132019
20132012
20132
20131995
20131986
20131958
20131888
20131871776
20131859
201318255532
20131818
2013171
20131694
2013164581
20131623
20131618
2013160
2013158750
201315468
201314jqt
20131480a
20131446
20131420
20131412austin
20131406072532
201313cass
201313424
201312damian
201312955
2013127
201312
20131182
20131132
20131112
20131103
20131095
20131053jm
20131034
2013100
20130998
20130950
20130921
20130830
2013075
20130740154
201307011222
20130690
20130671
20130654
20130620
20130580
2013050ms
2013049
2013044
2013041
2013037
201302l
2013029
20130249
201302237
201302201302
20130205
2013020279
2013017a
201301321c
2013010
20130037558682
20130031
20130030524293
2013003
20130023298236
2013/2129
2013!!
2012~classwithbenefit
2012z&k
2012wojiaxiong
2012wedie
2012vivilr
2012vannizzle
2012trey
2012tick
2012teep
2012sunulam
2012sp
2012sm
2012siders
2012s
2012run
2012rox
2012rimer
2012rb28
2012punk
2012pimpin
2012pa
2012olympiantara
2012nt
2012nef
2012myyear
2012mkay
2012mfd
2012mehot
2012me
2012mama
2012lulu2012
2012logist
2012liew
2012kw
2012kms
2012km
2012king34
2012kayjdjb
2012kassy
2012k52
2012jr
2012jb
2012ioriyin
2012home
2012helena
2012harrison
2012gy
2012goal
2012getout
2012furz
2012flower
2012erin
2012elle
2012duktoy
2012donny
2012dlhtjh
2012dedes
2012dabest
2012cu
2012cmorten
2012cmarizan
2012cicloa
2012ca
2012brit
2012br
2012bia
2012baby
2012an
2012ak
2012aheadmystuff
2012ad
2012aaron
2012_tiger
2012_marie
2012_12
2012ZETINA
2012Templar
2012SA
2012NA
2012MUSIK
2012Kava
2012JeDi
2012BABY
2012@yo
2012@2601
2012996
2012991
2012989
20129823
201297a2009
2012975
201296mi
201295sasa
201295cerv
201295N
201294jr
2012945tw
20129443
201294**a
201293fufi
201293bf
201293abc
20129338963
20129322397463
20129312
2012930414
201292willian
201292hernan
2012926692
2012921802
201292093
201291rmgLOPEZ
201291hl
20129189
2012915280
20129116
201291070492
201290liverpool
201290ec
201290A
20129058189406
201290476795201233
20129028
20129011815597
20129010545658l!
20129010048315
20129007865861
20129007207221
2012900
201289rita
201289kim
201289ingrid
201289bm
201289R
20128970gabo11
201289505601
201289!?
201288esparragoz
2012887
2012883
201287akpo
20128743231i
201286kgg
201286aa
201286556y
20128600
201285bintang
20128508
20128459
20128416
20128381
2012833rw
2012830
201282wright
201282heber
201281danger
201281290701
20128126caracas
2012811220
201280?
20127r
2012793
20127884
201277kj
201277bogi
201276ss
201275j
20127538
20127486
2012745689
20127283
2012720127
20127173
20127082
201270251251000
20127014jo
20127011723407
201269ste
20126969
20126911
201267rastus
2012666
20126526
2012632532
20126293
2012622
201260850341797
20126031
20126016
2012597
20125906
20125854
20125819
201258
20125783
201256xy
201256621379110
2012562qaz
20125537
201255011
2012542194
2012538
2012536
2012532
20125308
2012529952
2012527
2012525
20125219
20125200
2012517
20125130
20125096
2012508
201250.-
20124life
2012489
2012480
20124694
2012465
20124618
20124585
2012435667
201243039
20124216
201241999
20124170
201240n
2012407941
20124054
2012402
20124006490050
201239J
20123962260791
20123940mikkel
2012393
2012388
20123841
2012369633201258523.
20123668686
2012364
2012362
2012359cb
2012354792
2012351
2012346
20123456789
20123344
201232lg
20123276
20123245
20123208
20123183
2012311710
201231062
2012306
20123041
2012302pn
20122crunk
20122951
20122907
20122903
201228w
201228815
20122853
20122790
201227045mm
2012261a
2012259
20122546
20122535333
20122524
20122516
20122512
20122507
201224821
20122404
2012237704
2012234
20122307
2012223j
20122212
2012220
201221g
20122105
20122101
201220707
2012203
20122016
201220089
20122005820640
20122001916194
20121kyr
201219tls
20121995r
20121995123456
20121993j
