41542512
41542392727
4154230
4154218
4154211h
41541928
415417622
4154168
415416
415415k
415415413
4154144
4154136915
41541252
415411n
4154110
41541
41540815
4154065
4154057
4154050
415404izan
41540344m
4154023
415402
4153nong
4153loki
4153cedar
415399
415398
41539707
4153965396
415393y
4153931
4153929
41539124
41539
415389
415385s
4153854
4153844
4153833laloca
415383
4153814
4153786234
415374697
415371
4153689988
4153668
4153656
4153644
4153615
4153612
415356
4153555
41535455
41535406
415353
41535226
4153509
415350
4153495
4153485
4153452
415345
41534152
41534052yo
415340
41533909
4153378546
41533705
4153363
415335
415334433
4153325
41533083
4153295
415327m
415327
415326
415325
41532114
41532009
415320
4153177
4153162
415315
4153143
415313
415312
415311
41531
4153093
4153075
4153053
415303
415302690
415302395
4153021
4153007d
41530.
4152sexy
4152mi
4152living
4152jc
4152SEXY
4152998
415298
415296345
4152959
4152955
4152928
4152911
41528983
41528835197
4152869
41528605
4152854ikumi
415284
415283755
4152816
41527a
415279563
41527932monica
415279036
415278910
415278
415277038
415276
4152744
41527292
415272
41527
4152693
4152676
4152656861
4152641526
415263v
415263meandrampage
415263dd
415263ao
415263a
415263A
4152639870
4152637896
41526378
4152635241
415263415263
4152634
41526325
4152632
4152630k
4152630789
4152611500
415260
415258a
415258
4152561
4152558
41525422
415254
4152532
415253
4152525
4152523
415251704
415251526362
41524942
415248561900
4152473
4152466
415246001
4152436
4152420
4152418
4152412542125
415241
4152393
4152383
41523779
415236js
4152369
41523637
4152357
415235
41523443
4152342
4152323
415231861
4152310405833857
4152310205872352
415231
4152307
4152300
41522900
41522884poo
4152283j
4152276
4152272365
415226ja
4152246
41522416
415222729
41522105
4152200
41521930
415216dmc0746
4152163
415215love
4152151
415214
41521297
41521289
415212
4152101
4152090
415207
41520651
4152055204
41520284152028
415202124
41520125
415200ANA
41520078
4152006ab
4152004b
4152003s
4152002
4151sr
4151rvh
4151lowe
4151lock
4151cat
4151998k
4151989p
4151989
4151982
415197651
4151971d
4151970
4151960
41519567
415192401
4151911
41519
41518894
4151881
4151867
41518602
41518354
415183
4151822
4151815
4151801
41517887
41517457
41517379
415173
41516l
41516829
4151659
4151651
415162342j
4151623
4151617181
4151613121
4151611
4151595
41515839b
4151571
41515619776
4151559
41515510010014
4151545
4151528
41515244z
4151519
4151511
4151507
41515
4151498
415148373422
41514802
415146
41514563563
4151452223
415144don
415142911200
41514209101986
41514141522114
41514029
41513918
4151390
4151370
41513623
41513597
4151351
415134A
41513384
41513207
4151316
4151312JKL
41513075lesly
41513019004
415129
415127
4151260
4151254
4151246
4151244
4151236
4151227
4151220
41512190
4151212
41512102
41512017
4151193827
4151180
41511721
4151160
4151152057
41511415
4151131
415113
41511268
415112
4151111938
415111042
415111027
41511070
4151101
41510peke
41510e
41510925
41510800
41510644151064
4151059
4151034
41510221
4151017807
4151011887
4151002385
4151000322
415100
4150xx
4150queue
4150chy
41509jnd
41509871
415096
415094280570
41509281
4150902
415088813310
4150855
41508417
4150834
4150820025
4150804
41507kl_cv
41507aelove
4150785cas
41507730
41507421
415073
4150696
4150655
41506420
415063415063
415062
415060
41505aj
415055r
4150557
4150553
4150551
41505312755
415052s
415052
41505
415048
4150451cel
41504233
415041a
4150415
4150411
415040
41503b
4150392
4150372r
4150358
4150350
4150315078
415031
4150300
41502891
4150275
415026p
4150244
41502218
415020828
41501833
4150178
415017
41501656
4150165
415015
41501388wfi
415012529
415011kh
41501111
4150095
4150089
41500842
4150078c
4150068
4150053
4150047pat
415002403
41500143DJ4
415000m
415-909
415
414zarie
414wswzj
414wi30
414vaughan
414tkoking
414tener
414south
414solis
414shawn
414sat4
414rya
414rocks
414reg
414playa
414peat
414ocean
414n4h
414mjuli
414me?
414lilaznboi
414leslie
414keen
414jrboy
414jan20
414jackjjm
414hustle!
414home551
414hardy
414hannum
414gp5623
414er4684
414delin
414cr192
414corey
414cnt
414bus
414bri
414b1k
414ass81
414aine18
414ad1645
414a81
414BRIANNA
4149raeh
4149lgeo
4149hales
41499m
41499955
4149963
4149957
41499528
41499421
4149920
414991445
41499
41498967
414989
414988
4149876
41498686
41498570pre
4149834
41498272
4149821
41498164
4149804504322954
41497939
4149734
4149720
4149677
4149666
414966
4149640
41496150
41496027wa
41495r
41495f
41495aa
4149592396
41495837
41495636
4149535
41495059
41495
41494me
4149498
414948
41494758
4149464
41494565
4149443
414944
41494252t
41494178
41494148
4149404
41493h
414937
4149362
4149341
4149333
4149315
4149304
41492JG
414929nick
41492829
4149271
414925msb
41492537
4149236
4149228d
414922320
41492169
414920
41491lou
41491990r
4149197
41491610
4149151
41491246
414912068
41490a
41490969
4149078
4149070
41490475
4149031
41490079
4149004
4149
4148niou4148
41489baby
414899
41489811b
4148969978
41489677
414896304
41489565
4148930
4148919
4148904
41488me
414888
41488729
4148858
4148844
4148835
4148826
4148816
41488059
41487mm
4148778
414876a
414875
4148733
41486cap
414869122
4148661
41486499
414864
4148618
4148594
414859
414857j
4148569
41485623
4148548
414854.
4148515
41484sj
41484A
414849
4148478
41484449
414843
4148418
41484
4148392
41483777
4148353
4148341
41483299
41483102
4148290
4148284
4148266
414825
4148243
4148237jj
414822
41482087
41481973
4148193
414817
4148165
4148155
4148134
4148120
4148117
4148101
41480t
41480868
414807
4148055
4147q
4147jasmin
4147glace
4147ea
41479790
414796
41479569
4147941
4147932
414792141489136021477
4147900084
41478963
414788
414787
4147867
4147852369
4147836
414782
41478121
414780romel
41477b
414779
4147782
414777
414776
4147753
4147746
4147741477
4147736
414772
414770
41476lovely
414768
41476699
414765
41476437
41475erin
41475894v,j
414758
414757217
4147569
414756451
414754140s
41475335
414751554
4147505e
414749070
41474776
414745
4147439
414743
4147416big
414740
414737
4147357
41473263
414731189
414730150005
41472875pp
4147254
41472123
4147206
41472
41471988
41471947
4147178
414716509
414716
414714936salem
414713490
4147118
4147116
414710861m
41471041
41470800790geber
4147075
4147020
414700
4146nick
4146kk
4146hv
4146caleb
414699682always
4146975
4146965
414696237
41469498
414693556
414691403
414691
414690244
4146881
414687
414686
414684b
414683
414682
414678ar
414678
4146765829
414676
4146753
414672607
41467224
414671739
414670
41466846
4146654
4146646
414663
41466111033
414660
41465929
414657ka
4146572
414656
4146547
414653
414652312
414651118
41465014
41464979
4146484k
4146478
414647
4146447alex
41464383
414642tew
41464183
414641
4146393
4146392219
414637695
414636148
4146337
414633
4146326
414631
414630363
414628
414626206107
4146258
414625251145
41462425
4146230
414622
414620
41461849
414617681
4146174
414616568
41461530
4146143boo
414613653
4146109
41461
4146090
41460739
414606
41460486
41460319
414602k
4146014
414601
41460030
4146
4145jehred
4145call
414599
414597821*
4145970
414594020
4145933
4145926
414592353
414591121
4145897
414589
4145883
414588
4145866
4145860
4145852
4145821312313
4145813
414580xx
4145799
41457724
41457682
4145758
414575
414574431
4145736
41457232
4145717
414570
4145689
4145678
41456720
414566
4145642
4145623
414561
414560
41455902
414558807
414556648
414554836
4145530
4145523
4145521
414551193
414550
41454993211414
41454879
41454744
414547
4145430s&b
414541jv
4145414s
41454123456
414540
414539298
414536833
4145354963
4145331
414532761
4145304
4145301549
41453
4145293
4145287
414527
4145250
4145249
41452308
41452127
41452033
41451e
414519
4145183
4145175
4145167
414516
41451561
414515
414513
414511e
4145107
41451029
414509
4145074
41450573
4145052
4145044
41450307
4145028
414502
41450144
4145!
4144palm
4144brito
4144agnes
414499
414498368
4144979
414497011
414496
414495
4144933
414492611
4144914326
414491110
414490
41448b
414489
4144884
4144876
4144860
414485.2010
414483
4144805
41447851
414477682
414477
4144762
4144757
41447536
41447412
414472b
414472
4144710
41446M
4144670
41446495
4144629
414457469
414456
4144545
414454154
4144539320g!
41445299
4144522
414452097
414451s
4144514
414451092
41445093
41445022liz
414450
4144496
4144485
4144468
414446278
4144461
41444591
414443
4144410
41443763
414434412673
41443305
4144288216
41442843124416
414428/
4144271
414424zx
414424
4144232
414422oc
4144217
4144205
41441986
41441912mirla
41441762854
414414AD
4144141
414410713
4144101966
4144090
41440623
4144046
4144027
4144017
4143ra
4143gdc---987859
4143989
4143981
4143977295
414396481
414394212
4143927
4143906
41438asa
41438883
4143882
414386563
41438575
414383
41438129
41438075
41437hd1
4143796
4143778
4143771441
4143767
4143758
4143744
41437370
4143720
41437073
41436944
41436767x
414366
4143646
414361t
414361
4143606
4143601
41435955
414357121
4143561
4143545995
41435333
4143511217
414349
4143483
414347
414345414345
4143445
41434407t
41434343
414343145
4143416
41434000
414339
41433873
4143376
414337128
41433470
4143337
414333031
414332107
41433122
414331
41433022
4143294
414329091
414329
41432886
414328
41432741
41432682
414326
4143256970
4143249
4143242
4143233
414322
414320pp
41431h
414319
414317019
414316027
414315039
4143150001
414313x181611x
4143126w
4143123
414312
4143114
4143110
41430yo
41430903
41430756
4143060
414305-7
4143047
4143030021
414302114
4143010
4143007
41430041
4143
4142gs
4142LIBRA
41429k
41429866
414298
4142969
41429500
41429375
414293
4142920547
41429109
414289
4142882
41428616
4142850
4142841278
41428202
41428166
4142803
41427889n
4142780039
4142775
4142754
41427494
4142741
4142739520
4142715
41427
41426ma
41426822
41426728
41426506
4142647
4142641029
41426364
4142623041426230
41426
414257547
414256
4142548
4142533
41425275
4142518
414250lo
414250
414249125
41424732
414247005
41424649413
41424560
41424553
414245410
4142448
4142443
414244079
414243mukamae@
414243444546474849
414243444
414243118
414243023
41424142b
414241
4142401
41423polo
414239975332119
4142373
41423621
414235kisses
4142357
4142354ily
41423532
41423345715
4142320606
4142318
41423128374142312704
4142310342
4142303
4142300035
4142289550
4142270053
4142263899
4142261829
41422600
414225129
414225
4142244025
4142229602
41422154
41422102
41421993
4142197
4142192720
414216237
41421599
4142148
41421413
41421356256806692
414213414
4142129
41421175
41421123
4142106551022
4142101
41421
414208
414204
4142024
414202
414201
4142009
4142007mnm
41420060
4142005363
4142003
41420008
4142(*)jayden
4141tj
4141south
4141mc
4141janna
4141dana
4141br
4141adri
4141aa
4141@TATA
41419990
4141997QUE
4141996ktw12
4141992as
4141989lilred
4141988a
4141984
4141982n
4141977
4141969
4141962
4141954
4141939
414193
4141921
4141912
414191
4141906
414189135
414188009
414187010
414186
414183
41418233m
414182
4141802
41417979
41417929
414179
4141780
4141771
41417676
4141758l
41417521486
4141726
414172
41417141
41416dn
41416969
4141678
414166004
41416451
4141625
414162
41416143
414161
4141599
4141584
414157
41415627
414155441419
414154378
414153
4141524
4141520
414150853
41415032
4141498
41414872
4141478
414147018
414146
414144114
414144014
414143116
4141422
414141d
41414155
414141414141414
414141414
41414130
4141412
41414011
414140019
41413901
414138
41413669
41413554
4141349
4141336
414133
41413223
41413191
41413
414129
414127ch
4141275
41412705
4141258
41412370
4141235
41412187
414120405
414120
41411lilg
41411851
4141169
414115dg
4141155
41411411onlyone
41411245
4141117
41411055
41410912si
41410838
4141079
4141065
414105
414104141
4141040014
41410325
41410315
414102wm
41410267
4141023069
414102139f
414102107
414102011
41410165
41410120013
41410117
41410111
41410084
41410036
4140xw5jjj
4140fm
4140bobo
4140a
414099M
4140970
414096535671
4140944
41409100
4140876
4140848414
414082mm
4140812
41408020
41408
4140796683
4140786phone
4140756
4140748
41407310
414071aa
4140695
414067sd
414067
4140652
41406380
414063
41406030
41405mh
41405ayo
41405764
4140563
4140550c
4140549
41405451
414054
4140531
4140525
41405
4140487
41404758
414047
41404647
4140453
41404414
4140441
414042536
41404140c
414041
41404024860
4140387
414036
41403529
41403430
41403358s
41403276
4140306
414028
4140269
414025
4140236
4140222
414021
41402
414019
41401852
41401842
4140179
414016x
4140162100
41401509
41401361
4140126
4140119
414011
41401
414009
414008
4140077
4140074a
414006
414004660
4140030
4140020
41400174140017
414001
4140000
414-0555
414&2814
413xxr
413x8g
413x07
413workplace
413wedge
413tricia
413tine
413terry
413surfer
413summer
413snr
413sis
413saintja
413phil
413nikki
413nana
413myself
413mycolby
413mom
413mike
413mbla
413manaig
413lorena
413landon
413kjjump
413kareem
413juliet
413jlr76
413jim
413j4ndr4413
413irok413
413ike
413gti
413gangsta
413fot
413ecram
413dac
413click
413bloodz
413bitch
413anl413
413ak4ev
413NAYELI_ROCK
413LuNaRo413
413JESSICA
4139oc
4139dw
4139ac
413999sa
4139956
4139916
413990
41398877
4139883
4139852j
413981612
413981
41397sz
4139794
4139791
4139761
413975291
4139714
41396ty
4139680
41396506
4139650
4139632
4139627
4139624
4139613
41396
41395Malik
41395943
4139567
413955
413952413952
4139519
41394aa
4139488
4139465
413946
4139442
41394208
413941
413940
41393dx
41393a
413939
4139373
41392k
4139297
413927
4139255
413925
413922
41391anl
4139192
4139166
413915716
413913
4139102
413909
413907
413905
41390291
413900x
413900431
4138silver
4138mevbyjosue
4138ccd
4138AWS
41389s
4138983
41389446
413894154
413893b
41389265
4138918
413890923tea
4138891
413887841
413885
413880
41387irene
4138780
41387721
4138754
4138743
4138722
4138712m
41386961
413868
413867
41386581
4138637
41386169
413861
41386
4138591
413857m
413854983
41385430
413851386
4138509
4138500tt
4138492
4138451
41384196
413840
41383add
41383733
4138354
413833
413832
4138310
41383/39664
41382974
4138252425
413824
4138214
41381922
413818
4138146
413811
41380h
41380817
4138055415
4138046
413800cool
41380
4137strike6312
4137KasidiEvP
4137951
41379463715800
4137916
4137896321
413789
4137878
4137842
413784
4137824
4137811
4137798
4137781
413777
413772507
41377013
41376dog
41376712
4137656
413763
4137599
413757930
413756t
413755
413753849n
413751
4137492
4137465
4137463150
4137449faz
413744041
41374348
413743079
4137421
413741
413740
413739486
413738-9
4137373
4137354
4137345
41373309
4137288
4137272
41372611
413725
4137229af
413722
4137200
41371a
4137186
4137181
4137165
413716
413715018
4137142514
413713035
413711679
41370t
41370X
4137075
413705beth
4137029
413702
4137000
4136ss
4136nj
4136me
4136ja
41369yo
413699068
413698ab
4136983
4136970
41369478
41369420
4136939724
413693134
413692330
41369050
41369
4136897
413688
41368716
413685
41368427
413683
4136822
413681
413679602
4136791
4136782
4136768
4136753
4136748
4136739003
4136739
413673
413672333b
413671823
4136707
4136702
413669
4136669
4136655
4136631
4136625
41366123
41365923
413659
413657802
413657
413656046
4136549
4136543
4136531133
413652909
413651
4136504
4136498
4136481.le
4136457
41364267
413641
413638857
413637883
4136355147
41363472
41363421
413631967
4136318
4136285
413627
41362612
413624719
4136239
4136226
41362136
4136202
41361951
413618727
413617407k
4136171
413615922g
413615
413614
4136132
41361284
413612379
4136114
4136111l
4136102
41360926
413609
41360611
413606
4136042
4136034
4136017
41360000
4136
4135linn
4135jeep
4135dec
41359ajp
413599
4135979
413596
4135943
413594
413592255
413591as
413590
41358971
413588s423
4135879
41358614
4135858
413585
4135831
4135822
413581
413578709
413577
413575
413572
413571241
4135709
413570
4135684933
41356793
41356547
41356365
413562
4135594
4135578531
4135568
413556
4135543
4135526431652
413551jd
4135514
4135484
4135449
41354166J
413541
4135405
4135396
4135368
4135336
413533
413531310139
4135303675
41352jal
41352928
41352778
413527626
4135261
41352583Koki
4135236
41352154
413520743
413520039
413520
413519125
4135175304
413516
4135140
413512512
413511601g
413511187
413510592db
41351011
41350l
4135069
41350465parati
4135027
413501152
4134smile
4134leakeave
41349827
413496268
41349121311231
41349074
413488749
413488
4134859
413483
413481
4134804
41347960
4134770
4134756393616806
41347447801320
4134723f
4134695
4134664
4134641
413462
413461
41346020
413459803
413458773bb
41345820
41345709
4134559
413454363
413453976
4134528
413451560
413450
413443
413438971
41343718
41343323
413432
41343080
4134305
4134292
4134274
41342577
4134252
413425
41342428
413422100
41341cb
4134160
4134152
4134134
4134132
413412587
413412
41341165
413411
41341054
4134093
41340441
4134012
413400845525761
4134004
41340
4133y
4133js
4133eis
41339900
4133979
413397519
413397
413395
413393235
4133928
413390896
41338927677177EC
413389
4133880
413387
4133860
4133852
4133828
41338088
4133805
4133790
41337368
413370RAisis
41336974
413368
4133670
4133640
4133637
413362
413358
413357
41335613
4133557
4133545hey
41335288
413351
4133503
4133493
41334856
413345e
4133433
413342
413339593
413337106
4133351
41333333
41333212
41333
4133295
4133290
41332825
413326
413323
4133221
413321
4133202
413319735
4133180084
41331727
4133154
413315210
4133139
4133132
4133127
41331208
4133112
413310335
4133069871
4133042c
41330333
413303
4133019723
413300
4132yra
4132qw
4132par
4132marie4132
4132king
4132es
4132cvj
4132cc
4132998
4132974451S
413296
4132955
4132939
4132925
41328C
4132870
413286
4132841
4132827
41328133
41328061
4132796
413279
413278
4132768147258369
41327363
4132733
4132723
413272135
41327185
4132686s
413267
413266069912988e
4132638
4132630
4132600
41325964
4132592
413258
41325616070170
4132554
413255032
4132545SMM
41325353
4132530
413251123
413251
413248w
41324743
4132465
413244349503
413243
413242130
4132407
4132397
4132392
41323764
4132348
4132339
4132325230
4132314
4132310
413230
413229
4132274137
4132269
4132256
4132252
4132246
4132243
4132231l
4132220632
413221197
4132206
4132204
41322
413219269
41321694
413216
4132152
41321423
413213v
413213
4132129
4132124
4132100
4132092a
4132086523
4132075
4132060086
413206
4132054943
4132040083
41320280
4132020003
4132015
4132011n
41320094
413200500
4132001j
4131xx
4131kg
4131darsh143
4131as
4131al2
4131999
4131996miguel
4131992
41319892
4131985
4131981
4131974
4131972
4131968
4131963
4131960
4131939..
41319336
413191
4131902c
413190
413188
4131863
413185
4131839
4131816
41318
413177
41317629
4131761
4131753m
41317312
4131722
41317066
41317
4131672
41316545
4131644
4131621
413161
413160
41315a
413159
4131586
4131578
413153816b
4131529m
413152
4131516
4131508
41314rchick
413149
4131482
4131463
413144
413143
41314131brn
4131410
4131407995V
41314022
41313941
413138839
413138
413136angel_of_injury
413136
413133
41313041
41312q
41312681
413125sam
4131245
4131240
413122531
413122
4131212
4131206
41312037
413120
41311990
4131175
413115
4131142
4131139
4131138
4131132
413113
41311276
413112
4131111
41311069
41311026
4131096613
4131090082
41310897
41310834
41310577
4131047
4131044_NOOCREAM
41310410
4131040
41310346
413103
41310222
413102
4131018589
41310121
41310071
41310065
4131001
4131
4130st
4130peo
4130mike
4130jenn
4130dad4130
4130Kjm.
4130986a
413096024
413095pc
41309528
4130943
413093
413091
413089ksm
413086
41308428
4130831
4130814
41307anv
4130794013
4130747
413073
41306seav
41306654
4130650
4130648921
41306345
4130604
4130600006532
4130586220033
4130574
413055a
4130523
41305021
4130492
4130489
413048
41304609
413045906b
4130444014669
413041
4130404050
41304
4130399
4130357
413035
4130343
4130327
413032
4130308
4130293
4130252
41302435
4130227
41302226
4130219
41302024
41302
41301999
4130189
41301730
413016
41301484313
4130143
413013140
41301221
41301201
41300991
4130074b
413007
41300384
41300314
4130026641300266
413000d
412ying
412xhv7n
412west
412use
412tink
412th4
412short
412rlc
412purple
412pittsburgh
412pepe
412paula
412ok
412nct
412myr3025
412mrt
412mjlly
412mine412
412mikala
412meg3067
412maj612
412luv
412larryho
412ktalina
412kaley
412jay
412hicks!
412hammy
412gen
412fcs
412eternally
412elvira
412eastst
412dtc
412destdest
412dad
412d1
412crew
412crazy
412code
412clark
412cgld
412cab
412breathe
412blackie
412alpine
412aaos
412a21
412_47_3061
412WMaple
412RUles
412GYJ
412APPLEZ
4129tiff
4129g0KEk
4129bncr
4129BURLY
412999
412998
4129957
412995
4129922
412992
4129910151
41298chicko
412989
412988
4129846
4129836
412981
4129806
41298
41297forever
41297991
412979
412977c
412977059
412974
4129722
4129710gnc
4129706
41296cam
4129698AA
4129695345
4129673deb
4129662auditionrocks
412964129641296
4129637
4129627
41296
4129592
41295789
4129572
41295480
41294padilla08
4129498
41294797
4129474
41294630
4129451
41294299
41294091
41293s
41293ad
41293947134358fr
41293818
4129367
4129354
4129311003
41292sfh
41292lala
412929
412928
4129268
412924
41292310
4129227kaloabc
412920d
41291rrj
41291lbh
41291994
412919
412918
4129171230
4129166k
4129152
4129147
412913
412912667m
4129115
4129108
4129102687
41290sq
41290mp
41290kjc
41290c
412909
4129081324061982
4129064
412906
4129052415263748596
4129043089
4129016
4129
4128pink
4128lg
4128cb
4128_oldey
41289omar
41289mc
41289c
4128991
4128970687
4128969
412896547
4128956
4128936
412892412892
4128921
412892
4128917
41289034
41288p
4128887
412887890
41288644
4128860
4128859
4128843
4128838
4128827n
412882
4128818441
4128804
41287faa
41287912
412877
4128755
4128753
41287386
412873
4128711
41287069
41286aku
412867
4128657
4128652
4128626
4128622
41286123
41285omarion
4128591
412856055
412856
4128559
4128524
412852
4128512345
412851
41285008
412850
41284865732
412848
41284364
41284293
41284128me
41283962
412836
4128335
412833
4128317
412831
41283*
4128297
4128288
4128281
4128270
4128264
41282533
41282504
4128238912
41282152
41281984
4128191
4128186
4128161213
41281536
412815
41281426
412812
4128112
41281025
41281007
412809
412807
412806
41280401
4128029ljk
4128008
41280001
4127tai
4127el#
4127comingclean
41279april
41279968
41279918
4127978
41279637
4127953
41279424
412791
41279010
41279
41278907
4127879
4127864
4127856
4127838
4127829t
4127815
41278
4127783
4127744
412774
4127728
41277116
4127710
4127690
412768aps
4127677
4127652
4127645
41276300
412760
412759835sexy
4127583752
41275565
412751765
412751420
41275128
41275040
4127487082
412746268
412742
4127415
412739
41273848
412736
41273421
412733134
41273272
4127317
4127312
4127297
4127291
412728
41272696
41272634
41272568
41272350
4127224
412720251920
41272
41271826
412717
4127162eow
4127158
41271461
4127134928
41271144
41271094
41271
4127089867
4127072
4127066
4127057
412705041
4127045784
41270363
412702357175
4127010
412700
4127
4126sams
4126nz
4126l1
4126drag
4126997
412699
412697537
4126952
412694431
41269406
41269337
41269309809
412692685
41269116
4126886
412686
4126851
41268307
4126819
4126803
412679739
4126782
412677552
4126770
4126749
4126737
412673282
4126721021
412670
4126650
4126644
41266214
4126602
412660
4126596450922
41265952
412658485
4126573
412656513
412654188
4126538
412653049a
4126525
4126517568
4126516881
41264t
412649
4126486
4126471
4126463
4126451
4126445
41264126kiss
412641
41264
4126397
412638oo4
4126385eray
41263798
412637359
4126363
412635272a
412634938
4126342
4126333
4126329
412632
41263114
41263
4126280481
4126268
412625
4126244tp
412624
412623
4126214
41262117
41262023
41262001
41261986
412618542
412618008
4126171
4126164
41261629
41261594
412614529
41261371
412612A
41261273
412611522
4126110
4126109
412609
41260811
4126070
412605bebe
41260512
4126030
4126001pogi
4125notsob
4125lucy
4125jacg
4125gt
4125dog
4125baby
4125V
4125Hilton
412599705
412599458
4125987
412595287
4125948
4125942
4125937294
4125933
4125932549
4125915
412590734
41259038
41258uancho-
412589637
4125890mae
412587
4125852
412584
4125830
412581
41258003
4125789asa
4125789635
41257758
4125763
4125753
4125735
4125725
4125718654
4125718342
412570
4125696
41256726
412565r
4125653
41256412564
412563008
41256214
412558e
412557
4125567
41255550
41255481
412553915
41255238
4125521
412551f
41255121
412551
41255011
412550
412549
412547
412546
412545214
412543
41254258
41254220
4125416
412540glass
4125401
41253Cnp
412538583
412538181
41253796
4125370
412536987
41253669
412536350
412536
41253547
4125346
412533356
41253263
4125322
412531
412529875
41252832
4125264
412525873
4125253
4125230
412522190
41252054
4125191
412518669
412517
41251615
4125157
412514959
4125142
412514
4125129
412512612
412512
4125104
41251026
41250klang
412509
41250632
4125041250
412503789
412503
412502
4125019
41250029164991
4124ya
4124sj
4124oh
4124na
4124liz
4124fair
4124cleo
4124bb
4124ab
41249856
412497
412496594
412493
412492
41249082e
4124886
412488
4124868
412486
412485
412483
412482
412480ad
4124801
41247z
4124793
412478644
412478
4124777
412475596
41247474
412474
4124723
412472
412470
4124697songnim
4124684
41246543
4124646
412462
4124618c
412461
41246
412459653
412458046
4124579
4124567
4124557
41245478
41245407
412452m
4124523
41245005
412447
4124466
412446
412445687654211241
41244214
41244070
4124402
41243836
4124376
412436`
4124367
41243631
412433511
4124327
4124309
4124307aa
4124295157aa
412429013
4124275
41242703
4124268
412426
41242532
4124241242
412423*
4124229945
412422018
412421KS
41242124
41242035
41242002
41241JE
4124191
412418a.
4124189
4124186
41241800
412416468g
4124154
4124151
41241415
41241299
4124124
412411137103a
4124078
412405b
4124047
412403456
4124031857
4124030
4124023456
412401
41240
4123smd
4123robert
4123nui
4123ls3ndu
4123licha
4123fon
4123fetockzz
4123emma
4123a6
4123984600
412397esw
412397
412394472
4123937
412391179
4123904
4123892181
4123886J
4123853
4123845896
4123842
412383470
4123810
41238
41237894
4123774347
412377233
4123721
4123718
412370
41236say
412369a
41236987l
412369875
412369857
41236895784
4123672
4123669
41236589
41236578
4123654
41236513
41236477
4123639
41236321
4123614
4123605
41236000359751
4123586
412357jcll
4123569
412356789
41235571
41235557
41235505
41235461
412352hrs
41235123
4123507
412350415
41234892
4123475
4123469
41234589
4123452
41234418
4123435
41234245
4123413
412341236
41234123012
412341
41234
412339love
4123376
4123365
41233511
4123349
412333
41233214a
412332
4123312
4123299
41232704
412326741
4123267
4123250025999
4123245441
4123225
4123215
412321
41232001benson
412319999
4123192522
412319
4123185
412317
412315
41231316
41231269
4123120
4123115
412310
41230Tootsie!1
4123090r
412309
412307
4123062
4123048
4123032v
412302
412301
4122rnpiglet
4122@1749
4122997769
4122995
412299
4122966
4122961607q
412293654789
41229229
4122919
41229141
412291
412290
41228945
4122869
4122855
412283
412282
4122816
41228032
4122791710
4122783_595
4122776
412276052
412274A
4122731
412271
41227
41226716
412265972930
4122655
4122641
412264013
4122626
412262
4122607
41226
4122589
412258
4122575
4122551
4122549
41225415
4122538
41225352
4122530db
4122527
4122526
41225231
412251x
4122508910
4122503
41224dmx
41224845
412247240
4122465
412246
4122443336
4122423
4122415
4122405
4122401
4122391
4122379
412235-8
4122339
41223344
4122329
4122313
41223045
41222mike
412229
412227
412225so
412225412225
412225
412223
4122218
4122211
4122193
412219
41221811
41221684
41221623
41221569
41221459
41221356
41221081
41221
4122099
41220799
4122065
41220575
4122048
4122041
412203
4122012712
4122010283
4122010222
4122010108
41220032
41220000
4121xx
4121penn
4121majod889911
4121keren
4121hk
4121fin
4121ef
4121cjr
4121bhcu
4121True
4121999
4121994hlebor
41219936
4121991mariita
4121990tb4epvt
41219900c
4121986lyst
41219831983
412198
4121977
4121976
4121971
412197
4121967
4121962EMMA
412196
4121957
4121943
412192
412191
41219059
4121897
4121894
4121886j
4121864
4121844
4121839
412183
4121825
41218144
4121812
41218011
41217887
4121779
4121775194
4121769
41217508
4121740
412173045
4121712174
4121689
412168
412167
4121652
41216416
4121627
4121622
41216133
412160247
41215a
4121592
41215908
4121583
412158
4121565196
4121560tony
412155
4121536
4121523144281621
4121521
412152
412151836
41215132
41215112539
412151
412150
41214j8889m
412148
4121475
4121469
4121464
412144hi5
412143conor
412142616112
4121424
412142011
412141619
4121412k
41214117
412141
4121390
4121370s
41213621
412135b
4121347
41213389
4121331032
4121330c
4121327
4121316f
412131213
4121307
412130133
41212pk
4121295
4121277
4121266
412126
41212531651
412125151
412125
4121241212
412124001518
4121238
4121222
412122022
41212141a
4121210
4121207
4121205
41211=
4121195
412118
4121174
4121155
41211475
412113412113
4121125
41211228199445976
4121116
4121112
41211028
412110
41210964
4121092cw
41210907
41210865
4121081097
412108
4121070115
412106911
41210666
41210652
41210613
4121060039
412105610
4121052845
4121050433
4121050070
4121050043
4121050023
4121050020
41210496918
41210475
41210459
4121041210
4121040430
4121040065
412103456
41210343
41210327
4121031990
412103102020
4121030047
41210249
41210238
41210149
4121010363
4121010069
4121010010
4121005721
4121003
41210026007223
4121-c
4120puppy
4120opqq
4120lexington
4120buch
4120Scania
41209d.m.
41209912
412099
412098
4120967a
41209465q
4120936
4120909
41209
41208jkm
4120860
4120852
41208436
41208432
4120835
4120833
412083
412082
412081
41207bs
41207537
41207467
41207409
4120727861
4120710
4120708
41206k
4120696
41206784
412066
412065
41206448
41206403
41206317
412062gedik
412061587
41205TEAMO
4120597
4120576
412057
41205671
4120548
4120547
4120544
41205324120532
4120528
4120518
4120512
41205030
4120498
4120488
41204643
4120457
4120433
4120412
412040
4120399
4120356
4120348a
4120341755
4120340155
412033678122559
4120315
4120297c
41202755
4120269
4120251
4120247
412023
4120222
4120213
412021
4120198
41201689
4120166
4120159
4120153185
41201453
41201414
41201384622135
4120131
41201241
412012
4120110176
41200940
412009
41200742
4120061
4120057
4120052
41200502
412004
4120036
4120030
412002j
4120027
41200222
4120020
4120013
412001031
4120006
412000213
412/3w4dream
412-8872
412+05-84506
411x12
411wkj
411wadley
411vm
411trevor
411tobeyoung@hart
411tinale
411tayy
411sky
411short
411sai364
411risk2
411rex
411ramona
411puppy
411pso
411pkcfr
411ph729
411palestine
411onfo
411now
411nala
411miriam
411mike
411mcr
411lpk
411loly928
411lafayette
411kustoms
411kitty
411kevin..
411jose
411jess
411isgreat
411imhot
411hottie
411hesoFINE
411helpme
411green
411geiser519
411frog
411eug
411ejdmwc
411dyd35y
411drd
411doujiao
411ddd
411dam
411dad
411cristiano
411cpt611
411chum
411carmen
411cake
411c1498
411brandon
411booty
411bazamonkey
411babygurlfire
411ava05
411ash86
411asdf
411alixzae
411akp
411acs
411VAOZI
411Pleasure2
411JOJO
411ELVIS
411BANANNA
4119xavier8406
4119red
4119dc
4119994
411995manago
411994IT
411992e
4119923
411990417
41198kf
4119881
411987r
41198633
411985good
4119850
4119849
41198109
411978
41197666
4119718
41197124
41196mandy
41196as7800
411967245
41196666
4119659655
4119654
411965
4119641196
411962
41196076
41195nena
41195lariza
41195j
411958
41195662
411954
4119522
411951
41194d
411949
4119471
41194543
411943
411942
41194119
41193jmn
41193Msh
411938C
41193546
411932411932
4119312
41192y3692
41192J
411927
411926
411925
41192374
411921bk
41192080
41192031
41191j
4119198
41191843
4119159357
41191406
4119134187
411912877
41191236
411911sk8
4119114
41190s
41190faz
411907111971
411906
411905
41190447
411904
4119021
4119010
4118tara
4118jfk
4118fabiru
4118_
4118MatDan66
41189bf
41189968
4118934
41189061
41188913
411885
41188271
41188216251281
411881
41187r
41187ag
41187844110
411876
41187420
4118725649
4118717
41187068
41186913
41186728298
4118662
4118639
4118611
4118604p
4118600
41186
41185pablo
411858
41185495pc
411853
411852
411850
411849a
411849
4118473
411846
4118418
411841
411840
41183j
411837204
411836
41183165
41183101
411830
41182ayu
41182612
4118251
41182469
4118226300
41182242
41182040
41181s
411818
41181498741
41181451212
411813
41181278
411811828
41180b
41180805
41180744
41180307
411800j
4117yang
4117vn87
4117se2009
4117mj12
4117mazda
4117gs
4117erie
4117cruzazul
4117995
41179891
411796452
41179377
411792
4117911
4117900
41179
41178707
41178601984
41178433
41178210
41178176
41178123
411781102
411781001
41177thave
41177745
41177505806267
411772756
411772064
4117713
41176flh
41176anh
411768
4117676
411765350
4117643
411759995jh
41175825
411753140
4117529
41175
4117475
411745114
4117444127
41174264d
41174031
41174
411738128
411736
41173357
411731815
411731495
411730638
4117291
411728
4117250
411723300
411721
4117192s
41171734
4117171867
411717
411716915
411716285
4117135
41171321
411713
41171193
411711161
41171028
41171023
4117091td
411706
411704212
41170121015213234792
4116valdrez4116
4116sun
4116richmond
4116nara
4116kelsey
4116fort
4116dan
4116abc
4116JU
41169911
411698325
4116981
411697453
411697
411695803
411694805
4116930
411691-0
411690
41168l
411688
4116861
41168218
41168166
411679886
4116795
4116784
41167798
41167682
4116767
411676378
41167485077
411674039
411672988
411672033
411671901
4116712
411670454a
41167015
41167
411668
411666
411662m
4116624
41166
41165l
4116580
411656883
41165596
411654870
411654828
411653
4116511
4116510
4116465
41164399
41164260
411640
41163D
411639
4116383525252
411637450
411634142
41163336
4116311
41163
4116297
411627ROJAS
41162721
411625
4116227
41162170
411618561
411616
4116158
4116154
41161485
411614507
411613065
41161200
411611996
4116114103
4116098
4116070
41160436
41160375
41160138
41160000
4116 queen
4115karito
4115bknm
411599718
4115969
411596284
411595aack
411592
4115905
4115888
4115857
411584L
411579890
411578648
411576jw
4115763
4115753
41157493027
411572788
41157117
41157100
41156918
4115689
411567
4115647
41156321
411562
4115610513
4115608
4115606
411559877
411558079
41155733
4115551232
411555
411554373
411553j
411553
41155175
41155114
411550
4115491
4115452
4115439
411541154
411541
4115402
411539286d
41153645
4115359
411534
411531840
411531536200
411531
411530274
411530
4115292
411529
4115278
41152677
411526
4115250
41152473
411523
411522633
4115222
41152116
41152092
4115200
4115198
411517955
411517
4115161
4115153
41151481
411513925
41151328
411513031
411511b
4115118
411511611
4115110
411510764
4115103
41151010
41150938
41150800
4115076
41150713
4115053
411505
41150393
41150371
4115031892
41150223
4115022
41150169
41150129
4115011
41150087
411500732
41150
4114tb
4114r
4114pin
4114nafa
4114mmcv
4114missycat
4114mb
4114korbin
4114jj
4114daan
4114bm
4114alv
4114996
411497
411495121dfci
411494
4114935
4114930
41149251
411491215
41149032
41148gmh
411487
411486024
41148496386309
411483
41148082
411479l
4114787
4114770
4114758
4114744
4114731
411470
41146jj
4114696
411467
4114660
41146525641
4114644
411463145
411463021
411463005
4114626
4114610589
41145j
41145910
41145756
411456789
411456
4114550j
41145412
4114541
411453d
4114525636
41145214856
411450s
4114501
41145
4114488
41144683
411446
4114452
41144444
411444
4114432
4114422
411442
411441l
41144114nyd
4114410501
4114396
411438
4114370
41143683
41143409
41143399
411433
411432
4114316
4114308
411429nguyen
41142944el
411429
41142751
4114254114
411425113
4114247
411423
41142255
411421
411419523
411418924
411418
411417102
4114164
411416
41141522739762
4114146
41141441
4114133
411412q
41141206
411411vm
411411ds
4114115222616
411411444
4114113
411411053RN
41141082
4114101
4114089
411406
411405
41140426
4114011bmmd/b
4114009
4113v3
4113terrace
4113gx
4113c09
4113bam
4113ME
4113982
411397000
41139512
411394817
4113940
411393dp411393dp
4113933
411390562
41138846
4113879
4113817256
4113814159
411379976
4113788
4113773
4113746
4113741137
411372
411369
411364
411361
4113601062536
41135rs
41135997
4113582
41135623
4113548
41135234112577
411352
41135101134
41134653
4113423
411342
4113410
4113395
4113388
41133800
411337
4113351
411332
411331
411328523
4113275
4113267
411326
41132408
41132371
411321j
411320866
4113202116
4113201
4113199
41131749
4113164456
411316081
411312jy
41131234
411311LUZ
4113117
41131056
4113091
41130811
4113074
411306619
411306
4113040
4113032*
4113028
4113025
41130201
4113019
4113009
4113007
411300173658
4112zz59
4112rc
4112love
4112l4n994
4112auranna
411298
41129667
4112958mab.
4112951
4112945
41129290
411291curniod
4112901
41128rosas
411287
41128400karla89
411283820ks
4112815
411280
411279716124
411279156
4112781863
411276902005
411276154
4112754
41127387
411273
4112726
411271496
411268
41126739
4112662
411264
41126265323232
4112624
4112614
411260
41125gap
4112585.
411256431
41125594
4112543
4112538pobby
4112537992534
41125378495
411253513
41125336
411253
41125270
41125253
411252
41125105
41125101
41125015
4112499
411249053
411249043
411249
41124784
411247026
4112456
4112436
4112430
411242CSF
41124137
4112413013
41124
4112376
41123641148
41123528
4112351
4112350
41123456
41123402
4112323
4112308a
4112304
4112299
41122850108
4112270
41122543
41122531
41122513
4112249
4112243
41122341
411223
41122186
41122100
411220545
41122000
4112193
41121889666
41121878
4112173
411217
4112151asdoapiopogi
411213dc
41121315
411212073
4112117
41121124
41121112
41121012
41120bd
411209
41120764
4112065
411206
411205
41120324
41120256
4112020
41120188
41120122
4112011
4112009
4112007
4112005_daniel
41120038
4112002j
411200
4111xd
4111sweety
4111ms
41119954111995
411199494
4111992titi
4111992113
4111988love
4111985z
4111980h
41119733
4111972
4111966
411196
4111957
411195
4111932
4111924
411191046
411190000
41119
41118969
41118773
4111863
4111859
411184
411182
411175home
411172
41117151789
41117146
411170
4111689
41116831
4111676
4111655
4111647
4111638
4111624
4111612gh
41116064
411160
4111594018L
41115733
41115698
4111551
4111549
41115345
41115239
41115181
411151733
4111516
41115154
41115074
411148
41114694
41114501
41114390@6604
411143
41114111
411139045
411139
411136369
411134038
41113315
4111325
41113218
4111311
41112a
411128gade??
41112707
411126
411125hg
4111248
411123
4111223
411122
41112134
41112116
411121
411120820
4111201
41111F
411118k
411116pepe
4111167
411116036
411116
41111494
4111145
4111142
41111351
411113
41111272
41111215
411111026
41111071
4111101107
411110
411108532310sire
41110817465
41110764357
4111069
41110634
4111054343
41110431
4111036225
411103444
411103214
4111021
4111018
41110161
4111012777
411101093
41110104
411100jak40
4111003
4111.4111
4110mike
4110besa
4110apw
4110_ood
41109920
4110981955
411097235
411095
41109315
411091180
41108j
41108amanda
41108923
411088
41108685
41108431
4110828
4110825
411081044
411080
41107jaec
4110774
41107552
411075
411073
411071109
41107087
41106d
4110697
4110684
41106799
4110653
411065
4110643
41106352041106ff
41106345
4110621
411061152
4110610047
41106025
41105bce
4110588
41105768
4110558imm
4110556
41105495
4110543
41105300
411053
411052122
4110512N
411051193
411051160
411051106
411051
41105065
411049taz
41104761
411047416
41104725242000406
411046205
4110450
411043539m
41104103005
41104057
41103920
4110388
411037
41103545
41103490
411033
4110321
4110313cute
411031041
41103102
4110310
41102905
41102710
41102583
411025147
4110249
4110238
4110213988
411021273
411021174laila
411021167
411021146
411021052
411021026
41102079
4110205
41102
41101957
4110188
41101825
411017592
41101664
4110161
4110153163
4110144
4110142328
41101412
411014
41101213
41101181
41101131
411011264
411011204
411011199
411011095
411011034
4110100010743
41100962
4110091
4110085
4110081
41100736
411006816g
4110056
411004pa
4110045
411003s
411003228
4110028
4110024
411001577
41100104
4110010
411000020
411/2m7
411-angelica
411-1014
411&more11
410west11
410tribble
410then
410svo
410su
410skullgangnigga
410seb
410rulz
410rell
410racing
410pointe3557
410pcyyuncosa
410omaha
410oba
410nunu
410n210
410mza
410monny
410meg
410mack
410lrun!
410liz
410lee
410king410
410kennedy410
410john
410ionia
410hillcrest
410herkime
410gutta
410frog
410ert
410dream
410d1987
410cupcake
410clk0
410chippy
410chianti
410bus
410bos
410bmorebetterthandc
410berries
410balls
410aub
410ash
410april
410and2cute
410_1992
410SEXY
410KJOEb
410=eyh
4109orejas
4109je
4109991602
41099737
410996
410994399
41099337
41099315
41099152219
410991
4109873322
410985s
4109822
410980
4109792
410976j*
410973
41097240
4109715
41097106
41097
4109680803
41096788
4109652133
4109648
410963
4109613978
4109613564
4109612624
4109611493
410961
41095745
410956
4109555
410954
410952
41094valeria
41094c
410949
410948
41094609
410945
410944
4109418
410940911061471
41093livi8.
41093AN
410935
4109330
4109304
41092naomi
41092A
4109284
4109253
41092350
4109215
41091b
410918
410916h
4109146
41091372
410912
4109113
410911
41090w
41090nw
41090lc
410909
4109070
4109069
410905
41090481
4109040
4109020981
41090119
41090077
4108spencer
4108maryland
4108fo
41089collins
4108989
410897
4108948
410894
41089219
41089130
4108910
41089092
41088june
410887va
4108872
410886
41088371
4108825
4108813489
4108810641510
41087v
41087hj
41087eaa
4108799467
4108794
41087830
41087796
41087520
41087346
410872
41086mt
4108678717
4108670
4108662792
4108650
410863
410861c
410861
41086007
4108599
41085858
41085502
41085293
4108520
41085153
4108508
410848856667
41084652
4108457818
41084420
41084358
4108421
41084106
41084027
41083925a
4108384a
410837
4108352
4108337
41083247
4108321
4108310
4108306
4108300
41082877
4108260yk
4108253
4108246
4108233
4108222
41082012
4108198
4108188C
410817.dy
4108158
41081557
4108146656
41081417
4108119
410811
41081032
41081
41080bub
4108090
41080897
4108088
410808
4108074
4108066741717938
410806
41080508
4108028
4108004
410800
4108.alex
4107myla
4107love
4107kids
4107iluvcorey
4107bowne
4107b22
410799589
4107981
41079686
4107955
410794
4107915NORMANDIA
41078ppl
41078PPL
410789
41078790
4107863
41078329
4107813
41078
41077816
4107753
4107747
41077347
41076980
4107657
41076509
4107611073
410760
41075944
410757900
410755221
4107543074
4107541
4107536
410753
41075118i
41074billy
41074955
4107489
4107477381
4107465k
41074439
4107397191
4107395723
410737
410735349
4107331313
4107312
41072796
4107251517
4107211298
41072069crja80
41072
410719770
41071830
4107174
41071606
410714154
410714098sm
4107140943
4107135j.r
41071339
41071214
4107101
410709
4107071984
41070596
4107052
4107044
41070327
41070269
4107009526
41070006
4107
4106lj
4106ganjah_
4106east
4106april
410698
4106970
4106969
410695672
410693k
4106939
410693597
41069242
4106922009
410691137
410690069
410690013
41068jmrr
410687adr
410687
4106861dany
410686
410685
410684
4106828
41068119
4106807
410679t
410679661b3
4106795328
41067770
41067720
410676469
4106747020
410673529
410672354
410671463
410671035
41067001
4106691824
410669
4106680159
4106637
4106612130
41065936
4106588
410658001
410657645
410655065
410652280
4106520127
4106514872
4106504
41064j
41064720
4106444610
4106415946
41064083
410639942
4106392409
410638556
4106382saciid41
410637418
4106368
410635742
41063388
410633
4106324
410632
4106310
410630771
410630
4106289
4106271
4106267
41062485
41062288
4106214
41062083784
410619848
41061960
4106181471
410616
4106153
4106146097
4106140
4106136858
410613609
410613081
410613
410612
410611593t
4106106
410610
4106089941
4106074109
4106068
4106060900
41060468
4106039mani
4106033494
410603
41060203
4106019054tuk
4106013
410601
4105primrose
4105dylan
410599052
4105986
410596758
410596
4105954
410594604
41059421
4105940
41059304
4105911
410591
4105896
410587
410586
410585
4105846
410583
41058249
4105805
410576462
41057527
4105747936
4105742
4105716
4105700035
4105699
41056821
410568
41056602
41056412
41056284
4105612
4105611596
41056015
410559958
4105597
4105583
41055708ab
410554465a
410551a
41055055
410550159
4105486
4105466
410546
4105454
410545
4105442020
4105426957
4105424363
410542
41054150miguel
41054
41053885ss
41053712
4105369
4105359495
410535
4105331
4105329685
4105318
41053023
41052928
4105263789
4105263+
4105256
41052303
4105221311
4105215160
410521
410520630c
410520410
41051t
410519
410518
4105169
4105152
4105145252
410514
4105136
410512678m
4105113
4105108
410510229
4105100
41050915
410508m
4105076807
4105069
410506
4105056743
4105045779
4105034641
4105032040019
4105028635
410502554
4105025
41050236
4105021572
4105018669
4105014239
4105010740
41050090
4105007902
4105005864
4105001418
410500130
4104mibn
4104love
4104haoj
4104aunt
4104991
41049895
4104979
4104951
410494548
41049320
4104912
4104855
4104835704
4104819
4104802
4104790
410477c
4104773
41047667
410474b
410474
4104699
4104686
41046788idalia
4104668368
4104644
41046384
410462cg
4104612306
410461
410460
4104570
4104569
410456
4104555
4104538
41045217a
4104514
4104508967
41045
41044977333
410448
4104472
4104466
41044561
4104452
41044475
41044458
41044383
41044226
41044148
4104410
410440
410439e
4104378
4104372253
410437
4104361102
4104358062
4104347114
4104341043
410434
410432
41043031
4104297
4104289
410428
410426
410425
4104235
4104229
4104216
41042081
4104200
4104198_l
4104193
41041881
41041806
41041773
4104169
410415292
41041500
410414341
4104134
410412
4104116
410410a
410410102202
410406gc
410406
41040510
4104045
4104039
4104029931
41040262
4104018
4104013
41040103
4104009426
41040023
41040
4103walnut
4103v3r4
4103ms
4103lemongat
4103djr
4103993
4103951
4103941
410393404
4103921
410390
4103897
41038768x
4103862
410385
410384
410383
4103802
410380
4103793
4103785950
410378
41037610
410374
410370938a
41037
4103671011
4103646
410363
410359686a
41035755718
4103555753
410353
4103522142
410352
41035195
410351382
4103513
41035*
4103486
410347
41034350
4103408
41033904
410338
4103377
4103341
410333
41033209
410331781
4103312
4103311
41033
4103269
410326
410325
41032400306
4103223
410322
4103205
41032026557
410320
41031962
4103190
4103185
4103168
41031600
4103151941031519
41031501
41031434
41031402
410313313410
41031311
41031275280981
4103123768
4103109j
41031084
410310
410309a
41030908
4103089787
4103085
4103074615
4103062339
4103058766
4103054
4103049
4103042
4103032035coppza
4103031532
4103031433
4103030583
4103026178
4103022762
4103021020
4103018356
4103013738
4103010
4103009256
4103000446
4102somOne
4102lanako
4102jz
4102fisher
4102east
4102af
410295197
410295
410294
4102935
4102929
41029254
410291n
4102910
41028loser
4102881
4102868
410281
410280
410278hh
410275
410274
4102737
4102720057
41026979
410269
4102681477
410268
4102675
410266J
410265.
410264
4102634
4102626
41026212a
4102610
410260n
410260330
4102574
410256
4102557462
410255
4102539
410253812
41025370
4102535
4102534..
41025334
41025262
410252
4102514295
4102507623
4102493
4102488
4102475298
4102454
4102446
4102430
410241a
4102402
4102400014916
410240
4102398
4102390
41023817
410237
4102357
4102347930
410233345
41023285
41023062210369
4102300
41022900
4102289
4102283
4102273235
410227
41022652265
4102258
4102251
4102233667
41022302
41022260
41022138
41022113
4102203199
4102200016192
41021996
41021974
4102195
41021936
410219
4102180314
410217704
4102168
4102154
4102144104
4102137769
41021324L
4102129410
41021270
41021221
410212
41021131
41021072
4102103
410210
4102098656wasana
410209700
4102093
4102091
41020850
4102075
4102073997
410206
41020461
4102044148
410204013
4102034013
41020322
4102029156
41020219x
4102019520
41020132
41020100
4102007free
4102006
41020007
4102000
4102...
4101ma
4101er
4101ds
4101ass
4101999
4101996a
4101994k
4101994CELIKEV
4101993f
410199322912749J
4101992nonu
4101991a
4101988k
41019880
4101987jlw
41019877
41019853
4101979
4101971
4101961mom
41019464s
410194
4101933
41019301
4101928
4101912
4101909
41018neo
410189rachel
410186
4101844
41018313
4101822
4101809
410180
41017892
41017601
410176
4101737
4101725
4101700065990
410170
410168
41016734a
4101660
4101650
4101645
4101629050958
4101610469
4101610089
41016
4101587218
4101581
410157
41015587
41015483908a
41015334
41015252
4101516
41015103
4101500015417
4101498
4101478
4101473
4101469159
41014640
4101454
41014507
4101445
410144
41014317
410142m
4101422535
410141024103
410140fee
4101405016
4101402
410140008
410140
41013988
4101389
41013848kerston
4101383
41013775q
4101375
4101359
41013566
41013483
41013315
41013233
410131821
4101315182429
4101310
4101304
4101300
410129
41012834
4101265
4101261
41012450carlex
410123ptm
41012378
410122881
41012247
41012142332
41012129
4101205
4101200007753
41011puntaumbria
41011992
41011920
41011891
410118
41011735
41011566
410115
41011434
4101135
410113333
41011269
4101122z
41011164
410111
4101104430
41011031
4101093401
4101089
410108
4101070144
4101067876
4101065029
41010626
4101054387
410105
410104med
4101044
4101039909
4101038
4101031252
4101025585
41010192
4101016188
4101010827
4101010007
41010088
4101006775
4101002485
410100090
41010
4100tk
4100sad11
4100rps
4100lex
4100jh
4100isabel
4100doller
4100boohead4100
4100block
4100Mill
4100APT
41009975
4100975
41009712
410095
410094
41009288
4100910
4100900097282
41008t
41008726
4100866
410083
410081mc
4100811
41007943
4100770
41007480
4100739764
4100724
410070704481
4100700002270
41006camilla
41006612zarina
410066
410064711
41006162
4100607
41006041
410060
41005cw
4100599hanie
410059
4100577
4100563
41005453962
410053
4100512
410050s
41004seth
41004mama
4100489
4100446
410041A
41004
410039a
41003854
4100370a
410036
41003395
41003310
410032797-pencil
4100323
4100312
4100309
41003
4100289
410027martu01
4100252
41002490
410023271
410023..
41002185
4100203
41002004
410019j
41001998
4100193
41001821
410017654
4100153
41001499tr
41001440
4100137
41001338
410012gc
4100128
41001240
41001223
410011
41001046
410010313p
4100100009974
41000b862
410009
410008
410007290
41000711
41000652
4100062n
410006134s
4100044
41000314ro
41000233
410002
4100000000
410/93
410-5643
410-37-2289
41/ud.jennifer
41/18/7k
41.614393
41.3xi5
41-78-bc
41-18-71-63
41+666
41&/&sena
40ztp1
40zallday247
40yrshippielove
40ymm2hk6nva
40yearold
40y40keilaynohel
40y20
40xmax40
40x12x48x
40wopper
40woodlands
40white
40west
40wemyss
40walker
40victoria
40uofl
40u5m8lew123
40u534il7x28
40twet40
40ttg103
40trap
40tommyboy
40toes
40tiny
40timroberts
40tib40
40thugs
40thst
40threunion
40theezer
40teresa
40tentaciones
40teamo
40t253ll
40swears
40superowmen
40sumthn
40sumner
40strong
40steelers
40stars
40ssh
40squadron
40speed
40sompong
40snow
40snake
40smom1961
40slash
40simon
40side
40sgirl
40seven
40sergio
40seconds
40searay
40schnr
40sara12
40sadu
40rx65
40rrooll
40rosedale
40rooms
40rocks
40robinson
40road
40ri39car7089do
40retart
40rescue
40redbone
40rd#1
40raiders
40r32g
40qw50er
40qkhouR
40pumaj
40prow
40poundrooster
40plus08
40ploy2535
40piopio
40pimpin
40penguins
40pd72
40palo92mair
40oztofree
40ozcasualty
40oz2freedom
40oz
40outlaw769
40ounceolde
40once
40oldshoreham
40olde
40numara
40nsexy??
40norty
40nisir
40niners
40nathan
40myfasw
40mustangSD
40mumble
40mothers
40motek
40momoney
40minutos
40mints
40mile
40mgEG
40mer2532
40max
40martindale
40marilu40
40marianna
40maria
40manghamangha66
40mainstreet
40mag0i
40m3929
40luis1802
40loveyou
40logon15
40licious
40leroy
40lbheadfan
40l122
40kumata
40krow
40kofs
40kildare
40kidrock
40kenmore
40kelly1
40kc1285
40kaleny
40jrock
40jones
40johnny
40jjm85
40jaar
40iuliana
40ismyman
40irenita
40interplant
40iibaa
40idc90063
40hubbert
40hourfamine
40holms
40hitsquad
40hgiel
40hepgwg
40helmedrive
40hatesyou
40hapy4me
40hallgreen
40haesen
40guineas
40grovestreet
40grandma
40gramoz
40gjkwhb
40girlrocks
40girl$
40gh36
40geez
40gatos
40gallons
40free2bme
40forever
40flyleafbridgit
40flightrock
40fisher
40fifilina
40ferrari
40fattypoo
40et20
40es8902
40endaarishet
40eipryl04
40eeee
40eastownroad
40e56e85b77a
40dsnweed
40drake
40dollars
40dk810
40dikwen
40detikkematian
40decal40
40dd's
40days40nights
40datnigga
40daodao04
40d498
40d&d42
40culito
40crd244
40crab
40cowcumbla_2590
40courts
40copper40
40cm122
40clonroot
40cindie
40chor
40charmers
40cent!!!
40cc95fr5tc
40casper
40cards
40candles
40calsab3309
40callisa10
40calkiller
40calibur
40cale
40cal21
40cal05
40by4aw8
40bt871c
40brook
40britt
40boys
40bowl
40boarder4004
40bluntz
40blesssed
40birth
40bigfrick
40bett
40belfour
40becky
40beatty!
40bcero
40bars
40ballin
40bajocero
40baby40
40ba796plays
40asdac40
40apples
40andhot
40andhappy
40alpha7
40alessandro
40agame
40ae90
40acres
40aafdf5
40a1232a6
40_-*/<
40XOetiu
40THNIGGA
40THBLOCC
40STREET
40S17I07L56VIA
40RTY143
40Porciento
40PICKLE
40OMega40$$
40N84LKDo#
40Loenen40
40Leah1967
40LAKELANDSAbc123
40Fred
40Forever
40FACE40
40Envelopes
40DEEP
40CASESOFBEER
40CAL.
40C.E.U.C.*
40BURT
40BITCHES
40BCK40
40ACarpenter
409willis
409used08
409texas
409sue409
409sis
409plr
409mel
409ivania
409inyourcoffemaker
409helen
409feira
409dewey
409cleaner
409casehall
409blk
409baby
409WMain
409Riess
409Buzz
4099t012
4099hutt
4099er
40999867
4099959
409993797lidamaria
409992
4099904s
4099880
4099866191
409984733
409983
4099824827
4099793
4099766
4099730
4099684160
409960
40995855
409951d
4099503aajj
409944
40994367
40994199
40993rz!
40993804
4099360
409933
409930
40992jdchc
409929
409928
40992
40991889
409917
409912
40991
40990817
40990516
409903rs
40990198/485179
409900
4098lssljtp
4098hot
4098999
40989946
4098979123
4098959
409895
40989270
4098925514
40989
4098857
409877sf
40987274
40986sg
409868
4098652
4098625
40985monty
40985808
4098565an
409855
4098526
409851
40984xwica
4098465
4098442
409841
40984
4098345
4098330
40982s
4098272
409823
40982*
4098127
409811
40980896908432
4098031630enero
4098005
40980013
4097976
4097966
409795
40979
4097870405
4097812477-0
40978069
40977776
4097743
40976816
409763
409759
40975818lusecraL
409757
409753497
409753002a
4097516069
409748535
4097473
409745
409743
40974097j
409739
40973730
409736
40973558
4097332
409732562
40973120
4097311
40972986
40972583828
4097228531
409720
409719750m
40971850
409716152
409714293
4097140971
409713
40971110
409710434
4097073d
40970535
4097036
409700kcn
4096aa
409698817
40969683
409692767
409691809032591
409690295
40968yitwx
40968586
409683qwerty
40968207
40968120
40967cr
409679016
4096786CM
409677880
409676
409674278a
409672125
409671
40966NidNoi2457
409667
409663
40966141
4096609
409658351
40965513
409654530
409653090
409651
4096505ln
409649
40963954
409638994
409637f
40963706maganet
4096354
40963485
409632895
409632105
40963190
409630716m
409630
409627913Ashleig
409627913
409626061805
40962532
40962214
40962072
409620
409619075
409614604
409614
409613
409610152n
40960691
4096036
40960025668
409600
4095topgun
4095jam
4095997
409598308
409597218
409593957
409593374bk
40959040
4095879
409587164
40958492
40958141
4095790450
4095773
40957452
409572bb
40957005luna
409569jr
40956608
409564ab
40956420
40956388
40956279
40956021
409559
4095578jj
40955559
409555
409554
409550
4095497
4095483
409547
409543126
40954085
4095371
409535
4095343
409530
4095279
4095245711
4095208
40951982
40951700280681
409515919851591
409514592
409512697
409512606
40951203
40951
4095088
40950521k
40950411
40950278
4095022010546
409500t
409500
4094kelly
4094994898207151
40949776
4094949
4094940
4094908
4094871
40948538
40948
4094775
409476
4094729621836919
40946oa
4094695
409463
409459jc
4094577
40945647
4094553
4094532
409452
40945002
4094496
4094464
409443
409440
4094381
409434
40943257
409432
40942987
40942644
409424
409423
40942162
4094195123
409418
409415
4094100
409409ac
4094071719
409404
409400
4093rdqnd
4093jjm
4093986599834
4093982
40939634
4093955
4093922777
4093887
4093863
4093852
409382
409379ag
40937840
4093777
4093739
409372
4093708
409367a
40936449
409361
4093557
4093533d
4093510
40934093
4093361
409332k
409331929
40932983
4093242
40931ridgedr
409318
4093178409
409315a
4093137
4093107
40930mm
409308
409306236
4093057
409301238545
4092SOFIYA
40929431
4092905
409290
4092894
4092885kadi
4092870
40928599
409279K
4092738
409273
40926900
4092667
40926232
40925conah
4092580
4092564
4092550
4092534
40924orok
409244
40923600
40923473
4092334507
4092308
409229
40922586
40921k
4092184
4092180
409216
409215
409213
409205
4092019
4092007
4091summit
4091man
4091992
4091987
4091980jenny
40919750
4091969
4091927ss
409185
40918
40917804
4091733
40916769
4091655
40916363
4091618
40915nuki16
4091543
4091535
409152nb
409152
409150
4091497
409145
40914362
4091422
40913nut
409137
4091349
409132028
409131
4091281207
40912700112448904
4091213
409117
4091167
40911335
4091103178
40910amh
4091090
40910811247
409107
4091057
4091024273
40910057
4091
4090si
4090alex
40909966
4090976223tula
40909505
4090945
409094
4090917
4090900akb
40908f
4090861223
40908555
4090833
4090800
40908-cd2
40907932
4090722
409070814
40907053
40906789
4090663903
409063
40906046
40906020
40905906
4090540905
40905380198127evelyn
4090537
4090510
409050772
4090499
4090485843
40904515
409041
409040738
40904040
409037
4090365
4090350
409033
40903212
40903154
40902904
409025
409023
40902126
40902091
40902
409018
409015935
409013
40900904
40900846
4090081540900815
4090026
409,666
408y508
408xiv
408vs209
408twin
408statets
408sophie
408sharktown
408scooby
408samsung
408reyes
408playboy
408pimper
408nlb
408nere
408mclane
408mami
408mad
408lover
408lomaz
408loc
408linc
408leo
408ld14
408lala
408jellyfish
408iq08365
408hyphe
408hill503
408grumpy
408grace
408gerald
408ftw248
408flakis
408esj
408dumb
408dreamer
408downtown
408desmadrosos
408dabbs
408cuzz
408chivas
408carlos
408boss
408baythug
408balta
408area
408ajs
408WATITDO
408SUNNYVALE
408SJ13
408SANJOSE
408NECI?
408ME
408MAMMA
408LUV
408LOCA
408CILLA06
408BABYELMOLOVER
4089yqfju
4089e74
4089an
4089981
40899499
408994
408989
4089859698
4089835
408981
40898
40897847
40897240
40897213
40897083
4089609
40895878
4089555
408953
40895148
4089451085
4089434
408938413
408937c
40893595
4089342
4089339
40892ingersoll
4089279
40892139
40892041
408915j
4089093a
4089050
40890
408899
408897
408894
4088917
40889032
4088888j
40888702
4088809
40887999
40887668
40887415
4088735
40887
4088697sex
40886864
40886575
408862
40885970
4088548
408851
40884863line3529
40884801
40884161
40884060
408838263
4088368801041981
4088359
4088348
40883239
408826
408825
408822
408820
408818421
40881650
408816
40881188
4088107
4088082
4088075527
408804j
408801
4087963
408795shs
40879202
408790
40878292abcd
408778576
4087765
4087691
40876590
408765
40876245
40876030
40875371
40875210romina
40875100
408751
40874up
40874999182
4087488
40874152jmlt
408740
40873453
40873326***
40873198
408731
4087301
4087291
408726
408722
408719001x
408714969t
40871433
408713595
408711459w
408711
40871054110381
40871037
40870555
4086ky
4086bc
40869e
40869844
408698083
40869751n
408696549
408693102
408692638
4086897
40868605b
40867836830026
408677539
408676744
408674487a
408672065d
408671
408670801
40867
4086634
4086621ELMO
40866121
4086587
408656208
408655633
4086539
408652611
408652
408651044
4086467
408643ce
4086428
408641089
4086393
408637503m
408636285
408634287
4086311k
4086269
408625
4086207
40862
408619225858707
408617542
408617
4086159040861590
408612V
408611386
408611013
40861014
4086067
408606
40860420
4086010DANNY
4086
4085mg
4085cel9232
4085991
408598
4085972654
408596789
408596
408595144
4085906
4085836dom
408583
4085802
40857845
40857711
408574293
408573918
408571852
408571449
408566
408562
4085616293
40856056
408557483s
4085568
40855488
408552
4085515
408547
408544cl
40854182
40854056
40854
408537916
4085363r210585
4085348
408534
4085328
408531l
40853
40852906
4085257
40852369
408522
408519587
408518700
408518
408517524
408516
4085150
4085124
408511z
4085113
4085105428
40850802
40850365435
4085007
408500
4084ls
4084jjs
40849ERS
408498251
408495693a
40849285
408492201014
40849132grm
40849
40848602
4084835
4084819
40847loloko
4084792
408478
408473814
40847085
40846930
408467
40846260056
408461
408459
408457365
4084521040269
40845116
4084456
408439869
408437493
4084352f1
40843
4084252284
4084240
4084211
40842
40841736831
40841545
408414
408413418440
408410sso
408409
4084089enni
40840538
408402526
408401
4083sj
4083MUM
408395
4083930965
40839011
40838ftouv
40838783
40838613
4083849
4083812
4083799
40837695
4083751
408372
4083707461031rr
4083699A
4083653820
40835kjitj
408356261
4083546
40835206
4083501
408349141
40834625
408345k
40834517
408340
4083353
408330912
408327
408324
408323
4083204006
4083136
40831
4083071
408306
4083038
4083031
408301
4082upmjd
4082hancock
4082BITCH
408298007
40829622**daju
4082947491
40828rehtd
4082878
4082841
408282
4082808
408275erika
4082740827
40827189
40826842
408265
408264
4082624
4082594a
4082582
4082498847
4082492
4082476
4082456
408243
4082415a
40824081
4082363
4082332537
40823093
40822s
40822778
4082247
4082238
40822224824832
408219895
4082167
4082145
40821271
408210og1
4082104
4082099
4082083
4082051c
40820396
4082009
4082005
4082/0004///
4081dodo
4081996
4081995
4081991
4081988
4081976
40819691
40819533
4081948992
408192
40818931
40818702
40818460
40818344
408180
4081790274
408179
4081773955
408176528
4081740
4081733
408170
40816ray
408169
408168
408165
40816294
4081625
40815822
4081561
408152
408146
408144
408140427953
4081390
4081313...x
4081275
40812626249
4081256
408124
4081213
4081198520214081
4081184
408115a
408111270
4081101
40810991
4081059
408102413384
4081002
4080wmnju
4080milticket
4080ja
40809874
40809596
408094d
4080941
40809
40808715
408086545
408084
4080834
4080805
4080790
4080785
408078
40807673
40807224
4080719
4080705
4080691
408067168
40806481
4080639
408062
408061843
4080610sp
408059
4080580
40805764
4080561
40805536
408053
40805229
4080519
40805
4080480
408047
4080466
4080446
408041487
4080403060
408039565+
40803770
408037073
4080360
4080341
408034
408032146949hcj
408030k
40802lb
4080281
4080267
4080259
40802485
4080235
408019947
40801987
408018452
4080180
4080168
4080163
4080156
40801111
40801001
4080098110338
4080082ramsey
4080069
4080046
40800319
408003
4080024
4080019
408001
4080000
40800
408-7126
407wdis
407tdw
407summit
407sonny
407shine
407severinstreet
407risha
407quail
407open
407morris
407mike
407mcc
407main
407mafia
407isaac
407hellmate
407grifffin
407girls
407dyme
407dime
407dark377
407common
407buiuu
407blue
407bat1994
407b
407SAINT
407MALCOLM
407Gent
407BOYNIGGA
4079smc
4079fanuel
4079ChEfJ
40799663
407995
4079925
4079907
40798971
40798843
407986j
4079858
40798300
407975jz
40797559
40797294
4079705502
407968111
40796171
407960000
407959
407958
40795420
4079526447
407951
4079487254
407944
407941
40793xjqqw
4079350
4079346
4079322015
4079317
407928m
4079272
407925
407923848
4079231686
40792212141995
4079200849
4079181
4079140505
407914
407911
407910
40790868
4079073
4079044751476679
407904
4079
4078god
4078bb
40789buzz
40789341
4078925463
4078896
4078891
40788539a
407884907
407880333style
40788
4078790348
40787854
4078756
407873
4078725
407871
4078662
4078642663
4078621
40786003
4078596566
407859
407858031044
407856l
407856
4078557210
407855
4078522a
4078512280
40784priiz
4078467048
4078441
407842
4078400
4078395
4078373
4078358
407834
4078302
407828
4078260986
40782580pepe
407823
40782095
4078187
407814004754
40781343
407813
407811dej
40780wwerw
40780oybuc
4078081
40780331061992
407802bc
407800c
40780000
4077rh
4077kit
4077jldc
40779max
40779889
40779778
40779653
40779614
40779401
40778923
4077888888
40778771988123,
4077877
40778591
407784592080306816
40778275
4077787
40777233
407770
4077635
4077626
407760
407754Michelle
4077510 eunice
407750
4077498
4077478
407745v
407744a
4077444718
407743
40774070
4077393
40773440
4077338
4077292
40772686
407725
40772052
4077199208
407719
407718
407715
40771375
40771334077133
4077117
40770julia
40770894
40770655
4077057613
4077034
40770323
4077012158
4077.
4076as
407699r40
4076985
4076970702
4076962
40769546
40769276
407690
4076888
407685953
407680
407674
4076717441437
4076689
407668612a
40766543
4076616m
4076594
4076592
40765112
40764843
40764630
407642
40763xffat
4076365
40762730
4076259d3m3t
40762423
407623
407621
4076181
407616
40761538
4076142
407613
40761242
407612
407609
407607d
40760681
4076044
4075rm
4075bush
407597E
407596
4075959
4075912017
4075905728
40758989
407588
40758336
4075801509
407579657zlh
4075786418
40757819
4075779
40757540
4075749
4075729
4075726
40757
407569
40756477
407563
40756
40755984
4075575903
40755534
4075548arklow
4075539p
4075511
40754845
4075479302
4075451
4075440
4075426385
407540153r
407540
407536
40753529
40753471
40752941
407527
407525
40752024
407518
407517209
4075157
407515600t
40751335
4075099
40750741ayq
40750673
4075046
407503
407501
4075
4074ebwar
4074LouRay
407499005
4074948
40749366
4074920274
407487
4074808
407478933
407477616*
407477231k
40747457
407474312
4074736
40747088
407467932
407466
4074651
4074609717
40745862
407457398j
407456493
4074531467
407452753mbf
4074522472
4074518
40745148
407447
40744663437
407445r
4074414
407440
407437959
407435403k
407434959a
4074341
407433631
407430b
40742j
40742876
407426
4074245
40742223
4074214361
407419985
407417689
4074167
4074160apondo
407415007
40741401
407413434
4074123
407411656
40741125
4074108
4074099
4074088671
4074077
4074067
4074044
40740186
407401
4074
4073dsbxc
4073997009
407397154
407394411
407393q
407393771
407393
407391586
4073910
4073878
4073829
4073822019117
40737aihx
4073789
407378
407377074
407376738
407372307
407371350
40736781
407364
407363
40736229988
40736
4073583
407355Bro
407355
40735342090898
4073513816mafer
4073488
407347l
4073460
407345
4073404454
407340
407339
407338143
407336729
407335897
407334944
407334
40733263
4073313
4073284586
407324
407321l
40732158
4073210454
4073198
407317114
407316
407313372
407311cs
407310
407309381a
407302m
4073015862
4072jr
4072a688!
4072993566
4072976
407295563
4072949410
40729388
40729333
4072930043
407292
407291663
4072906782
407290613
407289
4072880
4072872
4072839123
4072825
407281
40728
4072755314
4072735
407272600
407271
4072703
407269
4072667890
4072659
40726
4072569004
407254
4072538
4072532247
407253
4072523
407251jjcb
4072480642
407239203
4072380004
407237
407234
4072324
407231593
4072292
407227sjw
4072263
4072256
4072221
4072212677
4072173
4072169
407215jj
40721500
407213314
407212021314
4072071
407204072140744
4072017
40720050-65
4071mm
4071998
4071995
4071992a
4071989rm
4071983
40719674
4071935268
407192440
40719116
40718992
40718839
4071852t
407182
4071794
407175
407173
407171-lvvf
40717
4071655
4071622
4071604
407157801301468037
407155847788
4071551
4071542
40714940
4071451934
407145
407142536
40714071l
4071347
40713412
4071282
4071280
4071264
40712580
4071239
4071229
407121
4071189
4071175440
4071166
4071160
4071115
407109209
40710596
407103252
40710246
4071004002
40710034
4071003
4071
4070opal
4070gi
4070brp
40709981
407097913
4070949
407093
4070917
40708cd
407088
407087068ANY
407086
4070856
4070832
40708100
4070802030605
4070794j
40707849
407077
407075
4070746
407072
407071502
407071
40707040
40706yyoyu
407067323
4070671
407066
4070648
4070619
407060338
40706
407057399
407055
4070521
4070471
4070450butt
407042
4070403bta
407040249
40703775
407034755
407031
4070274
407025
407022687
4070213
40701994
407017838
40701492
407014305
4070132
40701225
4070105506076
40700a
407009862
4070090
4070080kis
407007126
4070047
407003111
40700038
40700
407-48-BM
406xdz4204
406u3x
406tasha89
406sunflower
406sensei
406sadams
406rhea
406princess
406park
406ndn
406miryang
406madero
406lindaviewlane
406jem988
406hle
406gncc
406dorlogi
406deatsrd
406cliver80
406circle
406cherry
406blue3
406babsie
406_room
406LAJUNTA
406A522A627B
4069emb
4069975
4069915
406988
4069873
40698340
406982
40698197
406977F
406977
40696s
406966
4069647358
4069619
406960
406955
40695380
4069487
4069461
4069389
406934
40692Ecrd
40692860
40692377
406923
4069220
4069200
40691980
4069173
4069155
4069133
4069105
406908
4069058
4069049
40690196
406901
4068tcob
4068red
4068990
40689782q
406897
40688978
40688439
40688415
4068825
40688
40687249
406871
406868
4068668
4068648
40686353
40686
4068568
4068493
40684068
406839674
406835
4068333
406830
4068265
406825
406822
406820
406819
40681711
4068101die
406807xxl2
4068070
406802
406800
4067tigers
4067mile
4067994
4067946
40678zbmh
4067865
406784
4067824
40677999
406779
4067752
4067713
40676982
40676690
40676521
4067632
406759ad
406758
4067538l
4067526
4067521
40675160233
406750
40674849
4067464
406744351
406742
406741
4067389
406736
4067305
40672gaskz
40672480
406722
4067154
40671045
406705
40670425hugo
4067021
4066ss
4066love
4066da
4066993
40669651
406695
40669159
40668834
40668720solluna
4066854
40668411
40667740
40667435
4066721
4066708
40667
40666766
4066640qsm
406660
406659
40665376
4066495
4066474
4066443w
4066414
40664
406639
4066347
4066320
40662824
4066264
40662506
406622
406618
40661668
4066149
4066123
40661186
4066112
40661023supansa
4066068
40660273
40660128
406601
40660
4065wanda
4065caleb
4065988876_rja
406595
406592
40659033
4065863
4065828
40658128
4065808
40657tz
4065783a
4065743
4065713
406567
406565
4065632774
40656031
406560
4065578
40655029
4065498
4065424
4065421344
40654065
40653973d
406535
4065325
406530
4065279
4065246
406523j
40652266
4065201
406514681
406511756
4065064
4065005
4064vixyh
4064simon
4064jxadg
406499413
406497ir
40649507
4064941613
4064882
4064833
4064817895
4064796
40647729
40647128dannek
4064660
4064642
406460
406458518c
406458139
4064576
40645618
4064558
406455273
40645442
4064530
406452558
406448
40644550
40644185
406441
406439372
406436793
406436015
40643450
4064311380
4064305bolivia
40642810
4064246
4064208
406417759
406417102d
40641624
406415514l
40641536
406414772
406414226
406414
406411cata
406410012
4064092da
4064086s
406408
4064062
40640305
4064021
406401
4064000
4064-tomato
4063dnb
40639kc
40639909
406397815
406395679
4063949
406394309
406392d
4063913
40639
4063889
406386
4063807
406379400
406378685
406377961
406374885
406373497
406372701
406370
406364
40635rss
406358720army
4063566
406355011nla
406353443
40635020
4063479
4063414677
4063385
40633776
406336
40633335
406332081
4063311
406330923
406329jji1996
40632776
4063265
406322
406315k
406315
406314070cn
406312
406310m
4063097
406307
4063030
40630261
406301s
4063
4062w115
4062jun
4062high
406297014
406293594
406291
4062875
40628614
406285c
4062843620
406281
406279931
406276721
406276
4062712
40627005
40626846
40626557
4062622
406258556
406256
406254
4062537
4062524
406251k
40625088
4062492833
406248066qiji
4062476s
406247
40624492
406244009
406243
4062416
40624062
40624030
40623briasa
406232
4062312512
4062303
40623
406228
40622102
406220
4062190
4062162
4062138
4062126
406212
406210185
40620js
4062094
4062068
4062042auau
4062019919
40620042
4061nwlmi
4061ct
4061999
4061995
4061993
40619851985
4061977
40619703
4061929
406190223
40618749
406187
4061866
4061825cre
4061821
406181990
4061794
4061792029
4061771
4061755
406174
406172
4061712555
4061694aa
4061676
406165
40616264
406161
406160
40615917
406156
406153507
4061514
406150014
40614938
4061465470
40614622
4061447
4061423
40614132
40613m
40613860
40613769Gi
406135856
4061327
406131
40613
406128
40612571
4061248
406124
40612024
40612007
4061172
4061146
40611379
40611318
40611234
406110381
406110
4061090
40610489
406103624
406102
4061013
40610115
40610048
406100
4060sonny
4060rocio$
4060l
4060efb28
4060crip
4060986N
4060968
406096
40609410
40609103
40609080
40609
406089454
406087
406085353
4060836
4060806
4060788
406078
406077
406076
406072225
40607093
4060702
406069530
40606845
406068231
4060680
4060675
406064468
4060631
406060
406058
4060567
4060547
40604qbvbj
4060480q
406047488
406046cs
4060447
406044
406042
406041264mayko
406041
406040
406038639
40603822
406035640
4060340
40603205
40603003
406027east
4060256
4060247
406020684
40602020
406018
40601661
406015895
406015100
40601396303479089
40601320
40601143
4060112
4060097
4060077
4060058
406005230
406003c
40600224
4060004
406000078
4060
406.ce
406-945-0835
406 garland
405xzwpa
405whitken405
405vidal
405srdt
405shelly
405sensen
405queen
405playboy
405never
405moira
405meme
405mane
405love407
405libisgochuico
405king
405ivers
405hotgurl
405haley
405fongfang
405exout
405dou
405dana009
405chkstr
405brody-jay
405bffs
405agg
405SmartRd
405OKC
405EDISON
4059sa
4059callme
405999
4059970
4059950
40599118
405990
40598642
4059846
405981515
405978
4059723
405968
4059666
4059655
40596171
405960
4059565
4059547
40595
4059496
405946
40593jb
4059338
4059312
4059300
40592814
4059235325
4059212
405921
40591g
40591916
405919
40591486
405914
405912414
40591142
4059103
405909
405906
40590358
4058wcourtst
4058998
4058980
40589549
40589
40588964
4058871
4058850
4058827
4058815226
4058801876
405878
405872
40587079
4058699
405867
4058612
4058570l
4058540585
405853
405848024135
405846
40584499
4058425
40584058
4058348777
4058341
40583
4058286
405826
40582385
405822921980
40582181
4058205
4058203
40581934
405817062
40581565
405814
405812
4058093
40580889ld
405804
4058023m
4058015
4058006
4057srk
4057law
4057j
40579979
4057978
4057973858
405795m
40579306936
40579039
4057873
40578662
4057849
4057828
4057788
4057766
4057750
40577418
40576609
40576383
40576191bejar
405757w3
4057569
4057562962
4057554
4057547
40575359
40575044
40574tai
405749
40574694
40574412
405743
4057400blk
405739
40573684
405728
4057273
405724
405723
4057208
40571788
405716
4057140papa
4057124
40571093
4057099
40570780
405707
4057022
4057000
40570
4056senzik
4056huangqun
4056963
405692309665911
405691-381982
4056889
40568743
4056838
405683023wyfa*
40568191
40567vscgj
405678
405676
405674
405673
4056707
4056686
40566524
4056640
4056626
4056597729
4056582276
405656
405655283
40565409
405652
40564MAC61991
4056464198
405645486
405643
405641
405640
405637
405634
40563306
40563217
4056312
40563044
4056295
405629
4056283
405626709394
4056256
405624
405622197
40561825
405618
4056173j
4056158
405614
4056127450
40561
4056084
4056071xxxx
40560623
40560443
405601
405600
4055mt
4055ea
4055casa
4055basel
4055LOVE
40559935
4055989010
40559860
40559583
4055877
40558673
405582
4055812
40558
4055782
405577
4055745
405572
40557091
40557
405568
40556696
405565
4055641
4055632
405562p
4055614
4055566
405556299
4055555
40555222
4055506
40555
40554749
40554600
4055409
4055387
4055326557
4055310
4055278
4055259
405525
405523
4055184
4055179
4055166
4055151
40551453
4055128
405512
4055113n
40551046
405510037
405508
405505605
40550429
40550320
4054nm
4054COONTIECT
405498278n
405492
40549
4054880202
4054870103
40548329
40547hqpdg
4054785
40547717
4054768
405474
4054734
4054710pa
405470745
405468
40546523
4054613
40545t
405458
405457
405455197
4054532885
405452
40545047
4054486
4054430as
4054405
405438790
4054364
4054336
4054326
40542676
40542528
4054243511
4054207
405417825
405417
4054159
405412437
4054116
405408
40540674
405405405
4054028
405400
4053sticky
4053ramon
4053danny
405398084
405395
405393383
4053887
405385
4053811
4053805
40538
405379085
4053789
405376684
40537476
4053740
40537255
405371
405370
405366
405362
405359gye
40535802520025
405356851
4053561kwang
405356
4053534137
405352
40535114
405347
405343
405341
4053406265
405340
405338011
405336
40533315
4053293
405327389
40532515
405321789
40531985
405319
405317145
40531629
405315
4053124328328
4053103
40530kxbpa
4053084478
40530307
405302
405300JAGVjose
4053008
4053
4052sms
4052pin
4052jaoh
4052daju
4052998
40529912
4052985
405296418
40529476
405294189
405292224
4052906
40529
40528784
40528477
4052829
405282
405281
405280
4052792124
40527846
4052777
405277405299
405274712542
4052745479
405274
405273
40527218
405271506
4052702.perez
4052682
4052678
4052671
405265921
4052642
405262
405257
405256734
4052560
405255
405253330
40525181
405251465
4052509
4052508
40524956
40524900
4052480320
4052469
405245
4052430kh
405240lkc
40523ypaay
4052378
405236
405233
405232026
40523159
4052308
4052300
4052291
4052286
405227
405225
4052240
40522167134
40522024
4052201
40521869
40521761
405216
4052145834
4052135290
40521321
40521132
405210519
4052076
40520575413341
405205
4052040
4052025
4052008
40520051
4052004
40520
4052
4051bmv
4051994
4051984
40519625
405194173
405191228
4051888
4051814
40518064
40517894
4051785
405176594
405172905
405171
40516Amc
405168
4051664
405164011
4051619...
40516069
4051572
4051567891017
4051549cv
4051545
40515441
405153
4051517010293
40515161105
405151015
4051509
405149
40514762
4051458
4051418
405139641
405137963
405136
4051345
40513346
40513335
4051313
405131000m
40513
40512523
40512411
4051238
4051234
405122539
40512033
4051200
40511b
4051195
40511705
4051152
4051140
405113049
4051115234
4051102
40510x
40510X
4051065
405104029
4051026ac
405101269
40510014
4050u
4050rhian
4050nlf
4050husm
4050dev
4050ab
4050996
40509930
40509670
405096
405095559
4050946k
4050943
405090231enf
405089
405085845
4050848DV
40508368
40508283
405082
4050809
40508
405078
405075
405072a
4050691
4050681
405067
405066a
405066
405065323yuri
405065004
405065
40506403
405062
405060v@v@
405060a
40506085
4050607
405060102030
405058438
4050582
405056
405055
40505243
405051793
405049
405048531
405047596
405045rowangoth
40504493
405043992
4050420
405040504050
40503991
40503922
405039
405038533aoy
4050367
405035947
4050336
40503222153
4050305
4050298
405025301987
4050242lac
405023082
405023
405021998
405021
4050202123
40502010
405019634
4050186
405017681
405017
40501580
4050151
405014666
4050133
40501225621079
4050117
405011034
405010982
40501
405008
405007042
40500656
405005
4050040
4050035
4050031965
40500244
405000pa
4050000
405-43-2696
405
404victoria
404slm
404sandoval
404pmac
404nigga
404mlg1040
404lud
404leslie404
404kasey
404jon812
404jeff
404iloveu
404hsc
404girl
404fatih2809?
404dolphindr.
404cope
404city
404baywood
404autotech4576
404arsenal404
404SXY
404HOTIE
404BOI
404AGE
4049yes
4049tequila1
4049htby
4049c3e2
4049993
4049957
404994
4049932
4049922578
4049908
4049889
40498707
40498557
4049838
4049791
4049773
4049750
404970
40496995
40496984
40496607047174
404964030
4049636
4049616
404960507
404960023
4049578850
4049571315
404956004
404954
404953025
4049514
404950
404947213
404946
4049454309588702
4049411
40494064
4049394
404938
4049340
404933023
404932048
404927spiel
4049250169
404925009
404920
404918
40491429
4049141120
40491031
404910089
404910060
404910
40490761
4049069
404904001
4049031
404902008
4049005
4048thf4
4048lm
4048NM
4048997
40489861
4048958141
4048909
404886j
404885bsb
4048838
404881K
4048810k
4048791
404874s
4048725
4048709
4048701
40487
404866s
4048627957G
404859071
404859064
4048563
404854r
404852029
404852017
4048519a
40485141000789
404851409002
404849s
4048495439
40484793
404844g
404840
4048383207
4048370
404834029
40483020
4048250
40482316
404821956zmg
40481tito
40481979
404817
404815
40481209
404811
40481
404809405277
4048084985
4048081785
404807026
4048057m
404804
4048021
40480123
40480
4047nh
4047fk
4047afo
40479m
404799r$
404796
4047929
404792
40478gwre
404789
4047840897
4047830419
4047826
40478055
404779
4047782633
404775
40477350er
4047712er
4047681
4047668015
4047665525
40476647
404765074
404765044
404765018
40476297
4047591163
404757
40475618
4047550702
40475444
4047531065
4047514060117
404750
4047499
404749
4047472
404746
404740
404738
404734005
4047315191
404730019
404729
40471lw
40471853169674
4047162
40471396
404713
404711juddin
404710
404709
40470555
4047040878
4047040
4047021
404701046
4047
4046uo
4046997
4046968900aa
404695
4046911352
4046907
40468m
4046889
40468697
4046842
404681
40467579
4046747
40467252
404671
40467
4046695
4046687
404668
404664001
4046631021
4046590950
404656026
4046526
4046497
40464713
4046428384
4046415912
4046393
40463835
404634007
404633009
4046327
404632046
4046314
4046308065
4046296211
404625029
40462355
4046224469
404622
4046213
40462
40461767
404614675
4046103709
40460795
40460610
4046057
4046048312
4046035
4046030284
404603
404602080
40460186
4045tyler
4045mccetc
4045l82h00m02
4045jb
4045bjk
4045BLuE72
40459996
4045987
4045969
4045949
404591
40458987654
4045884
404586
404584448
404583825
40458296abc
40458085
404580
4045793635
4045789
404574500
40457211
40457037
4045694788
4045690
4045684
404567
40456610
40456456
404560
404559001
404558
40455730
404556027
4045523
404552
404550lili
40454854
40454645
40454453
4045434866
40454065
40454045
404540
4045390799
4045365115
4045340940
40453205
404530
40452846
40452732981912
4045254
4045229
4045217114
40452
40451a
404518
404517
404516132490
4045155
404514
404513
40451252
4045122
40451162
404510
4045094
404506
404505606
4045048
4045025158
4045012115
4045  aryan
4044mine
4044lolo
4044inku
4044dillo
4044banks
404499j
40449967
404499
404497m
40449611
404495jc
404495634
404492754
4044917312
4044910
4044909
404488583338
4044885107
40448753
404486
4044858
4044852bd
4044845656
4044840395
40447857
4044767
404475327
404472554s
404471301
404469a
4044671
404465
4044616
40445fmzya
404459036
404458263tg
404457489
404456943
404456670akap
4044561778
4044552tokyo
4044547539
4044537621
40445252
404452
40444935
4044484
404445865@qq.com
4044430
4044417
404440
40443817
404437916
4044372821
404436a
404435132
404434277
4044330897
4044326
404432021
4044320
404431761caj
404431359
40443
4044263
4044253951
4044249
4044236
404422
4044208
404418546
404418
40441730
4044161316389
4044155
404414
404413307
404412
40441137b
4044101
40440b
404409
404408
4044055
404404404
4044040440
4044033467
4044031
404402469
40440
4043way
4043qzuyg
4043love
4043emaa
4043988
404397
404396
404394326
404393392
404392642
404391
4043900101266457
40438904
4043882964
40438636
4043844
404384
4043819
4043801
404379524
404378
4043769531
4043758lys
4043753
4043748
4043741
404373351
404372243
404370
4043698
4043669
40436624
404363
40436088
40436041y
404360
404359001
4043572056
40435498
404354162
404353
40435252
40435230*
404352121
404350118
4043490736
40434676
40434567
4043428
4043394
404339268
4043391131
404337141
4043360
404334747
40433397
4043335
40433042291
404330011
4043297
4043261735
40432526
404325029
404325010
4043235250
40432330
40432263
4043222
404320109
404320017
4043196
4043192910
4043174289
4043170412
404317010
4043155
404314486
404313527
4043131
404313
4043120
404311874
404310603
4043100k
40430ntveh
404309
40430849
4043070
4043050
4043041004091
404302098
404302
4042juma
404299347
404298id
4042976315
4042969864
40429577
404294493o
404292
4042905148
404290274r
4042890199
4042888
4042868
4042845744
40428284
40428060
404280142
4042780007
4042754034
40427267
4042719147
4042712149
40427060276
40426872
4042680
4042655
4042626
40426206
40426001
404259
40425830
4042561385
40425555
404255
4042537
4042523
40425052
404250012
404248
404246c2
4042466
404245038
4042447191
404244054
4042437631
4042434423
4042419
4042401
404239168
404235430
40423325
404232138
40423129
40422d
4042288441
40422820
4042280
404227
40422522
404224
4042206
40422009026
40422
404218451
40421726
4042164
4042151
404214
4042122412
4042095
4042077
4042068
4042054
4042030
40420126
4042008kg
4042006727
4042006
40420013
4042-14592
4041spain
4041rkatek
4041998
40419944
4041992
404199
4041984
4041971
4041955
404193
404192
404191
404190495
404189malta
4041884
40418813cito
4041872o
404187
40418504
404180
404179
404178516
404175433
40417432
404173
404172406
40417029
4041685X
404166f
404165wahn
40416465
40416088a
40416014
4041581
40415737
4041560
4041548
404153918
4041527
4041512
404151
4041506
4041502
40415
40414914
4041487wg
4041480
40414714
40414653u
404145
40414443
404144018
4041437p
404142pepo
40414191
40414095
404140410
4041397
404137
4041356
40413365
4041329
404131
40413
4041293
4041267
404123
4041188
40411647
40411461jo
4041144
4041140
4041129
40411191
404109005
404107r
4041050
4041048a
4041045
4041040043
40410314
404102713
4041020028
404101084
404101016
4041006
404100
4040vc
4040th
4040soul
4040rayo
4040morg
4040luc07
4040jw
4040jdr
4040grills
4040d5
4040carebears
4040by40
4040bjtn
4040barron
4040annking
4040CAL
4040999
404098
4040964
404093
4040923
4040919
4040905
40408989
4040884
40408670
404085584
404085
404084
404082
4040812560
40408080
4040801
404080
40407zx
4040794
4040776
404071772
4040676liebano
4040664
40406529
404064021
404063
4040610
40405at
404059129
4040563
404056
40405520
4040540405
4040521
404051
40404q
404049
4040481313
404046849
4040441
4040425
4040410
404040p
404040j
404040a
404040K
40404070
40404041
40404040b
4040393t
40403908873489
4040367
404036
404034991silis
40403333
4040316
4040305
404030
404028
404027258
4040264
40402404
40402367
404023212
40402241
404022
4040213
404020029
404019450
40401815126
40401711
4040160
4040150
40401339
404012
404011449
40401060
40400mk12
404009540
40400926
404008658
404008
4040072
4040064
404006
40400448
4040020
4040015321
404001033
404000217
4040+3
404-hurontario
404-1021.BB
403ucla
403tall
403smantz
403schaf
403otte2
403noon744love
403luv9685
403laurita629
403kathleen
403jcz
403hood
403guitar
403fernrd
403cte
403chris
403cavin
403caca
403butler
403bmw
403LARA
4039sebnemde
4039mom
403997c
40399311
403993
40399027
403990
40398dIVINA
403988s
403987
403984176
4039821
40398
40397921
40397796
403975
4039737
403971al
4039691
40396875
40396851
40396766
403965
4039621
403960
403959
4039574
4039528
4039519480
4039508
4039489
40394721
403947
4039453l*
40394214
403940
4039375
40393615
4039336
4039321
40393
4039290
4039280
4039253
40392416
40392025
40392
4039180
40391620
4039131278
40391211312
4039110nm
40391
403902002
40390032
4038jittey
4038990000416222
4038990000394510
4038981k
403897pu4zktix
4038954
403892
4038907
40389
403889
403886
403883
40388117
4038805
403879
403878
4038772am
4038760
4038713
40386luisteamo
403867
4038658j
40385kv
4038538
403852
403850
4038421
403841
403840..brasil
4038387
4038352
403830
4038287
40382558
4038230
4038203
40381979
4038162a
4038157
40381212
4038112
4038093
40380780
4038043
403800481988
4037ces
4037991
403796413576
40379543
4037948
4037915
4037885
40378790
4037853
4037819
40377tay
403773
4037723s
4037702k
4037684
403766
40376516
403762
403758
40375353
403752
4037503
40374ihfte
4037489yfr
403745
4037432
403742051
40373851
403737
4037339
40373345
4037255
403724
40372
40371gift
4037192
40371502gift
403713028
4037125a
40371200
40371110
40371
403709
4037072
4037056
4037010339
4036in
403699
40369744
4036930
40369
40368427
4036820
4036817
4036781
403677ng
4036775
4036748
4036743
403672
4036701
403667
403664
4036629
4036567
4036558
4036539133
403649
4036473
40364415
403643
40364233
4036421
40363795
40363491
403633275
403631
4036300
403628
403624d
40362105
4036202
4036153
40361438
40361319
40361113
4036109
40360l
40360588
40360323
403602a
4036020732
40360083
4035zcl4035
4035today
4035rita
4035bach
40359ytaah
4035987
4035977
4035954
4035901
40359
403589
403588
4035854
4035827
4035820
4035812dylan
4035804094
4035782
403574ram
40357362
4035727
403572
403570
4035673
403565a
40356325
4035627
4035614
40356
40355680
403555j
403555
4035537
4035524
403549
4035475
403546
403543375
403542
403540
40353eegyp
4035356
40353383
403531sgh
40353101
40353016
40353
403529
403526
4035253
403523
403520eb
4035178
4035145
403511994nicole
4035108030
403510309bluerock403
403509
4035076
40350555
4035045012
403503295
4035021040
4034w57th
4034mend
4034926
40349
4034896093394298
40348587
403483mf
4034833
403481nay
403479
403476880g
4034747
403470495
4034702
40346813
403463q
4034623G
40346
4034565
403456068b
4034540
4034534baby
4034528
403451852j
403450635
40345
40344764
4034474
403444
4034414
403440344034
403439728
403439183
4034376
40343622
403434465
403434211
4034318
40343168h
403431530
40343149
4034310
40343012dayani
40343
40342ac
403429
4034277
403426
40342415
40342340
40342287
403421
40342008
40341917
403419
403417
403415021
4034145
403413790115
403411385l
4034084
403408
4034071
403406lima
403405
4034041975
403403f
403401805
4033mmf
4033BB
40339795254334
403397063tiff
40339704053790
4033959p
40339477
403394
403391846
40339
4033851
4033814
4033784
4033780
4033771
40337375
4033732
403371484
403370masterkillyouu
403367
4033648
4033627
4033608
40335l
403357916
4033577
403355446
4033520
403351365
403348
4033465
40334302
403341023
4033396
4033355
4033343do
403334
4033301
403329
403328
40332692
40332655andi
403325
403324073024
40332367
4033217
40331987
403315505
403314422s
4033135
40331176
40331
4033095
4033078
4033071390
4033060
40330583
403305
403302
4033008
403300
4032zskbk
4032sesame
4032jg
403299490
403298966
4032973
403294616
403294057
4032939
40329096
403288
403285
4032839
40328257
40328044
4032792
4032780664
40327533
40327507
40327351
40327287
4032717
40326973-8
403268
4032670
403258866
403256171
403254378
4032535
4032522
40325055
40325
4032468
4032455
40324473-43
4032440324
403244
403242
40324006
40324
4032352
40323456ee5
403233
40323166
403230
403228
403227
4032258
4032254108
4032248823
4032240teamo
403221
403219581
4032192
403217c
4032167me
403216
403215
403214899
4032147
403214
4032125
403210374db
4032080623
4032069823
4032057a
40320209
4032008
4032004
4031poasi
4031diva
4031ak
4031995
403199388v
4031991547
4031987
4031984
4031971
403191031
4031871
40318610
403185963782
4031813570
4031804
403178357a
4031777
4031744
403172384
40317
40316840
4031672
40316658
40316415
4031611
403159luvluv
403158
4031551
4031535_mignini
403150790
40314960
4031471
4031468399
403145
4031404
403139380ana
4031383t
4031380
40313713dni
403135cd
4031346
4031341
403133
40313298
40313215
4031310
403130123
40313
4031292
4031278
403126
40312449
4031230
40312218
403122
403120
403119
40311835
403117jap
4031143
40311245064
40311150
4031106
40311
40310815
4031081020
40310773
403107
40310564
40310464
40310435
4031040
4031024
4031013
403100
4030sacho4030
4030asm1997
4030996465y
40309678
403094n
40309405
4030932
4030904
40308968
4030859
403083137
4030825
403082
4030810**
40308083
4030793
403079
403076
403072
403071267
403070
403067
4030654
403062924
4030600
4030599
4030580
403056m
4030562
4030530
4030528
4030504560
403049
4030487
403044354686
403043431
403040t
40304030
403039687
4030380
40303777
403035318
403034639
403034257
4030333
403032749
4030326
4030316
403030901
40303040
4030293
403029
403026
4030258
403022770
4030220
4030216
4030203659
4030200
40301970
4030178
4030177
403016783
4030141
40301341075
4030127
4030108
4030100
40300993
4030077
403007
