49222774430
49222774259
49222773014
4922258
49222521027
4922249
49222250
4922221
4922207
4922200100
49222
49221611
4922156
492215
492213
49221106385
4922105457
492210524
4922102260
4922101638
4922101
49220668
49220544
4922039920
4922035215
4922021
49220136
4922013073
49220121
4922010888
4922010806
4922010702
4922010671
4922010644
4922010625
4922010586
4922010535
4922010520
4922010511
4922010488
4922010471
4922010467
4922010459
4922010427
4922010422
4922010416
4922010408
4922010404
4922010398
4922010391
4922010388
4922010377
4922010371
4922010356
4922010344
4922010328
4922010324
4922010310
4922010289
4922010286
4922010275
4922010267
4922010260
4922010242
4922010221
4922010215
4922010210
4922010208
4922010199
4922010191
4922010185
4922010174
4922010169
4922010154
4922010138
4922010135
4922010127
4922010111
4922010104
4922010101
4922010083
4922010069
492201006322
4922010055
4922010042
4922010031
4922010029
4922010019
4922010011
4922010000
4922003144*
4921um
4921oahu
4921bb
4921aa25
4921Panda
4921993Rr
4921950
492191013
49218904919466
49218800
4921872
4921839
492182
4921817
49217dell
4921763
4921718.b
4921708
4921699
492167
49216623
49216547
49216260
49216013
492160
49215991
492159
49215723
49215580
49215562
49215503
4921545
49215410
4921537
4921528RY
49215173
49215158
4921501143
4921501007
49214813
4921476
49214631
49214515
4921431
49214243
49214210
4921409003
4921408418
4921408299
4921408245
4921408240
4921408161
4921408092
4921408035
49214054
4921405047
4921404291
4921404085444888888
492140256
4921400992
49213904
4921385
492137997
4921368
4921360071
4921342014
4921339007
4921339001
4921338090
4921334
4921321140
4921321069
4921321036
492132030
4921319147
4921317160
4921316028
4921312
4921310137
4921310122
4921310025
4921308057
4921307027
4921306067
492130552921
49213021
49213018
4921301024
4921294
492128501
4921276
492126953975
492126654353
4921261
492125553883
49212547
492125252755
4921246048
4921246006
4921245014
49212444--
4921241057
4921238055
49212374
4921237032
4921236050
4921236018
4921236004
4921233
4921229
4921219314
49212118
4921211002
49212101
4921210015
4921207020
4921203036
492120252320
4921200035
492118580892772035
4921176
49211704
492117
4921152
49211414
492112815567
49211256
49211217
49211214
492112088
492112056
492112031
4921120
4921113
4921112055
49211049
4921102
492110035587
49210953
4921090
49210750
4921069
49210663
4921062016
4921061097
4921060167
4921060129
4921060102
4921060079
4921060054
4921060046
4921060023
4921060020
4921060013
49210600061990
4921053011
4921050025
4921041049
4921041015
4921040753
4921040570
4921040481
4921040408
4921040370
4921040362minaum
4921040350
4921040331
4921040314
4921040297
4921040284
4921040267
4921040257c
4921040253
4921040242
4921040235
4921040227
4921040217
4921040210
49210402
4921040189
4921040173
4921040167
4921040165
4921040151
4921040144
4921040111
4921040084
4921040081
4921040078
4921040049
4921040042
4921040031
4921040012
4921040004
4921040002_
49210337
4921030014
4921020382
4921020234
4921020174
4921020093
4921020066
4921020045
4921020036
4921020030
4921020013
4921020005
492101Gp+
492101046
4921010355
4921010197
4921010133
4921010119
4921010106
4921010076
4921010060
4921010046
4921010019
492101
492100304
4921000102
4920webber
4920theo
4920starr
4920pw
4920lg
4920at
49209ewmkk
492097
4920942
49209372
49209091
49208PB
492086
492083
492080002
492079kp
49207900
49207889
492076
4920740042
4920723
49206940066
4920682
49206660127
492066600696
4920653l
4920638
492061882
4920610231
4920610117
4920604
49206
492056
4920551
492053
49205207
492051302
492051114
492051062
492051
492049310n
492049
492047
492046
492042045
492041457b
492041039
4920410086
4920384
4920340181
4920340
49203281
4920316
4920310269
4920310200
4920310123
4920310111
4920310066
4920310034
492030019
492028376
492028
4920262203
4920261239
4920260207
4920260074
4920254
4920251
492024942
492024579
492022622
49202228
492021256
492021174
492021096
4920210759
4920210606
4920210538
4920210430
4920210321
4920210181
492021
492020944
492020779
4920200773
49201934
49201905
492019
49201878
49201826
4920160258boyboy
49201574
49201517
4920150150
49201411
49201288
49201256
4920123
49201223
492012099
492012089
492012066
492012017
4920117130
4920117066
4920114230
4920114144
4920110097
4920106041
492010417926
492010233
492010062
49200990
492009520
492008
49200389
4920033
4920032
49200272
49200188
4920011
49200103
49200073
4920002
492-5007
491wcva
491uno491uno
491q8475
491moni
491janie
491f0044
491dg9847
491bcandjosh
491alex
491F95117
49199aw
4919975
4919965
4919951
491994nunim
4919942537
491992312
491990sean
49199050252
4919902
491989451
491988g
491987chabelita
491987J
491987*
491985r
491985ala
4919859
4919854
49198525033
491984f,sn
491984254
4919823
4919813
4919793
491978216
4919775
491975j
4919756
49197445
4919737
491972
491970eh
491969
491964
49196285
4919613
491960075
491959
4919575
491952
491950
49194814
4919461
491942ad
4919419
49193a
4919389
4919362
49193531
4919341
4919335
491931012
4919306
4919259
4919249192
4919232
491923
49192224
49192096
491919
4919165s
491916
49191440210
4919141
4919132
491910174
491910114
491910041
491910
4919092
491908569
4919071
49190630
491905735
49190559
49190501
4919044
49190320
4919006
49190
4918am
491898215
491898
4918935
491892060
4918906
4918904
491890021
4918897
491885
4918831
491882201
4918816elaine
491881015
4918792
4918761
4918750
491874
4918718
4918691
491864
491861kp
491860teamo
491857cn
4918564
491851
4918463
491845
4918432
4918415litos
491841
491837
4918364
49183112
491830
4918293
49182773197
49182773009
49182771081
49182771032
4918270
4918241
491822
491820137010731
491820072
49182-0077
49181860206
49181774900451
4918150
49181400124
49181256
49181100142
49181100104
49181020133
491810108
49181010112
491810071
491810049
491810009
49180918
491808411
49180797
49180727
491806041
491806008
49180599
4918036
491802
4918010
49180
4917whit
4917Luke
491798258
491798213
491797238
491797215
491797144
491797118
4917968
491794151
491794141
491794114
491794106
491794035
491794013
491792109
491792053
491792011
491791041
491791028
491790206
491790122
491790
4917889
4917870
4917853
49178202737640
491781440
491781143
491781132
491781123jiew
491781048
4917804
49178
491779214
491779118
491778154861
4917780
4917754
49177314090
49177311104
491772154
491772138
491770342
491770273
491770202
491770096
491770030171130
491770009
491770
4917685
491767007
491766048
49176555
4917641
4917638552
4917624
4917620
49176102998092
491761
4917602
4917590
491758060
491758022
4917575
491757124
4917541037010829
491753107
491751abc
4917513
491749133
491749102
491749016
491749001
4917474
4917467
4917451
4917441035
4917439
491743103
491741322
491741134
491741116
491741104
491741035
4917394
491738yo
4917374
49173617
4917333
4917330
491732017
4917312105596673
491729r
4917291842
4917291
49172792019
4917264
4917262
491725243
491725217
491725151
491725141
491725123
4917247
4917244
49172415032531
4917236
4917233juanmis
49172315
4917223
4917216
49172147
49172132
49172102
491720587
49172055
49172045
49172015
49171925r
49171887
49171843
49171839
49171823
49171815
4917179
4917178
4917176
49171724
49171654
491716400
49171610
491715
4917143
49171306
491713
4917124
49171188
49171128
491711
491710063
491710044
491710025
491710022
49170979
4917089
49170755
4917070
49170698
49170606
49170557
491705201
491705053
49170450
4917035
4917029
491702104
491702022
49170080
491700438
49170031
491700236
491700206
491700166
491700143
491700087
491700050
491700001
4916michael
4916arty
4916955
491692
49169076
4916899
491688
4916878num
4916859
4916845
4916823
491680253729
49168
4916780
4916778
4916775
491677
4916751
4916747
4916736
49167310047
491673
491672
4916710
491670
4916687
4916685
4916664
49166603026
4916652
4916621
4916619
4916610985
4916610225
49165922
4916582
491656
491655
4916532
4916514
4916510
49165
491649
4916462LOLO
4916454
4916451
4916449
49164353
491642114
49164156
4916410002
49164068
491640009
4916349
49163355
49163314
491633070093721
49163227
491632075834
49163126
49163023
491628520
491628
4916267
49162567
49162528
49162490018
491623370494
4916226
491622139490
491622112
4916220
4916212631364146
491620123
49161pe
49161921
49161863
49161846
491618
49161706_kib
491616
49161523
49161410
491612149
491612062
491610z
4916102
491610024
491609
4916075
491606359
49160526
49160477
4916043
491604117
491604109
491604104
4916030382
49160248
49160203
491601054
49160091
49160040
4915phil
4915derya.
4915M10089
4915994000
49159575
491595
4915936
4915890
49158845
4915879204519
491587049
4915825s
4915809
4915801
491578k
4915780
491577
491576090
4915746
491574
4915732
491572
49157
4915653ep
4915651
4915627
4915624
491561
4915597
4915582
491558
491554
4915532
491551
4915507
491550247
491550147
491550092
491548
491547
4915456
49154390
49154313
491541200
491540023
491537
491535075
491535
491534
49153064
49153028
491530046
4915290
4915281
49152780037
4915272A
49152600
49152525
4915235
49152203
49152196
49152046
491520378
49152029
491520169
491520114
491520073
491520013
49152
491519
491516mk
49151309
491512168
4915117ice
4915110109
49151075
491510162
491510076
491508
491507
491505023405
491504
49150246
4915020001044
4915016549
4915016
4915008439
49150063
491500038
4914susan
4914ligiasibaja
4914N10014
4914993770
4914980213
491497106
491497072
491497015
491495A
491493
491491491
491491
49149
4914890845
4914840544
49148373
491479202
491478002
491476059
491471080
49147007007
4914680030
4914651
491464045
4914632363312
491463215
4914631
491463
49146145j
4914610086
4914609
49145gnm
491459001
4914550
49145261
49145198
4914510064
49145
4914491
4914482
4914480081
4914479
491446
4914439d
4914421
49144023002
49143920
49143249164151
4914315
491431032
49143
491429
491426
491425
491423
49142267
4914220101
4914217
4914210004
491420105
49141max
4914199
4914181006
49141777
491417435
491417403
49141730
49141683
49141580
4914150224
49141476
491414
49141370104
491413012
4914126
4914121115
491411140
4914110097
4914110064
4914110018
491411001
491411
4914101
491410033
491409a
4914092
4914080
491407or
49140712
491407
491406141
4914045
491403123
49140300
49140284
49140247
4914022
49140119
491401
49140071
49140023
491400
4914***8299
4913nok
4913madonna
4913jl
4913beard
49139toi
4913955es
491391
4913871930
4913810008
491380
4913786
491375815
491373021
491370592
491370530
491370502
491370452
491370369
491370319
491370220
491370187
491370150
491370097
491370077
491369
49136589
49136390
49136114
491360077
49136002
49135975
4913591710072533
491359
4913585
49135774
49135760
491357140857074722
49135615
4913526
4913521
4913504
491350183
491350169
491350052
49134999
491348
491347498405
49134526
4913448
49134455
49134324120
4913426
4913412
4913410001
49134040234
49134040
4913402
4913400m
49133790
491336
49133490212
491331801
49133070114
491330408
49133028
49133
49132920111
49132900115
49132810133
491327@birmingham
49132797053
49132792123
49132780126
4913277
4913265
491324
4913236
491321
491320407
49132040
491320129
49132009
49131idsk
4913189
4913141
4913123
49131151
4913110092
4913110055
4913110024
4913109
491310206
491310193
491310149
491310133
4913101
491310018
491310001
49130966
4913092
49130854
4913076020JAVA
49130623
4913061
49130532
49130483
49130387
49130333
491303
49130179
491301
49130072
49130034
4913-baron-0541
4912nr
4912main
4912iris
4912N10014
4912980123
4912966eds
491295W
4912951
4912929k
49129248
491291945
4912911
4912900088
49128decdme
4912889
491288
4912867
491286
4912832
4912815
49128
491278
49127746
4912772bzd
4912756
491274071
4912710
491270094
491268
4912634
4912611342
491261
4912601004
49125978
4912574l
49125508
49125437
49125322
4912526
4912520024
491251263
49125042
4912501107
491250
49124926
4912491
49124833
49124773
4912475
49124715
49124629
49124561
4912450
4912444eu
4912437
49124357
49124244130
4912416
49124145261230
491241054
49124070317
49124070226
49124070115
49124040131
49124028
49124010319
49124010155
49124010125
491240033
49123932
4912390
49123855
49123846
49123639
49123547
4912352
49123500231
49123500117
4912345
4912334117
49123330503
49123330113
49123290107
49123210220
49123200135
49123180221
49123150210
491231091
491231066
49123070121
49123050109
49123023
49123013101
491230051
491230047
491230032
491230001
49122920105
4912290030
49122856
4912283
49122810121
4912280
49122765082
49122765
49122760105
4912274
49122712
49122710113
49122681125
49122644
4912258
4912255
49122524
4912252206
4912252130
49122491
49122470222
4912247
49122420124
4912240117
4912233
4912229
491222
49122152531350
4912212
49122096
491220740
49122055
49122018
4912201
491219814
49121904
49121898
491218
49121726
49121708
49121673
49121661
49121634
49121609
491216069
491216018
49121555
49121514
49121505a
49121495
4912147
4912143
49121415
49121321
4912130
4912128
49121215
49121206
4912120
49121163
49121140
49121130
4912110139
4912110110
4912110024
4912110014
49121096
4912104430
4912104302
49121042
4912103343
4912103001111
4912102670
4912102336
4912102302
4912101314
4912100840
4912100520
4912100200
49121001334
49121
49120997
4912099001134
49120977
491209544
49120942
4912091
49120876
49120870
49120836
4912081007
49120734567890
4912071
4912069
4912066
49120629
49120618
491206
491205867
49120580
49120521
4912051016
4912049lex
491204855
49120461
4912045038
49120439
49120391
4912038andre
49120367
49120345
49120329
49120305
491203021203
49120299
49120280
49120272
49120240
49120216
49120209
491202
49120188
49120132
4912010
4912006
4912005
49120022
491200136
491200011
4911west
4911s4911
4911n10002
4911lynn
4911jlb
4911NORTH
49119837
4911982
491196
49119381
491193
49119217
49119034
4911884
491188
49118659
491186
49118508
4911842
4911838
4911831
49118288
491182
4911808
49118060
491180
49117831
4911766649105422
4911744
4911740
4911727
491171095
491171074
491171013
4911705beanz
491170
4911698
49116930246
49116930198
49116930034
4911676
49116720083
49116720021
49116676
4911648
4911620
4911604042
4911604019
4911604014
4911604005
491160298
49116012045
491160117
4911600163
4911591
4911581
491157
4911563
4911549S
4911546
491153093
491153057
491153045
4911530032531
4911526232
4911526210
49115182004
49115131531327
4911512
4911510333
4911509885
49115087
4911507632
4911504878
4911503417
4911502757
4911501445
491150036
491150003aor
49114dt
4911496047
49114937
491148
4911459
491145421333
49114542039
4911454
49114532036
49114512151
4911450005
49114410040
4911436
4911430
4911429006
4911428058
4911428015
4911427500
4911426767
4911425023
4911424747
4911424036
4911421347
491142022
491141lsds
491141910
4911415
4911412908
4911412239
4911411629
491141047
491141011
4911410015
4911408006
4911406595
4911404962
4911404103
4911401927
4911401463
491140
4911383
491137115
4911359
49113509
49113335
4911333
49113313
49113269
4911315754
4911314583
4911311176
4911310326
4911310201
4911310171
4911310076
4911309674
4911308510
4911306936
4911306
4911304295
4911304051
4911303578
4911303057
4911302050
4911301380
4911300822
4911299
4911289
4911283
49112820067
49112774106
49112772257
49112772238
4911274tito
491126882
491126128
4911258242253
49112520036
4911250165
4911250029_250126
491124853316
491124851927
49112472009
49112470100
49112470002
49112460034
491124492
49112442007
491124138
49112412009
491124020xx
49112338
491123153195
49112227
491122141
491122103
491122
49112181
4911216080
4911216067
491121451840
4911214
49112128
491121166
491121148
49112112012
4911210403
4911210293
4911210190
4911210167
4911210078
49112094
49112086
4911204396
491120409
491120401
4911203356
491120304
4911202580
491120215
49112010021
491120023
491120
49111930
49111914
4911190066
49111856
4911170
491116092
491116058
491116044
491116005
491115
4911144
49111310019
491112577
49111206032
4911120011
49111198
4911119
4911112007
491111114
4911110535
4911110495
4911110414
4911110368
4911110337
4911110213
4911110103
4911110069
4911110000
49111066002
4911106
49111046037
491110285
491110211
491110140
4911101096
49111010641161
491110081
49111
4911084
491108136
491108107
49110758
4911071
4911064
4911063
49110602
4911059
49110570
49110526
49110465zxc
491104621
49110416
491104
49110354
491103024121
4911030
4911023001
49110227
491102050323
49110201
4911016
49110147
4911010751
4911010685
4911010621
4911010334
4911010305
491101025
4911010019
491101
491100953623
49110088
49110083
491100619
491100479
491100453956
491100352147
491100259
491100253572
49110018
49110010410
49110010304
49110010099
491100055213
4910tito
4910mared
4910kap
4910dlh
4910dc
4910991
49109887
491096
4910941
49109176
49109010329
4910899
4910893
49108912288674
491085pv
4910857
491083b
4910819
491081161
491081129
491081116
491081015
49108046
4910801058poo
4910801029
49108
49107774
4910764283
4910757
4910751264
4910750167
49107499
491074*9
4910729
4910720041
491071335
491071238
491071211
4910712
491071025
491071010
491070s
491070019
4910687
491066
4910649278
491064771
49106420
4910640145
4910634
4910630
49106230
491062179
4910613530
49106131
4910613009
491061126
491061100
491061037
4910610247
4910610123
4910610071
4910610063
4910610015
4910608
49106023
491060160
4910601026
491060057
49105981
49105926
4910585
49105740311
491057
4910562
4910558305
4910558123
4910551045
4910550061
4910550013
4910548496
4910548199
4910540089
4910526
4910520115
4910515110
4910515022
4910514066
4910511008
4910510167
4910510011
4910510
4910501073
491050009
491049571
491049170
491048
4910473
491046610
49104516
4910443
49104300
4910420
4910405
4910402a
491040132
49104010130
491040030
491040
491039
49103741133
4910360082
4910355
4910353
4910348
49103310
4910330
491031424
491031315
491031251
491031190
491031121
491031048
4910310189
49103070179
49103070
49103053
49103045
49103030
491030268
49103010407
49103010146
491030097
49103
491029822
49102965
49102930
4910291
49102838
491027229
49102692
4910263492
4910263047
4910250073
491025
4910239
4910232
4910224
4910221
49102157189829528383
4910210939
4910210826
4910210589
4910210432
4910210320
4910210156484329005
49102024
49102010298
491020059
491019
4910180
491017
4910160049
4910157
4910151
49101494910149
4910144055
4910138
4910131
4910127
4910125427001
4910125410078
4910123432078
4910123318016
49101231247266
4910122113009
491012077
491011401
4910113
49101124a
491011225
491011093
4910110660
4910110600328
491011056
4910110470
4910110349
491011027
4910110140
491011
49101066
491010252
49101020104
491010107
4910101037
4910101030
49101010132
49101010009
491010066
491010053
491010045
491010035
4910093
4910092
49100845
49100794
491007
491006
491005528
4910052ptptb
49100442
49100399
4910037
49100305
491003
49100233
49100189136
4910018
4910015
49100145116
49100140126
49100140101
4910011
49100101130
491000589
491000
491-crime
491-7217
491-1081
491-0272
490west
490oldpostroad
490north
490g503g
490est
490ass
490ASTER
4909holiday
4909997
490998
4909965
490992
4909902
4909875
490986489
49098542
490985
490982734
4909800008271
4909760
4909743
490971
49096efttd
4909687
490965
4909625
4909620058
4909615892
4909613665
4909613202
4909610786
4909602
490957
4909555
4909548
49095240
49094834
490946900
490944856
4909424
490940133a
49094
4909373573
490932799
49093
490926
49092563
4909224
4909201027
4909201013
4909188
49091551995
490915
49091474
49091382
49091344
4909131
4909120
490911014
49091078
490910
4909089
490906750
49090612304
490905464079
490905005
4909041
4909033
4909018
49090149
4909011
4909007
49090
4908uu
4908ms
490897bby
490895
4908931
4908922
490891
490887554
4908854
4908832
4908822
490880001
490877
490870
490868567
4908661k
4908648/
49086407
490860
49085338
49085111
4908501
49084908
49084871
490848
490845
4908419
4908406
49083abc
4908388
490837055329
490832017
49083108
490831046
49082pphrz
490828
49082524
49082332
490823012
4908214
4908201
4908199
490818zay
4908149
49081270
490811v
4908111033
4908110314
4908105320
4908104326
4908104304
490810356
490810329
490810269
490810235
490810142
4908101311
490810086
490810054
490810005
4908100022
4908099
490807293
490805130
4908050
49080282
49080179
49080137
4908007
49080
4907mk
4907love
4907ee66
4907981
490798
49079341
490792
49079101
49078sr
4907880
49078788
490787065
4907847
4907830
49078175
4907812
490780031
490778321
490772
490770
49076266
4907611752
4907600078
49076
490757
49075574
49075101
490750
4907491
49074860
490747
4907461
4907442
4907411
4907405g
49074
4907388
4907381
49073670
4907343
4907331700193886
4907325
490731027
490726-4
49072527
490725003
490725
4907240
49072315kp
4907208
4907185
490718
49071665
490715
4907140
4907128
49071252
4907111405msn
4907103326
4907102305
490710167
490710087
49071006
490710014
4907100102
4907100013
490709
49070860
49070815
49070721
49070691
4907066
490706
4907041mariana
49070391
4907035
4907030524
490702467504
490702466174
49070078yok
4907002671
490700
4906jonny
4906dg
4906985
4906964
490695
4906913
49069070
4906901
49068m
490688
490687
490686
490682
4906810
49067943
4906720976
4906720836
4906710522
4906707
49066828
4906676
49066715
4906656
4906635
4906614013
4906613262
4906612728
4906611225
490659
49065823
490654
4906535200
4906520285
4906520137
4906513
49065107
4906502978
49064906
49064664
4906456
490644
49064362391
490643011
4906424967
49063998
49063691g
4906342
49063228
49063
4906285
4906270
49062513
49062307
4906223
490622
490621010
490620sm7
4906205014
4906203
4906200025
49061998
49061965
49061866
4906180338
490616jk
4906166832
49061633
490616
4906131950
490613
4906129
490612262
490612181
49061210
490612
4906117470
49061095
490610697
490610652
49061056
490610519
4906105030
4906104406
4906104335
490610376
4906103389
4906103353
4906103078
4906103049
490610269
4906102062
4906101888
4906101382
4906101089
4906101056
4906101033
4906101009
4906101007
490610049
49061003
4906100100
49060men
4906091527
4906087095
4906082286
4906078
49060705
490606
4906054996
490605464079
49060537
49060486
4906041969
4906038155
49060369
49060310
490603
4906029394
490602467018
490602466574
490602465623
490602464045
490602463704
49060203
4906013448
4906012465
4906010039
4906010013
4906009651
4906003514
49060020
49060012
4906+32
4905xo
4905lg
4905irg
4905baby
490599..
490597
4905945
4905940
4905930
4905919
490590
490588
49058519
490584
4905828
490582
4905786
49057785
4905751
4905743
4905700607
4905700193
4905700110
49057
4905680726
4905680528
4905655a
4905616
4905611010
4905610590
490557
4905566
4905554
4905535
4905524
49055103
4905503092
4905500001
4905497
490547
490544444
4905426
4905412
490539ra
4905396
49053850
4905381
4905373
49053507
490533
4905325
4905300
490529
490528
4905266
490525
4905245
490523002
49052211
49052122
490521
4905201
490520
49051874
4905182
49051583
4905132
4905123
49051127
49051103
4905110039
4905110008
490510899
490510871
4905108110
490510780
4905107068590
490510690
490510561
490510439
490510386
490510345
490510315
490510211
4905101468
490510132
49050969
49050913
490508865495
49050819
4905070
49050679
49050601
49050589
49050551
49050507
49050362
49050327
4905021
490501114
49050106
4905010140
4905007
4905003d
4905002
4905000784
4905000283
490500001
4905
4904mecl
4904me
4904jag119
4904ever
4904985
49049527
4904946
49049394
490491
4904900122
490489
4904869
49048539
49048402
4904806dk
49048022
4904800013
490478
49047685
490473kv
490473
49047229
49046957
4904682228
4904680
4904661
4904641042
4904636
49046320
49046220137
4904600519
4904600421
4904600296
4904600134
4904600049
4904600020
490459
49045407
49045041
4904502285
4904500009
49044904
49044900178
490449
4904477
49044610208
49044601
49044420113
490444
49044199
49044170122
49044008
4904400092
4904400015
49043980224
490439
49043880
4904378
49043678
49043590178
490435901420376
490435600
49043496150
49043494306
49043494283
49043494232
49043494179
49043494118
49043492186
4904349101
49043412
4904338
49043336
4904320039
4904320023
49043161
49043107
4904305108
4904300354
4904300067
49042vero
490428
4904270
49042673
49042513
49042476
49042380127
490422
49041960143
490417
49041661
4904151_q
490415
49041273116
49041257
4904122
49041151248
49041151140
4904106349
4904106001020
4904105090
4904105078
4904105066
4904104331
4904103312
4904102355
4904102344
49041021113
49041021111
4904102003
4904101366
4904101158
4904101099
4904101049
490410072
4904100475
4904100431rapeepan
4904100344
4904100257
4904100082
4904100046
49040901221
49040851
49040656
490406463945
49040501321
49040501246
4904050
4904046
49040456
49040427256
490404264570
49040423131
49040421
4904039
490403664441
490403465496
49040333
49040325139
49040319
49040302243
490403
490402664532
49040263109
49040249130
490402462
49040236120
49040235
49040218
49040201
49040199
490401666067
490401463139
49040113
4904010043
4904007
49040046
49040003125
4904
4903n945
4903QUINCY
49039934
490399
49039561
490394010
490390jaja
49039000128658116
49038808
4903870
490384
4903800
49037941
49037763
49037732
490377
4903725
490369d
490368
490365d
4903657134679
49036477370
4903621
4903615
49036100
49036
4903590
4903571
490354
49035314
4903520122
4903520049
49035171
4903509745
49035089
49035049
49035014
490350
4903488
4903478
4903469
4903447
49034129
49034041
49034019
49034000
4903392823V
490334
49033221
49033117
490331
4903272
49032686
49032626
49032264903226
4903200047
4903200032
49032000
4903194
49031701
4903164IVY
4903145m
4903132
49031204050607
49031135
4903107
49031050126
49031036
4903103346
49031020164
49031020148
490310096
4903100262
4903100177
4903100082
4903100019
490309467990
4903075903
49030725
4903067751
4903060160
49030571
49030554
4903054353
4903048
49030430
4903040576
4903037929
4903034975
49030282
4903027771
4903025312
4903024182
4903023671
4903021007
49030148
4903014282
4903013
4903011015
490300D
490300905
49030088
4903003665
49030030
4903000831773368
4903,ole
4902sky
4902adam
49029cdjbz
49029978
4902982
49029550
49029423
4902930
490291
49028888
4902880
490285
4902846
4902827
4902810
4902808
49027993
49027930
49027792
49027660
49027574
4902744
4902715a
49027053
4902691527
49026815
49026698
490265
4902637
490262
4902601
4902588
49025769
49025698
49025649
490253b
49025341
49025288
4902525072
49025226
4902520095
49025194
4902516840
4902510128
4902510114
4902510083
4902510043
4902510031
4902509035
490250584560
49025036
4902458
490244
4902427677CC
4902414079
4902407925
4902402013
4902399
4902387218122527
4902370
4902365
4902355
4902325
490232178
4902320412104
4902320037
4902318
4902310068
4902310015
490228
49022702
490226
49022491215
490223
4902222
4902210055
49021991
4902177
49021631
490216
490215
49021375
49021303
490212512912010
49021106062
490210722
49021033
490210250
490210241
4902102038
490210179
490210139
4902101329
490210091
4902100605
4902100461
4902100272
4902100080
4902100034
49020jujaj
4902096025
4902091430
4902083841
4902080920
4902077199
4902074824
4902069345U
4902065673
4902060534
49020542
4902053133
4902047432
4902043803
4902040379
4902038050
4902030974
4902027921
4902024753
490202038
490202001
4902019241
4902018854
4902016
4902012659
4902009929
4902002437
4902000928
490200
4901wv
4901sj
4901lm
4901ee
49019999
4901989
4901969
4901953
4901919
49018990
490189492045
490189102434423
490189
490188
49018708
490186103
49018462
49018317
4901818
490181
49017comolau
490178
4901749
4901738
49017260
49017110
4901700072
4901700041
4901682379
49016734122
4901671
49016527
490164056405
49016402
49016334
49016292005
4901627
490162.com
490160
49015861
49015831pla
49015804
49015779
490157
49015588
49015581
4901556
49015518
490155
49015470
490154464243
49015422
49015345
49015338
4901529
4901524
4901520023
49015175
49015154
4901511
49015103
49015028
4901500113
4901497
49014901
49014628
4901453326
4901451
49014415
490144110
49014343
49014265
49014229
490142114
49014200
49014124
490140129
490140
4901394
490138
490137
49013597
4901353
49013494180
4901342
49013318
4901328355555
4901326530180
49013215
4901320210
490132
4901317
4901316457
49013115
49013032
4901300123
49013
49012924
4901288
490128
4901274
49012728
49012675
49012632
49012616
49012503
49012492
49012425
49012380
49012332
49012322
4901225
49012230
49012185
4901213
4901208031
4901207061
49012050
49012023
4901202078
4901202005
49011992
490119523
4901185
49011752
4901170
49011550905
49011545
49011510155
4901150231
490115
49011420163
49011420078
49011410511
49011410001
4901135
49011321273
49011320408
49011320087
49011311722
4901131106
49011310744
49011310244
49011310192
4901127
49011250
49011231
49011222
49011220581
4901122046429
49011211766
49011211758
49011211671
49011211326
49011210921
49011210109
4901121010+
49011208
490112016
49011171
49011147
49011125
49011110808
49011110422
49011110008
49011087
4901108269
4901108237
4901108207
4901108076
4901107328
4901107311
4901107222
49011072
4901106047
4901106001
4901105520
4901105340
4901105313
4901105261
4901105217
4901105070
4901104089
4901104017
490110384
4901103091
4901103069
490110298
490110258
4901102282
490110227
4901102020
49011019315
4901101440
4901101319
490110116
49011011440
49011011161
49011011032
49011010695
49011010581
4901101053
49011010400
4901101037
49011010121
49011010067
4901100e
4901100558
4901100453
4901100285
4901100246
4901100214
490110011
4901100104
4901100089
49010994
49010971700
49010970605
49010970199
49010960
49010951
49010933
49010924
49010914815
49010914603
49010914175
49010914080
49010913787
49010913447
49010913434
49010913355
49010913088
49010912980
49010912894
49010912726
49010911877
49010911682
49010911593
49010911258
49010910897
49010910467
490108999
49010882
49010865
49010811273ao
49010811024
49010810726
490108
49010795
49010776
490107656411282
490107464026
490107464012
49010720153
49010720112
49010720033
49010710135
49010694
49010620306
49010610698
49010610307
49010610040
4901058596
49010559
4901055022
490105467522
490105465510
490105363456
4901053034
490105263015
49010521621
49010520822
49010511616
49010511453_jum
490105110036811
49010510816
49010510674
4901051066
49010510431
49010510256
4901049694357686
49010487
4901047128
4901045023
490104466263
490104366034
4901043135
490104263274
490104125
49010410082
49010410017
490103s
4901039737
49010382
4901036717
49010347520112
4901033680
4901033022
4901032004
49010310493aom9117
49010310297
49010294
4901028516
49010262719
4901025
4901024223
4901023110
4901023036
490102234
4901022030
49010220012
49010211636
49010211165
49010210761
49010210743
49010210721
49010210677
49010210516
49010210457
4901021009
4901020778
490102031
490102013
4901019531
4901018921
49010173
490101462404
4901014144
490101363741
4901013054
4901013031
49010126
49010121822
49010120911
4901011439
49010111813
49010111482
49010111057
49010111006
49010110536
4901011043
49010110102
4901011
4901006116
49010051
4901002
490100011
4900spd
4900lddc
4900hk
4900ekp
4900ba
4900Dell/
490099
490095e
49009456
49009292
490092029
4900918E
49009103
49008wmu
490088k
490087
49008482
49008335
49008319
49008280
49008158.
49008088
49008038
49008014
49007939
49007883
49007869
49007748
490076
490075
4900714
49006975
490067748
49006595
4900658
4900655
4900618
4900610013
4900603
4900587
4900569
4900542338
4900539
49005277
4900507
49005
49004851
490047425n
490046e
490044466
49004090954d
49003970
49003966
4900378
4900362jc
4900359
49003534013
49003514
49003498112
49003498049
49003490052
490034213
490034
49003263011
4900319
490031108
4900304
490030
490028479
490028
490027
490026
4900250
4900249
490024311
49002399
490023
49002238
49002170202
4900188
4900170
4900165
49001507
4900148
4900146michaeljac
4900139
4900133
4900126
490011477f
49001010688
49000880
4900080070
49000789
490007210125
49000639
490005
49000422
49000256114
49000156
490-43633
490*490
49/524
49/15/
49-74G
49-135
49+3392
49*44277710+
49%sweet51%bitch
48yr1942
48yellow
48y7s2
48x12x48
48wk7s
48with
48weyq2
48vgt84
48verGonta
48vballgurl
48valvev10
48uzpkir
48ulk4s3l4
48tucker
48trojan
48tmanrulz
48tj=bf4l
48thstreet48
48thgigglez
48tear!
48sugar
48stluvr
48star
48spike
48snumbr1
48shawn
48seas75
48sandy
48ryeroad
48rumsey
48roxxy22
48ronald
48rocks
48rn7724
48riyo
48red31
48rd16b
48ramo91
48radio
48r33210110
48qust
48princess8
48pow58
48poohead
48points
48pl48mn
48pitula
48pinklover
48pinar48
48petwynclose
48penitro
48peaChes
48parklandssq
48oth-oc
48ond7ic
48o7977001
48nz926
48nor8folk26
48nikki
48nf928
48nach
48n6069
48n0069
48muss91
48mpiled
48moon84
48mn48
48miles
48medium87
48me84
48md32
48mayrox
48mayrock!
48mayarmy
48maxx
48maryht
48marangoni33
48man.utd24
48madill
48m8el
48m1980amerika
48luvit
48lufkin
48lt328
48lover
48loomis
48ll60
48lica
48lewgars
48lawsaz
48l54$44
48kyrha
48kpmk
48kiwi48
48kitten
48kf.579
48kary48mil8mil
48judithst
48joketi
48joeltqm
48jk3374x8
48jjfan
48jj78
48jfk6209
48jessie
48jason74
48jakkalan5055
48iy9on
48it1m6psd7
48inches
48ilmdbar
48hunter21
48hum39
48hsd6
48hourfilm
48hotboy
48honda
48hll48
48hil48
48helen
48heart20
48hayden
48hakan48
48gtah
48greenlawn
48green
48gooch91
48gerrard48
48gemini
48gcgd
48g8gk
48fy6pkb
48frogs
48franklin
48foureight
48fordham
48folder8
48fess
48fe588
48fansrock
48f0058ann
48evaave
48elmetehill
48eikcor
48edengrove
48east
48e853li
48dweron
48donuts
48diss
48denver
48dee
48days5
48daniel06
48d6]ojkiyd
48d2103
48curious
48ctjs84
48crowestreetgort
48crazy
48cows
48coper46
48concepts
48cmommy
48clason
48cksonpol
48chris49
48chevy
48charrox
48cartoon
48carrera
48caprice
48cables
48ca651
48c397c6
48byte
48buns
48bryce84
48boyz
48bomiN
48board
48bluegirl
48blockcuz
48bird
48beer48
48bcat
48baby
48b8f5
48b7cg
48ashley
48asdb2720
48arvme
48arnim
48anz925
48angels
48amxs
48amagno
48alber
48adam16
48a5wi
48a26q
48_teamo
48_05681006
48Tivoli
48PACK
48N6094
48Mr.Magic
48MYNA
48L2w9DW
48Jimmie
48JG07
48Hampden
48Freedom
48FR59PE
48FAMILY
48E213C
48DY48
48DAVID
48Carrodus
48;y9;b0b9ilki
489tor49
489nzsxc49
489mac/
489keely!!
489hioav
489fifim
489doi362
489da28e42
489bbq8
489b99
489abr
489KENILWORTH
489BBQ8
4899nccu
4899maia
4899lc
4899january
4899db
4899aslan
489996
489995d
4899924
489990
489989400
489984805
489979086n
489975
489969979
4899669
489966
4899650
48996323
4899619
4899595
4899548
4899520119235102
4899503
4899489
4899468
489944608
4899438
48994255
48994175
489941
489937
4899326
4899310
48992e
4899280
48992530
4899229
4899201
489920
4899173
4899136
4899126
4899113
489909love
4899095
489906712
4899048
48990022
4899
4898rita
4898999
4898985
489898
489896
4898924Mark
4898899
4898847r
489882702
489880
48987hl
4898776
4898764
4898752
4898727
4898710
489870
489866821
489864
4898632
4898621
489859
4898584
4898550
4898542
4898523
48984997RE
489847746
48984555
489843
48984099389832
48984
4898360sf
4898340
489833
4898306
489828
489825
4898229
48982067
489819
4898160
489815
4898126
489811
489810
489808
4898072
48980536
489802
48980
4897zksmj
489799561
4897977246
489793
489789816908
4897887
4897876
489786
48978
48977432-jpolete
489772
4897705
48976mah
489769
4897654
4897625
489762
48976
489758
48975611
4897555
4897543
48975321
48974vbzpr
48974812
489746845124
4897460
4897425
4897403
4897388
4897364
4897334
4897313
48972l
4897293rip
489726
489723
4897153
489712
489710
4897081
4897018
489700
4896wing
4896sinobi
4896mcy
4896abcd
4896KokoRoad
4896996
4896902
4896870152335210
489686489686
4896806
4896782rmd
489674
489672p
4896705
48967
4896666
4896652a
4896623
48965chels
489652
489646
489645
4896404
48963722
4896325841
4896314
48963
4896292
489626segr
489625
48962412m
489622
48962102a
4896204
4896142
48961234
48961215
489611
489602
48960000
489600
4896**
4895wed
4895nn
4895mm
4895jph
4895bowwow
489599498
4895971
489596
48959446746060
4895911
48958948
4895873
489584
4895802
48957txem
4895696
4895683977
489567231
4895659
4895647
4895634
4895630
4895623arc
489562
48956
4895588
4895562
489555
4895522
489551
489548
48954264
4895407
489538
489533
4895314
48952dndzx
4895290
489526
48952525
4895249a
4895214
48952077
48952007
4895178
489516
489512
489510216
4895062
489505
4895004
4895
4894maya
4894fennell
4894NH
4894998
4894956
489492
489489489489
4894869
4894824
48947750
489476
4894685
489468
4894661
4894626t
489461
4894608
4894592
4894570
4894567
4894564
4894502
489449zmk
48944894K
4894481
489446
4894413363
489439
489437
489434
4894317
489431
4894271
4894237
489423
48941a
4894166beggz
4894100
4894048
48940300
4893smq
4893na0j
4893ANGIE
4893922
4893915
4893858
489377inter
4893752
4893710
489366
489364
4893625
4893601
48935700157
489355
48935
48934893jj
4893416
48933953
489333
4893322
4893312
48932mj
4893295
48932506
489325
489321
48932
4893143
489313
489312
48930djbhw
4892viviana
4892mr
4892kisor
4892bear
4892_leo
48929dbxhg
4892984
48929200
48928975647
489289
489285c
489284280
4892808v
48927790
489277
4892739
4892723
4892695
489268
489266
489263079
4892628g
489261
489259
48925321
48924737
489246
489245
48924294892414
4892406b
489240
4892396
4892383
4892368
489233
489232
4892314
489231
489229aha
48922939
489229
489226
48922394
4892230
4892225
489220467816
489216218744
48921412
48921058
489210
489208
4892047
4892023
489201
48920
4891rich
4891me
4891laptop
4891fumiye
4891_mar
4891996
4891978
4891965
4891936
489192ed
4891920
48919092
48919051
48919031sy2111yo
48919
48918850A
4891875
48918666
4891828
4891822
48918170
4891816
48918008
489177
4891747
4891727
489171jr
4891717y
48917081
48917031
48917
48916668
489165321
4891639388
489162
489161
48916006
489159
489158
4891570
489156
48915326
489153
48915210
48915040
48915022
4891499
489149
489148
489142
4891418
48914121212
48914072
4891390
4891373
4891342
48913253940
48913101jd
4891307
48913005
489129
48912607
4891248912
48912355435
489122
48912106
48912080
48912001
4891189
489118
4891171
48911612
4891142
489113yam
489113+99
4891124e
4891122181
48911170
48911130
48911002
48910s
48910iye
489109081
4891085rumah
4891079
48910652282
4891056
489103511
48910322
48910280
48910211
489102
4891017
4891011
4891000
4890sah
4890rak
4890kmoks
4890jhonatan
4890dag
4890amit
4890adli
4890998
489099
4890935
4890928
489092
48908fbeiz
4890871
4890832...
4890815
48907uxaiu
489076509
4890759
489075
4890710588254
489069502
489065501
4890619
489060834
489060263
489056
489054
4890510
4890506233
4890503255
489050
489048792
489046783
4890456
4890443
489043114
4890429
4890421
4890399
489036876
4890360
489032
489031
4890302
489027284
489024800
4890237
4890218
4890206
48902
489019116
4890159
48901560
4890128
4890122789
4890109
489010
4890091
4890083
489008
4890070
4890061
48900544970366
4890047683
4890044
4890030
4890029871
4890020
4890018619
4890015250
48900106
4890008
4890007
4890
488upbne42
488samoana
488pruq
488lpl12
488khodt
488inscrutable
488gary*
488e66
488by62
488ath
488a66
488UTYTV88
488ISA
4889yaya
4889pj
4889ladybugs
4889bands
4889991
4889973
4889917
48899
4889893
4889887
488987228
4889850
4889832
488982835
4889791
4889727
48897100
4889682
488966415
488966
488965239
4889614
488958687
48895396845671023
488950jw
488949025
48894889
488945630d
488941093
488937c
48893636
4889281
488925
4889238
4889226k
4889204
488920
488917
4889160320
4889144
4889140570757
488912
488907784
488906918
4889035
488901517
48890
4888sr
4888mf
4888emo
4888chris
4888bibi
4888UWKA2379
4888980p
4888949
4888931
4888897
4888888
4888868
488886
4888854
488884025
4888819
4888789
4888753
488866
488864
488857
48885520
4888487
488847
488844A
48884422
488841m
4888399
4888333
4888329
48883191620
48882vfssc
488825488/394
48882477
488822
488817
488812218752914
48880xbtpe
488806
4888035
4888022
488800595
488800
4887naar
4887krp
4887Ff87
488797130
488796
488790
4887881
4887801S
48877786
488770
48876usmc
488768509
4887650
4887615
488759
488755
488752
48875043
488749171
4887470j
488740498
4887358
4887346
4887324
48873091
48872meprg
488723
488721
488714e
488712
4887107
488705da
488703
4887016
488701
48870
4886life
4886fernandes
4886allie
488699taylor
488696
488691
4886875j
4886835
4886812984
48868046
48867706
48867484
4886726
488668
4886677cm
4886655
4886640
488663
4886612
4886595
4886584chris
488656j
4886551D
4886533
4886527M
4886515z
4886481ad
4886464
488645
4886435
4886422
4886366
4886335
488631
488628jcs
4886248904
488623
488621379
4886204
48862
4886181
488613
4886113joham
4886072
488606
4886039
48860
4885sm
4885ony
4885koda
4885gnvht
4885992
48859631a
48859451
4885935
4885911
4885900
4885882
488585
4885818
4885754
4885678
4885650
4885633
4885617
488561130
48856105
488555
4885545
4885514,1176
48855
488548
4885456
4885429
4885402
48853mkznr
488533
4885328
4885311
4885277
4885260tai
4885244
4885229
4885214
4885209
4885202
488519
48851599
4885135
488512
488511
4885106
4885097
4885079
4885058
4885046
4885018
488500b
4885
4884vanj
4884puma
4884frog
4884austin
4884allen
4884V
4884990
488497
488496
4884949
48849319
4884913
488491.l
488489
48848791012
4884868932777
488485
4884805
488478
4884772
488475
488473
4884724
48847164873
4884704
4884664886
48846475
488462
4884615
488459
4884587
4884570
4884562
4884555
4884545
488453120
48845028
488449223
48844774
488445
488442
4884411
488440
488438
488433
488430
4884298
48842884
488426
4884249
488422
488420
48841871
4884147
48841234
4884111953
48841
488405
4884044
4884020
4883uga
4883klj
4883jd
4883duyh
4883986
4883977
488395481177716
488393
4883877
4883864
4883842
488384
4883814
4883763
4883755
4883749
4883733
4883703027
4883688
4883669
4883644
488356p
488356
488355
488352
4883492
488346
4883429
4883388
4883361
488334
4883332
4883323123
4883317
48832891jj
488326
488325
4883218
488320
488319
4883167
488316
4883132
48831039
48830947403314
48830562
488304
4883018
4883006
4882zyyf
4882oberwang
4882gtqne
4882ch
4882aa
4882953
4882938
48829293
488290
4882890
4882862
4882841
488282
488281
4882800
488273
488271
488269
4882685
488268
488264t_t_li
488263
4882597
488259
4882583
4882566
4882549
4882507
48824882
488243
4882407
4882404
4882389a
4882376
4882370
4882357
488231
48822890
4882275
488225
488222
4882196
4882147df5
4882123
4882085
4882052
488205
488202
4882010
4882002
4881rhdjr
4881mot
4881fcuk
488199202
4881941
4881916k
48818792008
4881823
48817mm
4881772
48817081983815
488168SD
4881671224
4881655
48816431nam
4881613
48815lost
488158
48815443
4881521j
48815
4881497
4881439ad
488143
4881420
4881412
488139
4881376
488136
4881348
4881336
48813180120
4881306
4881279
4881262
4881258kayla
4881236
4881210
48811xxx
488119
4881182
48811413
4881132037
4881132010
4881126024
4881123025
488111
4881107038
4881105
4881097101
4881077
48810553
488104
488103
488102137
488101ana
48810122
4881012
48810072
4881001
4880gata
488097900
488094
48809004
488088003
4880865
4880855
488085
48808433
48808405
488083
488080
48807401
488070
488068307
4880675
488065
48806420
488063809
488063
48806188
488060
4880588
48805260
488049491
4880490
48804880a
488046219
488042864
4880414
4880396
4880380011
48803415
4880314
4880304
488028815
488028182
48802792012
488027
488024274
4880222
48802002
48801450811
48801211
4880118
4880112
48801016
48801
4880086
4880070
4880058
4880049749
4880041126
4880028875
4880017142
488001
4880000924
4880
488-harry
487west
487rcszu82
487o9o8
487laser
487jgb
487gman
487denise
487cello
4879epfa
4879cdf9
4879948
48799
4879870
4879843
48798090
4879801
4879757
48797386
4879707
48796465
4879623
487960
487956a
487955
4879529563110
48795235dum
4879502
48794abc
4879490
4879479
487945k
487943
48793xbpgn
4879392
487932
4879300
48793
487925T
487922220
48792
487916a
487914
487912
4879109
48791
487908
487900456h
4878tony
4878puerto
4878dlh
4878brerutbangli
487898wm
4878957-7
4878875
4878865123
487885
4878834
48788227
487879+6
4878777
487877
4878740
487873
487871
4878692
487866ryk
4878633
487859
487853
48785100
4878500466
4878494
4878484313246
487846
4878444
487841a
4878412
48784+ayg
4878395
487832
48782dpkun
487828686
487827
48782426
4878212
487820307j
4878199
4878178
48781227
4878111
487810712885161
4878083
48780329
4878
4877red
4877lr
4877iest
4877994
4877965
4877924
487792263
48779154
4877892
4877875
487786
487784847
487783
487780468cameronhayden
487776
4877748
4877667
487765tink
4877612
487759jb
487757
4877539461526eve
4877498
4877485
4877434
4877400
4877362
48773142
487729
487728
4877273
4877257
4877231
487720
48771719
4877123699
48771039
48771
487709
4877054
4877039j
4877022
4876vt
4876mb
4876991
48769754
4876954
4876915503
487689
487686
487685
4876788
4876706
487669
487666
4876636
487663
48766
4876599
48765321
487652
48765155
4876502
487649848
487647a
487647
4876455
4876427
4876410
4876381
4876339
4876326
487630
4876278
48762399
487620
4876149770
4876134
48761316
487613
4876103
4876094
4876074ca
4876057
4876035
4875j
4875anp012
4875aaron
487598412
4875951
4875910
4875889
48758659
487585
487581
4875784
4875744
487573
487570
4875673
4875661
4875635
487560110
4875597
4875571
48755470
48755329054
4875523
4875515n
487551
4875504403
4875492
4875487507
4875421
4875400
4875367
4875351
4875311
48752920
4875267
487524875248752
4875220
48751991
48751905
487517
48751336
487512345
4875123
4875114
48750wel0
4875088
4875052
4875038
4875025
487501
48750000
48750
4874pin
487499789
4874980
4874965441
4874908
4874896
4874878
487486548670423
48748541
4874835
487480
487477
4874732
4874729
4874670soly
48746025
487456
4874496
4874443
4874425
487441
48744002
487437j
4874369
4874325
48742qewpa
487426
48742421234
4874207
487416
4874128700729318
4874092
4874088
4874071
48740624049
4874012
48740011
4873stam
4873mom
4873TH
487395
4873941
4873936
4873905
487390
4873880
4873850
4873835
4873787
4873771
4873740
487372
4873702
48736_6
4873685j
4873598
4873571xahora
487356
487354
487348kien
487348
48734387
487342
48734004
487339
4873368
4873328
4873314873
48732914
487328
48732553m
4873236
4873213
48731851
48731481
48731222
48731
4873098
4873074
4873060
4873045010688284
4873020edonardo
4873006
4872y50162
4872dolphins
4872amixforevermag
4872968
4872946_V
4872931
4872922
4872914
487288
487285207930
48728166
4872800
487278
48727586
487273025
487268
4872658476254862
487264
4872633
4872604
48726
4872566
4872524
4872511
48724tello
4872486632hning
487244065
487244-4-
48723caro
48723502
48723246854205
48723063
487229MJ
4872270
4872254
4872251
4872217
487218
4872162
48721574994
4872148
4872135968712657
487212773psl
4872127733
48721161992
4872101569
4872099
4872092
4872073
4872063
4872058
487205
487201
4872007
4871wrc
4871jx
4871bmbm
4871983
4871936
4871917manuel
487187
4871850
4871848
487178192697
4871769
487173
4871715
4871706
4871697
487169
487166
487164
4871622
487160
4871584sam
4871561
4871548
4871529
4871508
4871495
48714570MP
48714462
4871425
4871377
4871344
4871316
4871308
48713009
487129
4871273
487125
4871234
48712001
4871191
4871188
4871183
487116
4871147
4871138C
487113
48711052
48710666
48710611
487105
487104
48710358
487103
4871018
48710109
48710045
4871
4870sw12
4870`1
48709962
4870983
487096
48709051
487090
487089
48708861
4870877
4870871k
4870862
4870835
48708094
4870800
48707746
4870752
48707188
48707080033a
4870676
4870663
48706434
487063886ginger
487061
48705rnrik
4870577
4870563
4870536
48705223
4870522
48705139
48705035
48704936
487048364
487045370
48704429
487043
487041901
4870416
4870402
487040041
4870355
487033
487030mds
48703032
4870282
487027301
4870266
487025270j
4870242
4870237
487022472
4870211m
4870203
4870191
4870187
48701791
487016
48701540
48701404
487014
4870133
487012
487010247
48701012
4870095a
4870087
4870074857
487007
4870048
48700389
4870014
4870004
487-00usf
486xp42
486t4r
486sx1
486ngnsx48
486mil
486lol
486jokey
486iee
486f746584sda354d3s5a4d63
486dx4
486dingo
486chazychaz.123
486_porto
4869yyfrt
4869ping
4869korea
4869jpamb
4869hp
4869fa
4869boycrazy
4869aa
4869NIi
4869A4869
486999
48699684
4869949r
4869907
48699
486986568k
4869845
4869833
4869827
48698
486978
4869763
486973pp
48697
486967477
4869639
486961
486960
48695789
4869574512
486957135
486957123
486953
4869511
48694912
4869477
486945shin
486943
486942646
4869366
48693373sj
486932
48693137
48693103
486930041K
486926245
486925245123
486924792
48692383
486923015
4869204
4869194
4869183183
486915
486914121999
48691369
4869120790
486911351579
486909
486908015
486907979
486905345
4869021177
4869000
48689vhecm
48689788
4868913
486887
4868851
486883371
4868784
48687635-q
4868752r
4868717
48687007
4868697
486868881
4868648291
4868637
486860563
4868593
48685763
486855a
48685425
4868528
486851
486848684868486
4868456
486845123
486844803
486841g
486837cv
4868312417
48683014
4868297
4868281lol
486826
486822
4868208
4868189
4868163
486812j
4868112
486809
486808
4868055+
4868037
4868013
4868007
4868
4867mj20
4867jrmkd
4867clev
4867990
48679521325
48679513
48679512260062
486794159
486793
486792531
486791352
48678721
4867856
4867832
4867796
4867787
4867761
4867719
4867695
486761
486759947531
48675952
486759123
486759$$$
486753
4867464
4867432
4867422
4867406
4867358
4867346
48673140212
48673140034
4867313
4867255
486722
48672
486719
4867141
4867129creepyluv
48671286
4867122
486711
4867094
486708558388
486708
486706
4867020
4867010
4866upefa
4866jg
4866cmt
4866LE
486698
486692327
4866907
486690
486688
486684905a
4866844l
486682
48668000
48667978
48667779
4866726
4866710
48667
486668
4866654101
4866606
4866571
48665603
486655
4866529
4866520
486648
4866461207
48664571992
4866440177
4866440128
4866424
4866402
48663633
4866351
486632
48663156
4866299
4866288
4866264056
4866263546
4866262118
4866260070
486624555
4866240213
4866208
48662026
4866193
486617
4866163621
4866163548
48661611
4866160098
4866153
48661516
48661425
4866140413
48661302
486612584112529
486610203
4866095
48660633
4866060
4866035
48660
4865sam
4865bouk
4865SISSY
48659963
4865972135987
48659320
4865922
4865919
4865904
486587
48658444
486580
486579987
48657978
486579213
486578912384268
486578
48657332
4865683726
486566
486562
48655gh
4865571
486555555555555555555555555555555
486553201
486551
48655
4865494
48654861
48654789
4865469p
486545685353
486545
486544
4865422
4865419
48653891
4865376a
4865352
486532
4865309123
48652846
4865281
48652788
486525labuz
486525
4865242
486523
4865213pim
486521
4865195
486515320grey
4865141588
4865132
486512a
4865123
4865120**
486511D
48651032
48650hpss3720asl
4865062037
4865048
4865020
4865007
486500
4864k
4864hd
48649polymer
486499486499
4864949
48649350
48648gunit
4864896
4864880711
486487
486486789
486486486DANBEAMBIG
48648625379
486486157
4864850
4864818
48648
4864706s
48646822
486465
4864646
4864611
486460
48645acaif
486456153123123
4864549
48645452
4864511
486449a
4864486
486447
4864444
48644111
486438
486433
4864328
486431
4864299
486427
486426759153eb
48642648624
486426456
486423
4864212
4864204
486419
4864185
4864175
486415Con
4864142
4864130623
486411m
48641113
48640857
486406
48640544
4864049
4864044
486403012
48640109
4863mainst
4863ab
4863985
4863901m
48638888
4863858
4863811
486379
4863771wp
4863738
486372
4863712
4863690
4863643
48636200
4863588
4863578951
4863553
4863522
4863483
4863441
486341
4863364
486333
48632938
486329071993
4863267
4863248198
4863223a
486320501
486317428
48631501047
48631206
4863101104
4863049
486303
4863016v
486300486300
4862yency
4862sex
4862rohab
4862leop
4862dent
4862bp
4862bahama
4862asd
4862ames
4862_qw
4862MEW
4862974
4862951753
486293
4862898
486288i
4862886
486286st
4862859
4862825
48628189455700
486281029
486281004
486279686
4862795
48627913852
486278112
486275931
4862759
4862753951
486275
4862726
48627
486269
486268540
486268
48626620
48626219
4862619
48626023
486260
48625k
48625J
4862597741
4862596
486259541
48625896
48625852
486257931rit
486257913k
48625791300
4862573195
48625605
48625557
48625533
4862547
486254
4862536
486253197
48625179
4862513795
48625123
4862510
486250am
48625000
48625.
486249s
48624896
4862486579
4862486245
48624862326598xd
486248620
486248227
486248141
486248117
48624789
4862466
48624598
4862456852
4862448624
48624390
48624268
48623960
4862383
48623774
48623625
4862357
48623333
48623179821995
48623157
4862311
486230
4862281
486227
4862267b
486226
48622503
486224
486222
48622066
48622047
48621994
48621973
4862192
486218549+
486217935.
48621788
4862173
486217
48621597530.+
4862159111
486215793
486215318319700499
486215
48621465333463
486213975
4862137946+13
48621379-*/
4862135
48621237890
4862123
4862110119
486211
486210
48620927
48620880
48620630
4862058
4862042
486204
4862032098
4862030
4862021
48620194862019
4862013579
486201
4862000
4861yknip
4861jenn
4861el
4861QTH
4861998877
4861988
48619735
4861950
4861936
486189
4861875
486186
4861826
4861798
4861772
486176
486175
4861737d
4861721
486171
48616893
4861649
4861604
4861572
4861565
4861545
4861538
48615336
48615327
4861522
4861491
4861467
4861459
4861410250
48613975
486137952
4861351
4861322
4861309
48613049
48612724
48612471
4861241
48612363
48612340
486122jd
4861226
486122530310
48612206
48612188
4861217
48612142
4861211
4861210192
48612099
48612049
4861204138
4861204011
48612020232526
4861177
486115
4861110124
48611076
48611032183
48611030
4861095926
4861085
4861051
4861045
4861020
48610091
48610027
486100
4860so
4860mom
4860kate
4860fast
4860cl
48609mm
486099
4860971
4860932
486090
4860856
486081432a
4860763
486073j
486072138659
48607155
4860702
4860676
486065518
486065
4860648
4860646218
486062483
486062012
4860609
4860557
486052
4860500245
4860498
486048710
486047974420
4860447
4860414
4860407
486037
4860322
48603066
486029263
4860273
486027
4860255
486024478
486023
4860218
4860204
4860201
48602
4860169
4860123
486010y
486010025
486008
4860077
48600448181
48600048
486/76
486-98-8175
485tuxkt
485rffcr48
485mint
485holl
485f485
485ehb
485daewoo584
485bus4
485b4851165f1
4859love
48599999
485999
48599817
4859960
48599553
485994
4859914
48598689
4859854
485983
485977
4859732
485970
48596857
4859649123
4859636nr
485963258
48596250
485960
4859589
4859578
4859519
4859502jb
4859474
4859467
4859440
485943324
4859404kab
4859386
48593584
4859332
4859321
4859287
485928
48592600
4859255
485925
4859236
4859196
485916720
485913c
4859127
485911
48590697
4859062
48590584
485905
48590476
485904
48590378
4859035
48590257
48590124
48590054
48590
4858tf
4858fish
4858Tamo
4858JT
4858985
485894
4858930573
4858913
4858873
4858855911
485883506
4858818
4858804
4858788
485875
4858730
4858722
4858710
485869i
485869
4858688ll
48586681
4858662
4858648586
485861986
48586152
48586
485858
4858572
48585358
485853
48585008
4858487
48584523
485843
485836
4858351
4858331
485828
4858247
4858239
48582006
4858194
4858183
485813292
4858104
485807
4858051
4858035
4858024
48580
4857tin
4857home
4857ahtram
4857SSn
4857959658
485793
485789
48578629
485785
485784
4857815665
4857797
4857781
485775
4857725
4857713
4857710z
48576932111045
4857648756
4857613578
48576102
48576
4857596848
4857582946
485757
4857554857556
48574eanfj
485748574857
485745
4857446
4857413
4857406
485736
485731996
48572956
485729
4857260
485723
4857213h
485721
4857170
4857151
4857061
4857022
4857002
4857
4856sam
4856ilovemymusic
48569gabby
4856978
4856936
485693
4856921
48569
4856872r
4856803
4856795
485679
48567781905
4856759
4856741
4856719
48567141
485670
4856694
485669
4856688
485666
4856608
4856589
4856545
485653516
4856508
4856477
4856456
485642ladang
48563dogluva
4856380
4856356
4856328708
4856308
48562910743
485627
4856225855
4856215
485620
48561831
4856163256769
4856148
48561290
4856123
485611
4856088
48560616
485604
48560162
485600739
48560000
4855slim
4855l
4855cassi
4855a4855
4855971
4855962339
4855937
485593
4855925
4855918
48559
4855855
485584
485578
485576keke02
485572dad
48557
48556866
4855682
485566
485560
4855560
48555555
4855517
4855509
48555
4855485666
48554787948
48554539
485544
48554349
48554
4855365
4855322
4855311
48552845711990
485527
485524p
48552280
4855216405
485521
48552069947086
485514
4855125
485510
4855089
4855079
4855078
485506899
4855052
4855045
4855033
48550095
485500
4854tv
4854heatherd
485496485
4854938
4854912208
485486
4854841cn
48548
4854792
485477
485472
485470
485467d
4854667
4854631
485462
4854588
4854557
4854546886
4854527anc
4854515
4854496
4854484
4854464
485445
4854418102
485441
485439
4854374
48543646
48543510
485433
485431
4854278032
4854274m
4854249109
485422jc
4854210059854cjg
4854203
485420201
485420037
4854197
4854163z
485415kj
4854153yea
4854148jj
485412fs
485412
48541106
48541072
48540731
4854050
4854011675
4854009901
4854008408
4854005644
485400
4853ghie
4853QM
4853953EML
4853929kitty
4853914103Q
4853802j
485379
4853768B
48536zuxpf
485369
485367891a
4853669
485366
48536326
48536
4853573
48535571
4853533
485352
48535
485345
48534336
485341
485340AR
4853398026
4853385
485336
4853325
485331
48532se
4853283
4853257
4853235
485321
4853199
4853182
485317
48531612
4853147k
485311
485310102
48530784
48530653
48530448
485304
4853010411096
4853000349
4852vivian
4852CIMA061102
48529855
48529784
4852970
4852963
485296
4852944
485292323
4852906
4852887
485288
4852866
485286+-*
48528407
4852826
4852821hch
485281
48528
4852799
4852793308
4852775
4852767
48527615
4852755
48527486
4852728
4852721
4852701
4852696
4852688
48526700
4852649
48526312
4852622
4852619adc
485261
4852580
485256
4852545
4852528
48525205781750
4852516
4852511
4852475
48524713
4852433
4852410041
4852410034
48524096
485239715z
4852391
4852366
485236
48523270
4852312
4852303
485230
48522885
4852279
4852274
485227
48522485
4852242
4852235b
4852232
48522283
48522191
48522166152771
485220236
485220212
4852198
4852191
485218
48521699
48521574
4852141253
4852139
485213
485211
485210154
4852068.enzo
4852067p
48520531
48520487
48520289
4852020
48520036
4851zip
4851tigger
4851page
4851ml
4851aaa
48519pc
485196
4851933
485192595
4851908
4851871
4851855
4851835
485182ya
4851819
48518134
4851791
4851772
485176323
4851742
4851704
4851696
4851671
48516400
485163
485160av
4851600686
4851600397
4851576
485156845
48515504
4851526
4851519415
485150015-5
48515
4851495
4851470
485145
4851410k
4851410013
485140547350
48514030
485137
485136
4851321
4851303
485127
4851262358
4851245
485124
4851223justin
485120s
48512009
485120
485118
485117
4851163
485113
4851128
48511201
48511142
485111
48511017
48511002
485110012
48511
4851069
4851064
48510612
4851057
4851043
48510341
4851023312
485102111
4851012
4851009
48510047
48510025
4851001554
4851001224
4851001026
4851000663
485100
4850sulley
4850mario
4850discount
4850ap
4850989
485097
4850956
485090
485087
4850852340.NUJ.23
485083
48508142
485081
48507hw4
4850777
4850713
48507
485069649
4850674
485067081
485065
4850610
48505712
485054
485052
4850503064
4850501949
4850478
485047
4850452
4850423
485040692
4850403017
4850390
485037
4850334007
485032
485030065
485030
48502792039
485027
4850221
4850213matt
4850205a
4850185
4850169
4850138092S
4850136
4850134
48501202
4850114
4850101
48500777
485006073992
4850056
485005
485004
485003
4850025
4850017148
4850007073
4850002058
4850-287
485-0135
484ulpnm59
484star
484sg
484regien
484mktzq92
484mac
484j0515
484francis484
484evey
484driver
484ball
484TTBON
4849leanne
4849ce
4849ari4444
48499886
484998
4849975
4849969
48499004
484988
4849863
4849858
484985
484984
4849824n
4849785
484975k
4849742
4849720rk
484971$hoL3
484968919
484966324
48496599
4849642e
484963
48495a
4849585628822
4849572
48495530
484954412a
484953
484950feb&
48495005
484949
4849464
4849461
4849449d
4849427
484940
4849377
484936
4849341118huiwei
48493
4849286
48492614
484922
484920
4849179
48491754
4849150
484911
4849098
4849085
48490605
4849047
4849042
4849039
4849021
4849003
4849
4848rt
4848op531
4848mkp
4848m
4848lek
4848joey
4848chepita
4848am
4848LSP
484899
48489874
484898
484896
4848959
4848952lop
484893
4848912
4848896
4848885
4848869
4848868
4848855792
48488484
484883791
4848828
484882
4848811365
484880
4848792
484877
4848741
48487125
4848707
48486916
4848684
484868
4848677
4848670
484862
4848612
4848606
48486
484859123
48485858
484858
484855c
4848553
484854848
484854
48485130
48485000
484848p
484848mr
484848b
4848487
4848486
4848484n
484848484
4848481285
4848464
4848455
484845
48484402
4848428
484842
4848400
48483614
4848335
48483222
4848308
48483010090
484826
48482510
48482489
4848247
484824
48482311
48482121
48481947
4848174
484815
4848123
4848116
48481010
48480754369618
4848048
48480411
48480333
48480325
48480128
484800
4847pa
4847millerrd30047
4847foxsi
484797677j
48479606
4847940
484793
48478awxhs
4847856
484785
4847806
4847791
4847780
4847763
4847757
4847725
4847702
4847661
484764
4847602
4847566gts
4847543
48475274
4847508
484749870
484749
484747
48474651320
4847445452
48474121993218
48473t0t
4847376
4847348
4847322
484732
48473140286
48473140218
48473140176
48473140006
48473130103
48473130016
48473120125
48473120108
48473120045
4847312
48473100061
4847300
48472852
484727
4847252
4847234
4847227
484719
48471826
484718
4847170
48471685
48471536
48471422
4847135
484712
48471017
48470843
4847069
48470640
484705
4847039ashley
4847033
484702h
48470218
4847017aimin
4847014
48470119
4847-0
4846hmv
4846eve4846
4846Skn
48469888
4846955
4846943
4846915
4846898
4846868
4846847
4846828
4846812627
4846801
4846786N
4846772
4846746
48466730
484662810
484662
48466030094
4846600v
4846579
4846565
4846551
4846549464
4846525
484650508011-1
48464unyww
4846478
48464478mp4
484642
48464122
484637
4846342058
4846334gl
4846321034
4846297
4846289
4846252622
484624
4846217
4846210
4846201091
48461986
4846184104
4846149594
484613456
484612
48461180
484611
484606224m
4846060
4846053
48460356
4846014
484601204
484601123
4846010
484600266
4845teuyb
4845powerpuff
4845buds
48459906
4845965
4845935
4845923
4845909
48459021992
48458748
484585
4845842500
484580710
4845790
48457833
4845771
48457421
4845696
48456803
4845676
4845667
4845646
4845632
484562
484557
484556322
484556248
484556201
484556125
484556
4845555
484553247
484550
48454987498
48454854
4845478
4845466
4845465
484546
484543297526
484543
484542e
48454183
4845395
4845384826
484536maryorie!
4845352
48453190
484531
484529home
4845284
4845270
4845262
4845253
4845247
4845229
4845218
484520
4845152
4845144
4845135
4845122
4845110
48451
4845079
4845065014
48450622
4845062
484506
4845052012
4845051016
4845051
48450420
4845041002
4845033
48450316
4845026235
4845021038
484502101152
4845018
484501310
484501147
484501141
484501103
484501096
4845003
4845
4844jfs
4844hugo1
4844bk
4844970
4844969
4844940400
484493
484489
4844880
4844857
48448410948
484482
484480
484479
484477401
484477209
4844754
4844747605
484474
48447201
4844705
4844685
484467142
4844652ap
4844642
4844620
48445dpziw
48445905813095
4844578
484457245
4844554488
4844539
4844529123
48445
4844480
4844464
484444
4844403
48443hwtq
484438
4844351
484435055
484435035
484435025
484435012
4844341
484434013
4844333
484433
484432
4844294370
484427708902
4844275
4844271069
4844271026
48442699a
484426735
484425
4844247
4844243
484423
4844218
48442.
48441913
484418110
48441802
484417
48441513
4844141H
4844134
48440todwt
4844074
484406011
48440565
484405022
484404062
484403030
484402280
484402094
484402039
484402
484401720066
484401532
4844011048
484401049
484401019
4844006mahmod1171982
4844001827
4843trackers
4843ben
484398
48439454843945
4843902m
48439
484389
4843872927
48438487
484380397786359
484378005
4843755095
4843734
484371663
484370
4843678
484365234637
4843646457
4843645
4843627p
4843607
4843602
48435hj7
4843592
484357g
484356118
4843558
484355123
48435325
4843523
484352
4843501027
4843493
4843486
4843470089
484346635
4843459gl
48434310085
48434310044
484343
48434230047
48434230017
48434200081
48434123
4843409
48434070003
48434050042
48434030078
48434020090
484339231
4843381
4843351
484334422
484334248
484334120
4843340
484333141
484332139
4843320
4843313
484331008
48433050030
48433040121
48433040079
48433030105
48433020080
484330107
48433010042
48433010015
484330022
48433
484329126
484329102
484329099
484329028
484329015
484329009
4843289
484328047
48432773008
4843273
484327129
484327001
48432635753059
484326
484325032
484325026
484325
4843235
4843213
48432029
48432
48431913
4843186
484317127
484316070
484316057
484316048
484316037
484316028
484316025
484316015
484316009
484316006
484316+034
4843154j
484315017
484315003
4843130
4843122031
484311064
4843106
4843102030
4843101
48430Yes
4843092028
484309040
484309014
484308652
484308528
48430839
484308244
484308222
4843076
4843071035
484306s
484305004
4843042
484304
484302121
4843021011
4843020211321
484302012
4843017
4843011035
48430106
48430066
48430
4842zao
4842mamajaja
4842999
4842979
4842951
4842915
48428her
4842881gb
4842867
4842850926
484283110
4842826l
4842820
4842795
484279041
48427813
484278007
4842771
484275021
4842745458
484274009
484272032
48427161
484271
484270143
484270117
484269
484265155
484265089
484265050
48426423
4842602
484260
48425gfywm
484259146Hm
484259108
484258111
4842581
484257036
484257
4842564540
484256015
484255059
484255024
4842548425
4842521
484250364
48425010019Lek
484250020
484249201
484249110
484249
484248424
484248233
484248205
484248114
4842473601
4842470mili
484247
48424621
48424609
4842455
484245142
484245018
4842448
484244088
484244072
484244064
484244060cs2
484244044
484244032
484244026
484244005
4842433
484243133
4842426
48424201005
4842402
48424010016
4842397
484238877D
4842367
4842353
4842330
4842327
484232
4842310
484230225
484230111
48423
4842290105
484228389
48422815336185
4842264018
4842256
4842238
484223
4842211917134
48422100051
48422100019
48422050088
48422050027
4842202.
48422010096
484220
48421654654654
4842151
4842140
4842137535
4842122
484211
4842093*
4842074010
4842071030
4842071004
4842064018
48420557
484205
4842044796
484204
4842025
4842021019
4842020
4842014
48420111
484201
4842005
48420
4841marie
4841bj
4841992lulu
4841979
484197609
4841953
4841923418062
4841914
4841908
4841901
4841877
484187101
484186116
4841837
4841834
4841828
484182
484175506
4841740
4841723
4841679
4841655107362
4841647
4841631258
484163
484162336
4841596
4841584m
484155938hawks
484154r
4841512
4841508
48415032
48415001
4841492
484144014
4841438
484143024
484143011
48414243
4841419
4841406
4841402
48413i
4841390
484136
4841344
484131
4841308
48413051
48413017
4841300
4841297
484129
4841281
48412579
48412466
4841234n
4841227-
4841213
4841208
4841184
484117
4841163
4841159
48411433
4841132
48411303
484112944
48411228
4841120
48411144
48411102
48411093
48411085
484110371
48411029
484110130
48410781
4841069323
48410658
48410542
48410425
484104
4841039
48410345
48410288
48410266
4841023
48410222
48410191
4841017
48410153
484101131
484101119
484101112
484101041
484101018
4841010019
484100826
484100744
48410062
484100519
484100335
48410023
4841
4840psz
4840cnn
4840JOSEPH
4840982
48409413
48409240802
48408als
4840855
4840845
484083396
4840815
4840810
4840793
484075q
4840698
484066801
4840663308
4840648
4840645
4840629
484062122
4840602
48405730826
4840559332
4840540712
4840530
4840523kl
484051
484049
4840479
4840461
48404401
4840429
4840412
4840383
484037
4840369161
4840360061
4840345
48403443
4840337
48403270097
484032
4840300
4840278
4840271
484026163
48402592
484025
4840240297
484023mup
4840226_4850437
4840206
4840191
48401812
4840169256
4840163226
4840163028
4840159
48401453
48401407
4840132
48401244
4840122
4840112
4840105
4840103e
4840101
4840096871
4840060
4840032
48400295
4840020475
4840019899
4840009890
484.3383
483u&me
483thb
483snyk517yo
483pimp
483masjib
483lowerlane
483juice
483harD
483crew
483beachhaven
483austincircle
483UNFCP27
4839heni
48399pprgz
4839979
483994
483986739
4839819
4839767
48397465566
483968266
483962
4839587100
4839553
483953
4839513
4839500
48394839
4839470
4839454
48394332547
48393jj
4839372
4839324
483930
483929
483925
483923
4839201
483917
4839146
4839130
4839123
483912
48390dc
4839090
4839043
483901432
4839010027
483901
483900
4838ual
4838jay
4838998
4838956
4838945
4838936bryanjose
4838921
4838902
4838870
48388474
48388230770
4838814
48388
4838723+
4838660
4838641
4838628
4838612
4838544
483854
483849
4838460220
483845
483842h
48383ivdsg
483839
4838313
483830
4838261498
4838228
483821
4838191
483818
4838153
4838136
48381110
4838092771
48380369
48380312
48380253
48380100
4838
4837lp
4837khem
48379963
4837956777
483795
4837948
4837914
48378d
483789996
48378792063
4837850
4837836
4837817
48377r
4837797
483779
483777
4837753
4837720
48376s
4837695
4837621
48375kqtfg
4837540
4837534939
483752
4837503
48374qssiw
4837473
483743901
4837433p
4837416
48373handy
4837367
48373455
4837320
483729
48372792034
4837249
48372461015
483724
4837208337
48372
483719
483712
483711492537
48370s421b6407
48370S
4837098
4837090
483706
4837038037
4837020003
4837011230
4837010059
483700257
483700244
4837!!
4836pcskkn
4836n45t8
4836jack
4836ga
4836anella
4836993
4836940
48369213
483690
48368836
4836861nid
4836763
4836687
483666
48366230
483661enm
4836603
4836568
48365491
48365392
4836510
48364852
48364715
483647
4836448
48364349
4836409
483640
4836377
483637
4836367
4836345
48363299
4836325
48363107
48363091
48362860
4836248c
483622work
48362186
48362108
48362001
48361974
4836185
48361714
48361639
48361608
483614264263
48361240
48361172
483610a
48361015
483609
4836086
48360632
483605
48360472
4836037
4836028
4836010196
483601
483600011
483600
4835sas
4835lmj
4835ann
4835SIESTAKEY
48359911
4835942
4835917
48358791022
4835848377
4835848
48358
4835770
4835750
4835709
4835679
4835655
4835629c
48356238
4835619
4835605
4835587
483556i
483556127
4835545
4835536
4835528
48354ciadh
4835499
4835483248284848
483548
4835471
4835451
4835410144
4835410092
4835410066
4835410049
4835397
483539
4835350
4835324
48353139
48352842
4835271
4835269x
4835256
48352057
48351708
483515634
483513519
4835123
48351173
483511
48351
4835091
48350718
4835060064
4835034
4835021043
4835011
4834zoo
4834oigres
4834me
4834bad
48349iomvx
4834990
4834955
4834876
4834834
48348
4834762
483476
4834739
483469
4834682i
4834623
4834591
48345592
48345383464
4834533
483451
48344908
483448
483446
483445
48344311
4834416
48344083
48344038
483437
4834355
4834350045
4834350011
4834348189
4834348130
4834338016
4834320
4834300dmm
4834229015
483422
483420
4834174472W
483412
48341068
483410118
4834091
48340757
48340481
48340284834029
48340207
4834018576
483400488566
4833lmg
4833GND
4833959t
4833890
4833881
48338781071
4833843
4833817s
48338145
4833795
4833754
4833747
48337305
4833704
4833694
4833675
4833660162
4833647
483363
483361
4833559
48335450
483354
48335352
48335146
48335055
48334m
4833484
483348
4833465
4833457
48334349
4833402
4833371
483336
483334d
4833335
48333233
48333083
4833299
483327
4833250345
4833228
483322
48332044
4833180171
4833160
4833146
48331325
4833128
4833115
4833102143
4833097
4833094026
48330907
48330680
48330669
48330451110229
48330321
48330141
48330115
48330086
4833008
4832vr
4832section
4832llllll
4832coco
4832ast
4832BORAT
4832990
4832972
483296
48329445610050
4832933315
4832925723cheewong
4832917
48329031
483289R
4832881
4832856
483283
4832811
4832802
48327zaddi
483278
4832751
4832731223
48327210
4832718
483270
4832694
4832675
48326633
48326510
483262236
48326173
48326
483257
483256
4832550299
4832548335
4832540167
4832523
4832510006
4832503
4832479
483246
483245
483244
48324131
483241
48324027
483240177
4832385
4832379
483235
48323315
48323299
48323235
48323190
483230942-0
4832307931
4832307193
4832306901
4832306773
483230579
483230545-0
4832305052
483230501-0
483230416-1
483230358-9
483230321-2
4832302737
4832302452
48323019
483230161
48323006
4832280
48322735
48322703
483226
4832247
4832244
483223483223
4832231
483222
48322010017
48322003
48321d
4832164
483215832
48321541
483215
483214
483211238
4832105363
4832103298
4832101490
4832100224
4832091
48320889
48320834
4832069
48320643
48320626
4832062016
483206
483204an
48320428
4832040245
4832040141
4832040068
4832040053
4832040045
48320400031
48320377
4832027
4832022
4832020049
4832020019
4832020
48320186
48320121
4832010188
4832010049
4832010021
4832010
4832008553394
483200100
483200007-6
48320
4831sep
4831kellyty
4831aman
4831991
4831981
4831962
4831960077
483196
4831941
483191544
4831909
483186046
4831860095
4831854
483184810
4831840170
4831801004
4831799c
4831750395
4831750114
4831721
4831703435
48316923
483168pig
4831672
4831648
4831639
483162
4831612
483161
483160350
483160275
4831601968
4831601442
4831601369
4831601326
4831601270
4831601216
4831601193
4831601132
4831601042
4831600857
4831587
483158
4831573
4831563
4831560232
4831560166
483156
4831550t
483154
48315310110
4831512
4831502025
4831501710
4831501061
4831501032
48315
483149
4831480
4831473
48314659
48314413
4831439
4831409121
4831402025
48314014
483139158love
4831360088
48313478
4831321
483131931
483131530
4831306
483130229
4831302029
4831302
4831300669
4831300031
4831298
48312853
48312672007bon
4831262
483126
483125799601
4831256
483125
48312329
48312300
4831222
4831215
4831211
483121048
4831210012
4831207123
4831207003
4831205222
4831205160
4831205015
4831203220
4831203187
4831203171
4831203131
4831203042
4831202140
4831202130
4831202078
4831202004
4831201173
4831201108
4831201090
4831200009
483120
4831193
4831192
48311716
4831160
4831153
4831142
48311336
48311252
4831111
4831110011
48311091
483110648
483110612
483110574
4831105070
4831103748311037
4831102
483110185
4831100140
4831100001
48310999
4831087
4831079
48310684
4831064
4831060134
4831060031
48310590
48310552
4831050183
4831050127
4831050111
4831050062
4831050028
4831050023
483105
4831043027
4831041130
4831040141
4831040065
4831040025
4831040022
48310338
4831030015
48310276
48310247
4831020412
4831020122
4831020014
48310199
48310181
48310171
4831015
4831013257
4831012573
4831012093
4831011053
4831010147
4831010008
48310076
4831007133
4831007020
4831006184
4831006099
4831006001
4830ping
4830monsul
4830jaqg
4830AF
4830998
48309644
4830959
483095
4830933
4830910
4830900644
483087644
4830835
483080707-4
4830805797
4830804539
4830801963
4830800226
48307e
483077
483075
4830729
4830712
483070174-9
483070012
48306926
483067jamie
4830678
483064487
4830637
483062670442
4830620
4830613
4830606
4830601567
483060008
4830592
483055m
48305419yodyayee
4830541
4830534w
4830532
483052
4830507
4830502446
4830502111
4830501034
483050083-4
4830500185
4830498
48304830z
4830474d
483044445700000
48304418
4830423
483041064-9
4830409410
4830406501
483040613-7
4830405335
4830404
4830402450
4830401404
48303bp
483036213
48303443
48303287
4830324341
4830304393
4830303884
4830303355
4830302236
4830301311
4830300640
4830300420
483030
483028n
4830265
48302447
48302439
483024040992
483023jd
483023
4830226
4830219
483020647-2
4830205531
4830204747
483020200-4
483020167-6
483020106-6
4830200573
483020
4830194
483019
4830164s
4830140
4830137
483013
4830123418325
48301220
48301154
4830107
4830094399
4830085
4830067
4830055150
483005
4830035376
4830022077
48300099
483000167
483/22440
483-381-596
483-16712
483**145
482tjd
482oo5
482lrnwe65
482kevincesar
482jak
482eaz07j.r
482dhb
482c81152
482budha
4829nick
48299leigh
482998Bob
4829969
4829923
4829900
482989
4829881
482986j
4829861
4829819
48297ydonk
4829774k
482977
4829759
4829741
4829738mitel
482971b
4829690
482966M
482963719
482962704
4829608
48295t
4829560
4829519
48294966
4829444
48293823
4829353
4829340123
4829323
4829313
4829306
482929
482921636
4829181
4829160
4829132
48291173
48291.ct
48290858
48290720
48290679
48290628
48290577
48290531
48290497
48290485
4829038
48290323
482902
48290139
482901
48290086
48290057
48290001
4828es
4828987
4828950291
482891fat
4828904
4828888
4828876
48288699
482884939
482883
4828822
482881311
4828771593
482873l
4828722
48287
48286t
482867
48286563
48286523
4828625al
482862
4828609
482860413a
4828597
4828578
4828571
4828568
482856
482855
48285326
48284966
4828469
4828459
4828445
482840111
48284
4828362
482832
48283098
4828300
48282428
48282414
4828241
4828240
4828217
482820
4828196
48281835
482818
4828162
48281532
482815
482814
48281251
482811
48280904
48280610
482805
4828041
48280356
48280351
48280327
48280304
482803
48280248
48280233
48280126
482801
48280078
48280023
4827scrapy
4827pine
4827lee
4827jfmqa
4827guap
4827Pass
4827999
4827981
482795
4827927
48278952
4827874
482786
4827852
482780
4827796
4827747
482774
4827710
4827703
4827681
482767
4827652
4827611
482760
482756
4827496
4827474
4827420
482738j
482738
4827363
482730321
482728
4827276
4827230_wet
4827222
482719988
482717
48271039
48271
48270929
48270887
482707
4827042
482704
4827037
4827012
4827010604
4827010109
4827010052
4827010024
482701
482700
4826ry
4826naam1
4826ken
4826hg
4826gv
4826catsmay
4826academiamgix
4826974
4826952426
48269253
482691
4826904
4826867
482684
482682
4826815
48268133
48267913
4826781
482676
4826757
4826742
482672823
482671593
48266983
4826674
4826654
4826638
48266240000
4826601
48266
4826590x
4826576
4826561
48265431213
4826520
4826503
48264956
482649
48264808
482647462
48264642
482645ec
4826455
4826438
48264253
4826420
48264126826176
4826403
48263743
4826366
48263610
4826353
48263488
4826338
4826327
48263164
482631
48263018
48262ste
48262950zxc
4826282
4826277
482627
48262578
4826252
48262493
48262404
48262363
48262214
4826214255
482620
482619
482617A
4826174
482617
48261619
48261606
4826159lalo
482615357595
4826147
4826143
48261314520
4826124
4826114
48261052
482610
48260699
482606031
4826046
48260335
48260221193
48260109
4826001
4825pfyn
4825cb
4825TT
48259928v
4825986027
48259731
4825934
4825899
482589
48258836
4825860
4825837
4825808
48257884296
482575754521
48257409
4825720
4825699d
4825636
482561f
482561
48255683128977
4825541
4825501
4825447
48254319
48254266
48253859
482537
4825351
482534
4825328789
4825322305
48253123
4825296
48252548
4825211
4825181
4825141
4825131052
4825128
48251259
482512
4825116
4825108
4825054
4825043m
482503
4825026
48250130
4825008
48250056
48250052
4825
4824tom15
4824steph
4824njmyi
4824jv
4824itch
4824haze
4824cusx
4824acbacb3
48249763
4824935
4824911
48248wkwww
482489
4824863
4824856
4824835
482482482
48247a70
482478
48247443
4824735
48247113
482466
482463
482462
48246.
4824592
482459
482457
4824560
48245522
4824549
4824542
4824534
4824519
4824501040
48244816
4824472
48244635
482444
48244313
4824422
482442
48243tolga
482439
4824352
4824326
482431n
4824316
482431
4824302302
482430122
4824300
48242978
48242903
4824270019
4824266
48242617
48242570133
48242570113
48242564
4824255101
48242540240
4824254005718092529
48242523
48242510232
48242510036
48242510015
48242499
48242491081
48242433
482424042
4824237101
4824236
48242269107
4824199
4824182
48241590
4824143
4824131241
48241263
48241238
48241153ot8t
482410227
4824064
482406
48240519
4824040
4824038
4824030
4824020007
482401
48240089
4824002110
4824002
4823lil
4823hube
4823cynthia
482396
482395
4823920
4823893
482388
482386jas
48238307
4823828
48238015
482379c
4823787
48237564
4823752a
4823743
4823734
4823719
482369
4823684!!
482368
48236640
4823622
4823619
4823610001
4823588
48235717
482356
48235311
48235296
4823501
482349
48234710
482347
482344alh
482342
48234009
482338
4823355
4823345
4823335
482331g
48233100
48233036
48232920103
48232821
48232792037
48232780048
48232773250
48232773095
48232771054
48232771041
48232760037
48232729
482326
48232565
4823247714
48232459
48232410
4823236486
48232318
48232187
48232125
4823212
482321
48232052
48231c
4823177s@love59
48231624
482316
4823155
48231476
482314-tho
4823139
4823110001
4823102
4823100
48230sa
4823061
4823043
4823028
4823016
48230122
482301058
4823010088
4823010011
48230049
4823001
48230
4822n69
4822ka
4822icez
482299
4822981
48229711
482296
4822941
48229233
482292
48228fonca
482288
4822856
482285
4822802476
48227fjmzi
4822781
4822776343
4822774644
4822773513
4822750
4822734a
4822709
482268004
4822672b
4822661Ah
4822642
4822625
4822602
48225803
4822571
482256043
4822552
4822527
4822520114
482251017
48225
4822483
4822471412529
48224661
48224562
482245
48224400
48224364
482242201414
482242042
482242008
48224054
48224041
48224027
48223y
48223952
48223777
482236
4822344
48223283
48223201
48223176
48223044
4822303
48223003-4
48222774622
48222774425
48222774148
48222774090
48222773182
48222729
4822253caro
48222467
482223
48222249
482222
48222010723
4822186
48221697
4822142
482214
4822120007
4822115
4822110
48221014
48220905
4822083
4822069
48220578
4822043
4822037771
4822028
4822020005
4822014133
4822013138
4822010930
4822010714
4822010614
4822010606
4822010563
4822010552
4822010516
4822010497
4822010477
4822010436
4822010433
4822010414
4822010403
4822010396
4822010388
4822010371
4822010354
4822010340
4822010300
4822010266
4822010260
4822010254
4822010236
4822010228
4822010218
4822010215
48220102080303
4822010201
4822010189
4822010177
4822010170
4822010156
4822010151
4822010146
4822010137
4822010132
4822010117
4822010105
4822010102kwang
4822010098
4822010094
4822010072
4822010063
4822010059
4822010052
4822010046
4822010041
4822010032
4822010011
4822010005
4822010001
482201
4822003
4822
4821cwe
4821976
482196
4821956kiss
4821936
482193
482191808
4821913
48219
4821876
4821864
482184482184
482182A
4821818
4821807
482176721
4821760
4821748
4821729
482170666
48216k
482163922332
4821630
4821620fid
4821619
4821604
48216026
482160163
48215890623
482158398
4821563
4821559*
48215484
48215460
48215458y
48215442
48215413
48215404
4821531
482152
48215120
48215105
482151
4821501087
4821501037
48214821a
482148
4821473448
48214563.
4821453n
48214451
482144
48214222
4821418010
4821412005
48214092
4821409035
4821408375
4821408289
4821408197
4821408176
4821408129
4821408039
48214070129
48214056
4821405198
4821404341
4821404159
4821403784
48214026
48214015
48213974
48213933
482138999T
48213877
48213662
4821365
4821360247
4821360
4821340010
482133952995231129
4821338120
4821338052
48213380
48213355
482133
4821321308
4821321172
4821321017
4821319584
4821319451
4821319294
4821319263
4821319063
4821319028
4821317392
4821317126
4821316078
4821310180
4821307027
4821306241
4821306100
4821306034
4821304007
4821302106
48213018
48213001
482129349017
482128
48212634
4821260058
4821256
48212496
48212440118
48212416
4821231005
48212294
4821228169
4821228120
48212222
4821216004
4821210002
48212078
4821207217
4821207150
4821207075
4821207050
482120696
48212016
48211830
48211720
4821170069
482116384
4821151
48211486
48211423
4821139
48211281
48211266
48211233
48211201
48211132
4821112074
4821112072
4821112013
4821111
48211041
48211016
482110079
48210989
48210976
4821094
48210906
48210821
4821070
48210643
4821061324
4821060130iloveyou
4821060112
4821060044
4821060010
4821060002
482105j
4821056
4821050023
48210457
48210430
482104116
4821041105
4821041029
4821041
48210409
4821040451
4821040401
4821040385
4821040326
4821040314
4821040311
4821040289
4821040274
4821040260
4821040245
4821040226
4821040220
4821040202
4821040199
4821040183
4821040177m
4821040174
4821040167
4821040158
4821040146
4821040141
4821040135
4821040125011
4821040121
4821040118
4821040108
4821040101
4821040098
4821040090
4821040082637
4821040068
4821040047
4821040033
4821040029
4821040021
4821040013
4821040007
4821040004
4821040000
4821039
4821037374
4821031796
48210307
48210292
48210254
48210249
48210223
48210203250
4821020203
4821020145
4821020111
4821020074
4821020058
4821020047
4821020027
4821020020
48210163
48210127
4821011128
4821010360
4821010149
4821010108
4821010097
4821010087
4821010063
4821010055
4821010047
4821010038
4821010021
48210095
48210074
48210057
48210025
4821000763
482100034
4821000082
4821000045
48210000
4820seb
4820998
4820961
48209475
48209465
48209447
482093
48209045
48209020
482090
4820886
482088
4820878
4820869
48208445
48208405
4820803
482080168a
48207jose
4820787r
482077ja
48207465
48207436nice
4820737
4820729
4820726kamyla
4820724
4820715tdn
48206914820691
48206726
48206660031
48206639
4820646
48206420
48206413
482062621711
482061898
482061
4820600
4820587
482057
48205656
482056
48205442
4820515
48204960
48204853
4820468
482046
4820449
482042064
482042022
482041399
4820404
4820402
4820393
4820385
482037482034
4820348
4820338
4820321
4820316
48203035
4820302
48203010669
4820280
48202745
4820261032
482026
4820251
4820250
48202490059
4820245
482024060
48202337
4820225
482022016
4820219
48202120737
482020boo
482020020
4820199
482019
482018
48201535
48201511
4820148056
4820140020
4820136
4820133
4820125
48201218
48201171
482010664
48201045
482010
4820091846231802
482009
48200851
482005726
4820046
4820041
48200402
4820039
48200327
48200224
482002
48200180
4820016
48200157
4820011
48200082
48200068
48200035
4820000
482-7244
481yuy25021
481wind
481sulensky
481rollingviewdr
481mccamish
481juan
481devereaux
481chulensky
481bilge0668gs
481LZP
481C87166
4819sfk3
4819castle
481998l
4819976
4819960
48199512
4819950
481994m
4819932306
4819921
481991hosky
48199148
48199004
481989cb
4819895
4819875
481986n
4819854
481984669
481982lpl
481982160
48198013
48197903
4819782
48197310
481971ja
4819694
4819678pwl
4819651
481963995
481963
481960l
481960
4819536
4819531
4819517
4819503
4819495
4819479
481947101
4819458
4819432
481942
481941
481940123
48194
481938hw
4819365263
4819331
4819321
48192ksk
4819282
4819267
4819251
4819249
4819246
481923221
4819229
481921487
4819202
4819195a
4819195
48191715
4819161j
4819156
48191470117
4819127
48191175
481911009
4819105
4819101
481907or
4819063
48190330
48190222
48190
4818tlr
4818castle
4818EASTER
48189438
48189413601
4818922
4818904
4818888
48188771040
481887
4818853
4818845
4818818
4818814
481881
4818804
4818800
481879347
481879136
4818784
4818773
4818767m
4818728
4818721a
48187153
4818709
4818706
48187
4818675
481866
4818658
4818637
481861A
481861103020046
48186000
48185me
4818568
4818551
4818549
481852s
481852
4818509
481850
481849
48184717
481846219
4818448102549
48184451140
4818423
4818419
4818398e
48183880
481833Sp
4818314
481830
48183
48182993
4818295
4818280
48182773335
48182773205
48182773029
48182772124
48182772052
48182771222
481827711
48182771077
481825svara
481824
48182269
481820323
48182
48181890
481818
4818176
4818153
48181480128
48181480102
481814
481813
4818114
48181100122
48181100114
48181085
48181020225
48181020124
48181020104
481810052
48180a
4818087
4818063718
481805125
481805028
4818034
48180156
4818006
4818**
4817td
4817nt
4817hobbes
4817aden
481799064
481799020
481797215+-
481796
481794224
481794113
481792223
481792134
481792120
481792002
481790402
481790055
4817894
4817879
4817860
4817851047
481784
4817837965
48178180
481781134
481781120
481781035
481781006
481780108
481779399241
481779129
481776124
48177456
481772201
48177191
481770392
481770354
481770205
481770163
481770124
481770084
481770077
481770011
481770
4817692
4817685
4817677
481767108
48176570
481765126xxx
481764032
481764010
4817630
481762
4817612
4817595
4817589
4817574
481757231
4817561
481755102
4817542017
481754017
481753
4817515
4817507
48174817*
481748013
48174554718
4817444
4817428
48174211
481742
48174143
481741218
481741124
4817411045
481741101
481741063
481741049
481741024
481741012
4817401040
4817401027
48173869
48173782
4817376
481737134
481737121
4817365
48173474
481733
4817319
4817293
4817280
48172792023
48172792004
481727901
48172780016
48172722144
481725369
481725239
48172517
481725141
481725133
481725107
48172226
481721118
481721
4817198
481717135
481716
48171551
48171339
48171241
481710029
481709123
48170860
48170833
48170800
4817074
481707313
48170660
4817050521
48170455
4817041015
4817038
48170318
481702008
4817012
48170055
481700305
481700296
481700282
481700258
481700248
481700231
481700189
481700149
481700107
481700080
481700070
481700007
481700003
48170
4817
4816susana
4816sosa
4816rob
4816joth
4816gd6a
4816997
4816982
481696
4816945
48169382
48169240
48169110
481691
4816908
48169011
4816900
48168995
48168874t
481687624320
48168745
4816860
4816852
4816848
4816844
48168397
48168306
48168259
481682
48167MI?
481676
481673
4816691
4816680120
4816668
4816663116
48166625
481666
481662091
481661122
4816604
481659
4816580
4816544
481653lazo
4816523
481651305
481651117
481650je
48164wearroad
481645154821
4816424
481642134
481642110
4816420
48164135
4816411
48164031
48164010
4816360122285
481635
481634115
481634104
4816329
48162839
48162726
4816266
48162646
48162627
48162616
481625va
48162454
48162440
48162433
48162338
4816232008
48162317
48162212
48162201
48162140
48162119
4816211
4816203
4816183
48161746
4816172
481616481616
48161547
48161512
48161450
48161436
48161376
48161300
48161250
4816123
48161216
48161131
48161125
48161093
48161014
481610007
48160david
4816095
4816083
4816081
481607
48160645
4816059
4816041
48160324
4816030t
481601m
4816010
48160037
48160018
48160
4815toi
4815noli
4815lost
4815ddh
4815Edgar!
48159gelo21
4815990
4815978
4815975
4815962
48159460
4815934
481593
48159267
4815912k
4815905
481590
4815899
4815892
481588
48158791139
48158780052
481587030
4815858
481585
4815844
4815826
4815816
48157music
4815792
481577
481576017
481575137
4815734
4815730
48157258
4815705poo
48156rat
4815683
4815676
4815652
481564070
4815631936415036
4815628
4815616
481560037
48155989
4815583
4815580172
481557
4815565
4815547
4815539
48155353
4815531
4815524
4815508
481550214
481550195
481550135
481550078
481550008
4815499theliz
4815454
4815449la
4815441
4815434
48154308532
4815426
4815413
481540026
4815386
4815377
4815362
481534629
48153402068
4815331
4815322
4815305
481530067
48152906
4815290
48152811006
4815273
4815264
48152519
48152492045
48152470147
48152460083
4815241
48152342
481523
4815221
4815218
48152134
48152124
48152119
481521
48152076
48152043
4815203
481520104
481520019
4815200
48151966
481519
481516lost
4815162842
4815162442
48151623cw
4815162342n
4815162342lost-
4815162342lanny
4815162342fobrok
4815162342a
4815162342LOST
4815162342815
481516234253
48151623422403932
48151623421
4815162342010588
4815162341
4815161
4815150001
4815145
481513003
481512843
481512332025410
4815112
4815107
4815103
48151020106
48151002
48151
48150998
4815094
481507k
481506487
48150580059
4815045
4815037
48150312490
4815029solange
4815028
4815023
4815020
48150106
4815005642
48150001
4815-492
4814jlk
4814djw
48149vc
4814993
481498
48149705353
4814959
4814942
4814933
481493
4814913c
48149028525
481489
481488020
4814871
481487028
481487011
481487
4814861
4814854f
481484
481483
4814828joke
4814818
48148
481479232
481479217
481479121
481479116
4814766
481476048
481476016
4814756
4814751
481474805102532
4814746
4814726
481472060
48147122
481470
4814695
4814678
48146682
4814646
481464115
48146361989
481463234
481463143
481463124
481463038
4814628
481462
4814610434
4814610186
4814608
481460
4814570
4814559
481455
4814533
4814520013
4814512
48145081
4814503
4814487
4814482963
48144737
481445
48144410
4814438
481442d
481442051019
48144091349
48144043020
48144
4814381
481437
48143556
4814348143
481433
4814320
481431015
48143080
48143
4814296
481428589
4814279
48142666934172
481425
48142438
4814230062
4814215
4814212
48142112
4814207
481420429
481420402
481420118
481420107
4814200637154299
481418
481416
481415
48141473
481414
48141370101
4814130810
481413019aey
481413
4814121108
4814111157
4814110028
481411
48141076
48141036
4814100025
481409
4814085
4814080
48140687
4814061009
4814055
4814041
48140259
481401400
481401111
481401
4813lssd
4813b29
48139856
4813937
48139219030
4813908
481390
4813885
4813878
48138616
481386
4813846
4813837
481382
481380
4813770
4813753
481373
481370354
481370215
481370143
481370120
4813697
481368
481367
4813637
4813614
48136
481356110
481356
4813559
48135403
4813531
4813522
48135126
481350066
481350002
48135
48134965
4813483
481347100871790358
48134686
48134663nona
48134534
4813452
48134466
48134357
4813431
4813425155
48134134
481341
4813407143
48134070124
4813401049
48134007
4813380
48133648
48133588
48133504kb
48133433
48133382
4813319
481331
481330
4813285
48132792117
48132780144
4813272
48132691
48132635
481325
4813233142008
4813220
481321001
48132074
481320706
481320305
4813203
481320128
481320111
48131972
4813190
4813188
4813179
4813174
4813171
48131650
48131441329
481314
48131378l
4813136
4813130
4813114
4813112
4813109
48131049
481310223
4813101
48131
4813091
481308043
4813076
4813071009
4813070
48130697
4813064
481305323
48130505543200
4813049
481303
48130228
4813017
4813013075
4813010028
4813010003
4813007
4813000
48130
4812luna
4812kc
4812gc
4812darrah
4812blaba98
4812991
4812975
4812960194
4812948
48129281
48129136089455102212
48129124
48129099
48129024812902
48128994
48128925
48128908
48128839
48128830
48128799
48128742
481287
48128679
48128656
48128579
4812852
4812851155
48128378
48128341
48128320
48128008
48127x1
48127895420
4812785
4812760
4812725
48127074
481270208
481270093
4812680
4812675
481266
481265
481263
481262
4812610485
4812610105
48126012
4812571
481255370
48125520
48125510
48125413
481253946412
48125308
4812526
48125214531921
4812520017
48125180225
48125180143
4812515
481251
48125014
4812501100
4812501066
48125010133
48124a
48124952
48124913
48124839
48124826
481248
4812475
4812469
48124642
481246
481245603
4812455
4812454
48124524
48124514
4812450
4812440157
481244001
481243
48124240128
48124220112
48124138
48124116
4812410010
4812410004
48124070333
48124070245
48124070207
48124070104
4812403
48124010442
48124010245
481240023
48124
48123969
48123947
4812390
48123850
481238
481237372
48123708
481237
48123622
