336racer
336player
336nmmalj
336martini
336ladybug
336keiria
336jnm
336jAn18
336gdh
336elm
336ed72e
336dts336
336che
336cap78
336bobbottom
336band
336ayu
336akaq
336MACYMACY
336GEE
3369t
3369la
3369kc
3369jqmuj
3369hoe
3369ed
3369chuck
33699zxzos
33699910
336998
3369963
3369933699
3369917
33699033
3369900
3369887
3369885211041
3369881988
336988
33698700
336985AB
3369852lov
336982k
336981jt
3369817
33697rock
3369753
336971
33697
336969336969
336967
3369640
3369623
3369616
336960
33695hn
336958
3369578
3369564
3369550sasha
3369541
336953
3369524
33695176
3369512
33694miaudxs
3369486
3369470
3369463
336943
336942
336939
33693557
3369354
3369340
336933t
336933e
3369334
3369326
336931865
3369308
33692866
33692811
3369272
33692523
336925
3369234
33692258
33692087
33691d
3369189
33691622
3369143
3369121518
3369080
3369076967
336906
336905
3369041
3369026
33690209
3369009
3369.258
3368padc
3368lmt
3368bs
3368970
3368912
33688hdebq
3368886
336887
336886
3368840
33688077
3368784
336873232
3368722
336870812
3368691
3368661
3368630199
336861076
336860
3368587
3368575
3368554
3368522
336851m
33684vxfeo
3368485
3368475909
336847
3368450
33684457
3368439
336841654
3368389
3368351
336833
336832
336829
3368284
336828
33682568
336825
336824
336822457
3368222
336821
33681993
3368193
3368172
336815
3368117@#0121871644
336811
33680rizky
336807ares6.5
3368077
33680712
33680557
3368049
336801
3367vdidv
3367rich
3367mustad
3367dlm
3367999
336797
33679616
33679555
3367930
3367928sad
33679083
3367899913047
33678935039
3367884
3367877
336787
3367856
336783
3367814
3367772
3367768
3367754
336774
3367719
336769
3367681
336767
3367640
3367636
336761
3367575
336755
3367530
33675135
33675
336748924klk4850
336747
336745
336743
3367421
336741
3367395
336736
33673367v
33673357
336733
336732
33673
3367249
336724
336722
3367213
3367206
3367192
336715
3367141payton
3367109nata
33671032
3367099
3367074
3367058
3367032
3367024
33670
3366tong
3366redred
3366maywood
3366ktj
3366jun
3366gyyy
3366deon
3366aaa
3366SHARK
33669p
33669a
336699ok
336699liv
336699jane
336699ea
336699aa
3366999966666
33669988774411
336699885522
3366998
336699440434405
336699336699
336699225588
33669910
3366990011
3366987
3366966nasist
336695
336694
3366933
3366922
336691006016485
33668pepe
33668899
3366888885
33668844
3366881
3366860
336684
336682
33668121
3366809
3366805
3366782
336677541PoM
3366770a
336676
3366751
336674
336672
3366699
3366692
33666699
3366643
336663
3366624
3366613
336660
33665802
3366579215639398
33665735
336655889966
3366555nanary
3366553e
33665502
3366549
3366547
336654
3366530
33665
3366487
336648
336647imma%
33664773
33664624
336645
3366441
33664235
336642
33664
3366391724681
3366366
3366351
33663433
336633a
33663366MH
3366335
3366324
336631392671364
336631
33662ysfko
3366296
3366280117
33662575
3366250
3366236865
33662211
3366216
3366206
33661973
336619
3366171
336615
33661261
33661188
336610
33660791
3366065
3366059narby
336604
336603
3366028777
336602
33660101
3366**tintin
3365ttab
3365sarge
3365lu
3365kar
3365cs
3365998
3365985
3365978608
336592200
336591
3365899658
33658957
336588
336587
3365863
3365853
3365841
336583992
3365812
33658004
33658
336574
3365719
3365703
3365695
3365686
336568
3365643
336564
33656365
3365631me
3365625
336561
3365595
3365585
3365576
33655533327893
3365532
336552
3365517
3365496
3365486
336547
336546
336544
336542
3365412798
336541
33654041
3365389
336533653365
33652849
336526
3365252
336523
336521
336520
3365193
33651830
3365176
336513
3365123
3365110
3365106
336505
336503
336502
33650123
3365007
3364rm
33649apwtx
3364976
3364963
336495024066
336494
3364933
336493**yadeniz
336491
336490
3364860
33648538
3364844
336482
336479
3364773308
3364768246
33647506
336474
3364727ev
3364724
3364702
33647
3364677f
3364653
3364633646
3364619
33646078096
3364587
336458
3364574
3364550
33645315
336451461352brk
3364499
3364490
336445
33644424
3364428
3364423
3364410
336439dob92
336439
3364366
336436025
336435
33643354
33643089demonio
336430
3364286
3364277
336425
3364240891584467
3364228
33641abc
3364194
3364188
3364179
33641631996
336415920
3364141
336410
3364097
3364066
336406
3364042904
3364019
33640100165108083
3363yash
3363lmc
3363jamisondrive
3363april
33639c
3363993
3363982
33639627
3363943
336392407
3363919cem:
3363911245
33639
3363885
33638771
3363872
336386
3363852
3363843
3363816
336381
33637h
3363789644
336378792trosky
3363727
3363711
33636750
3363660
33636490
336363a
3363636
336361
33635SATNURAK
336357w
3363570102
33635609
336352
3363481516
336346
3363441
3363433
3363430
336341997
33634145
33633c
3363382384082988
336337001
336337
33633645
3363353321
336335
336332alex
3363322
3363317
3363306
3363288
336327m
336326ida
3363262b
3363248
3363223251
336321m
3363211
3363203
3363190
336317
3363159
33631575mio
336314
336313
3363124
3363120
33631195+
336311
3363105
3363100
3363070
3363065
3363063460
3363055
336303b
3363025
3363002
3363*lybeto
3362leng
3362free
3362bunce
3362992
3362977
3362954
336292
33629160
3362896311
336288
3362851a
336284
3362834
336282
33627sxfhh
336277
3362756154
3362729085
336272
3362691
3362683
3362676723
3362673
3362669
336264
3362617***
33625twy
336257
336256
3362530441
3362528m
33624evpnu
3362494
3362470
3362461
336244
33624263
3362424
3362409219jossy
33624
3362388
336237
3362335
3362317
3362309
3362303
336229
3362281
3362274
3362268b
33622393349431
3362224
33621L
3362182
3362179
3362167
33621595
33621421
33621325
336212
3362100291
3362085
3362067
33620607
3362034
336203
3361marina
3361loozers
3361dj
3361and
33619J
33619948a
3361960
336194
3361910
336188
33618647
3361849
3361835
33618245
3361821
33618/
336179
3361778
336176
33617544
33617415
3361732
33617020
3361694
3361678
336167
3361657
336165
3361645
3361629
3361600
3361593
336158508
3361579
3361574
33615526
3361536
3361522q
336151138/
336150
3361483
336147b
336147
336145
336144
3361424
336141
33613t
3361396
33613892
3361378
3361350
3361344
336134
3361334
3361317
3361303
336130034499
3361300102260
33612j
33612814
3361270
3361266
3361262
3361250
3361237
3361232813
3361226
3361220
3361212
3361208
3361200438517
33612
33611945
33611813m
3361151376
3361131
336113
336112
3361101
3361100145
33610c
3361073
3361057
3361039
3361030888
3361023
3361017
3361014samuel
3361001035170
33610
3360steve
3360kkgaldy
3360haha
3360ermd
3360LAW
3360975
336097
3360965
3360960
336094
3360936
3360913
33609
3360875
336085
3360837
3360835
3360820514
3360801
336080
33607isqt
33607766
3360766
336076
336075
336072485
3360719
3360665vicky
3360646
3360621
33606033
33606
336059
3360579616
336055
3360500771890
3360500320588
336050
336049
3360468
33604536
3360422
3360400861323
3360400592471
3360400
3360375
3360364xolorojo
33603360
3360304
33602sndpn
3360297
336029310462
336029
3360264
3360260
3360244
336024
336022
3360218
336020416
3360200280211
33601968
3360184
3360171142
336017
336016
33601504
336013
3360113e
3360102
3360101196
3360100968483
3360100221761
3360100
336008
33600715245959010
3360064
336006
3360048
3360038
3360023
3360009
336*3527burnsb
335xnzey49
335wwe619
335vgn
335sura
335sf4
335oakwood
335lespaul
335kamrin
335joselito
335jeff
335j1
335ired
335iain
335flh
335ej
335dany
335dahlia920
335bff
335ant
335act/
335JMDKNF
3359snugk
3359bell.com
33599m
33599788
3359963
335993
3359909k
3359903
3359900099291
33598ifmyw
3359889j
33598847
3359872
3359862
335985394
335985
33598291
33598070334
33597l
335978
3359765
3359748
335973
3359726
335969
3359660
335964
335960
3359586
3359568
33595567
33595377
335952
335947
335942
3359395
3359360
33593421
3359326
3359308
335930
33592773
335926jh
335926
335923
3359222
33591784
3359138
3359124
3359105
335905
33590173
33590072
3358bubby
3358981
335895
3358933589
335892
335891
3358902
3358892
335886
3358837
3358812
335880
335878wolf
335875
335870
33586263
3358607
335860*a
33585cslau
3358576
33585362844134
33585322
335850sml
335850
3358497
335848635
335846
33584466
3358418
3358410
3358401
33583hwzer
3358376
3358350267U
3358335
33583222
335832
3358276
3358267
335826540
33582400306luce
335823459
335822
3358210.
33582018
335814tsh
3358141
335812
33581047
33580866
335805
33580387
3358020
335800202
3357t14
3357sb
3357pamela
3357matt
3357ea
3357dkg
3357KQ
33579dpyen
3357992
3357978
335797
3357960
33579575
335794852201
3357913
33579110
335791
3357896
33578787122866
33578756
3357865
3357859
3357841
335783724
335782
33578147*
33577995
33577899
33577847
3357766
33577478
33577387
3357730w
335772
335770
33576wsket
335767
335766074
33576512
335764382
3357630
3357613
33576
3357590
3357561
3357533
3357519
335750
3357493
33574838
3357462
3357456
3357430
3357427
335740
33573978
33573787
335736
3357325
335728a
335726816
3357262
3357228
3357218
33572094046
335718
335717078
3357164
3357157amber
3357150
3357124
3357103
3357093kilp
335709
335707423
33570654
3357055
335703
3357014
335700
3357
3356pao
3356l3
3356erhan33563335
33569JEAN
33569977mami
335699
33569324
3356896
335686
335684
3356818
33568
33567866619876654326
3356778
33567666
3356739
3356732y
33567302
3356695
3356662
335665768
3356640
335663634
335663
3356618
33566007
33566
3356590
3356553
33565467
3356533
3356521
3356519
3356507d
33565038
33564rdjj
3356498
3356490
3356481osy
33564643
33564475
3356417
33564000
33563kj
335639
3356373
3356364
33563390
335633
3356306
33562883
33562743
335625
3356233562
335622705
33562043
33561986123456
33561844
3356176
3356152020
3356145
335612930
3356110
335610
3356095
3356089
3356085
33560683
3356057
33560501
335604
3356033560
335601234
3356007
3356.00
3355tyson
3355tm789xyz
3355ss
3355mc
3355js
3355grptx
3355dell
3355bl
3355al
3355action
3355999
33559933
3355991
335598
3355969
335596
3355954
3355933559
335592
3355904
335588l
33558854
33558823
33558800
335587
3355867
335584snm
3355836
33558255
3355820
33557t
335579
335577rm
335577ac
33557799dd
3355778899
33557786
33557771
33557711
3355767
3355739
3355716342131
33557124
3355709
33557
3355697
3355685
3355680
335567
335566ggg
33556699
335566474
33556644
33556622
3355658j
335565
3355644
3355635
33556254
335562
33556
335557789
33555616l
3355543
335553
335550
33554788
335546gpst
3355461
33554432
3355442010
3355429
33554189
33554
335539
335537
335533588
33553355a
3355331ca
335531399
33553107
335530848485521
33552jnsov
33552887
335528
33552606
3355252773s
33552467
335522885599
335522536
33552200
33552160
3355213
335521
33552
33551935
335518
3355153
335513x
335512r
3355123
335512
3355107
335510
33550669
335504500
335503
3355013
33550033449966
33550
3354twin
3354k
3354ever
33549tattoo
3354978cardozo
33549709
3354955
33549343
335493
3354926271180
3354916
3354908426579fpg
335489
335486
335485
33548441
3354833548
33548238
3354786
335478420
335477
335475
3354737
3354729
33547
33546856e
33546749
3354666
3354657
3354644
3354639
3354630
33546284
3354619n1
33546021
33545rmbxr
335458
33545728
335455
3354538
3354531045
335453
3354520
3354501
3354488
335447
335446
3354458
3354435543
3354418thecare
3354410//
335440
33543822
33543674diogo
3354330
335432
33542_191233
3354294
3354280
3354258h
3354254
3354242fjb
3354237
3354234
335423
335422108
3354219833
3354192
335418.16632499-8
33541622363
3354146
3354123
335412
33541122
335408
33540645
3354052
3354049
33540388
335403
335402
33540011
3353ta49
3353kh
3353bank
3353ane
3353983
3353967
3353964
335393
3353910
3353893
3353878
3353850
3353843
3353825
335381
33538
335378666
335374
3353721
335370
33536RCR43A
335369
335368
3353666
3353651
3353602
3353594
3353575
33535538
3353541
3353535sa!
3353533535
335351423
3353489
335348
335346810
33534362#c
33534294
3353422
3353415
33533sp
3353389
335337
3353362
335335w
3353355
3353351423
3353340
3353338
3353331
3353318
335331314888
335331
3353303
3353299
3353292barikat26
3353258
3353195
33531919m
3353178yurany
3353169pao
335316
3353153
335315
33531263468
3353116
335310887
33531027
335310
33530a
335308
335304
3353023
335301025
335300
3352off
3352ky
3352ex
3352dm
3352deja
3352DZ
335299
3352974
33529421
33529399
3352926
3352917
33529032
3352897
33528485
3352812
33528050
3352802
335278
3352759
335274
33527052
33527
335267
335266
335264
3352621
33526071109
33526012
33525j
33525872
3352580
3352570
3352560
335254
335253864
335252
33525
3352461
3352456789*
33524420
3352421849
3352419mert
33524091
335240
3352383
3352344
335234
3352334
3352314
335230037
3352298
3352282
3352266
3352255
335224
335223
3352213
335220
33521993
33521902
33521816
335217
3352166
3352133521
33521307
3352124
335212
335211134
3352099
3352077
335206148
33520520
3352045
3352036
3352017
335201314
33520130
335200b
335200
3351topgun18
3351nui
3351er
3351SELMA
3351986a
3351979
3351957
335193
335189pavo
33518943
3351884
3351867
3351859
3351846
335183
3351808
33518019
335174
3351733
3351725
335169andy
335169
3351685
33516789
33516581
3351647
3351626
3351616
335159
335158
3351566
335156
3351558
3351551
3351542
33515354
3351532
3351524
3351513
33514e
3351488
335148
335147
3351458
3351431
3351424
3351411
335141
335140
3351399
3351384
33513827
335137
3351341
3351339
3351330
335131
3351299
3351277
335125
3351248
335124108
3351238
3351233512
3351225
3351214
3351198
335118
3351160
3351146mg
3351130134
3351124
335111742
33510abc
335109
3351082
33510702
335105636
33510372
335102z
3351022612
33510131
3351009200
3350vnp
3350cr
3350993
3350969
3350950
3350936
3350919
33509149
3350901
335089
33508785
3350868
3350863
3350828
335081
33508059
3350800356707
3350800
335079
335078
335072ss
3350726
335072
3350698
3350675
3350667
33506460
3350644
335061s
3350595
335059
335055
3350527
3350513
3350488
3350467
3350435
33504200
335041
33504045
3350400021
335040
3350358
3350349
33503340
33503187
3350300536676
3350297
335028
335027460
33502551
3350230
335022
3350200123
33501982
335018
3350171
335015
3350131
3350129
3350122
335011z
3350106
3350100835285
33500ti
3350088a
335008
3350074
335005240882
3350047558
335004496
3350036
33500140
335/188
335-3451
334tillidie
334steelers
334rollingstone
334rdvuq99jj
334plf-
334penny
334montgomery
334mirlan
334lovers
334lashay
334kss1sma
334keywanda
334joy
334howardave
334hello
334gump
334finest
334emre334
334dre017
334dalelawa
334coral
334chick
334cf3bf
334carmel
334burchettblvd.
334boyal
334big
334applemouse
334_chick
334PIMP
334BOIZ
3349weber
3349ju
3349dgsgag
3349EJ
334999
3349978
33499512
3349947
3349928
33499146016
3349908936
3349900898879
3349900775106
3349900738936
3349900391120
3349900375035
3349900
33498kk
334987
3349860
33498301
3349803
334980006216724
3349800016688
3349798cg
33497955310565
33497801
334977
33497559
334973
3349719
3349691
3349675
3349657
3349624a
33496118
3349585
33495720
33495381531
334951Bell
33494khtsg
3349486
3349479
3349476
3349474
3349434
3349428526
3349426
334939
3349388
3349376
334935s
33493252
3349297
3349290
3349287983
334928
3349250
3349241
334922
334920d
33492013
334920
3349190
334916321
3349151t
3349062
334905540@qq.com
3349040j
3349035
3349007
3349*
3348n8861
3348jkebu
3348dsdk
3348cristomdrive
3348angel
3348993
334899
334896
33489256
3348906
334890
3348898
334888
334887
3348858
334884
3348796B
334877
3348766
3348758
3348742
3348730289
33487207
334869
334867001
334865403
334864
3348620
3348616
334861287
334861066v
33486
3348581
3348565
3348559
3348513
3348489241
3348483
3348475673
334847453j
334846120293
3348456e
334845400
3348433
3348425
334841
3348380
33483382
33483178721
334831
3348295710
3348292
334828
3348254
3348231
3348220
334821734
334821
33482
334819
3348188o
3348174a
33481677
33481496
334814
33481140
334811
3348107
334809
33480856
3348061a
334805280
33480498123
3348046
334803659
3348033480
334802007
334801
3347rd
3347nwg
3347life
3347iraide
3347bs
3347amc
334799
334796
334794
3347917
334790
334789
33478790
3347867
334783li
33478120
3347810
334778
3347770
3347760377
33477522
3347747670ozark
3347740
334769898
334768407
3347676
334764028
3347601
3347596
33475767
334754
334752
33475140103582611body
33475
3347496270
3347474.s
3347464a
334745186s
334744
3347436
3347426135simone
3347420
33473haway
3347327
33472911911
33472850
3347277078
33472606
3347255
334724073
3347232
334723
3347215
33471cC
334719
3347179
334716
33471256
3347119
33471
3347099
3347048943
33470400
334703270
3346ratn
3346ko
334699
334692j
3346912296
334690
3346899
3346883
3346859
3346853
334683
3346819
3346786695
33467640
33467304545
33467119
334670
3346691
3346678
334663jenny
3346634
334662618
33466121
33466
3346572
334656
33465552
3346538
334652b
3346515
334649
334647
3346456
33464393
334643
334640
334638
3346375
334635
334633
3346321
334631
33462776
3346246
3346239P
3346222
33461angela
33461864
3346167
33461542
33461470721g
334614
3346133977
334611994
3346111
334610
334609926t
33460812
334607
3346035
33460
3345wr
3345twat
3345shantel
3345pierce
3345mi
3345liz
3345ih
3345gea
3345cd
3345bjqrr
33459zen
3345980
33459688
3345959
3345933
33459294
33458fl
334589
33458846.
33458813
3345873
334586
334585
3345832
3345825
3345807
33458
334579
334577
334572091
334568450
33456799
33456788pp
334567713
334566922
3345659
3345634
33456312
3345619
334560b!
33455712
33455667
334556
334554321123322
33455432
3345522
334552
334550
334549
33454674hi
3345441
3345433
3345422
33454183625382
3345385
33453560
3345348
3345323
33453200
3345319
334531717
33452h
334529
334527954
334526734525
3345242558
3345239836
3345222
334520401979
334520
33451965
3345189
3345176
33451662255
33451535
3345152
33451405
334512
33451148
3345097
3345078326
334507131
3345064ksa
33450627
334503
334501486
334500398
33450
3344wjh19871012
3344wan
3344ty
3344rty
3344rc
3344pink180
3344os
3344mk
3344god
3344ebell
3344cats
3344as
3344a7
3344WVAN
3344KEV
334499_djdodge
3344998
33449966
334495`
3344941
33449292
3344920
3344915
3344892
334488g
33448899
334486lp
3344867
334485
33448298
33448251
33448083
33448
3344791
3344782
3344771111
334476
33447440
3344735
3344730
3344716
334470a
33446972
334469
3344674
3344669876
3344668
33446666
3344662
3344640
33446353
3344627520
33446104
3344602
33445708
33445678
3344560
334455889
3344552277
3344551
33445462
3344528
3344521ba
3344521.wei
33445209m
334452077
33445202
3344514
334451
33444nui
33444886
3344480080
3344447
33444210
334440was
3344393
33443736
3344368
334435ML
3344351
3344346
33443434
3344339
33443344g
334433443344
3344332
33443250
3344313
3344311
3344304199015
33442ameba
33442906k
3344289
3344274f
33442660
3344258
33442512
334423480
33442258
33442211
33442195hello
334420520
33441meb
3344198
334419
33441799
33441755
334416lpy
3344168
33441619
334416
33441551
33441411
3344135
33441333
33441314505
334413
334412114
334412
33441155
33441121
33441102
3344102171
334410
3344082fox
3344078
33440760
3344056
33440422
33440387
3344033440
334403
3344024
334401
334400278
33440000
3343milk
3343ht
3343dg
3343bird
3343SHOE
334399oreo
3343991
334398
3343939443
334391m
334390
3343897
3343884
3343873704
3343858
3343848
33438392
3343833
3343826
3343817
33437g
33437786
3343740
33437304
3343724
33437039
33437
3343668341
3343644
3343632019
3343615
33436087
3343600
3343588nila22
334357
3343551
3343549
3343543
3343537
33435326
334350jd
33435
3343495
3343488
3343478
3343435
33434316
3343413
33433xox
33433963326113
334337
33433636
334335
334334a
3343334765
3343334239
33433119
3343297
3343291
33432899
3343278535a
3343257
33432421
334323030
3343227820
3343221
3343212345
3343204
33431949
334319
33431534
33431439
3343141
3343125
3343115c
33430cudda
33430769
3343062
33430419
3343026
33430034
3343001
3342zhvvo
3342vera_carey
3342southmacgregor
3342peweli
3342mb
3342ga
3342al
33429900
334298
3342962
3342959
334295
3342931
33429092
33428rat
3342898
3342890922
33428888
3342879
3342860
3342856
3342849
3342836410
3342816
33428055
3342802+*
33428
33427900
33427769
33427719
3342765
334275
33427345
3342715747
3342700
33427,,
33426913tango
33426748
334266
33426567
334265
3342645
3342640
334262965
334262438633
33426152
334259
3342582
33425671
33425602
33425535Tp
334255
3342541
3342534h
3342527
33425031
334250
3342481
33424763
3342474
3342455300
3342450
334244
3342419033424190
3342416mateo
33424
3342396
33423821
3342364
334234
3342337
3342311
33422ah
3342281
334228
3342247
3342229
334222
3342210
3342202
334218733789293313549
3342166562
3342162
334215
3342135891
3342125370
3342112151
3342090
3342088
3342060
3342043276psw9k
3342036
3342032
334202
3341zxy
3341tcw
3341mama
3341larenas
3341home
3341em
3341984135
3341974
33419439
3341935
334191
3341900277842
33418898
334187
3341859
33418114
33417gurl
33417768
3341760
3341742
3341730912
3341725510
33417151
33417012
334170
3341682
3341679
33416603
3341657
3341652
33416446
334162633
3341625
3341615603
3341610)(
334161
3341601118769
334160046477
3341600420119
3341591091
334158mg
3341571
3341562a
3341556
33415500
33415469
3341545
334152
3341501608489
3341500880
3341500191118
33414U
33414985
33414782
3341457
3341453
3341452
334144jmf
3341444
334143570
3341431
33414190
3341418
3341400426750
3341400014630
3341364
3341353b
3341346
334133p
33413289
3341314
33413043
3341300454506
3341299
334128364813
3341273
3341257
3341246pris
334123az!
33412109
3341202
3341200244291
33411kpcjr
33411ced
334119
33411778
334117
33411616
3341157
3341150346007423
3341144
334114218
334114
33411264
3341118
3341100523458
334110
3341097223
3341085
334106e
33410485
3341030
334102
334101
334100912088
33410004
334100
3340sm78
3340_pequena
334098
33409600
3340930
334092
3340912
3340900303126
334089
33408791
3340876
3340869
3340854
3340832
3340817180
3340800
33407875
3340784
334076
3340752
334075
33407438
3340701502349
3340700999100
33407009
3340700154479
3340698
3340675
3340670
3340666
33406636
3340654
3340647
3340631
334062
3340617
3340611899
3340580
3340553
334055
3340536n
3340508
3340506
3340500285812
3340456
3340441r
3340436
33404135
3340409
3340400069751
334039
334038641923
33403738
3340364611083
3340350
3340344
334033lhye
3340320
3340317405
3340313
33403
3340251
334022marko22283
334022
334021
3340200438672
3340182
3340163
3340140man
33401348
3340116
334011036
3340100890417
3340100507486
33400882538
334006860
334005
3340030
33400269548215
33400196
3340010
3340
334-229
333zurh
333yuyyuy
333ytak
333yayee333
333yahoo
333xplizt
333wwweee
333wjec
333westy
333weezy-
333wanie
333vir666
333vcj
333tyfam
333trinity
333tri
333trei
333trebol
333to666
333tina
333tim
333threes
333tex
333tennent
333teamo
333tablack
333sweetie333
333steve
333ssa$%^
333sro
333south33
333soccer
333slick
333skye
333siruelas
333shlomo
333shane
333sexysarah333
333sexy
333sea333
333scrilla
333san
333sadie
333rungnop
333rucoollikeme
333rox333
333rock
333ricke333
333rfy
333ratm3
333quelch
333punk
333psl
333princess
333pravius
333poster
333pop
333pnut
333pigs
333peyton
333pel
333paulstevenblake
333par
333palafox
333orange
333ohsnap
333o223
333nth
333now
333ninetynine
333niko333
333nesia
333nes
333nd333r12
333nandum
333nam
333mythreeangels
333muscan
333mordor
333monkeys
333mom
333mkj
333mio
333milkst
333migax
333memeu
333mely333
333meaghan
333mcrfreak333
333mb333
333matty
333mariam
333manuelson333
333maggie
333m769
333luver
333luck
333lovehearts333
333lol
333llliiiaaammm
333limar
333liibaby
333let
333lee333
333laro
333lafw
333kzgwu
333kse
333klk
333killersmile
333kiaras777
333kertaa333
333kelcq
333kayzzz
333katie
333k38
333jsb
333joy
333jonas
333joe
333jmv
333jethro
333jess333
333jeab
333jackson
333isonlyforme!
333intense
333imonlyhalfevil
333iloveu
333iloveme
333igor333
333hugito333
333home
333hilltop
333happy
333halfevil-
333halfbad
333hafevil
333grb
333gorman
333girls
333gec
333ftlbs
333freak
333fnz333
333fffw
333fer88
333felix
333faby
333enterprise
333embo
333elc
333eee...
333eba333
333dreshadow
333dogs
333dj333
333deno666
333demon
333debi
333dd
333davidjr
333dance
333cute
333curt
333cristo
333crissy777
333creative
333coonie
333cod3425
333ckcuc79
333child
333cheese
333center
333cdp
333cash
333cars
333capone
333c999
333by333
333bulldog
333bsad333
333brian
333bre
333boner
333bnr33
333blue
333blink333
333blablaar
333bigbum
333bgd
333betty
333beat111
333bbb333
333barbiet
333azul333
333atiboh!
333ash
333asd
333art
333apopka
333annie
333anana
333amsterdam
333alexis
333akp333akp
333afro
333aces
333aaa777aaa
333a333.
333a20
333_luck
333_amorypaz_333
333_333
333ZELA
333XXX
333S326
333QLK
333PAVAN
333Old22
333Mercy
333MUNDOAMOR
333MIAMI
333LUSU333
333LOVE
333KsRiw
333KL
333Jesus
333JOE333
333JHQ333Slh
333GUNOT
333FELO333
333DalesgirL
333CUTE
333CCC
333BYTCH
333ASAP
333AIMEE
3339xdjam
3339p
3339mc
3339julio
3339ee
3339buzzy
33399d
333999z
333999go
333999bela
33399999
33399981
3339996662345
333999444
33399928
333999141012
333999000
33399860391
333996a
333995915
333994
333990
3339898
3339893
3339888
3339880514
333987321
3339871
33398224792665
33398
3339796
333978jv
3339760
3339755
33397466
33397
333969482
3339660
333965
333962
333958
3339571
333956
3339549689
333950327
333950
3339490
33394866611
333948
333947
3339456789
3339447
3339426548
3339420
3339407
3339401132
33393654
333935
3339339
3339304
33392955
333927123000
3339270
3339257100
3339226
33392257
33391920
3339177
3339133520
3339133
3339119
3339110
33390949
3339060
333903
3339001
3338yasmine
3338bl
3338af
3338984
333894
333893
333892
3338896
33388890
33388826
33388812
3338858
3338826
3338818
33388
33387591
3338734
33387233
33386a
333869
333868
3338663050607
33386524
333864837
3338643
333863
3338608
33385943tt
333858
3338567
333856
3338557
3338553
33385478
333853
333852
3338510
3338491
333848
3338469mdg
333846
333845
33384450
3338436
3338421v
333838
3338369
3338354442
3338337
33383339
3338333
333833*
33383237
3338301753
333828
333827214
3338269r
33382551277
3338247
3338233
3338232425
3338228
333821379
333820b11
33381chyea
333818
3338162398
33381266
33381
3338083v
333807
3338059
33380339
33380180
333801194
33380027jlj
3337lyell
3337ckd
3337999
33379984
33379932hs
3337967998
333795
3337936
33379304
33379243314549
3337909
3337900
333789333
333788
33378769
333786
333785
3337835
33378//
3337791
333777rd
333777dayan
333777b
333777Tang5?.?
3337779990
33377778444
3337775
33377737
333777266
333777111
333776
3337757458
3337747
33377337386
333773
3337722
33377173pbsp
333771
333769
3337661
33376310l
3337612
33375925
3337578
333757
333754
333751032
3337501
33374lk
3337476
333745
3337444
3337422
3337407
3337404
3337399
333738e8
33373789AA
3337374
3337368
33373337
333733
3337312
33373053
333727628
3337261
333721
333720
3337169489
33371553
3337137
3337134349
333713
33371
3337090
333707101
33370638
3337057
3337034
3337025
3337013
33370
3336super
3336isabel
3336dn
3336b
33369mf
33369b
333697
3336953
33369376
33369333
333692
3336913
3336897
333687301
3336869
333686
3336850
33368382901853
333681
33368
333678
3336768.a
3336768
3336716
33366999
333668
333666mmm
333666999gg
33366699936
33366699910
33366698
3336668470
333666444
333666333
33366622
33366620
3336661110
3336660
33366504
33366497
3336625467
3336614
333660
3336594
333658930
3336570
3336568
3336564
3336550
3336536
3336527
333652
33365031jady
3336475
3336469S
3336462
33364587
3336441
33363bladimir
3336383
3336380
3336376
33363730
3336360
333634472
3336333150786
3336331
3336322
33362922
33362793
3336274
333625
333623xzy
3336232
3336206
3336199
33361856AB
333618
33361706
33361698
3336168
3336159
3336150
33361220
333610
333609
333607
3336051
3336039
333601614
333601
3336006
33360027
3336-1
3335joplin
3335gencfb+-ca
3335997
333599
333596892
3335963
33359450
3335932
333591
33358962
333589
3335883
333587q
3335849
3335840
3335828s
33358
3335799887
3335788
33357753575333
3335762
3335756313
33357468399911800580
33357375
333571
3335696
3335693
3335682
333567MEGS
3335658
3335646
333561
333560
33355gw
3335572
3335565
333555j
3335559
3335557770
33355571
3335555533
333555497pelus
333555444
3335550442
3335547
3335512
33354f
3335489
333546suda
3335462
333545jfk
33354465
3335436
333543111223
333543
333541
33353wt
33353955
3335389
3335369
33353533
333534kn
33353438
33353353k
33353171
3335306
33352952
33352872j
3335260
3335252465
3335250
33352450
333524
3335235mzsa
33351992
333518
3335142
33351388
3335129
33351234
3335118
3335090
3335078
33350771b
3335053
333504333504
3335037
33350125
3335004
3334msg
3334moose
3334hdrm
3334ch
33349obzdy
333499
3334981
3334966
33349380
3334925
333492
3334879
333486
333484
333482
3334792
333479129
3334787
3334777
333475408
3334735
3334732
333473
3334713
33346h
333467
3334666
3334652
333464
3334630
33346
33345899
33345734008
333456er
3334565
333455*
3334538
3334534849b
3334520
333451
33344e
33344912
3334485
3334471
333444qqq
333444es
333444a
333444999
333444777999
333444555777
33344455
333444455555
33344444
333444299
3334435
3334423
33343f2
3334398
3334373
3334359
3334353
333433j
333432jay
33343151
3334307
3334298
333429
333428
3334274
33342533
33342433
3334236A
3334224
333422
333420nb
33341z
3334186
3334175
33341602
3334148
3334131036
333408j
33340888
3334069
333404js
3334031
3334029r
3334015
3333tomboy
3333tiago*
3333td
3333roaa
3333rd
3333pr
3333mm
3333mimi
3333loli
3333linda
3333kj
3333jeep
3333hotdog2380
3333hhhh
3333gia
3333ey
3333eman
3333dj
3333cris
3333cccc
3333bri
3333bae
3333alicia
3333MM
3333992
333398
3333967
3333958
333393
3333918
33339
33338737
3333868352
3333842
333383
3333810681
333380
3333781a
33337777m
33337733
3333766
33337576
3333749
33337426
333374
3333709
3333700
33337
3333694
3333679
33336738367061
33336666efsane
33336417dj
33336363
33336333
33336123
33336060
33336
3333564
3333557
333355454
3333542
333353
3333525
33335156
3333507975
3333501932
333346
3333449
3333444
333341
33333w
33333s
33333o
33333n
33333l
33333bb
33333_0
33333S
33333Dee
3333399999
3333390
333337L
3333377777
33333662
33333566
333333z
333333v
333333s
333333pom
333333my
333333l
333333ev
333333dia
333333T
333333L
333333A
3333337
33333360
333333555
33333354
333333433
3333333n
3333333e
3333333K
3333333777
33333333lib
333333339
333333333e
333333333A
33333333333333333333333333333333333333333333333333333333333333333333333333333333333333333333333333333333333333333333333333333333333333333333333www
3333333333333333333333333333333333333333333333
33333333333333333333333333333333333333
3333333333333333333
3333333322
3333333221
33333330
3333330988
3333327045
33333223
3333322222
333331919
3333314
33333101
3333307410
33333+
3333270
33332650
33332588
3333251
33332424
3333232
333322221111
3333222
33331989
3333183
3333167
3333149
33331388
333313333
3333131
3333126
3333101101
333309
3333067
3333047
333304
33330330
333302
333300522
33330007
3332mt
3332kim
3332jz1
3332home
3332forever
33329991
333298
3332940
33329316
3332922
33329051
33329
3332887
33328727
333287
3332844462
3332825
3332819
3332811
33328020
33328
333279
333278
3332765
3332757
333273
3332725
3332717
33327045
3332694
3332669k
33326659
33326443
3332628
33326011973
3332586
3332574
3332567
33325411596
3332533
33325234
3332519
333249
33324763343179
3332454
333245
3332443
3332436
333243
3332425
3332401603
3332394
3332392
3332388
333238600
3332364yp
333236
33323456
33323331333
33323314
3332315
33323
33322nas
33322h
3332286
3332272
3332264
3332251
333224yo
333224321
3332238
333222l
333222c
333222_ling
333222555
3332223
3332221116
3332221111
333222000
333221g
333221d
333221a
3332213
3332211
3332202
3332189510
333217
333215878703
3332155
3332142
3332136
33321300
3332126
333211
33321014
3332098
3332058
3332046
3332031
3332019702
3332009124
3331sm
3331kgt
3331ct
3331SS
33319915
3331990
3331986
33319147_sergio
33319121991
333190
3331882
333187
333186
3331850
3331848k
333183
3331827
333182
3331807
3331792
333179
3331761
3331743f
3331737
3331729
3331711qw
33317007
3331666
33316499
3331644011
3331633*N
333162
333161
3331591
333159
3331578486
33315601
33315520
33315492
333154
3331525
33315242
3331513
3331490
33314728
333147
3331460id
3331455
3331447
3331438
33314346m
3331432
333142
3331416
333141231
33313elian
33313C
333139
33313843
3331368
33313542589
3331337a
3331333313
3331328
333132228
3331315171
3331313
3331305
3331300302340
33312skab456land7891
3331291
3331289
3331280
33312794
3331273
3331263sn
333125f
333125601
3331242425
333123a
3331239
333123332532
333122mp
3331222
333122
3331211821
33312041
333120
333119t
3331192
3331176
333114
3331119911
333111666
33311144
3331112533
3331111842
3331111
33311031
3331095
333108
3331066
3331059b
33310500183483
3331041
3331033310
3331029
3331018
3331016
3331011
333101
3331000301208
3331
3330tab
3330s3
3330jtz
3330g321
3330bf
3330al
333098
3330977
333097
333096598
33309467727535
33309263
33309050
3330901h2oz
3330888508
3330826
333082
3330811POH
3330800370700
333080016
333078
3330775
333077
3330761972
33307413414703
3330717
3330708
3330700242807
33306633
33306349
3330610
3330602
333060
3330586ibr
333058
3330573
33305622
3330549aa
33305434398646
3330539
3330531
3330525
3330520
33305174
333050150
33305000
333049
3330477**
3330460
333044
3330427
3330419
33304123
3330405
3330401190864
3330400193690
3330390333
333037
33303510
33303317
33303285642
333031
3330300849283
3330300242672525
3330296
3330291
33302890
3330281912923330
3330280
33302698
3330266n
333024213
333022
33302111985
3330200
33301819910805
33301737
333015
333013579
3330119
3330113
33301020
3330101509474
3330101044706
3330100652192
3330100253662
3330100012771
33301
3330086
3330084m
33300818
3330077929
3330071
3330065
333005
3330039
333002lgp
3330011
3330006693
33300.eylulcan
333/202
333//lucio
333.lar
333.erbm
333.333
333...paekaxiah
333-shot
333-96-3888
333-3333alex
333+333
333+07/
333***vikk***
333*
333%333
333 dietcoke
332wsomething
332westway
332ujm
332rutng32
332pacific
332nakia
332mv88
332mmm
332lemonte
332hr6t1
332heat
332gotti
332falcon
332deweyave
332dance
332c2ede71
332b4c
332appev92
332[4084]jebb
332AYS
3329whore
3329nathan
3329las
3329amomax
3329998
332998819833329988
3329974
3329944
3329900353546
3329900023732
33298c
332987
332983
332980430
3329799
3329783
33297731
332976
33297532
332972
33296933
332967203
332966
3329655
332964
3329621juan
3329600f
332960073452l
332960013452
33295uixp
3329595
33295346
332948
33294666
3329450
3329441
332943
33293898
332938506
3329380
3329368
332936
3329332933
33293207
3329317
332930O
3329292
332929
332927677
3329262
332923vc
3329238086
332922
332920569
33291l
33291986
3329185
3329162
33291532
3329143
3329135
3329102
3329101
332909
3329087
3329064
33290406
3329023
3329018
3328you986
3328now
3328madan
3328kb
3328giancarlo
3328fony
3328bank
332895
332894
3328911
3328899dw
332888
3328862+
3328857
3328841
3328834
332883
3328817
3328805
3328791
33287788
332877
3328764
3328740
332872051
33287009
3328695
3328668
3328645
3328613
33286
3328596
332857a
3328555
332853
3328510hf,.dk
33284_6683
33284936
332849013
3328483
33284732
33284653328147
3328451
3328439
3328432
3328413
332841
332840466
332839
3328384
33283634
33283556
3328332o
3328308
3328299
3328293
33282833
33282712210
3328268
3328258
3328253W
3328225
3328212
332820101
33281913091961
33281806
332817
33281556
332814p
332814
3328134
332812mg
332812
33281133
3328106
3328099M
332807
332801a
3328015
33280!j
3327wqsi
3327mxpra
3327knecht
3327cad
3327az
3327998
33279787
332797
332795
332792936
3327919
332791
33278hcbff
33278916
332789
3327877
332786
3327823
3327821mr
3327792
3327779
3327775
332777
33277510
3327748
332773399
3327696
3327686
332768012
3327653
332765
332762
3327612
33276106
3327586
332757
3327568
33275630
3327546
3327520
3327495
3327488
33274780726867
3327470
3327462
33274563
3327434
3327425
332739534679
3327383
3327371699
3327367
332736
3327343
3327340
332733
3327308
332729931
33272520
332724561831754
332721730
33272011
3327173
3327156LEI
3327153
3327138
33271277
33271162
3327103pinar
3327099
332708
332703s
332703156
3327024
3327016
3326vxwyo
3326h347
3326chei
3326^_^steven
3326984
332698
332695
3326922
33268994
332689
332688
3326823
332678m
3326775
3326765
3326753
3326720
332671s
332670a
332670
3326691
3326674
33266581
3326653
3326646
3326635574
3326630
332662ss
33266288
3326602
332659t
3326582
33265541
332654455
332654
3326531
332653
3326521
33265144
33265084
3326494
332646
3326428
3326410240
3326407
3326402
332638
3326373
33263567439
3326353
33263326s
3326331
332631b
332631
33263053611167
3326294
332627951m
3326265328
3326254
332623513
33262212
332622
3326203
33261854383
332617
3326157591237894566908
33261418
3326121
3326118
3326112750
332609336
3326032+-*
332601
3326....3326
3325o92
3325eusouboa
3325bbkk
3325@nt
33259633l
3325951
3325948
3325936
332593
3325922
33259149
3325904
33259003
3325897
33258933
33258881
33258689
3325848
3325845
33258293
33258181993migue
33257993314040
3325785
3325775
33257627
3325759
3325736
33257312
3325715
3325707chi
33256ewjo
332569
3325680
332567
33256699C
332566
33256421224
3325633
33256260
3325610906697
33256050duck
33256
33255fg
3325570
3325533
33255233
3325516a
3325507536
332549m
33254795
332546lakilayaw
3325464
3325461
3325450
3325441
3325437
33254204
3325411998
3325399
3325375
3325355323555630
332535
33253444
3325341
332534
3325331
332530421541870
3325275
33252583
3325251
3325229
332522
332520775
332520
3325193
3325185
3325168
33251634
3325157
3325149
33251435
332514
3325125
33251032a
3325098
332508
3325067
3325040
332503
33250
3325$
3324rw
3324mg
3324j01
3324fusionplatinum
3324Seaside
3324CB
33249ham
3324998461
3324993
332498
332497
33249451
332493
33249030
332488246
33248736
3324856993
3324849
33248391
33248129
332480
3324788
332473396
332473
332472
3324705a
3324701
33246833
3324666
332466
33246563315365
3324649
332462
332461
332460
33245914
332458
332456cj
3324526
3324520
33245131
33244g
3324490
3324480love
3324480
33244533
3324440872
33244240
3324414
33243B
3324392
3324384
3324351ma
332433j
3324320
3324311a
332430
33242e
33242672
332426
332424j
3324248
332423
3324220
33242190
332421
3324200
33241987
3324195
3324183
33241814
3324162
3324157c
33241436
33241201021985rj
332411-3633020
3324107
33241001
3324098
3324091
33240802593
33240630
33240473
33240371
3324023
332401982
3324
3323wall
3323qk
3323oqbg
3323nene
3323jaz
3323dr
3323balto
3323GeeGee
33239980
33239707
3323953
3323941m
3323926
332390
332389
3323877
3323871d
33238641011
3323839
332381605
332381
33237926
3323785s
3323778
3323745
3323736
33237087
33236996
3323662
3323649146300
332364732
33236383
33236289
33236193ana
332361
332360
3323590
33235882
332358
3323558
33235536
3323542
332351
33235082
3323503
332350
3323482
3323469
3323467
332346
3323456
3323451
3323449
3323430
3323420kyle
332341
33234
3323395
3323383
3323375
332336bsc
3323355
3323348
3323342
332333yn
332332332
3323323
3323320
3323311
3323306
3323301029
3323290
3323286
33232754
332326025
3323257
3323248
3323236
332322323
33232173
3323215
332320
33231978
332319
3323186
33231642
33231627
3323156
3323130aey
33231136
332310love
33231082
33231066
3323099
3323094
33230827
3323073
332306523
33230648
3323045
33230385
3323024121
33230225
3323017j
33230
3322rr
3322pt
3322nico
3322moore
3322marie
3322kent
3322grace
3322gjpbp
3322ee
3322dd
3322bwncn
3322ab
33229955
33229822
332297f
3322954
332294
332293
33229294
3322924
3322900
33229
332288988
332288882233
3322886677
33228844e
33228800
3322858
3322848
332283
3322819
3322815
332281
3322803092
33227841
332278020
3322776
332275
3322734
332273
3322713
3322703-
3322698
3322690
3322670
332266frostcatch
3322665
3322657
332265
3322612
33226038
33225v
33225852
3322583
332257d
3322557
3322556
3322553
33225511
3322542
3322533
332252670
33225253
332251t
3322510
3322505
33225
332249
3322468
3322455
33224477
3322445566
33224443752715
332243loux
3322433
3322424
3322417y6518037
3322411
332239
3322381
33223739
3322362561
3322350
3322339
3322332
33223232
3322321
3322315669
3322313
332229213050
33222817
33222686
33222463
332224
3322229P
33221c
33221989
3322197
3322193
33221868
3322178
33221709
33221691
3322146
3322137
3322131
3322121
332211qq
332211l
332211DAMON
332211654
332211445566
332211332211332211
33221122
33221107
332210willy
3322106
3322097
332208
332207
332206
33220393
3322029
33220208
3322018
3322016
332201
3321svb
3321pecan
3321mel
3321kd
3321ctp
3321baby
3321MEL
3321994
33219886
33219728
3321964
33219477
332194
332192cb
3321921z
3321911488
3321906
3321901
332188
3321866178
332186
3321854
332185
332183
332182
33217999
3321793
332179
33217799
3321775
332177
332176
332175
332173a
33217233r
33217026
33216bjayneb
332169
3321660
3321653
332164
3321632
3321623
3321613
332160426
3321581
3321576
3321566
332156
3321554907
3321541
3321530k
3321525456
3321516
33215110
3321503Hc
3321499
3321496
332148
3321473
33214530
3321444
33214311
33214232
3321416
332141
33214080736
33214*
3321398
33213888
332138
332136659/hat
33213535
3321345
332133478
3321332
3321330m
33213290
3321324
3321322
3321319julis
332131606
33213121
3321303s
332130
332129
332128
3321271
332126
3321254
332124707bg
3321239
332123
33212133
33212030
3321200172746
33211995
3321195
3321183
3321171
33211644
3321155
332114t
3321144
3321141
332113212
332113
33211233
33211172s
332110
3321095
332109
3321069
3321061
3321051
33210400125864
3321031
3321024
3321021
3321000801430
3320ziggy
3320w59
3320swmoundview
3320rocco
3320jo
3320bpgt
3320996
33209865
332096969
3320945348904
3320928
3320910
3320900937311
3320900738016
3320900388317210
332089
332088123456
3320877
332086
3320857
3320855
3320850
3320838
332083
3320821v
332081
33208
3320794
332078
3320771
33207490
3320735
3320701033
3320700116682
332069lkn
3320668
332066
3320655
3320642
3320622
332061
3320605
3320600136517
3320574845
3320561
3320527
332052
3320500789365
332048
33204610
332045
3320426
3320418
332041156
3320400389438
3320400161283
3320400030502
33203c
332038pc
332035ct
3320340
33203048
3320300865335
332030002432
3320288
3320278
3320262
332025
3320232
3320227c
332022
3320214
332020857081514
3320205213
33202020
3320200254148
3320190492
33201784745
3320165
33201591
332014a
332014
332012mipoder
3320121
33201118
33201026
3320101733421
3320101
3320100156977
33201000
332008433
3320076
332007224
332007081
332006056
3320038
332002674
3320014
332-7765
331zxcvbnm
331usc
331stroker
331st4lyfe
331rosa
331rachell
331nomat
331momma
331hhp
331greenwood
331goober
331daddy
331cruzita6190
331chesterfield
331boj
331anthony
331TOKA
331GIAPHU
3319pam
3319moe
3319ds
33199tj
331999540
331998uli
3319986
331996lil
3319958
331994h
331993lt
3319933914
331993123
331991sd
331991333
3319906230
3319900247649
33198985586r
331988kay
3319888494867
3319870124
331985331985
3319810292
3319791
331976jvtb
3319753
3319728
331970682-ybx
33196k
33196885
331963tugce
331962daddy
33195laura
33195jjk
33195703
331956
3319549j
3319539k
3319523
3319512eli
3319508
33194m
33194liz
33194gene
33194965
3319475
331946
33194553525
3319435
3319427k
3319405
33193h
3319391
3319382
331934M
3319334
331932gd
3319311
3319304
3319301L
331930
33192kkf
33192837
3319275J
33192584
331925
3319234
3319233141
3319218865
33192077
33191q
33191jer
3319192
331918
331916
331915123
331914
3319130
3319119
33191133
3319111
3319109
33190sh
3319081
33190702829
331907
331906
3319031
3319009
3318sb
3318ldh
3318handyct.
33189m
3318976libardo8879692
33189622
331895888
3318951414
331894311
3318918
33188ta
331889
3318872jeff
3318865
331885z
3318849
331884
3318823
3318815
331880bjk
3318804
3318797
3318790
331877
3318764
33187444cc
331873729
331872
3318715
331871
3318701
33186477
3318627
331860
33185937sj
3318574128
3318571
3318553
331855
3318529
331850
33184r
33184jojo
331847
331846
3318454
331844
331843177
3318406
33184
3318391
3318377
331836abcde
3318364
3318357
33183319
3318311
3318309
3318300
3318288
3318282
331826750s
33182525s
3318242
3318236
3318229k
331820284
331820
331819
331818
3318153e
331814
3318138
3318127
331811410
33181002
33180rp
3318086
3318080
331806713
331806
33180512008
3318048004
331803
331802
3318001nica
3317th
3317max
3317hall.
331795
3317944ri
331793349
3317914
331791
331790
331787
33178683
3317862
3317848
331783
331781914
3317811
331781
3317794
3317789
3317756
331774
331772829
331772
331771023
3317708
331768
3317673
3317665
33176315
331761
331760076
331759
3317583s
3317574CASA
3317564
3317530
331752
33175052gra
3317499
3317482
3317475
331747
331745tb
3317432
33174238
331740
33173amg
3317353
3317339
3317329
3317309
33172JJ
33172946085
331727080
3317267cj
33172375
331723
3317216
3317214
3317194
33171810
3317162
3317141
331712qc
3317126
3317114
331711
33171
3317092
331706374
331706
33170480
3317033
331702977
3317017
3317...ice
3316ol
3316newenglanddr
3316kdsusa
3316dm
33169r
331698
331696
3316943qqq
3316926
331691863
3316903
3316896m
3316878
33168729931144
331684138
3316833
331683
3316820
331680hl
33168
33167912
331677jimy
3316740
331673
331671
33166s
331668
331666
331664
3316632
3316610
33166081064
3316602
33166
331656
3316554
3316551
331654a
3316534
3316528sam
3316500
331648
3316463
3316456
3316445
33164251544
3316412
331641
33163968
331633155
3316301
33162nmb
3316294j
3316265
3316260t
331625
33162403
3316227
3316212
3316201
33161974
33161854
331618072a
33161795
33161733iori
331616
331615
331612
3316102
331610
331608
3316078
33160691
33160527
33160424
331603
331600c
33160
3315towada
3315ronnie
3315mg
3315ku
3315jonis208
3315ek
3315daisy
3315SELALU
33159873117433102hi5
331596
3315946
331594
3315935
331593
3315916
3315904
33158mnop
331588
33158716
3315854
3315846
3315841
3315809
331580
33157s
3315777
3315770123456789
3315747908
3315728
3315722
3315719
331571
3315700s
331568592
3315681
3315676
3315663cao
331566
3315658
3315651
331564
3315637
3315627
3315619
3315602223
3315584
3315575
33155658
3315547
331554
3315527
3315519ERNI1911
331551228
33154jkm1264
3315489
3315480
331547al
3315464
3315455
331545
33154426202
331543
33154220
3315415415
331541
331539444151
33153901
331537Jacie
3315362211
33153502236
3315340378
33153315v
33153310
33153189
331531
3315305S
33153
331529n
331529
3315269
3315249
3315235
3315225
3315214
3315213a
3315202156
3315200436
33151923336007
331518klz
331518090100
3315173
3315168
3315145
3315143
3315139519
331513
3315119
3315113
3315111b
3315104
331510170
33150ku
3315067
3315051709
3315045
331504
3315036
33150211
331502
331501125ao
33150043
3314wl
3314vd
3314smash
3314rt
3314booty
3314ak47
3314FinchDrive
3314995
33149564
3314954
33149476
331494
3314915
3314870
3314862
3314856
33148411
3314830
331482604
3314821
331481
3314808Ab
3314795200
3314791
3314788
3314772
3314758
3314751k
33147448
331473557719910301
3314725thisisme
3314713
331469v
331469
33146644
3314651
331463
33146221
3314600
33145david
3314583
33145566
3314521rf
3314516987
3314501
33144yh
331448670
3314476026.
3314473
3314467
3314460
3314440
331443
3314401
3314390391
3314371
3314364
3314351536
3314336
33143312
3314329
3314323
331432
33143156
3314312
33142ms
3314287764
3314277J
3314270nata-
331427
3314262613
33142605
33142556
3314246
3314240
3314218
3314212332510101
3314201
33141a
33141973
3314171
3314169
331415tarzan
33141518
3314148b
3314131
3314121977
3314119
3314109
3314101
3314048DD
331401m
3314016603
33140110191
331400125
3314000
3313xuxa
3313trinidad
3313slbenfica
3313rpm
3313ne
3313michi
3313kimi
3313giz
3313daddy
3313chick
3313boo
3313KH
33139ac
331399
3313973
3313967
3313957
331393
331390
3313882
331388
3313863
3313840327
3313839
3313833
331383
3313821026
3313804074646
33138
3313783
331377
3313732
3313721
3313702e
33137006
3313665
3313657
3313649
3313638
3313633
331363
3313612929
33135dx
331359
331357090
331356
33135555
33135456
3313535
3313528
3313516
3313511
33135085105012
3313503101vak
331350
33134er1209
331348
331346
33134431
331343l
331342isra4861
3313423
3313400
33133ma!
33133968559
3313385
33133650
3313355
3313342
33133319
33133239
3313321
3313310
3313308004
3313300
3313292932
331327
33132581*
3313253
3313244
3313231
3313221
33132130
3313210
3313203563a?
33131992
3313193
331316
3313151p
331315
3313145
331314
33131313
3313129606kf
3313125
331312
3313115
3313111
3313110405
3313109
3313107
33131039
331310
331309
3313076
3313057n
3313050
3313039299.a
3313027
331302
3313019
3313008
3313007215
33130023
3312yNG2
3312otter
3312mystuff
3312liz
3312hp
3312cpt
3312boo
33129louis*
33129918
3312988895
3312986
331298
3312970258
3312957
3312931
3312923.0
331291
3312888187
33128873312887
3312882
3312868
3312844bank
33128423312842ece
3312832120393
331282emi
3312825599
3312815553
3312804
331280076
3312798614feR
3312789
3312779
331277
331275ks
331274
331272809745
3312719
3312702
33126i
331268
331267
331265310
3312646
3312626alex
3312619
3312601
33126001
33125l1n0
3312589
331258
33125764
33125698
3312559aa
33125522
3312535ak
3312531****
331252141
3312515106
3312490
3312480
33124655845
3312441869
331243
3312425m
3312418
3312412
33124103
33123dosome
3312381
3312378
331236tent
3312358
331235151
33123365
33123319
33123312k
331233123312
3312319
331231233
3312297
3312280094
3312278591
33122706
33122546
33122449
331223891
3312222140
3312219840
331221123
3312201720
33121991
3312188088
3312186
3312175
33121699
3312165787
3312162
33121483
3312145
33121242
33121222
3312117484
33121082
3312105
3312102
33120912
3312087
331206711
3312050
33120463
331204
3312038t
331202611318
3312021
3312016.p
331201
3312006
3312***
3311myob
3311m
3311hollyhock
3311guadalajara
3311enb
3311drb
3311bird
3311abcd
3311KEKKAISHI
3311A
3311998th
3311997
3311994b
3311988l
3311981
33119760
3311974
3311968
3311960
33119570
331195
33119361
3311918
3311915010
3311902
331188aa
33118822
3311881
331187
3311863386
331184jen
331183
3311816
33117919155
33117799
3311775
3311758
3311747
3311727396
331171768541385
3311713195
33117033
3311692
33116884
331167779
3311668763
33116646
33116644
33116612l
331164
3311634
33116253012
3311622
331162
3311605
3311594968micel
3311574
331157
3311563
3311556
3311552
33115460
3311532
33115256644
3311520
3311514888
331151
33115051135
331149vito
3311498143
3311490
33114863
3311473
331146
3311449365
33114466
33114422
331144
3311425216
3311402089
3311400206792
3311392
33113882nk
3311367
3311361
33113571
3311354
3311353392603132
33113490
3311339922
3311329192
3311323
331131m
3311316
3311304
33113013
33112913
3311284
331128
3311265y
33112556
3311253
331124
331122chan
3311228
3311225
331122321
3311221
3311206
3311200182458
33111993
3311183
3311178ozito
331117154
3311136
3311131193
331113
3311122629
33111133r
331111
33111068950
3311100736958
3311100639472
3311100
33111
3311099609363409
3311088
3311071004
33110699531
331105
3311048
3311044
331103kr
331103500
331103
331102228
33110130
3311008
3311004
331100224092
3311000039201
3310th
3310oleander
3310keh
3310hwy270
3310fg
3310best
3310_3319
3310999
3310997520
3310992
3310985
33109780
3310975445
3310955
3310952
3310944
3310940029
3310935642
33109194
33109113
3310900653037
3310898
331089
3310886e
33108800
3310864
3310852
331084
3310833friend
331082
3310800007214
33107bna!
3310796
33107924
3310790
33107614
3310756005
3310743746
3310741
3310724
331071
3310701224098
3310700621
3310700081676
33106kj
3310693322
3310683pre
33106699
33106600
3310656739
33106403140
33106282
33106230i./*-
33106076
3310600176438
33105we
3310593
3310577
3310567
3310554
3310545
3310520
3310507qb
3310505359
33105001
33104vep
331049561
3310483997
3310460149
3310449424
3310442
33104399
3310422493
331042
331041
3310406
3310401324526
3310400511063
33104
3310388
331038
331036897123
3310348
331033a
33103310t
3310328saris
3310300633892
3310300515237
33102982
33102897
331028
3310261010
33102531
331024661
33102422
3310232627
33102254
33102225
3310217
33102033
3310200395728
331019
3310183Aref&
3310173
3310170874
3310165
3310155074
33101510
3310150
331013d
3310132
33101238
33101228wz
3310120
331011979
3310117
331011331
33101100
3310102091554
3310101727145
3310100966120
3310100196898
33100emt
3310096
33100871
3310084
331007
3310061
331005dmk
3310052
331003
3310000
331.dmx225
330willard
330whoa
330vcu
330texas
330smain
330sin
330siglap
330riri
330rafah
330rae330
330pissoff
330msk
330mimi
330mckenzie
330martin
330love
330lkt
330lenox
330jka
330jake
330grammaj
330f1goofy
330edith
330dad
330chabela
330cat
330bmx
330beach
330bar
330altamont
330PRO
330CSI
330CK1984
330BABE
3309taylor
3309boii
3309997__nada
3309945
3309930
3309901755656
3309901636461
33099010
3309900748451
3309900650796
3309900374012
3309900271116
3309900015314
3309898
330989
3309877472134799082118
3309849843
330984
3309837
330983
330982
3309800394267
33098
3309796311
33097893309789
3309776
3309769
3309755
33097383
3309710
3309700064125
33096999
33096899ktl
3309600003418
3309582
3309575349
3309570
3309552
330955
33095313
3309520163
330951
330950
33094e
3309492
3309483.
3309467
3309437902
330943
3309427
3309403
33093dam
3309393
3309345
330933g
3309333027
33092rah
3309299159
3309297
33092756
3309258
330925
33092300
3309224
3309219
330921
330920
3309195x
330915452314
330915
3309149
33091100
3309101b
33090d
330908az
33090430
3309023
3309013yorky
33090086
3308pokey
3308naer
3308love
3308jf
3308girl
3308dee
3308UanMe
33089w
330898
330897
330894
330892007
330889
330888416
3308880
3308869
330883
3308807
330880
330879312933
3308775
330875TLC
330875
33086a
330869
3308653ale
3308645
330863244d
3308624152
3308621
33086
33085d
3308584
3308558
330854113800
3308529277
3308514
3308506
33085
3308495
330848
3308474
3308430
330842
330840289
33084
33083864
3308377
33083564
330833
3308315
330831
330829
3308285
3308279
330826
3308251
33082411990
33082218
3308210r
33081981
3308181
3308150277
3308140018
33081378
3308130828
330812
33081013
330809806w
330809
3308079
3308073
330806582
330806
3308053
3308050
330804314
330803343
3308016*prinsa
330801
330800469
33080019
3307west
3307n83086
3307lariat
3307joe
3307bri
3307KLM
3307968R
33079505
330788
3307864
3307854151
330784
3307771
3307750
330773584
3307729014
3307718
33077099
33076ms
3307674
3307669
3307647
330764281
3307635
330763
3307626
330761
330759
330755
330754
33075185
33074tgtyz
330749
3307480110
330747
330744310
330743847
3307419
33073976
3307394
3307352879
33073313
33073283
330729co
3307273
330722ms
330722
3307210176950
330721
330720
3307196
33071693
3307142
33071234
330711jr
3307107036
33070zs
3307079
3307077
330707
3307060908
330705880
3307055
330704330704
3307014186
3307008
3306mr
3306hurley
3306em
3306christoni
3306bank
3306_51490
3306991
33069857011
3306981616
330697
3306949
3306928
33068l
330687pap
3306870241
330686
3306832
33068256
33068151
330678
3306775
330675
33067315
3306714
330670j
330669988
330667
3306658698
3306652
3306646
330662
3306614
330660990
33065vhbig
330659gj
33065831991cs
33065590
3306548
330654
3306532
3306515
330650
3306485
3306477
330643
330642
330641
3306389
3306378
330637
330633
3306310
3306309
3306293
3306283039
330626ingrata
3306263
3306257
330624
330623
3306212
330620
33061988
33061976
3306194
330619
3306179
3306174
3306166
33061515
3306141casa
33061203316421
330610sa
3306087
3306077
3306069
3306060
3306032468794613
33060240
3306013
3306006
3306000
3306.g
3305rw
3305mar
3305keiden
3305994
3305945
33059329
33059146
3305912
3305851
33058329
33057hannah
330578
330576179
33057418
330573
33057
3305697
3305678
330567174
33056619891968midva
330564l
3305641ferryz33
3305630
3305614
33056014
33056
330559s
3305592
3305590
3305558
3305550125
330555
3305531128
3305516cimd
33055123d
33054962
33054874
3305474
3305460
3305446
3305440mariafe
330543cg
330542v
3305422
3305407
330537
33053487
330533k
33053331
33053306
330533053305
3305322
33053015
330529ara
3305283
3305280
3305268
33052480
3305240
3305224
330521132008
33052003
3305197
3305193
330519
330518
3305152
3305150
33051411
330512
3305112
33050upch
3305096
330509
330508
330506
33050512
3305015
330501111111111
330501
330500330500.kak
3304lane
3304eokho
3304deysha
3304blue
3304GYJ
330499
330498
3304956
3304942646
330490m
33048pzkji
3304881
3304869
330484
330481nl
330481
3304790
33047703304770
3304768
330474
3304705
3304701224910520
330468
330467192js
3304670
3304662
330465
3304645
33046262
33045klm7
3304595650196
330458
3304570
330453
3304502
33044Vaimatarii
3304467
3304444
330442
33044131_j
330441
3304396
33043879a
3304362
330435smail
330432fs
3304322542
330431423445
330430625922
330429
33042750a
3304249
33042285
3304219andres
3304214
330420
3304183
330417m
330417291599-
3304171
330415
3304138781
330412
330410651213
33040v
33040971589971
330408
330405926
3304011
3304007
330400
3303tdd
3303nd
3303mimaeisamejoramiga
3303bug
3303blue
3303998
3303970
3303950
3303936
3303904
330390
3303893
3303880347
3303858
3303856
3303835
3303826
3303817
330381
33038019
33037fbno
3303795
330378
3303756
330374
330370yk
330369q
330368384
330368
3303667
3303653
33036413287535
330364
33036360......
330363
330362
3303611
330360
330358
330357
33035439
330353784
330353
33035255
330352
330351V
3303500
3303497
33034652280
3303435
3303424
330339k
3303395615
3303379
3303374
3303367
3303361
3303354608
3303333
330330k
3303306
3303301031
3303284
330327
3303261
33032490
3303239
3303233
3303206
33031995
330319
3303137
3303126
33031203
3303114
33031
33030cb
330308mj
33030700
3303068
3303063kl
330305
33030405600476
330303cup
3303035
33030144
3303009
33030
3302tck
3302house
3302ds
3302ccr
3302bjm
3302DD21GA7433
33029rb
33029847342566
3302948
330291263491
3302883
3302877
33028580
33028366alenoya
33028262
3302810
330280a
330280
33027873146008352
3302781
3302773324
330275
3302735
3302724
330271
33026zz
3302687341
330268
3302660
3302656
3302654
33026123999
33026069
33025tdw2
3302590
3302586
330256b
33025526
330254
3302537
33025233
3302521-5
3302509
33024xbtpo
3302481
330245nick
33024514
330245
3302447561
3302445
330243
3302415
330240bat
33023k
33023KL
330237
3302353
330235
33023409
330233dangerous
33023259
33023202
33023166
330230
33022985
3302292
3302289p
3302273919
3302258580
3302250
3302225
330221m
3302214122
3302203
3302198
330216Sc
3302152410
330214
33021250
3302100477872
33020mother
3302080
330207137
3302065487
33020524
330205
3302041
330203166
3302006kj
3302000645170
3302000115278
3302000
3301yu
3301rr
3301oakdr
3301montegut
3301lombardo
3301iowa
3301e
3301azle
3301999
3301996
3301994CS=
33019927
3301987
3301984
3301974
3301972
3301969
3301938
3301931
330190ck
3301900040516
3301880
3301876
3301861
330184684
330183
330181d
330181
3301800066289
330180
3301789a
33017801
3301762
33017581236987
330172
3301700124724
3301700
3301679
330167
330163
330161659
3301601
3301600304500
33015mm
330159
3301576
330156637
330155606
3301546
3301532
3301518024
330151
3301506
3301500501176
3301500
33015
3301499
3301484
330147!
33014400
33014305
330142fmw
3301421
3301416
3301401096249
3301400692573
330139
3301360
3301341605211
330134
330131AD
3301307
3301300496705
3301300423074
3301300198593
33012co
3301299
3301287d
3301262
3301255866
3301248
3301235
3301232
330123
3301226
3301218
3301210
3301207
330120555935
3301200664738
3301193k
330118-26295
33011733235132
33011669
330116273
330115
330113330113
330113016y
3301125
330112151961
3301120
3301103
3301100162111
3301100082699
33010ponochka
3301085
3301072
33010454514231
330104
33010305
3301022cmu
3301016
3301011
3301010
3300wolive
3300rs
3300orange
3300npad
3300lili
3300kewl
3300firefighter
3300dj
3300buster
3300block
3300TTGG
3300GHOS
3300998
330099
33009720
3300960
330094
3300939
330091
3300900379687
3300892
330088308
33008800
33008549
3300843
330084
330083
3300811
330080093834
33007matty
33007800
3300777
330076
33007412
330074
3300733lnje
33007000859905
33006tim
33006bitch
33006697
330064lg
3300630
330061
3300600595279
3300600198202
33005love
33005cb
3300582
330058
330053
330051d
330050
33004808
330046
330045
330044107
330042
330041
3300400553670
3300384n
33003823154490
3300376
3300366
33003500
330034
330033r
33003300oa
330032270
330030218910
33003003
3300300055686
330028556
330028
330026903
3300259
3300244
33002277dt
3300225
330021710
33002123318454
330020ah
3300200453337
3300200243341
33002002
33001999
330019
33001717
3300151
3300144
330012
33001136
33001122
330010monkey
3300101510031
3300100502204
3300100366459
3300098*
33000596
3300046h
33000335
33000318
330001500
330001122
330001
33000084
33000057
33000033
330000166
330000055
3300-432
330/8-9
330-80-0440
330-309
33/79613
33/2839
33/200
33/15/67130
33.leo.0
33.aure
33.678.959
33.30.1999
33-kool-j
33-99-44
33-75sex
33-43-84
33-2939024-9
33-05-27
33,35
33*utx*33
33(f)k
33 family
33
32zura
32zimdl
32zaraki
32z1S1dBCB
32yxzfeba
32yrrag
32yobat
32yiyayp
32yekwol
32yearsoflove
32ybbor
32y9x2mqv
32xtreme
32xq52p6
32xeju
32x372da
32wychalldrive
32ww23n4p
32wsxzaq1
32wr3236s
32woodlandsview
32willowbrook
32wibaha
32white
32whales
32wetpussy
32west
32weasdf
32waterbase
32warrior
32wardlecresent
32walter
32w78g
32vqerx
32vivienne
32vieri
32venue
32valmarco
32val88
32vagisil06
32vALLEY
32uindiak60
32tyty
32tucriah
32tt89rd4
32trinity
32trella2009
32travis32
32track
32tonymills
32tommytom
32tobiray
32tina
32tiffany
32thr6n6
32theone
32thatnigga
32texas25
32tevez
32tenors
32templemerenr34ef
32teeth.
32tedbeau
32teamo
32taybay
32taterbug
32tahana
32t3q4t3qty
32sweet
32swaf12
32suzanne
32surcouf
32superwoman
32sunshine
32sucram
32studbb
32sting
32steven
32star34
32stand
32srchinc
32sport
32splaken
32sparky
32sonnestoe
32soccer
32smmoth
32smile
32skillz
32site51
32sillyhp
32shopping
32shooter
32shkurt
32shepway
32sgm32
32sexysweet
32sexy73
32selo32
32scully32
32scoot
32satin
32saosin
32samkim
32salimatu
32sahayanguiano
32sacreddead
32sHouston89
32s34w77e90t
32rvlw
32rtsani
32rp7785
32rowena
32rota22b
32rompin
32rockstar
32robray
32robin69
32roam
32roadrunn
32rip32
32rgtrskyline
32rewerbd
32renee32
32rellim
32redline
32red888
32rebe
32rc32mc
32rak65
32rabbit
32queenofthecourt
32q748tw6
32pxtw932
32prismall32
32princess33
32pptqwy0
32porky
32poon
32polo
32points
32poema..
32playboy
32pixie
32pinay32
32pictures32
32philly
32pf9830
32pepsi
32peewee
32pb2d9k
32pastry98
32panthers
32panapasa
32paka
32ozQuartz*
32owenclose
32out94
32ortiz
32ood5
32ontheact
32onmines
32oli45hi
32odelle
32oc24
32o6erik
32number
32notepolyphony
32northave
32norb
32noni
32nn6zwj
32nikegirl07
32nigga
32nick
32netta
32nene
32ndgoon
32ndKOK
32nang
32n3er12n
32n147i891r
32myer
32munchie
32moore
32mobster
32misspiggy
32minutos
32mini
32mihc
32mickeymouse
32mftj2e
32meow
32meia333sapato
32mcheca
32mccants
32max1q1
32mason
32marshall
32mark32
32marines
32mantych
32maka
32mags
32magic32
32ma86se5
32m4mdfe
32m32m32
32luvsu
32luv77
32lucky
32loves23
32lover
32loperz
32littleclose
32lion
32linden
32lildean
32leroy
32legit21
32ledge
32laurel
32lalthazual
32ladylove
32la@yahoo.com
32l17p
32kzd4b
32krft11
32korn
32knights
32kk21
32king32
32kimi1314
32kikin
32kewl1
32kelly32
32kelc56
32kcmarie
32kay
32kalm32
32kaizer32
32kadser
32jwill
32justme
32july29
32jordy05
32jones
32johnny
32jets32
32jdogg
32jb4k
32jat
32jason
32jame
32jakhia
32jackets
32jack
32j04f10y
32is53
32inside
32ilovejoe
32igkjai
32humanos
32htexans
32house
32horses
32hnwai
32hits
32hij2e3
32hern
32henryhenry
32heavensg
32hazzardl
32hawks32
32happy7
32halieric
32h214
32gromit
32gothic
32golf
32glasses52
32girl
32genesis
32gatos
32gains
32g5ha
32furkan32
32fuego
32frdrdstr
32frank69
32fort!!
32forlife
32foot
32flvrz
32florez
32flavours!
32flavaz
32flav
32fite4
32fire
32fh42
32fesonck
32fener1907
32favor
32family
32faith
32fCwZF4
32f1cfc1
32ewds
32eugene
32ern5mc
32eo61
32emac32
32elizabeth
32ekaj
32eighty
32eeyore
32eatmyass
32e348
32e2334
32dwight
32dustin
32dunrodhill
32dtown
32drumstick
32dollars
32dj2g2g
32digsem
32dietcoke
32diamonds
32deuce
32deorene:
32dee
32deandralove
32dawny
32darren
32darius
32dara60
32danro
32danielray32
32daniel
32dance32
32damon
32da1n78
32cutler
32cuevas
32cubsec1234
32cows
32cowboy
32couches
32cordero
32cole32
32coffee
32club
32clayst.
32cl40ml
32circles
32chula
32chowww1
32chloe
32chingy
32chiefs
32chele
32charlie
32charles1
32chadionar
32cf6e1188
32cdrom
32catfish
32cart37
32carlos
32caravan
32cantrburyrd
32candyman
32cakes
32caddy
32c840a6
32butterflies
32bush
32burjassot
32bulldogs
32buggy
32bspib12
32broncos
32bribri
32bradon1
32bowl
32boswell
32booboo
32bondst
32bograt
32bluedog
32blue
32blmmcd
32blah
32bkLnvQ
32bitches
32bilis
32bigcash
32bfree
32bf4ih4
32beme
32below
32beast
32bbbbb
32bb66
32basketball32
32baseball
32bars
32balllife
32balla
32bacettixnic
32ba28
32b6n
32b32l
32b!*ul
32aziz
32automatizari
32athorst
32ashley46
32arudy
32arthur
32arsenal1
32arial
32ardiles9
32arabela319
32ann82
32angel59
32andrea98
32and10
32amo-te42
32amalfi
32alta
32alonsito
32alex
32alas
32aeovq
32adonai32
32adisak33
32adadad
32actionj
32abc123
32aa32aa
32a5inmyplace
32a48b52
32a32s32d
32_tevez
32_punkrock
32__pigzhair
32[[]]45liverpool07
32YAMEE
32WJP32
32WEINERT
32TEETHMB
32Sthmall
32Skibba32
32STOPSIX
32SENSUAL
32Rangers
32RODRIGUEZ
32QX2J
32PowMia27!
32Passit
32PJHS
32NUGGZ
32NDSIDE
32Miami
32MAURICE
32MADISON
32Lola
32KINGS
32K3449
32Jan37X
32JUICE62
32JJBNW6
32IrA32
32Illinois1
32IS,ME
32HansoN
32HONKERS
32HATE69
32Fordcoupe!
32FarBa37
32FLAVAS
32Elephants
32Doobydo
32Diablo
32Daniel632
32DIZZYCHL
32DERIK
32DCRL
32D687B4
32Christal32
32Caselas
32COLETTE
32Budgeneral
32BYERSANDJAYJAY
32BIRTHDAY
32BANANO
32Ask240
32ANOBY
32@duckets
329yale
329wood
329torth
329stone
329slb11
329rick
329nuef
329lower
329justice
329jennings
329ilovemonkeys95
329hks
329ftw
329draco899
329dawson
329cnhsc
329camr
329bigguy
329aries
329anni
329aed
329X3QX
329BSD
329BOY
3299johnwebb
3299jake4463
3299GOld
3299@3299
3299980
32999216
329989
32998609
32998488
32998264835
329978r
3299774677
329973
3299698
329969
32996715
32996391
329961
32995jh
32995946
32995880
329955497
329954181
3299537
329951t
329951
32994m
329941h
3299368
32993525
32993214
3299302
32992910
329927
3299256j
329925
3299228
32992117
32991n
3299180
3299166
32991514
32991228
329912
32990blc2359
329909
32990664
3299047
329901608
3299/20
3298td
3298rox
3298love
3298kd
3298boogie
32989e
32989991
3298978
32989673
329895992
3298949
3298937
329890
32988ccc
32988923
329889
329886786
329885
3298835
329880
32987966
329876
329874@@
329872406
32987123456
3298708
329870
329867
329865741
3298651
3298614
329857
329855587
32985233
329850
3298486
32984452
329843
3298417
329840
32983915
32983808
3298332
329833
3298322m
329829
3298274
329824297
329823
3298218
3298204a
3298180
329818
3298166
329815
32981472jorap100
329812J
329811
3298102
329808724
329808
32980449
32980345
3298017
329801
3298000
3297tm
3297pb
3297luphkimjun4
3297jp
32979kr
3297932979
3297912186
329785115
329784161421
329782010
3297815preciosa
32978
32977600793
3297751
3297725
329770
3297699
32976777
329766
3297644
32976369
329762334
329759
3297578
3297563
329756
3297532975roll
329752
3297476
329743
32974006
3297359621
329734
329730
32972mom
329729
32972739
3297270
32972527
329724365
32972407
329722068
329720e
329718296
3297179011
32971287
329712
329710
329708331
32970616
329704313052
329703513j
3297019
329700
3296jnj
3296cg
3296994
32969919
3296986r
329698
329696
329688
3296841
329683251
329681g
3296809
3296784406-2
32967701
32966xcjgq
32966nyc
329668
329667
329666
329665
3296619
329659
3296547
3296535
32965188
3296504
3296500
3296460
3296448
3296417
329640b
32963mf
3296387
32963743
3296353
32962938
3296284
329627295
32962593
329625
3296245
329620um
32962
329618c
329614
329613
3296127
3296107
32960870M
3296058kati
32960405
3296018
329600a
3295sp
3295liliana
3295ka
3295989
32959781
3295969
32959592
3295949
3295942
329590713
32959041
3295889
3295883
32958489
329582
329581luna
32957998140587
32957907515
3295766
329569
3295642
32956243295624
329562
3295616251
329560
32955sam
3295595
32955681
32955555
3295538874
32955135
32954sahin
32954856
329547t
329547
329543
329541malolstar
329540313
3295398carlos
3295383
32953295rr
3295295
32952689
32952428
329524
3295219
32952112
3295202
32952
3295174
32951526
329512
32950955
3295077ds
32950509
3295014
3294rd
3294mine
3294kt
3294cyl
32949rus
329497812
3294964
3294944
32949320
32949176
3294906
32948zd
3294858142
329483886
329482962
329480
3294777
3294748
3294688
3294661
32946278
3294603025
3294581
3294574
329457
329455
32944faiui
329444
3294433
32944120
329440
329436
3294331
329431
3294281012
329425
32942252
3294219e
3294204
32941779
329417
3294153800
329415
3294140
3294137
32941136r
3294101
329409
3294056442
329404
3294031j
3294002849
3294
3293mo
3293kn
3293jvwr
3293dwe
3293981
32939373kgc207
32939235
3293900
329388
3293861
3293809
3293804
32937j
329375
329372
3293706
329367
329365
3293633
3293596
32935849506211
3293569
3293535991
329349
329348
3293453s
329343cdm
329341
3293354
3293333
329332930417
329332
3293314
3293306E
329329db
3293280
32932756
3293265
3293259
3293233j
3293210
32932
3293176
3293139o.
3293123
3293112
3293102
3293080
329307
329303683
3293023
32930000
3292teddy
3292pop
3292meb
3292giulietta
3292fh
3292e18
3292cec32cec
329299m
3292973
3292932
3292928
32929125
32929
329289
3292874
329285
329281
32927m
3292797
3292790250
3292781
3292767320
32927518
32927330816
3292724
32927145
329271
3292698518
3292688
329267b
3292654
3292643
32926417
3292632926
329258923
32925535
329253
3292523
329250
3292490
3292460
3292436
3292408
3292392
3292381
3292366699
3292345
329231
329229869
329229
329227
3292245ro
3292235
329221
329218R
329217
3292153288
3292146id
32921378
3292129asiyeasiye
3292127
329209
32920809
3292050
32920232
329202
329200s
3292007p
3292005
3292000
3292
3291spe
3291king
3291elizabeth1
32919958
3291992ara
3291992
3291985
329197829
3291975
32919736
329194
3291927963
32919145
3291901
32918mnm
32918996
3291880
32918623
329184
3291819
329181
329180
329179263
3291770
3291769
3291749
329172
329170
32916w
3291665
3291658
3291628
32916076
329159_cb
32915832
32915766
3291555
3291531085Pr
3291521
32915
3291490930
32914716
329146841974
3291465sc
3291459
329144
3291437
329143
329142
3291400803
329137
32913652
3291347
3291332721
3291328nate
3291321654987
3291315
329130
3291299k23
3291295
32912891
3291254
32912380
3291229kenan,
3291221
3291217
3291206
3291199
32911911
3291184A
329116DIOS...
3291151
3291134
3291126
32911018
329109788
329108616673
3291071013
3291056
3291032
329102200
3291016
329100729M
3291001
3290zcva
3290tama
3290nam
3290lilie
3290house1
3290e
3290bday
32909953
329099
329097
329092as
329092
329090
329088
329081
32907thehu
329078
329075
3290715052
3290710092129835
32906yay
3290699758
32906818
3290668
3290644612
32906390
32906023
32905966
3290574
3290566
3290545
32905412
3290535
32904941
3290485
329046374450
329045
3290441
329041
32903lp
3290393
3290370
329035
32903414
32903248
3290323
3290306
32902luv
3290281100
3290250
3290233
3290215
32902000
32901aaf
3290192
3290188
329017
3290153
3290147
3290122
32901182159
329011
32900a
3290092532
3290088
32900706
329003
329-814
328yame
328tina
328t75as
328shelb84
328rita
328qist4
328pristatrs
328pink
328ozzy
328nb87
328mimi
328mgd
328lubsik
328llg16
328leidy
328l113a
328kast
328jrh
328isbmw
328icoupe
328gts
328ger
328fd11
328dlstv86
328collins
328cbcql22
328b-1990
328aleya
328Sherpa
328LCSDA
328Angel1
3289uc2006
3289pinewood
3289money
3289ison
3289bp
328997d
3289960
328995j
3289932899
328991
32898dk
3289897
328989
32898754
32898385
328983
3289821
3289819
32897ash
32897803
328976
32897477
328974
3289725d
3289713s
32897101298
328971
328969731
3289673
328965424863179
3289649619
3289600cocoza
3289597
328957
328955
32895422
328954
328951603318
3289503r
32894tt
328948
328947
328945858
3289437
328943
3289419
3289400
32893jupvj
328939166
328937kalyoncu
3289363752
32893446
3289322
328931328931
328930
32892me
32892957
328928
32892704a
328926
328925
328923049
328921488a
328921
32891eds
32891d
32891861
3289156
328915
3289146
3289118
3289110527
3289105
32890f
328907
32890587
32890430erika
3289020212
32890123
328900kdj
3289....
3288p
3288imasha
3288ajd
32889bp
32889ahr
3288969
328895
328893
32889101889
32888leonrein@
32888888
328887
328881heb
3288810854
3288770
3288737
328871MEYJEN
328871
32887
32886BM
328865
32886375
328863
3288613d
3288608
32886
32885935
32885901
3288555
3288546k
3288520
32884sne
32884850
32884810
328848
3288436
328842421
328842
3288410911663
3288409121283
32883soiyu
3288398
32883780
32883682
3288362lerma
3288349
32883400
32883262
32883177
3288311
328830
3288290
3288286
3288273
328823764
328823211821982
32882147
32882
328819
328817hd
3288163587
328815
328814
3288118
3288111
328811
3288095
328808552
328808
328807916
328807652
328807
3288025
328802
3288013
3287shelvi
3287kw
3287dereck
3287boricu
32879866
328796
3287949
32879167
3287911
3287896
3287873
3287857
32878518
328782
32878154
32877csdet
3287794666
3287785
32877568
3287732877ra
32877040
32877
3287691
32876757
32876527
3287650
32876413283901
328761
32876
32875cute
328759
32875730
32875720
3287558c
3287534
32874tb
3287474
328743
3287428
328741b
328741
32873clc
328738
3287363
32873370
3287318
32873111
32872804
32872659
32872530
328723liz
328722
328720
3287178409D
3287163
32871431
32871234
3287107868172297
32870gcdcr
328702jing
328702522
3287002
32870
3286tom
3286jb
3286dog
3286aa
3286997012420
328696
3286943320
328694
328692
328690
3286880
328686171
32868529142
328683
328680368
3286796
32867720
328677
3286762a
328675903
328674
3286711944
328670mesut
32867
328667
32866309
328661
32865xuxn
328658
328656696
3286545
328653690
328651
3286505
32865
3286491997
328647696
3286465
3286458
32864118
3286368
3286333
3286302
32862jg
32862891
3286270
3286255ESMINUMER
3286250
32862423
328623
3286202
32861980
3286187*
32861745
3286153
32861392
3286129
328610
3286079
3286060
3286051
3286036
3286011
3285usa
3285re
3285mudstuffin
3285galmiz
3285a123
3285996b
32859798
328595
328594
3285917
32858ag
3285885823
328587450
328586220
3285856
328583
328579
3285770
3285718
32857
32856830marlui
32856789
328566960
3285664144
3285655
3285640
32855962
3285596
3285561
32855421
3285530
3285492551
328546
328544112195
328541
3285388102
328538
3285352
32853240
328531
3285306
328527
3285261
3285235
328523
3285219yeison
3285214628
3285208
328520
32851989
32851818
328516p
3285167
3285151
3285145
3285106
3285099
3285078
3285062-
32850422
328503
3285011
3285006
3284vw
3284sa
3284quit
3284dk
3284997
328499
3284964
3284957
3284949
3284933
32849
3284865
328486
3284843
32848123
3284794is4me
3284779
328477
328476.6
3284753
328475
32847436
32847100
32846hr
328469123
328467atin
328467243
3284664
328466
3284653
3284647a
3284634283
328462dav
32846267
32846256998
32846179
3284611
328460lurgan
3284593
3284581
328456217
328454
32845315
32845264
328452
3284511
32844lockerco
3284490
3284489
328447
3284461
32844415
3284424
328440
32843ng
32843996
3284395642
3284389gretanoem
3284385665
328437s
328437d
3284371046
328436
32843527
32843427242
32843346
328432db
3284326868
328432101
3284315
3284313
32843050980
32843.tb
32842650
32842600
328425789
32842437
3284230
3284215
3284212
32841a12
32841886
3284181
3284176
3284165901
3284163
3284160212
3284152
328415
328414bm
3284140
3284133060
3284117
3284110035pino
328411
32841
3284080
3284065
3284058
3284043
3284014
3283tv
3283tam1
3283lb
3283j3283
3283eg
3283brett
328399
328396
3283944
32839257931939
32839191
32838816
3283878
328387
3283857328315032
3283832
3283821
32837pip
3283791162
328376m
3283744014
3283722
3283702l
32836daven
3283684776
328367
3283632836
328361
3283592
3283573
3283534
32835113
3283490
3283478
3283474688
32834680123456
3283454
328345
32834133264407
3283393
328338_328338
3283383
328336
328334c
32833329
3283329
3283325
328332295
328331994
3283311
32833002dm
32833
328328c
3283286030
328328328
328327915
328327
3283237
328323
328322
328320
3283199
328317
328316
32831340
32831255
328312
3283108
3283102
3283086
328306g
3283040e
3283033
3283025
3283017
3282tinker
3282mstux
3282glenn
3282JJB
3282994
3282987
3282967
3282955
3282951
3282934827
3282916
328291
328289
3282877
3282863
328286
3282844
3282838
328283
3282825
3282812
3282800cengiz
32828
3282784
3282766
32827469
3282733849
32827191
3282710
32827
3282696
3282691
3282685
328268
328265off
3282642
3282628
328261513
32825n
328259
328257
32825582
3282548
3282533
328251533n
328250
3282499
3282493
3282467m
32824566
328245
32824352
3282425
32824
3282397
3282389
3282347hoyas
3282342
3282325509
32823216sp
328231mill
3282310
328230
328229213
328228l
32822527
328222njv
328221
3282202
328220
3282192518
3282177
328217
3282156
3282135
3282121
328209642
32820803
3282073
3282050
328204sdh
328203676
3282032820
32820272
32820217
3282006x
3282001
32820
3281mlk8
3281ken
3281feb
3281bb
32819aa1
3281997jonah
3281996tg
3281994t
3281992s
328199
3281986
3281981
3281977
3281971
3281967
3281960
3281958
3281941
328190kt
32819014
32819
328188k
3281879
3281854
3281845
3281834
3281828
3281824
3281814
328181
328180
3281784424
328175
3281744006
3281726
328172
328171
32816MRC
3281688
3281679
328167056
3281662
3281638
32816300
3281627b
3281617
32816122
32816043
328159
3281588s
3281581012
3281574
3281562r
328155j
3281544
3281539108481811
3281536
32815164
328150
3281485
328147
32814535
328143v
328143723
328143
3281423
328141
3281402
3281395
3281386
3281368
32813281d
3281325
3281319
3281302
328129546+
3281285528
32812785
3281266
32812542743160
32812395
3281234
3281219
328120
3281188
328118
328114ch
3281134
3281124236
328110491
3281097097
328108
328107
3281060
328105
32810400361986
3281039
3281033
3281025
32810200
3281019813
3280westtradeave#
3280john
3280carlie
32809girl
32809988
328099
3280972
328094
328092
3280900a
32809
32808efhs
3280883
3280880
3280879
3280863
328083
3280807
32807ama
3280780m
3280771
328077
3280759J
3280720
3280710
32806godiva
3280696
328068
32806628
3280635
3280626728
328062
3280614490
328061
3280598zero
32805852
3280577
3280566
3280552522
328055
3280532
328053
3280514
32805
3280489
3280483229
32804668
3280422
32804
3280379
32803316
328031428
3280310210
3280303
3280298312267591
328028
328027
328026
3280234093
3280219
32802142
328021
328020rnb
3280207g
32802023
3280172
32801384
3280130
328012h
32801050
32800pa
3280095
328009
32800844
328006
3280053227
3280042
3280039
3280020
3280016848
32800
328/104
328 janeth
327yko
327w14
327swm11
327snoopy
327ronnie
327pow
327p6miota
327norris
327missy
327mc
327love
327krm
327kavi
327k14
327jck
327jawaharnagar
327ipq
327hun
327hbmsl37
327gurl
327forever
327eceuv
327dot
327db3
327cid
327candy
327buddy
327boost
327bdc63
327atxcm57
327ariel
327abcnxz51519cv992
327Tanya
327MOCOSO
327FLICKER
327ANTHONY
3279kt
3279bmb
32799ma
327999
3279975
3279953
3279942
3279930
327992
32799102
32799
327987
32798294
327981
32797s
32797928
3279787
327978
32797579
3279728
327972
3279716
32796k
327967
32796682
3279632796
327963
32795tp
3279572
327955
32795363
3279529
3279521
32795001
327949
3279470
3279461
327945231
32794264
3279379
327936
327934
327933
32793107
32792ja
327928
3279262
32792484
32792398
3279232
327922
32792119
327921
32791w
32791m
32791907
3279184
32791727
327916166@qq.com
3279156
3279132791
3279122
32791096
32790z400
32790eccmy
32790837
3279072146067
3279062
3279052
3279036
327902
3279000
3278up509
3278mjc****
3278js
3278east
3278angelica
3278RR
327899
32789769
327896
32789518
327893188
32789065l
3278900
32788qdqts
327888422
3278869
32788553
327881
32787962
327877
327876
3278730
3278715
3278687846
3278677
3278652
327864369
3278632
3278601
32785961
3278568
3278554
3278547
327853se
3278518
3278506
32785
3278494
3278480
3278469
3278443
3278430
327842t
327842545
327840
32783kn
32783991
3278376
3278372
3278369
32783424mar
32783278r
3278318
327828711
32782795l
32782667
32782485
327824204
32782398
32782283
32782167
32782006
32782
32781mgg
327818746
3278176
327816j
327815
3278135
327812481
32780ishell
327809m
3278085
327806
3278044
32780077
3277x66
3277chellie
3277990
3277984
32779749
3277961
327795treeza
32779533762636
3277951
3277930k
3277921
3277899
3277882
3277825916
3277800
327778933270514
32777676
32777569
3277736
327773
32777250
3277715
3277683
3277673
327764371
327760AA
327759
327757
3277558
327755
32775478
327754
3277532775
32775262
327752
327750983
327749
3277481
3277466
3277456
327745
3277430
3277427
32774239
32774159
32774
32773872
32773738
327736rd
327736e
3277357
327733ai
3277335
32773296-9n
327727128
3277244
32772355ayg!
3277229
327722
3277204
32771home
327719
3277186
3277162
3277146
32771425
32771397
327712lr
32771202
3277111
3277109
3277087
327706
3277031
32770223
327701017
3277007_dn
327700
3276runit
3276edward50
3276aj
32769933
32769649087004
3276952
32769341
3276915
3276910G
32768mk
327688654
3276879
32768661
327684257
3276838
327682r
3276818
3276788
32767785DV
327676j
327675
32767305!!!
32767249
3276722
327671234
32767114
327669
3276662
32766491994524
32766248
32765D
32765742335
3276547
3276541446455
32765011
3276488
3276483
3276464a
327645
3276426
32764170
327640
327637q
327635
3276348
3276341
3276317
327628
327623
327621222
32761p
3276175220
327615
327614
327613
3276062
3276059
3276033
3276025
327600
3276
3275person
3275jap
3275evco
3275aww
32759751
327596
3275910
32759000
327589spl
3275888
32758743
327587
327585
327581
3275774623
3275763
3275744
3275730777
3275706
3275690
327568
3275670
3275635
3275624
32756113C
327561
3275596
3275592
3275582
32755673
3275540***tuna
32755278
3275526
327549957477
3275478
3275455
3275440
32754118431
3275376
3275366590
327534
32753275k
327531_F_S
32753053275305
327530
32752769
32752697
327525
327523892
32752289
327522
3275211
32751dw1cw
327518carl1t0$
3275173
327517
32751654
3275130
3275123
3275118
3275099
32750536
3275034
3275021
3275007
3274wbo
3274rocks
3274dt
3274LE
32749c
3274987
3274963
3274952
3274946
3274936
3274916
32749061yahel
32748jfzcc
327488
327486439
3274827
3274811
327480131
3274793
3274779
327474
3274727
3274704
3274685
3274669
327466
3274657
327464
327462
3274586
327456k
327456
3274554
3274542
3274532
3274525
327452
3274514
3274493
327447468
32744646
3274424
32744
327439
327438178
3274367143214
3274366
3274352
3274332
3274325
32743179
3274311
32742fon
327429
32742803
327427
327425
3274223++++
327420667gyl
3274197
32741889
32741753
327416
3274142
3274141
327412
327410
3274088
327405
327403
3274010
3274
3273zebma
3273rm
3273mojo
3273iscool
3273cpr
3273ajr
3273997
327395
3273936
3273905
32738p
327387
3273814jenni
327380386098
32737d
327379
327378400
327375
3273727
32737054
327366
3273652
32736428
3273639
3273636habbo.es
327363
3273604
32736
3273586
32735685
32735287putom
32735122
327351
3273488
327347
3273435
32734256
32734057
327339
3273386
3273374
32733454
327333
327332
3273313
32733107
3273305
327330
32732835
327328
327327c
327327327
3273271
327326
32732533
3273246varon
327323
3273220
3273218
327321
327320
32731871
327318
32731771
3273168
3273156
3273145
3273138
32731283
327312
32730c
327308
3273055
3273039
3273029
3273002
32730
3272pink
3272cool
32729hygqo
327299984
3272982
327297
327293
3272915
32729137
3272912
3272907
3272900
3272895k
3272889
3272854kim
3272828
3272822
3272818636
32728069
327279
3272766
3272753
32727496761310
3272733
32727264
327272
3272713
32726jm
3272694
327267757
327266Ag
32726589
32726472
327264
3272628
3272620
3272615
3272605
327260
32725j
32725820
3272568
3272540
3272535
327252876
3272525
3272522
3272515
32725055
32725
3272492
3272484552084512
3272467
3272453699
3272451
3272446
3272437
3272424
327241077
3272404
32724
3272391
3272384
32723823
32723686
3272352
3272343
327233
3272327
3272322
327230
3272290
3272286
3272274
3272266
3272256
32722395
32722360
327223
32722132
32721i
3272188
32721815
327215
327214
3272126
3272104
3272101
327208
32720799
327207
3272054
32720330
3272020
32720120
3272009
3272000
3272.2782
3271michael
3271ji
3271dy
3271999
3271997gb
3271994bi
3271989werru
3271988327
327198612486
3271985
3271979
3271977
3271975
3271961
3271955np
3271942
327193
3271913
327191
32719032a
3271900
3271898
3271894
327188
32718621
3271837
327183
32718
3271790
3271786
327177
3271756
327175
327173
32717240i07J4DD
3271712,
327170
32716ljw
3271689
327166
3271647
327164
32716175
32715901
3271553
32715416
3271535
3271512
32714996
3271486
327147jr
327147
3271434
3271430
3271420
327141
327140
32713975
3271385
32713730
32713656lp
3271358188
327135659
3271352
32713315r
3271327
32713190
327130710
3271284
327126135
32712515
327123
3271222-v
3271216
327121
32712
3271192
327116lynn
3271155
32711481
3271136
3271132
32711205_teamo
3271110823
327110819
3271100673
327109
3271086
327107
3271043012
3271034
327103
3271003
3270rosa
3270khyn
3270choo
3270JO
327099
3270962
3270946
3270939
327093
32708lt
3270854
3270847
32708223vanelin
3270812
327079
32707442
3270702
32706s
3270676
3270651
3270648
3270632706
32706109
32705r
327058
32705771
3270554
3270538
3270533
327053
3270521
32705004Q
3270491
3270487
32704633560650
3270449
327043024
3270420
3270408
3270402
32703911
3270372cas
327036
32703529
3270338
3270321
327030001
32702994
3270287
32702744
3270264
327025k
3270244
3270232702
3270223
3270217len
3270201
3270188
32701699
3270151035
3270132679
327013
3270108.1234560
32701
32700923
3270089
3270082
3270067
327006314
3270059
3270035
3270030
3270028
3270019
32700
327/729
327-abc
327--4422b
327
326west
326velcherean
326tranquility
326theking
326swagner
326sokno14
326smg
326rbtr
326pnynb65
326piiinky
326nny
326nike
326mat
326macko7
326lne8021
326leroyy
326lele
326jedi
326intheam
326girl
326foreland
326faith
326etown
326creek
326cohwy152
326branch
326bil
326a326
326SINGLE
3269y62726=
3269so
3269maddyrocks&p
3269kris
3269fany
3269dany
3269cj
3269N
32699zap
326999
3269967
3269958
326994
32699201
326991nik
3269900074613
3269899
3269893
326988
3269862
32698520431
3269849
32698340
32698328
326982
326981
32697diablo
326979
32697740
3269770
32697615
326974syah
3269734
32697289
3269719
32696sjh
32696943
3269686
3269684
3269677
3269647
326960
32695j
326959200961
326959
32695847
326957
3269542
326953ejl
326953
326951
32694u
32694ever
3269491y
326948
3269450
32694433
326944
32694099
32694
32693angelic
32693840
3269371
3269362
32693559
326934262_117
326933
32693269al
3269311
32692xl
32692a
326928b
326927
3269262
3269233
3269231
326921440
3269207SM
32692014
32691kg
32691981
326918
32691706
32691528
326914a
3269143
3269131
326912ml
32691221
326911
32690gb
32690b
326908
32690109
32690053269005
3268t
3268sh
3268rcc
3268ki
3268johnny
3268fupsg
3268bdf
3268art477
3268K
32689luv
32689bw
3268966
3268951rx
3268940
326893
3268914
3268906
32688hmc
3268884-14/02-82
326887
326885067rhkj
3268839
326880241
326877cal
3268746
3268741
3268715
32686oyop
326869180
32686811
326865
3268621
3268607
3268576g
32685720
326854462
3268541
32685201
3268480
326847
32684471
326843q
32684321
3268415
326840801ag
32684
32683964
3268369
3268349
326832
32683088
3268306
3268296
3268279eb
3268261
326824
326823315
32682225
3268210414
326818
326817
3268159872
3268152
32681388
326811
326809
326807
326806580
326804841
3268034
3268001
3267ka
3267brent
3267CP
3267994
3267922
32678989
3267879
32678606J
326783000
326781
326780114142525
326779
3267756
326775
32677323126856
3267722
3267707
32676fhs
326769373
3267692
3267675
32676626
32676465
3267643
326764025
326763
3267620c
3267593
3267571
326756
32675222
3267520luis
32675136
3267500
326749
326748159
326747
3267452
3267434
32674215
3267386
3267366
326735
3267343
32673342
326732326732
32673108
32672phdmd
326729
326728
32672714
326727
326726649
326725
326722474
32672124
326719hi
32671910glamurosa
326718
3267178
3267172
3267144
326710411
3267098
32670758
326706335
326706
32670147
32670067
3266t1676p
3266rddj
3266linsey
3266cutie
3266bd
32669one
32669d
32669B
326699326699
326697800
3266942556
326693a
3266932
3266926
326692
326691102
3266890
326688
326687
3266867
326686522
3266857
3266842
3266781
3266775
326676
326673
32667147
326671
3266701
326669713
3266690
32666666
3266654
326664pilar
326663
32666279
32666165
3266604
32666
3266581]
32665680
32665544
3266532
32665252662
3266500m
326648
3266460
3266444
32664252739698
326641
32663812
3266374425
3266363
3266345
32663425
32663288
32663217
326632
32663
3266286
3266279j
3266272
3266261
3266248
3266229tina
3266225
32662203
3266216
326621
326618
3266175
326616
32661360
3266133
32661102
326610
3266045
326604
3266014
3265trapito
3265kytr
3265jasa242004
3265honda
3265fuck
3265cjay
326598a
32659875421+meli
3265987410
32659865
3265982
326598
3265972
32659333
3265927
3265918160
326589k
3265874
3265849
3265815
32658.88
32657944
326578qu
3265772
3265755
3265745
32657411
3265710494T
3265698
3265690ple
3265682
3265614t
3265609
32656
32655goofie
3265581
3265554
3265545
3265535
3265529
3265524
3265490
3265472
32654655
3265452
3265435
3265420a
32654141
3265412
3265404
32654
3265386
3265361156
3265358
32653533
3265348
3265334
32653265s
3265276
326526326526
326524
3265237
32652050
326520
32651984
3265171
32651503294874
3265147890
3265140j
3265136
3265133
32651145
326511
32650d
3265088
326508
32650574123
32650376
3265031
3265004
3264wy
3264rose
3264opq
3264kyei
3264ia
3264guyssuck
3264ejo
3264dy
3264daniela
3264b1302r
3264992
3264989
3264978530
326496
3264953
326495
326494
32649202du
326490310647
32649
326489258
3264876paqu
326487336
326487
3264861
326485
32648457
3264834
32648286
32648266
32648121
32647992
326479
32647637446
326475891
326475
326473
3264714
3264706
326469
3264686
32646709
3264662
3264657
3264644
3264635LESLY
3264618
32646101994
3264591
3264587
3264567
32645514
3264542
3264532645
326452ght
3264510
32644wkfst
326449
326448
3264461casa
32644608
3264438a
3264417
326436744367497
326435skills
326435mari
326435j
326435daniel
326435932774
32643576
32643553d
326435486
32643536
3264353
3264352dcdc
32643526772
3264352+f
3264351
326435*
326433a
3264330
326432552
32643100
3264301
3264286
3264283266
3264277
326426327039
326424
32642228
32642200
3264209
32641981
32641927
326415
3264133
3264128
3264114
3264095
326408
3264068
3264052
32640430
32640282
3264001
3264+-
3263ne
3263hqance
3263dan
3263asif
3263990
3263987
3263974
326396
3263949
3263946
3263914432P
32639090
326390
3263876
326386
3263827jg
3263820
3263813
32638110
326380
3263768
3263734
326373
3263704
32637
326364
3263616
32636106
3263604
326360040903
3263596
3263588
326357
3263553
32635417
32635412
32635331
3263507
326350065
32634s
326349
32634758
3263458
3263442038
326343
3263426
32634043242069
326339224248
326338jedpoo
326338
326337
326336
3263352
3263342540
3263334
326333
32633025
326330
32632qagsk
326329
326328
32632783
3263263
32632559
326323a
3263221
3263217
