7936258
793618
79357935
793572
793535
7935068
793490
793485
7934625
7934576
7934227es
793389
793387
7933765
79336
79330
793297
7932774
79323899
7932251031
793215
7931951
793179310
793173
793164
7931564
79312
793108
793105
793075
79307002
79305398
793037
7930194
793001
79299748
792911
792848
79282211
792816
792800
792790
792782
7927159
7926ryan
7926787
792655
792630
792602
7926
792555
792547
792538
7925322
79251680
792513
792505
792500
7924613580
79245111
792447s
79242235758831
7924161
792403
7923a1
792376
792333a
7923264
792310
792300
792297
7922825
7922598
7922263
792210
792180
792173
7921638
7921518
7921409
79213636
7921200
7921124
792104
792100
7920966
7920740
7920607
792017
791phone
791999
791981
7919749
79197
7919558
791947
791923
791911
791895
791881
7918577
7918366
7918184
791792
7917861
791755
7917276
791712
7916858
7916753
791643
7916311
791618
791611
791594
791583
7915707
79156845
7915267
791506
791502
7915
791477
7914541
79143527
791413673
791400
79138264
7913642852
7913582460
791358
7913550
791352
79134862
7913457
791329
791325
791314
7913108
7913018
791300b
7912cc
7912826
791267
791253
791241461
79123183
7912285
791219
7912152
791209
791190
791180
791153
7911225
7911203349GRACIAS
791116
791104
7910tp
7910714
7910658
791062
791038
791028
79101256
791001
7909932
79097909
79095253
7909352
790924bcf
790914
790906068783
7909026
7909
790867
790820
7908123
790805
790800
790790
790733
790729
79071789
790712lws
790706
79070307
790688
79067716247528
7906350
79063076
7906279
790618
7906123
790601
79059313
79057905
790534102
7905293
79052608
790525
790509
790507
790502
79046051
790427
7904130
7904073
7903599
7903417
790327
790315
790313
7903
7902591
7902500
790220
790215
790206
7902
7901542
790130
790121145994
7900998
790096
790073738
7900636587
79000666
78yysp
78westside
78uijkm,
78trust
78teacher
78steelers
78ruby
78pig98
78olds
78nine
78nextel
78lu6k
78kicker
78jpmp71
78hardcore
78fly94hi56
78elite78dead78
78el44
78dejesus
78cutlass
78christian
78camero
78baby
78armando
78andrea
78acof
78HINA
789zac
789the
789rpando
789qwer
789pie
789nuestroamor
789mkl
789m456
789lol123@
789kar
789est
789chris
789betojr
789amor
789abh56w
789POP
789994
7899883
78998777
7899875
7899874
7899654
78996345
7899626
789951753
7899511234
7899333
7899218
78991012
789904
7898903
789889
78987899
7898690614
789858
7898541546
789852741
78985246
789852258965
78985221
78984565
789811
7898065
789802
7897998
789798
789797
789789c
7897898
789789787
789789456456
7897891
7897889
7897855
7897789
7897690
7897526841
7897456123
789741753
789740
789734
7897281
78971328
789702406
7897017
789700
7896987
78969701
789690
7896753
78966987
789665
78965n
789656
789654k
789654i
789654bo
7896547
7896543
7896540
7896523
78964563123.
7896416
7896378963
7896357
7896321478
7896321455
789623
789618
789611
7895929
789585
7895823
789578
7895630
7895566
7895543265
789547
78954262
78954132
7895321po
789532
78952t
7895274123
7895247
7895241
78952159357
78952130
7895210
789517
789513462
7895123654
78951235700
7895123000
7895123.
7895096
7894F2E35B
789488
789486
7894807
7894747e
789465132
7894613520.
78945t
78945q
789456x
789456qwe
789456kl
789456abc
789456P
789456741
7894565
789456456
789456258
789456220
7894561k
78945612p
789456123A
7894561239
789456123780
78945612369
7894561235
789456123357
78945612321
7894561230789
789456123,
789456123+
789456.
78945464
7894545
7894523
7894521
789445566
7894436
789426513
789420
7894131
789410
789401
789365
789361
789358
789356
789345
7893371
789321jchh
7893212165
789312
789308
789302
7892781
789264
78926
789251
78925
789236
7892333333
7892260
7892028
789201
7891will
7891lilme
7891gn
7891992
789189
78918211
789174
7891724me
78916040
789150
7891456
7891321
789131
789123m
789123c
78912356
7891235460
78912354
789123258
78912301992
7891223
78912130
789121
7891182
789111m
78911
78910191
7891012
7890bread
78909
7890822
78907777
7890614
78904953fateamo
789033k
7890289
789017
789009
789001
7890000
789*789
789***
788977
788965
788956
7889418
78891665
78891223
788900
788895
7888885
7888834
78886
7888236a
7888123
7888
788796
7887898
7887874a
7887834
7887798581418
7887576
788712
7887
7886925
7886619
78865140
788634
7886280
788613
788588
7885806
7885547
7885511
7885214
7885113
788505
7885
788477
788462
78844224
7884314
7884062
788369
78835121tia
788318
788305
788296
788282171
7882696
788267
788244
788227
788203
7881982
788182
788179
78817251
78815269
788129
788127
78812
7881010
788080
788045
78803691121
7880275
7880222
788012
788004
7880024
7880
787rico
787pily
787js62
787fatty2000
7879hp
7879910
7879900
787982
787974
78796946
787958
7879552
7879449639
787937
7879017976@
7878thefunky
787898earth
78789878
787898123
78789789
787897
78789632
787895
7878920378
7878891418
78788
787878j
7878788
787878787
7878778
7878707742
7878678
7878578
78785
7878420711
7878392
7878308
787823
787816
7878110
78780
7877923552
7877891038
78777877
787777
7877686
78776323
7877454788
7877405799
78773879
7877355
787723
787707
7876aka
787696
787677
787676
7876534
7876510
787642
78763473
7876197
787604
787587
7875677
787549919
78753jm
7875365133
7875187
787501
787488
7874825
787478
787475
787466
78745620
787455
787442
7874306
78741tx
7874064
787402
7873824123
7873732669
7873704
7873549
787326
78731hrw
7873087
787305
7872999
7872857
787282
787271
787264
787260
7872591234
7872483
7872206670
7872123
7872062947
7872026
787201
7871993
78717871
7871640
7871506
78714
787131
787129
787123
7871183
7870878
7870561
78703578
787013
786saph
786rizza
786princess786
786paki786
786mtmemm
786ismail786
786ghf
786fas23
786bismillah
786binabashir
786army
786@12
786997
7869815
786955
786945123
78692110
786913
7869
7868885
786868
786859
7868440
786825
786808
786786dk
78678655
7867860
786777
786750
78674463
7867257
7866sogol
7866812
78665
7866358
786622
78660
7865968d
786586
786577
7865716038
7865472
786541
7865399682
7865336
78653
78651589017863142381
7864ever
78647864
786468
786455
786452
786440
786420
786411
7863891256FL
786380
78633452
786325
786313
7863073
7863032
786299034877
786287
7862687
7862525
7862166
786211
7861900
7861861
7861245
7861120
7861009893mara
7860925150
786064
78605214
786042
7860393
7860312
7860161
786007moh
786003
7860000
785ijk
785987
7859815
785966
7859592
785930
785900
7858972
7858707
785861
7858562
7858432
7858410
785815
7857lett
785788
78577857
7857617
785742
7857310
78569tyh
785678
785667
785663
7856439
785636
785632
785630
785624
78562233
785621
785619
78561234987
785610
7856
785594
785583
785576
7855557
7855469jar
785522
7855130
7854plok
785493
7854869
785477
785468
7854521
7854394
78542963
78542
785401
7853751
7853469
7853380
7853327
7853039
7852963
7852871
78526080
7852566
785254
7852398521
78523645
7852284
7852147
785211
7852102
7852011
7851579
785135
785129
785126
7851220707
7851214
785110
7851044
7851002
785081
7850546
785034
785017
785001
7849869
7849516230
78495100
784946
7848959
784886
78486
7848500
7848328
7848282
7848218
784794tkmpaul
7847847856
7847611
7847200
7846998aisha
7846712
784653
78464132
7846175w
7845hugs
784599
784594284
78457815
7845754548
78456
7845298
7845210
784512me
784512d
784512963z
7845126
7845095680
78448899
78447852
78444526
7844353
78440252
78437843
7843601
7843555225566
784296
7842936
784278426584268
7842525
7842434
784230
7842053
7841722
784129
784107
784066
784052
784010
783beth
7839697085z
783952123
783935
783924
78390
78387838
783868
783845
7837966
783783
783775926
7837616
783748
78374266
783726mville
783724
7836929
7836727
7836315
783611
7835girard
78358
7835676
783554
783515
7835020
7834red
7834705
783466
78344m
7834435
783418
78339
78338105
7833666
78336266
783355
783343
783335
783329
783316789
7833127
7833020
7832735
7832641
783260t
78324
7832060
783203
7831niort79
7831804
78314637
783144
7831246
783111
78310154
7830alani
7830884
783060
7830486
7830341
783021
7830137
782minn
7829895
782978
78297399sexy
7829480
782931
78291211
7829089
782907
7828871
7828837
7828600
782847
782811
782802
7827aynjl
7827821
782776
7827534
7827214
7826ae
782696
7826722vc
782643
7826246
782600
7825995
782549
782537
782531
7825197878
782509
7824karinita
7824787
78245987
7824481m
7824294
782426
7824098
782404
7824
782378
782367
782360
7823495
78234
78232323
7823144
7823011
782292
782282
7822732
7822413
782222
782200
78219
7821753
782143
782101994
7821005
78210
782048
782030
782022
782019
782004
781994brook
781986s
781971
781962
78195748
781948
7819195
781915
781900s
7818824
78187
7818183
781816
781810
781806
781796
7817915
7817890
781771774
781771
781747
7817391
78170593juliana
781679
781645
7816376
7816138
7816044j
781599
7815911
781576
781572
781563
7815522
781543
7815263
7815210455
78152
781512
781501
7814bug
781489
7814585
781436
781403
7813kl
781392
7813232
781321
781310
781300
7812948
781282382
7812805
781268
7812603
781231
781215
7811808
781177
781172
781171
781143
781130
78112503
78112008
781118
781114
7811025445
7810ray
781092
7810877
7810450
78104
78101
7809947
7809683
7809455
7809433
780924
7809223
780919
780904
780888
7808660
7808404753
780827
780816
780805
78080419
780731
780727
780723
780720
780717
780703
7807011457
7806847
780678
7806666
780652324kathana
7806451
780632459x
780621
780612
780605
7805895
78057805
7805649143
7805559
780548
7805419
780530
7805211
780520
780516
780510560
780507
780504
7804courtney
780489
7804724
7804587
780449
7804342
780428
780419
780417
780411link
780409
780404
7804012
780400
7803891
780380
7803528
780324
780309
7803028
780300
7802905
78027802
780266
7802418
780225
780215
780211
7802073956
780202
7801980
78017801
78016727
780141
780128
780125
780121
780119
780107
7800Namsos
780090
7800717s
780043
7800088
780003
77x3419
77wave
77vette
77tweety
77transam
77tine77
77tahiti
77street
77snoopy77
77seven7
77ruby77
77rm247m
77pup77
77osorio
77nuts
77nottoday7
77money
77mike
77marzo10
77lovely77
77look
77kitkat
77joseph
77jeff
77isaiah
77hooters
77harmony77
77hamilton69
77god33
77fuckoffjess
77froggies
77forever
77elvis
77duxruu77
77diamond
77deer
77cupcakes
77cool
77chrisla77
77chicoman
77cheshire
77brothergun
77beso
77bananas
77baby
77ashanne
77apples
77Play
77GERARDEVANS77
77@88@99
7799986
779996
77998546
7799830
7799584
7799469
779943
779925
7799168
7799123
779901
77990044
7798RaAnRo0639
779877
77984978
77984612
779822
779798
779777
779760
779720
7797119
779697
7796480
7796227
779599
779585
779575
7795619
77954550
779522d1
779509
779501
7795
779488jen
779478
779477
779465
7794118
7793dog
7793639
779328
7792ejv
7792904
779273
779254
779248
779226
779211
779207
779202-6
7791bhid
77917791
77916
77914269
7791382
7791367
779129
779123
779117
779109
7790911
7790888
779082
779052
779042
779015
779009
778maria44NELLY83
7789CP
778991
7789901
778967
778952
77894455
7789237
77891207
778911
7789054
77890
7788joe
778899frank
7788998
778899445566112233
778899242
7788990
7788968
7788910
7788872
7788748
778869
7788574
7788540
77885
7788445500
7788414
7788384
7788333k
77881905
7788/99
778799
7787899
77877
7787589
7787489154
778748596
7787274
778712
7786salaam
778686
7786502
7786302
778623
7785996005
778595
77856llc
7785451336
778523
778517!
778504
7784pf
77847854
7784682
778456
778421
7784100601
778400
778399
7783887589
778382
7783732
77834687
7783221
7783111
778305
7782845a
77827072
7782553
77825066
778233
7782153
778210
7782073
778203
7782
778182
7781553
7781320
7780jthklb
778099f
77809800
778090
778084
7780709
7780477
7780421
7780158
778000
777yu
777xxx
777vs666
777vegas
777timing
777susu123
777seven777
777rock
777ppp
777peanut
777mmm
777mgk
777love777
777life
777kiss
777jess777
777hein777
777gym
777ggg
777fredy
777eli
777church
777cat
777bu
777beckham
777angels
777ale
777_777@.com
777LIBBY
777God
77799999
7779968
77799
77797
777952
7779424
777925
777920
77791417
777900
77789pupies
77789799
7778913
77789
777883
77787968
7778766
77787
77785411
77785
7778395
777829
7777topaz
7777mm
7777mc
7777lord
7777js
7777jjjj
7777jesus
7777caro
777792
77778899
7777888
77777wjm
77777m
77777d
77777A
7777788
777777t
777777r
777777g
777777b
7777777x
7777777seven
7777777n
7777777h
7777777G
77777777v
77777777a
77777777777777777777
7777777777777
77777776
77777774
777777722
7777777111
77777755su
7777773
77777707
7777700
777766
7777567
777744
777741
777729
77771980
777719
77771616
777713
777711339
777701q
77770000
777697
7776767097dogs!
777666mooch
7776464980196
777598
7775815
777577
777558
777552
777540
77752418
777520
777506
777478
7774727
777453
7774447
7774371
777428
7774202
777419
7773983
77737
7773585
777343
77733552
7773333
7773311
777315
7772999
7772887
777279266
777275
777257
7772528
777247
777237
777234
7772257
7772213
7772186999
777204
777200
7771999
7771980
77717755
77717
777167
777148
777142
7771351693
77712777
7771223
7771123
777111777
777099
7770929
7770871359672
7770714
777051
7770413
77704
7770318
7770239
77701
777003
777-2Q8/ER
777%djvenom
7769shauna
7769661
776924
7769132
7768585
7768481
776821
776777
77671013
7766nd
7766jb
776695
7766847jsg
776676
776657
776644
7766321
776629597
776622
7766165
776588
7765599e
776557
776541
7765237
77650931
77649540
776455
7764532aaa
7764418
77642396
77641176
7764013
7763974506ki
77635401
77634546
7763266
7763
77629399
77627762
776265
7762467
7762432
77623
776221
7762119
7762099
7761776
776168184
7761486005
7761182
7761043183
7760987
776090
7760788
77603132
7760280
7760051
776001
775aik
7759867
7759323z
775902
77585217758521
775844
775829a
7758258840311
7758102
7758033
7757874
775784
7757772
775775
7757456
775731
775715
7756CS
7756854
775682a
77567756
7756625
7756438
775627
775600
77559960
7755743
7755685621
775567
7755600
775555
775533995511
77553300
77553166
775529
775521
77550
77546mt
775460
7754113073
77541
7753tatochomiak7753
7753884
7753818
775367440
7753619
775357
775346
7753303
77530
77527308
7752532
775239
775223
7752216
77520v
77520
775170
7751645
7751469
775128
7751151436
775099
7750686
77503@nk
7750324
775005
77498864
77497856
77494211
774940
7749289
774922
774918
774908
7749035
7748895
7748833
7748596
7748492284
7748363
774823
774800
774790
774781
774777
77477
77475512
7747366
77471tr
77470513
774688
7746722
7746654
7746522ronnie
774648
7746332
77462473
774622
774616
77458996
774567
7745608
77453
774522
77450687
7744997
7744944
77448899
774479
774465
774456
77442266
7744193
77441188
7744112
7744078
774392
77436517
77433647
7743323
774312
774300
774297
774289996982455
7742761094
7742653
774250
774210
774200289
774190
774188529963
774170
7741631
7741508
77414
77412752
774109
7741010
774086
774050
774021
77400
773evrei
7739love
7739969
7739780296
773968kw
7739323
7739242437
773916
7738933
7738794336
7738669l
7738602
7738164
7737coconut
7737889
7737734
7737650
77375221
7737452
77373516
7737151034
773712
77364537ta
7736236
7735907m
7735823
7735666
7735060m
7734Wiccan
773481
773475
7734649
773456
773439
773421
7734077
7733911
773388
7733479
7733310
7733122
7732932
7732568
7732534
773248
773244
7732382493
773233
77322377
7732120
773200
7731946
773164199
7731326989
773130
7731205
77311904
773107
7731026
773078
7730455
773033
773030
773013
772vogd
7729tai
772995
772935
772911
772877
7728509
772829
772822
7728158y
77281448
7727cynt
7727986
7727942
772787
772772662
772765
77273970
7727341
7727167
7727111
772689
77265013
772639
772628
772627
772612
772601
7725rat
772588
7725466
7725363
77252744712186
772521
772510
7725
772489
772482
772476
772456
772441
7724220
772409
7723876
7723720
77235TDTM;
772355
772323
772310
772296
77229122
772286
772273
772266
7722620
77225
772231
77222277
77221
772204
7721933
7721913
7721825
772164
77215713
7721381
772125
77211828
772112
772064
7720286
771con
7719994
771971
771963
7719552
77194951
771937
7719347
771893
77188
771855
77183904
771815
771802
7717ec
7717857
771781
771775
771757
771727
771718
771706h
7716954
7716842
771674ab
771666
7716313
771621
771610
7715823
771561
7715348
771521
7715041987
7714top
771489
771485
7714572
7714289
7714249
771413
77141
771385
771354
771341
771339
7713248
771316
771308
7712977
7712913
771260
77125
77123456
771223
771219
7712164
77121013
771210
77120
7711a40
77119933
7711868191
7711722
7711683m
7711583399
7711561
77114mark
7711484
7711429329
771134
771130
7711288
771125
7711206
771113
7711039
7710955
7710603
77104500
77104
77103064
771020
771011
771005780
770green
77099
7709518
7709412
77093
770924
77091381
770910
770905
770901
770890
7708846
7708805201314
770879
77086
7708439
77083124
770826
7708198
770806
77080212
7708015
7707yh
7707875119
770773
7707512131
7707369
770729
770724
770716
770708
770704
7707024
7707
7706903
77067708
7706590
770629
770624
770619
770614
7706070
7705934692
770585
77057
770526
7705216
770516
770512
7704772
7704602
770438
7704285
77042
7704110
770408
7703maio1975
7703544
770345
770331
770328
770327
77032114
770310
770308
7703
770283
7702628
7702539
7702277
770220
770217
770208
770203
77020
77017701
770171
770131
7701266
770121
770120
770112
770107
770102
7701
7700900
7700861
7700825
770044
7700296
7700238c
7700181
770002
76vincent
76vcz8
76tigers
76sporty
76smile
76sers
76rosales
76princess
76nine
76mynydd
76min15
76ma875
76ixers
76hxmw
76ginger
76ford
76ersA
76ers4life
76ers123
76corvette
76ERS3
769999
769988
769940
7699161
769910
7699010e
76988022
76987698
769812
7697993
769789
7697495
769727
769682
769600
7695179
7695113
7694pame
7694696
769430
769400
7693901
76937693
7693638
76934724
769320
7692bam
7692465
7692
769186176
769180
76915
769102
7690drama
76907690
76899j
76897689
768968
7689423
768921
7689112
768905
7688ad
768888
768854
768851
76881357
7687whoknows
76875611
76870576
7686james
768693
768669
7686482v
7686116
768594
768567
768542
768520
7685
7684959
768469
7684342
7684321
768429
768415
7684112
768403
7683908
768366
76832365128
7683146
7683
76829705
768250
7682318
768217
768199
768157
7681340yg
7681266
76812
768107
7681001
768088
7680759
768023
76800306
767nhp13
7679ls
7679374
76790406
767900
7678982
76787678
76786
767827
767804
7678007
76779800
767788
76778423
76777990
767766
767718
767704
767699
7676850900
767664
767656
767617
7675u7
76757859
7675587
7675094
767500
767482
767460
767443
7674323644
7674065
76740499
767397..
767374
76737
76735326
767332
767289279
7672706
7672314
7671804
767179
767152048
7671499
767143
767113
7670996
7670895
7670021
767/2550
7669719
766955
766904
766889
766868
766846
76680aaaaaaaaaaaaaaaaaaaaaaaaaaaaaaaaaa
766777jab
7667761
7667172
76670162
766667
766665
766639
7666330
766565
766536
766532
766518a
766509
7664890
766462
766448
7664363
766430
766423
76641968
76640253
7664
7663907
766358
766335
76632
7662flop
7662873
7662754
7662619
766253764456
7661716
766124
7660975
7660284
765russell
76598912
765983
765944
765896
765888
7658834
765851
765800
7657804
765765765
765732
765700
7656fuckyou
765665
7656360
7656317
7656
7655dpd504
765576
7655667t
7655330
7655
76549162
7654849
7654738
7654498
76544567
765440
765432u
7654321mama
7654321h
7654320
765423
765410
7653944
7653797do
765364975
765342
7653346
765320
76529980
7652871
7652145
76517651
76516lyn
765155
765130
7651234
7650bo
765090
764yrbug
764982
764941
7649315
7649191
7648655
76481839
76480513
764747
764731
764721
7647031
76470010
76468741335
76466060
76465313
764633
764608
7645yad
76455589
764541
764529
76450969
7644924
76447211
7644243
764382
764374
7643546
764329
764319
76430899
7642steph
764280
7642454
764224
7642118
764200
764150
764126ibo
7641201
764112
7641098
7641
764087
7640366
76399955
7639854
7639363
76387638
763829
763763
763725
763682
763660
76365310
76363258
7635720945
7635391
763521n
7635001
7634960
763435
763420
7633652
763281
7632597
7632429832
7631668
7631433
76312741
763110
7630sabres
7630847tanner
7630828
7630700
763046
7630181
763005
762978
7629275
762867
76280352
7627cb
7627817
762774
7627399
762722
762703
7626868
762645
762626
7626110
7625ruka
76259759
7625876
762579
762576
7625597j
762531
762521
762513
7625100
76247624
7624458
762421
76242
76240650
7623946
762378762378
762377j
762367
762355m
762331
7623199
76231638188092
76230
7622919
76225721
7622427f
762231076220119
762211
762202
7621NOS
762191
762183
76212samj
762122
7621102251
76210119
762097
76201broadway
7620147
762005
762003
762.1695
761998
761972
761963
7619599
761955
761943824652
7619200
7618958
761886
761843
7618276
761807M
7617833
761748
76171707
761676310203
7616592
761642
761607
761593
7615627
7615265
7615057
761480
7614781
7614516
761408
7613955
761376
7613635
7613509
76134982
76133880
761322
7613206
761314
76131
761303
761299s
761287
76125zx
761253
761235
761223
761216
761214
761207
76120510
7612030
76120
7611869
761173
761154
7611519
7611469
761125
7611173a
761113
7611086
761107
7611
761098
761088
7610754
76106260
761049
761025
761014
76101221
761008
7610017
76099359
760951
760918
760910
760849
760830
760826
760824
760823
760813
76080926
7608008
760749
760730
760714
760709
7606uriel
760685
760629
760623
760618
760608
7606032
760602
7605331
760529
760527
760520
7605160927
76051
760504
7604kd
7604801
760476
760452
76043560
7604353321
760418
760415
76041210806
760410
7604
760375
760330
760325
760323
760315
760311
760306
7603017
760279
760272
7602693
7602615
760225
760222
760216
760205
7602000
760179
760155
760130
760124
76012
7601168
760111
76010412542
7600mwjw
7600948
7600915
7600452
76003106
75tito77yari
75spchas75
75rocks
75newmonke
75jules
75efnt9j
75ddbf23a7
75dak0ta
75chevy
75bus75
75bliss47
75and13
75February
759qju17
759jillian
7599michael
759964
759952
759911a
75990000
75988
759865
75984652
759805
7597952
7597781
75973s
7596990hmr
7596926
759646
759624
759598
7595969
759569
7595463
759525
759513
759493
7594854
759475
7594473
759415
759404
759396
7593900
75934528
759333
7593128406
7593087
7592ily
7592927
7592758
7592302
759210
7591863
75918548
759153456
7591411
759116
759111
7590961
759088
759066
759031
7590181
7590148
7589james
758989
758975
7589556
758946123
7589434
7589278
7589220
758891
758888
758866
758857
7588480
75883
75881600
758800
7587935
758784
758777
75877495
7587580013
7587456
758735
758732
758694
7586631
758644
7586330
75862508
7586109
75859505
758583513
75856860122530547
7585479
758533
7585263
7585188
7584976
7584869542515362
75847584
7584631
7584511
75842153960
7584060
75839690
758381a
7583754
7583584
758348
758334
758328kc
7583019
7582997
758293
7582650
7582460
7582255
7582034
7582
758175
758160
75812011
7581175
7581106
75810
7580904
7580669
758048
75803ja
75802052
7580126
757sfinest
757karma
757981x4
7579582
75794135
7579186
75791127
757905
7578829
7578699aa
757851
7578357
75779699
757786
7577730
75773
757725
7577093
75770025
7576l200
757698
7576836
7576735
757666S
7576489
7576191
757605
7575lmc
757592
757584
7575757
7575743
757563
7575586
757533
757515
757508
757503
7574954
7574898
757476
757457
7574485
7574315
75741255
757402030546
757381
757325
75731adore
7573090
757302
75729772
75729185
7572710
7572552
75724410
75722
757218
7572033
7571534
7571349
7571311
757123
757102
757082RAY
757075
757039
7570337
7570055
7570
7569943
756987
756984123
756981
7569455
756945440000
7569269
7569187
756903
7568965
756890.
75682152
756812
756804
756800
7567755
75673031618
7567079
7567020
756676
7566729
7566575
7566567
75662919
7566166
7565769922
75656657c
7565565
756518
7564wt98
7564960
7564726
7564625
7564567
7564448
756426
756423
756419
7564046
7563869
756365
756357
75632987
75632011
75630130
75628562
75627562
756258
7562542
7562476
756234
75620667
7561807
756161
75614375
75610907
7560terbois
7560328
75602784
75598186
75597559
755963
7559265
7559084a
7558751
755856
755829
755809
755777
7557724
7557645
7557565
7557523
75573245
7557234
7557135
7557000
7556935
7556885
755679
755657
7556457
755629
7556243
755620
7556
755571887
7555483
755532
7554677
7554546
7554388
7554275
755420
75538
7553735
75536554
755359
755345
755306
755304
75525250
755247
75522456
7552142j
7551999
75515l
755145
7551402
755134
7551040
755055
7550139
754grl
754997
7549881
75496925
7549586
75495658
7549118
754869312
7548559
7548293
75481609
754796
754745
754720
7546987
754694
7546426a
75462221
754600
7545love
754588726
7545587
754525
7545161
7544mb
754486
7544667
754425
754423
7544115
7543nina
75437543
754352
754333
7543134
7542bdld
75427542
754261
75426
7542527
75424895
754242t
754241
7542352452
7542168
754182
7541760
754171
7541401
7541355
7541120
754096
754044
75400
7539lori
753984
75396375m
753951g
753951asd
753951852258
75395178952
75395178
753951654
753951486200
7539514268
753951258
7539512468
7539511230
753951000
75394829
75392076
753911
7538ann
753885219
7538691
75385461
753830
75382081
7538141
7538065
75378
753753m
7537533
7537519
7537348
75369pretty
7536966
753695147
753669
75364x3
7536452
75362827
7536223
7536135
7536006
753589
753577
7535753
753545
7535373
7535055
753462
753442
75343914
75341878006
753412896
7533911
753380
753357753
753355
7533394003P
753319
753306
753289
753266
7532602
7532486
7532428
7532363
753222
753214711607
753211
753201
7531834
753159purple
753159m
753159jj
75315982460
753159753159
7531596
7531594
753159258
753159**
753142
753128
75312110love
7531030
7531
753075
7530705
753050
753033
7530123
75300
752tenzin tamdin
752dolfro
752982
752970
752951
752938e
7529269
7529092
75287528
752837
752801
752789
7527759
752739
752713
7526kevin
7526858
752649
752641
752626
75261311
7526075z
7526006
7525z3
75258651
752564
752541
752534
7525230
752515
75251172
7524skag
7524959
75248
75247524
7524551sarahb
75243mf
752426
75237490
7523481
752332
7523144
7523098
752275026887
752265
752237
752222
752212
7521apaa
752175
752149
752141419
7521233
7521048
7520lake
7520954
75206771161
7520176
752013
7520101j
7520069j
752001
7519901
751971
7519600
75195382
75195346
7519439
751935
7519338
751926
751920
751913
7518rz
7518961
751880
7518686
751842
751825
75181124
7517730
751743
751737
7517241
7517172
7516624
751657
75164142
7516108565
7515984
7515865
751575
75150912
751505
751500
7514961
751481
75146
751453
75143550
75143
7514111
751392
7513680
7513567
7513438
751326
751320
751313
751296
751275
751265
7512510
751248
7512442
751242
7512369
751230
751229
751217
7512121alejog
751203
751201
7511snoppy
7511744
7511689
751137
751131s
751128
751119
751117
75111
75110222
75109dr
75109
7510788
751075
751054
75103299
75102836
751020
7510131
751006
7510022
750egk143
75099212
7509533750
750929
750927
750925
7509204
750913
750906
750890
7508816
75087508
750855
750830
750825
750817
750812
7508104
750800
750778
7507735
7507278514
750724
7507184
750710
750706
7506837
7506765
7506746
7506533
750623
750619887dany
750615
750610
750601
7505746
7505267
750524j05
750521
750518
750515
750513
750509
7505058
750503
750495
75047504
750430
75042293582
750419769790
7504122
7504059
750400
7503913
750331
750325
7503211
7503182
7503100
750300
7502818
7502778
750260
750250
750221
7501992
7501333
750125
750117
750110
7501017345274
7500947
7500898
750080
7500750
750057
750028
750007
75000000
75-fulham
74whv85c
74ventura
74uteh
74thuggin
74pr.dl
74ondamove
74nation
74money
74lmnbc
74libra
74kaykay
74hct14n
74gdfolks
74forlife
74ford
74firefox
74elephants
74dodge
74cuda
74crim
74corvette
74bronco
74becky96
74babygirl
74_74_74
74JASE78
74BAstarDO74
74997499
749956
7499343
7499203
749900
7498783
74987498
7498652
7498100
749777
749753
749700
7496948
7496527
7496210
749612
7495715
7495517
749500
7494955
7494864
7494687
7494357
749416
7493sk8
7493943kimo
7493355
7493351
7492zaxs
749291563
74927492
749249
7492197
7492155
749200
7491iggy
74919159
749180
749156
7491321
7491171
7491037
7490k7
749077
749017
7490032
7489shot
748974
7489563
748936
748931
7489270
748913
748892
748847
748829
74878
748767
748741
7486jlm
7486966
74867486
7486477
748623
748613317077
748611
74859696
748596132
7485956321abc
74859
7485796
748577
748569
748541
748530
74851
748485
7484675
748455
748448
7484060987
748400
748371
74836591357
748356
7483332
7483034
7482954
74828183
74826
74824
7482306
7482234
748212KJkj
7481994
7481875
7481786
7481636
748138
748123
74810
74809408
748074
748051
7480058
748002
747john
747_2363
7479846
7479653
747945j
7479277
7478dg
7478797
7478653
7478389
7478234
747797
747787
747785
7477803
747746
747744
7477236
7477123
7477
747698
747695
7476867
747666
747664
7476339
7476240922
747610
7475867
74757872
7475700030111
74753538
747520
747511
7474gd
747496
7474911
747485
747474r
7474741
7474700
747456
74745
7474360
7474161
747414
74741177
7473994
74738777
7473729s
7473566123
74734037
7473317
747291
7472748
747247
7472293
74720625669
747193spy
7471773214
7471717
747130
747123
7471209
7471157
7471114
747100
747085
747070743
7470430365880
7469ic
746996
7469845
7469579
7469427809K
746928
74691823484
7468ae
7468760
746865
7468453
74682
7468112
7467sims
7467626
74675121
7467306
7466rubi215
7466909
746666
7466634
74666
746630
74662
746618
7465986
7465836280D
74657521
746563
7465495
746546
74654412
74653869246
74653867
7465130
746509
746490
7464721a
746460wm
746435loan
746425
7464181s
746412
7464107
746374
7463397
746270
74623
746225
7462097
746193
746175
7461647
7461598
7461552
7461492
7461430
746103
7460616
746032
7460202
7460129
7460070
7459996
745986
7459465
745930
7459091
74589623
745880
745869
745854
7458426
74582587
745809lk
745793
745789
745778
74577457
74575865
7457534
7457222
74569852
74569
7456649
7456582
7456398521
74563210
745630
745629
7456213
745610
745604
745582596
745563
745552
7455368
7455230
7455123
7455
7454843
745481
74547454
7454601
74543
745404
7453smile
745366
745348
745321xoxo
745296
745273
745255
7452523
7452464
745236
74522004
745217
745213
745211
7451aziza
745169
74515822
7451321
745087
7450719
74505900
74504437450443
7450235
745021
7450136
74500
744994
74497449
744921c
744900
74488100
74483624
744826
7447luv7447
744789
744780
7447671
7447484
744738
744728a
74472
744710
7446742
7446580
74464
744633
7446185
74460607
744600
74459112
74456
744553
744540
74452200
744520
7445014
7444765
74444444
74444
74437443
744352
7443324
74432307
7442525
744247g
744234
7442207
7441910
744180
744157
7441529
7441487
744134
7441269
744106
7440445
7440030
743zf387
7439995
7439778
743951
743869
743813
7437nita
743774
743769
743743slj
7437358
743723
74371102
74367436
74365128
743638
74363300
7435rp
743591
743587
743574s
7435701
74354
7435362
743526
743477
743473
743465
7434569
743452458
7434093me
7433974339
743372
743353
743346
743333
743324
7433110
7433
743277
743254.
743252
743248
743226
743221
743216
7431792
743152
743140
743108
7430963
7430846
743012
742yili
742h273
7429789
742965
742926
7429161
742911
7428742
74285963
74283532
742793
742745
742735
7427221
7427000
7426mia
742691475369
7426666
742661
742655
7426500
7426444883665
7426406
7426358
7426154
742605
742600
742594
742583
74256355
742539R
7425360
7425232
742519
742512
7424rich
74247463_1016
7424692
74246275
742446
742432
742425
742423
7424154
742409
74239541
742380
74237423
742369j
742367
7423482
742345
7423095
742304
7422730
742247
742233
7422195
742206
7422053
742173
7421512
7421278
742121
742096
7420706
742034
742011
7420071
742005
741hta
741ab92
741999
7419832
7419747
741963l
741963i.d
741963741963
74196300
741960
741955
741953k
7419535
74195
7419281
74189780
74189654
7418953
741880
741874
7418579
741852m
741852fn
741852963d
741852963741
7418529635
7418529633
741852963159
741852963000
741852951
74185289
74185274
741852321
7418481
741833
741819
74180951
741789654
741789456
7417779
74176149
741753951
7417478
741745
741740408143
741721
741711
7417003
741695
7416131
7415963d
741585
741575
7415693
7415615
7415582
7415454741
74152p
741520
741510
7414quantaise
7414bb
741490
7414867
741478
74147115
741434
741422
7414110
741409
74140
7413793
741369852147
7413636
7413286
741318
7413158
741310
7413025
741296
741289
7412868
7412776
7412686
741258west
74125896321
741258789
74125874
74125800
7412553
7412423
74123m
7412389
74123856
7412374123d
7412369s
74123698753
74123695
741235986
7412350801
741232
741223g
741223
7412215
741218
741204135205
7411mike
7411988
7411975
741185
741168
74115794
7411517
741147lovelyday
741147741
7411292
7411236698
741121
7411140
741106
741102
7410bgd
741098
7410953
74108529
74108520.
7410789
741075
741053
741048
741041
741031
741027
74102589
741020
741016
741015
74101012
741008
7410015
740state
740jam
740999
7409828
740967
740929
740919
740912
740903
740883
74087408
7408616
7408359
740829
740826
740820
740809
740779
740739
740724
740715
740712
74067406
740645
740628e
740628
740623
740620
7406176
7406120
740608
7405851
7405409
7405257
740518
7405111
740503
740500b
74046l
740455
740431
740429
740417
7404129
740404
74037403
7403638
7403623
740330
740325
740323
740313
740309
740301
740283
7402590
7402395
7402359
740224
7402233
740220
7402179
740201
7401934
740189g
7401835
7401330
740128
740116
740112
7401102
740103
7401
7400826
74007400
740047
740023
7400138613K
7400044
73wx88
73vwbug
73tcrtzx
73shadow
73racing
73pizza
73nake3976
73lokos
73k13r0ctm
73iamigi37
73green
73d4zq3fx7h4
73booty99
73axelrod
73angels
73CAMERO
7399trickett
7399bitch
7399879
73996350
7399260
7399201
73991108
7399101
739905
739901
739883
7397chino
7397935
739719
739673
739602
739524
7394clem
7394779
739425
7393gregory
739373
7393569478
739313
739286
739258
7392069
739200
7391982
73918264
73918246M
739162
73915j
7391546
739145
73914
739123
739113
739078648
7390288
7390015423
739-2494
738clintadam
738990000
738979
73892007
73889590
7388796
738873
73882007
7388108
7387937
738782
738758
7387312
7386969
7386830
738637
738613
738604
738576
7385434
738531
73851142
7384901
738484
7383himi
738383
738377
7383696
7383534
738321
73830002
738292
73827
7382441
7382004
738167
73811211
738097
73806259
738004
737arbil
737986
737902
737866
73781122
737781
7377763364627835
737773
737749
7377
737684
7376547
73763219
7376022
7375937
737581
737556
737542
737501
737475j
737458
7374520
737444
7374292
737415
737406
7373ogl
7373jo
7373900
737383266
7373700
737354
7373346
73732502
73730
7372985p
737286
7372730
73726169
737235
737220
7372021
7371974
7371803
737169
73715456
7371228
7370943
73707370
7370543
737039
7369929
7369801
7369735
736952
73692110
736871
7368630
7368536
7367mindy
7367848
73677
7367523
7367261
736722
73668434
7366736s
736653
7366300
736600
7365894
73656D2G
736512tc
7364shen
7364681
73645
7364289
736412
736369
736353
73634
73633
736312
7362nenaandre
736262
736201
73617361d
736161
7361490
7361233
736107
73606994
7360564
7360440
736000
735tink
735mj8t4
73597359
735964
7359387
735918
735910
735894
735879
735860
7358385
735824
735805
735777
73576431
735758
73571386
735693
73566562
73563777005781234
7355939
735570
7355192
73545c
735450
735435
735377
7353636
735361
7353513
735336
735320
7352liong
7352943
73528124
735237
735211
735199
735190
7351818
735176
735159
7351309
7351283
735100
7350806
7350557
735035
7350225
7350135
735000
734m0
73498439
734976
734889
7348330
734771
7347569
734729
734715
7347135
734679k
73466
73464
7346203
734606e
7345afm
734596
7345899
7345566
734512
7344sxy
734487218
734434866
734421
734401
7343773
734341508
734325
734323
7343015
734226
7341911
734149
73411
7340steve
7340538
7340123
733949333
733911172
7338355
733790
7337741
733765
7337590
7337463
7337434
733700
7336910
7336389
733633
733628
7336252
7335995b
73357335
7335279
733515561
73347493
7334500
7334306
7334284
7334137
7333rok
73339470918
733390361
733380
73337222
733336
733314876
733303
7332tun
7332759m
7332715
7332526
733228
733224
7332
73317331
733140
7331241
733105
7330944
7330742
7330606
733053
7330480
7330205
732991
73297329
7329542
73293871
7329325
732909
7328Fm3180
7328776
732850
7328326
732806
732801
7328
732765
732763
7327505
7326tay567
7326sean
7326938
732676
73267
7326645
732662
732649789
732638
732627
7326066
7325halo2
732580
732575
7325739
73256
7325520
732536
732530
732528
732523
7325154
732500
732486
7324428802
7324322
7323937
73237323
7323663
73235y
7323498
7323273
732321
732317dark
732307
732300
7322987
7322839
7322546
7322418
732222
73220qz
7321925
7321891
73217428
7321587
7321533
73214870
7321322
732123
7321186
732112
7321
7320690
7320337
73202
732005
731timetoeat
731brit
73199315
731982a
7319787
731972
731969
731965
731963
731957
731950
731946852
731940
731931990
7319207
731911
731905j
73189ga
7318852882
731856
731851
73183
7318125
73180714207
731803
73180
7317980
7317759f
731734116
73172717
73171713
7317
7316714
7316391
7316301
731624
7315813
73156
731502
73149
731477
731455
731425
731412
731409
7313963
7313817
7313755+8118114
7313369
731313
7313040
7312992
731285
7312729
731261
7312421
7312358
731220
731206
731201
7311991
7311974
73119
73117311CC
731173
7311346
731128
731122
73112
731118
73111
731108
731101
73109
73108652
73107
73106
73103
7310194
731007
731000
730fer
730993
73093626
730928
73092
730918
73091105370
730910
73089646
73086bu
730851
730831
7308266
730823
730820
730817
730812
730807
73077307
7307188
730709
730630
730622
730612sp
7305kekoa
730581982
7305797
730568
7305615
730522
730517
730508
7304lyfe
730463
730455
730428
730422
730420
730417
730414
730398
73037
7303557
73035161
730330
730328
730323
730313
7303037
730302
7302mj
730298662
7302893
7302642j
730234
730223
730216
730211
730205
7302002
730199
7301980
730191
7301576
730123
730119686
730117125179
730110
7301077
73009
730054
73004
730037
730033004
730029
73000261
72yahoo
72vwbug
72stang
72sm9902
72rocks
72q6k4
72p1g892no
72nights
72jj87
72jamf72
72hoblands
72fins
72ece10
72devils
72cuda
72capri
72aug24
729e5603
729962
7299318
729907
729866
7298436
729826
729819
729800
7297935
7297727
7297678l
7297312
7297198282
72967296A
729628
729615
7296045862
729600
72957
7295677e
729524
729507PP
729498
729473
729467jave
7294425
729435
72942
72938l
729366
7293536
72932934
7292hs
72927292
729222
729214
7292032
7292003
7292000
7291997
7291974
729194
7291836
7291830
729164
7291450
7291304
729115
7291102
729100
729099
7290565
729036
729024
728kml57t
728999
728990
72897
7289613
72892maria
7289002
72889
72888
7288721284
7288669
728833
728820
7288125
7287928
72878
7287582
7287411
72873763
728717824
7287130
728692
728686
7286773
728655
7286445
728613
7286
7285996
728583
72858
728576
7285677
728546323
728522
7285178
72851212966
7285
728499
7284703
728456
728440
7283this
72836r
728342
728327
728310
72829202
728273
728272
7282638
72823861
728224
728213
7282005
7282003
72820
7281997
7281989
7281975
7281882
72817121
728143
7281030
72810
7280870
72805
72804025
7280182jpr
727xmm
727king
727edc
7279snl
7279969
727981
7279617
7279559
7279314
7279105
727900
7278919
727888
727882
7278706
727843
727838
727833
727826
727817
7277jnm
727799
72779
72777
7277562
7277435a
7277366
727730
727722
7277101
727704
727700
7276scr3am
7276love
72766777
727666666
727648
7275996
727589
7275809
7275738
7275490
727526
7275225
727519
7275120
72749294
727481
727472
72746842
727456
727443
7273976
7273866
727376
727335
7273266
727316
7272sr
727288
727286c
72728358
72727a
727278
727272s
727270
7272656
727258
727249
72724242
7272353
727223
727210
727203
72720
7271985
7271977
7271914
7271839
727172
7271511
72712381
7271160
7271000
72708783
727060
727002
726mine
726956
726942
726933
726924
726903
726895
72688j13
7268746
72687
72684944
726826
7268122
7267960
726785
726777
7267743
72677
72676
7266tg
72666ramon
726633
726613
7266
7265845780
7265654
7265482
726529
726503
7264anne
7264928
726476
7264688
726456
726448
726409
7263kel
7263918
7263874r
726383
7263726
726366
72636574
726343
726328
7263233
72632
72631491
726301
726291
7262748
72626646
726256
726250
7262451
726229
7262242
726222
726203740
7262000
7261987
7261985
726198
7261938
726153
72608
72607
726051
7260466
72603
72602
726000mlil
7260
725jolie
7259980
72598
72595k
72594
725900
72588ass
72586
72585
725841
725805
7257bdp
7257959
7257797
725765327289163
7257548
7257318
7257277
725719
7256mahal
72569
725682
7256677
725626
725624
7256123
72559tmb
725595
725583
72555
725529
72547254
72547
7254439
7254355
725428
725401
7253977
725391
725361
7253359
7253190
725304
725297
725284
725278
725267
7252532
7252487
725239
7252004
7252001
7251993
7251984143
7251979
7251921
7251401
725136
725120
725069
7250634
725053
72503jss
725033
7250197
725010
725007
724william
724bunky
724995
72497878
7249690
724959
7249409
724939
7249324
724926
724920
7249092yb
7248969
72488oc
72485
724832120
72482531
72481
724791012
724755
7247358
724688
7246760661
724648
7246000
724569
724556
7245474608
7245173
7245117
7244951
724469
7244552
72442200
7244055
7243hunt
7243757
724329
7243
7242896
724286
72427242
724268
724264
7242499k
7242470
724241
7242165123
724215
724205
7242005
7241997
7241995
7241972
7241911
7241752-2304191
7241623
724143
724132j
72412512
724117
724108
7240jordy
7240749
724056
72404
724021
724005
723rvnmb59
723east
72398
723961
7239497
723944
7239379
7239236
723917
723909
72389jazz
723892
723888
723872
723854
72385
7238426
723836
7238027
72378
7237684
723759
723745
723743
7237339
7237262
723722
723704
7236rp
7236916
7236767
72367236
723667
723647
7236311
72361349CA
723603
723600
7235777
72356224
723555
723544m
7235137
7235067
723501
723493
723474
723471
7234556
723446
723429733
723419412144
723412
7234
723383
723367
7233447
72333476
723325
723300
7232kt
723287
723270
7232536
7232343
7232210
7232181
723211
7232000
7231np
7231985
723193
72317
723164
72315mh
723118
7231131
7231127
723100
723095
723094
723070
72305
7230208
723006
723003
72300
722sac14
722bqfck99
722BOB
722983
72293722
722921
722888
722877
72286
722837
722823
722808
7227mnm
722783513
72278
7227694
7227396
722734
72272526
7227227
7227189
722690
7226868
722676
722667
7226495
7226286
7226057
722572
7225570
722540917
722529
7225225
722518
722512
722503
722500
722499
7224849
7224771738
722466
722458
72243553
722424
7224067
7224
7223854
722355
722350
722348
722338
7223223
7223218
722316
722310
7222797058
72226412
722248
7222438
72223
722225
7222003
7221994j
7221982
7221970
72219413
722187
7221840
7221705
722158
722151
722137
722131
722127
7221125
72210457
722100
7220978a
72207416
72206311514
72205
7220202
7220114
722
7219keller
721997
721993r
7219781
721973
721964
721958
721952
72194
72192577216992
721920
7219050
7219018
7218907
7218803
72187218
721867
721853
72184
721827
72181018
7218037
72180
7217love
721777
721769
7217544
7217535
721735
721711
721704960
721697
721689
721681000
7216664
7216548
7216416
72162956
721619
721602
7216000
721585
7215724
721569455
721549
7215343
7215305
721525
721516
721509
7215
721498
7214832z
7214760
721456
721437
721425
721423
721414
72141
72140
7213994
721381
7213755
721367
72136
721355
721344
7213285
7213172
721310
721302
72129217
721265
7212480
721230
7212215
721221
721215
7212112
721206
7212006
721200
7211997
7211989
721197myid
7211970
7211884
72118
7211696
7211545
721146
721140
721124
721121088
721115
721110
721107
721104
7211008
7211
721099
721088
7210687
72105
72104566
721031
721021
721015135566
721010
721009
720lane
7209cL
72098m
72097209
72094
720926
7209211
7209030
72087987
720831
72082
720812
720797
720789
72077207
7207454
72073
720713
720712
720707
7207006
72069
7206627
720628
720626
720624
720618
720605
720600
720596
7205785
7205572
720531
720525
720506
7204816
7204611713
720451
7204277
720419
720405
720397
720345
720330
720319
720311
720303
720299
72027202
720257
720247
7202230
7202160
720209
720203
7201996
7201986
7201969
7201962
720143
720128
720119
720111
72010991
7200999
72009
7200872008
72008
72006
720052
720024
72001
72000
71sirhc
71savage
71nova123
71lynnrd
71hearts71
71fordmu
71football
71dragon
71charger
71c2f6n
71bigarm
71R61o2l
71@habbo
719967
71995t
719945
71993032
719899
719880612898
719877
7198333
719807
7197965
719779
7197754
7197620
71972757038802
719719719
719715
7197108
7196903
7196699
71963210
71962
719604
7195802752
7195655
7195252
719507
719503
719472br
719456
7194286t
7193852
719383
719364825
719357
719352
7193408
7193126967
7193054
7193
71923b
71922467
71922
7192016
7191billy
7191995
7191988
7191984
719188
7191654
719125
719120
7191118
719086
71907190
719064
7190539
7190522
719041996
71903211
7190211
7190104
718sha
718pig581
718king
718frank
718baby
7189jacnob
718995
7189832
71896
71893
71891a
718916
718901
7188995055
718895
71887feb13
718853456
718842
7188292852
7188139336
718812
7187860738
71877a
718767
718757
718733
718729
718718718
7187000
7186913
71869
718651
718630773312
7186157
718593
71858678
718573pmm
718543
718506
718465
718453
7184504661
718410
7184
7183923
718356
7183269319
71832061
718310
718293718293
718293465
7182930asa
718292
71829
7182654
71826
7182456
718227
718217
7182003
71820
7181marie
7181994
718199
7181988
7181980
7181975
7181969
7181870
718171
71812369
71811202
7181003
718090
718063
71804
718015
718005
718-8830
717@k2
717999
717977
717949
7179334
7178tm
717899
7178907
717877
7178589
71783600
71782521
717819
71780672
71777you
71775
71773615
7177242001
7177171
717712
717701a
7176731
717600
717583
717579
7175778
7175674
7175593
7175178
71747577
717466
717457
717446
717422
717403
717391
717342
71732534
71731627173162
717303
717284
717273747
7172720
717259
717234
7172004
7172
7171989
717194
7171654
717160
717153
7171408
71713
717121
717117
7171112
717105
717100
7170922
717077
71707170
71706baby
717041
7170270
717021la
7170108
717008
717007
717000
716birdie
716990
7169758
716971
71696869
7169462
7169397
716934792
71692517
716911
716910
716896
716891
716878
716864
7168530
716849
71684
716829
716824
7167cp
7167971
716750
71669
716674
7166607
716651
716629
716624
7166140
7166071
7166
7165717
716564v
7165451r
716523
7164991
7164820
716456
7164458
716440
716422
716417
7164041
7164
71636313
7163203
7162fla
71628
716251
71624e
716242
7162230
7162103
71620
7161994
7161992
7161984
7161976
7161844
7161714
716145
716131
716129
7161121
7161101
716109
71609
716065
716048
716030
716010
715sean
715lan
7159lc
715987
7159575
7159469
715930
715911
7159085
7158bl
71587158
71587
71586
71583
715814
7158112
71580415
715789
71577
71576
715742
7156676
715645
715599
7155717
71556603
715563
715546
715539
715524
7155198
715477
715461zsh
7154544
715448
715431
7154165
715415
7153mlc
71538310
71536891
715332
7153042
7153
7152814
715271
715263m
715231
715214
71521
715202
7152006
7151997
7151992
7151988
715198222l
7151981ma
7151961
715182
7151744
71517151
71515
715143
7151348
715126
71512
715112
715100
71509350820460
71507150
715064
7150488
715036
715022
714sccymcs1d
714oc13
714love
714east
714cali
714anaheim
71497149
71495
71493213
7149174
714912
71489al
7148901
7148840_g
71487272
71485157
714829
714823
714818
7148066
71479aew
7147884
7147812
7147716
714727
714722
714714714
7147049
71470
7146900
7146366
714611
7146043298
714600
7145km
714586255
7145721
714566
714558
714542
7145357
7145145
7145046
71447144
714453
7144335
7144233
7144131
7144014
7143844
714377
71437143
7143553
7143509772
7143457
7143391
714313
714278
71427142
7142510mhjm
7142441
7142314
71421m
714211
7142006l
7142003
7141997
7141976
7141967
7141959
71418833
714183a
7141663
71416
714147
7141348
714132
714127
7141240
714119
7141093
71410021
714074
714060
71405
714020
7140123
714007
713stunna
713rapsberry295
713nawf
713king
713houstone
713boy
713alberto
7139910699
7139887
7139842650
713982
71396192
7139430807
713929
713923
7139107568
71390n
7139000
7138mb
7138890
713869
713842libby
713825
713820
713811
713800
713781
71377009c
713742eloy
713741
713719
7137066
713700
7136978152
7136880
713676
71367136
7136619
7136502o
713645
713641
713630
713621
713584
7135359
713523
713501
713499
713487
713476
713446
7134362
713426
713414
713402
71338753
71338232
713372
7133662762
71335laa
713333
7133057864990402
7133
7132984
7132945151
713281832h
713277
713273
713271
713262
7132581
713237
713228
713214
713211
71320M
713202
7132003
713199
7131978
71318713
713172
71317
7131482
7131369
71313138
71313
713111901759
713104
7130613
713050
7130335
713030
71301987
7130035
712ecpf
712cheer
71299ron2
712987
7129656
7129597
71295010
71293k
71291441
71289brit
712886
7128838
7128757
7128725
7128665
712852
712847
712819
712816
712803
71279medo
71277
712751
712746
712719
712713
7127127
712703
71270005
712700
712698
7126922
712689
71267117
712667
712655
7126269
712617
71260903
712604
7126
71258542
7125797
7125706
712561
7125590
7125480
712543
71254
712539
712530
712520
712517
712508
712503
712487
712484
712468
7124456
712413bn
7123968
7123888
712368
7123551
712333
71233
712319
712307
712286
712270
712263
71225489
7122530
7122525
7122517
712237
712233
712230
712222
712211
7122008
7121989l
7121975
7121962
712191
712187
71218
712175
712162
7121559
7121507
712141
71214
712129
7121259
71212
712116
712113
712109
7121011bsw
712089
712077
71207
71205318
712051
7120442
712041
712032
712021
712012
7120088
7120
711rocks
711nv02
711main
711hot
711chico
71199jiunnet99
71198zs
711981
71197
711964
71194wecandoit
711931
71193012
711925
711920
711919
711917
711912
711900
711892
71188262
711877
71187118
7118520
71184
711828
711823
711812
7118042
711789
7117822
711777
711758
71174_snchz
71174
7117321
711714
711711711
71171
7116alpha
711685
7116701
711648414
711642
711630
71162125
711611
711608
7116
711599
7115910568
711589
711581
711573dm
7115669
711564
711556
7115447032
71153
711510
711473
7114646
7114373
711425
711411
71140
7113923
71139
711389
711384
71136814
711365
711360
711350
7113426
711330810035850
711314
711302
7112993
711291
7112859101
7112724
711254
7112525
71125
711233
711230
711228
711227
7112244
711215
711210
7111998
711198
7111975
7111973
7111768
71117111
7111645
7111558
711142
711135
711128
711121
711116
711114
71111111
7111032
711083
71108
711069
71105ge
7110569
711039
71103
711023
711019
7110152
71100685
7110044
71100
710lynette
710andrechito
71097
71095885
71095
710932
7109295
7109246
710923
710921
710916
710901
71089925
7108971089
710896
710888
710887
7108854
710880
710868
710856
71085
710830
710826
710824
71081ruby
710816
7108118
71081
710805
710787c
7107848
710778
7107710692S
7107222
710720
710715
710707
7106treston
710684
7106808
7106609
71063695
710630
710623
7106139109
7106108
710607
710598c
7105697
710528
710510
710502
7104863392
7104714
710466
71043626
71042430
710422lf
710411
710401
7103abcd
7103588
710351
7103345
71033139
710322
7103189492
710310
7102jak
710295
710285
71027
7102538
7102525
71024781
710229
710226
710215
710206
7102007
7102005
7102002
710198
7101970
710196
710190
710175
7101606
7101582
7101524
7101422
7101382
710127
7101213
710121
710118
7101102
7100881491
71007
710061
710042
7100266
7100224
71001
7100
70tree
70star
70sshow
70schevy
70rose
70nkegheikgy
70kings
70hemi
70gemini
70freakish34
70fine
70duster
70dartpickle
70cutlass
70charger
70c0d
70birthday
70_nocjiemahj
709rulz
7099linda
709993
7099685
709931
7099270236
7099122
70982db14
709820
70978218
709718
709707
7096jd
709631
709598
7095633
70956127
709530
709512
7094SHAMMY
70948041
709469
7094517
709400
7093851
709364
70931003
709301
709295
709257
7092374
7091995
709193
7091766
70916525826
709124
709100
7090993
7090548
7090369
7090153
7090040
708ridgewood
7089932
70894392
7089214
708885
70880
708633
7086203
7085462
70849
7084514
7083839
708290
7082558
708250
708223
70820929
7081955
7081695
708161
708130
708128
7081034
708090405060
7080657
7080433100
70804
7080176
7080094
7080018
707ride
707cali
707boss
7079707
707909
707900
7078881
70787078
7078496
7078132
7077917
707783
7077709
707708
707700
7076950
70766th
707648
707619
7076057
707570
7075433
707517
70750
707488
707449
7074271
7073797
7073283
7073064
707299
707296
7072707
7072525
7072305
7072006
7071992
707193
707179
707173
70717072
7071626
707111
707090
707086
70707070707070
70704w
70704
707020
70700
706reper
706999
7069752278
706968
706905
70686tvvqp
7068272
706802
7067985
70676155
706700
7066951506
70666
706635
706616
706601
7065481043
706525
7065023
70646235
7064399
706411
706381
706366h
706302
7062h15s
706260a
7062161
706203
70619638
706188
7061497
706123
70608
706062
7060330
70601018
705brains
705952
70594
70584003
70581891
705798
7057537
70573799
705707
7056lisbon
705678
70564658
70560
7055805
705514
7055115
7054954
705452
705354
7053391
705305305
7053%alma
7052750
7052688
705252
7051990
7051984
705186933
705170
7051589
705141
705129
70512
7051096
705095
70508864
705080
7050496
70504
705022
705012
705000
704seven
704abc
7049788
7049767
70494
7049116
7048ali
704891
704888
704886
7048625
704848
7048196704
7047705
704752
704713
7046989
704657
704628
704612
704600
704567
70455
70450
70447044
70446887
704452
7044264
7043love
7043145i
7042912
704286
704233
704219
704209
7041997
7041983
7041729
704170
7041664f
70415595
704153
704143
7041323
704118
7041126
704092
704080
70407040
7040212
704017
704-2301
703pavilion
7039704
70392229
703899
70386
703848
7038328
703808
70380
70377834
703724
7037
703671
703631992
7035588620vkd
703535
7035010319
703480
7034708
703456
70343
7034143
7034044
703398
7033484
7033216
703310
7033
70327032
7032095
703201
7031995
7031983
7031870
703170
7031488
703139a
703113
70307
703042
703030
703019
7030167
702loser
702killa
702girl
7029a0
702929
702922
702911
702887aw
70288207
702856
702833
70281
7028062
70280006
702770
702756
702720
7027103
702707
70269311
702671
702666
7026451
70263536
702620
7026113
702603
70257025
702555
7025345
702521
7024887
7024840
702481
702458
702451
702435
70240596
70239191
7023525
70234567
70233875
702314mb
7023111
7022631
70225243
7022449
702222
7022005
7021989
702189
70215
7021449
702124EMO
70211c5
702100
702087
702030635
702021
702011
702010397
70201
702001
701avon
7019959
7019851
701976
70195202
701932
701929
70191516
701899
701892
7018687c
70182015
701813
701801
701799
70177830
701766
701750
7017418
701736
701719
7017150
701650
701640323
7016267
70162
701600
7015976007
701581
70157015
701558
701535
7014jw
70147203
70144000
701432
7013hi
7013607
701342
70132
701303
7012990
701270
7012525
7012345
701221
70121235
701202
7011993
701199
7011988
701188
7011824
701155
701145
7011354
70113
701126
701125
701123
701122
701114
701109
701089
70107
7010577
70105011l
701046
7010311
701029
701026
7010230
70101175
7010087
701004
701000
700x700***
700north
700mob
700etaft23
700baby
700BLK
70099
7009801
7009505
700910
7008961
700888
7008813
7008554
700838
700822
700817
700811
700795
700786
70076006
700742
7007384
700727
7007201
700713
700710
7006800
700629
700624
70061448
7005626
70053333
7005292
700525
700520
700517
700515
700513
70049664
700456
700436
700433
70043061
7004219
700406
7004
700382
700335
700318
700308
7002nf
7002956
7002402
700236
700229
700225
7002211
700220
700212
700202
7002
700195806
700145
70013028
700122
7001183
700110
70009998
7000913
700058
7000455
700028
7000123
7000083
700008
7000007
7/8*9-+
7/7/1992
7/6/95fj
7/6/1990
7/4/2004
7/26/97i
7/18/95
7/17/1996m.i.
7/11/90
7/10/95
7/1/57
7.7.1306bob
7.62mm
7.07.2010
7-teene
7-horcrux
7-21-94
7-001293
6zzkk9
6zt8q4
6zhnbvcft6
6zeq32wj
6ywtx2b7
6ylyhgf
6yk7kq2
6yhnNHY^
6yh8iku
6years
6y7u8i
6y6y6y
6xymz**
6xn6fpje
6x6y6xa
6wny3
6wings
6wilkie
6wheels
6werdna6
6wayne
6wannell6
6volleyball
6virgo8
6vet43no
6utobw3w
6under
6ufosrkool
6u5er0wz
6tyson
6tulipa
6trecool
6tooeays
6tnine
6timmy
6times
6tigers4
6thsence
6thomas
6thnov1990
6things
6thdivision
6thayec
6thaugust
6tgbnju7
6tatiana
6tastie
6t7nll2p
6t5r4e3w2q1
6sweeteyes
6streetse
6star6
6spuds
6softball
6snapdragon
6smiles
6skbyf3g
6sixsix
6sixovus
6six66
6sigma
6sicksix
6sibia
6shotske
6shoe5
6seven
6selim
6sec0nds
6scorpio
6saturdays
6sakura9
6rugrats
6rrmnted5010
6roeders
6rlajl
6ri6ri
6revent
6rebelde
6rasberry
6rQMVtTR6rS
6r1n3is3o
6qz5izny8ae1
6queens
6qgix1j2
6princess6
6precious
6poppin5droppin
6poodles
6pointz
6pl6ck6
6piper6
6pimehid
6piglet6
6pi18222
6peoria
6peaches
6paxvobsicum
6pagasa
6pac12
6p639s36x
6p3moyz
6p1n4c9
6outubro
6oooooo
6oct89
6o9955
6nuggets
6novre
6north
6nolesaxo
6nicoli6
6nickel6
6nfamily
6nation
6naruto
6n4rk177
6mutiara
6mustang6
6muertos
6motley
6moriel6
6monthmerlin
6monkey9
6mmatou
6miss6
6mille5
6mileboy
6miguel
6mibebechris
6mememe
6mejoresamigas
6marques
6mariah9
6manutd6
6maliah
6maart87
6m57l348tv
6luglio
6lp06tibl
6lovely
6love18
6lodyn
6lk677
6ling9
6ladybug
6kusolove_
6kkkkkk
6kkahea
6kittys
6kitten
6kinderen
6kidsnojob
6kiddos
6kenzie
6keekee
6kaylee
6kathleen
6kano9
6k4ward
6k29j57c
6jur6ar
6june1990
6julius
6jrk02
6jordan3
6jjjjjj
6jenna
6jeeda
6jbbe86y
6jaime30
6jacob
6jAssxR
6j4awpas
6iulie
6itrust
6irock6
6iloveme
6ilovebengi
6ihateness
6i5397mw
6hunter
6horses6
6homies
6holidays
6hockey
6heartless
6hatesandy
6h7te24er4hd
6gunquota
6green
6grandbaby
6gothic
6gmason
6giggles
6gemini
6gangsta
6g4ctkpf4
6fuckyou9
6frogs
6fourteen
6footer
6flower
6fingers
6ff5566
6feb2005
6farnabydrive
6faithers
6eyj2s
6ethan
6enero1994
6emkrs
6eleven
6elaine
6eight
6e7pu8-
6e4ver
6ds443zp
6dralph
6dra6cula6
6dow0004
6dino6
6dimension
6devotion
6des95
6delikat
6deepside
6dec95
6david
6daniela9
6daisy6
6d58wcah
6d3c28
6d205h13
6croftspar
6cracking
6cnpg
6claiborne
6chocolate
6chelsea
6carra
6carebear
6capano
6cameron
6ca4p0n
6c78fd
6c6athy
6c0cctxb1bb
6by7hv
6butterfly
6bunny
6budweiser
6bubbles9
6brandon
6bluestars
6blues
6biscuit
6billion
6bhivh69
6bf1c3pw
6bd5rj
6bba785cxz
6baseball
6babygirl
6b5yuxgp
6ay7t2kc
6astie
6april993
6anthony6
6animals
6analeah
6amigos
6am6am
6allen6
6alghazali
6alcantarilha6
6aishah
6adidas6
6acidburn
6a5itcm2
6a3b93719d
6a3a4a3a
6_6lovejane
6YEARS
6TMONEY
6Radha6.
6RINGS
6NIKO6
6Kaden11!
6FUTURO*
6Decembeer
6DROPPIN
6D78TF4
6CHILDREN
6Buttercup
6Bandit3
6AfaBRA
6@ug78
69zzzz
69yourmom
69yeah
69whore
69victoria
69vaivao
69uziel
69union
69u812
69turtles
69torico
69tink
69tigers
69taylor
69survivors
69summit
69storm
69steph
69sscamaro
69sono
69sluts
69shopper
69shawn
69sharp143
69sexybitch
69sexsex
69seerkind
69screw
69santana
69ru69
69rose
69rockyou69
69robert
69rich
69redskins
69rapvideo69
69rachel
69pussys
69puntog
69posturas
69poppin304
69plymouth
69player69
69pepa69
69pantera
69oranges
69oneluv
69nick69
69ndusonch
69nate
69muffins
69more
69monty
69money69
69mocha
69michelle
69miamor
69mero
69meme
69meee
69me13
69matt69
69mara
69mach
69lunchbox
69loveme
69lorenza.vr
69locke
69lickit
69lesbians
69l68c
69km86
69killa
69kalaofae
69jorge69
69johnny
69joe69
69jennifer
69jason
69jackass
69itch
69islife
69inbed
69ilove
69hottie69
69hellfire69
69gt500
69girlz
69ghetto
69fuckme
69foreveryone
69flower
69fi69
69feagin
69ersfc
69ergurl
69erbitch!
69er4lyfe
69ee69
69dustin69
69dorchester
69dirtywhi
69devil69
69destinee
69david69
69danger
69damac
69cutie69
69cowboy
69cobra69
69chrissy
69chick
69cents
69canon69
69camino
69camaro69
69bznch
69butterfly
69buickgs
69brittney
69brezzy
69br54969
69booboo
69blue
69blingthing
69bilbo69
69bigboy
69bello
69barbie
69badboyz
69babygirl
69ashley
69angel69
69amanda
69alltheway
69aaron
69TOMMY
69Remusracing
69NickEvans_07!
69MONEY
69LOVER
69LAVONNE69
69JAMS
69HUSBAND
69FOREVER
69DAMiko69
69Changes
69Camar*
69BITCHES
69@home
699TS1SG
699991
69996999
699962
699940
699874
6998620151
6998552
6998488
6998245
6998083
6997726807
699730
6997214644
6997172316
6997159
6997089675
699700
699696
699689
699669p
699642
69963919
6996267
699618
6996159741
6996123408
6995954
6995647005
699538242
699512294
699500
6994den
699499
6994858550
6994514
6994409696
6994280
6994258242
6994215
699411
6994014
6993974585
6993925
69937635
6993614499
699353
6993356
699301
69930
699297
699276
69926992
6992386
6992255433
6992105538
6991995
69919021
699169
699137
699103
6990lr
699099
6990533
6990320a
698wendy
6989love
698989
698949
698942
6989267
6989170
698900
6988beltra
698891
6988755669
698856
69880896
6987654
6987574
698752
698741236
6986dance
698669
6986561773
698622
698604
69859241
698569
6985594
6985378
6985298
6985034
69850
698451
6984277467
698418
6984005
698392
698385422
69836983
6983014798
6982905545
6982644931
698252
698241904
698234
698219
6981825930
698181
698177
69816981
6981508626
6981474351
6981313256
6981289
6980949
698055
6980153
6979mxpx
6979952620
6979859
697972
6979681224
6979650725
6979635
697960
6979515742
6979411832
6979218
6979164267
6979127108
697903
697894
6978892699
6978851189
6978845
6978444152
6978286201
6978197
6978179973
6978014821
697781
697751
697741
697727
6977223
697706902
6977044084
69770
6976ammy
6976857497
6976825195
6976729172
6976703496
6976511730
6976367
69763
6976137541
6976
6975ja
697597023
6975843625
6975786
6975747934
69757
6975649559
6975535906
6975522686
6975218
697515
6974as
697490
697482
6974693165
6974626
697457
697435
697422
697414056
6974040737
697400
6973978
69739095
6973860005
697359
6973559135
6973467755
697341
6973268559
6973183176
6973088
6972965001
6972593
6972404
69723
69722949541234
6972169899
6972153843
69720085
6971tony
697198
697195
697190
697183836
697177
6971696258
6971618
697154
697143
697131188
697117
6970885891
697071
69706531272241
697051
6970444749
6970322021
6970300611
6970266
6970241478
697023
6970132865
6970107028
6970048817
697-3815
696luvu
6969u812
6969t
6969punk
6969mike
6969m
6969kw
6969k6
6969jr
6969fuck
6969el
6969cje
6969blah
6969as
6969ab
6969ME
696990
6969887
69698633
696980ar
696977ab
696974
696970
69696m
696969v
696969o
696969gghacb
696969B
69696969sin
69696969r
69696969A
6969694
696969111
6969666
696962
69695658
696954
69694u
696939
6969333
696923
696919
69691699
69691331
6969123
696902
696901
6969*
696888
696854
696820p
69679866
69676967
696762
6967599
696703
696672
696666
696656mo
6966105
6965847669
6965483
696520
69650831516077
6964ozzy
696466
696449
696413
6963963
6963553529
6963447145
696321
696311
6962983
6962697
696267
696261
696225
6962139
6961813
696157
6961378
6960638jay
696063
6960492
696000
69597647
69596959
6959564
69593
69589mmms
695871
69584647
6958267
695802010021
695789
695750
69572052
695700
695681
69564
695620
6955969369
6955914
6955748564
695555
695526
695512
6955032
695487
6954688
695432
695412
695371
6953646
6953122
695288
6952585
695239
69523
695203
695197
695184
695166
6951478
6951441sg
695144
6951393
6951210
69510mario
6951080
695082
695034
6950161
6950
694unow
6949869736
6949786
6949544898
6949476337
6949235681
6949137081
6949126565
694900
694893017dj
6948850507
6948751524
6948711
6948670201
694860
6948522858
6948327586
6948247085
6948162714
6948035
6947962020
6947760
694769
6947679386
6947598721
6947516666
6947436723
6947432381
69474
694722****
69471990
6947140949
6946981749
6946880985
6946823957
69466946
6946666098
6946661674
6946655173
6946622474
6946588
6946564171
6946494432
6946471419
6946425785
6946293784
6946268155
6946078429
6945999
6945928778
6945898311
6945812534
6945805398
6945754715
6945711705
6945691642
6945648476
694556
6945503569
6945420598
6945359
6945321712
6945252694
694521730
6945120511
6945039104
6945035059
6945026161
6944993549
6944862
6944778942
6944707741
6944619235
6944573218
694444
6944308
6944180111
6944004014
6943675e
6943614754
69431857
6943074790
6943003
6942966l
6942929000
6942865
6942778203
6942698782
6942645106
6942505413
6942288246
69422
6942071819
6942042983
6942019950
6942010011
6941918
6941653032
6941588
694152
6941493
694119
6941007
6940ll
6940945100
6940876005
6940773
6940672
694058
694040
6940050267
694000
6939cw!
6939757237
6939593
693947
6939389387
6939344182
693929
6939187919
6939038824
6938989360
6938843
693880
6938767691
6938699920
6938648580
6938178539
693808
6937969797
693789
6937755084
693769
6937611588
6937518
6937476
6937456654azzzapi
693728
693711
6936779166
6936716
6936690678
6936349921
6936271987
6936072867
693582
69354
693501a
6935
693476
69346934
6934605307
693449
6934437244
6934338282
6934228
693415
6934000
69335828
6933448
6933193
69331
6933050
693283
6932815571
6932662006
6932655
693256
6932408466
69322
6932114
6932071188
6932
6931973692
69319168
6931887151
6931852750
6931842988
693169
6931672190
693160
69315
693132
6931296
693118
6931133954
693111501
6930cmb
693069
693061
693022
6930130
692sweet
692985
6929115
6929
692885
6928764
692840
692738
692718
692710
692692
6926710
69266600
692646
6926373
69261987
692605
692604
692569
692538
692535
6925256
692524
69252
692517
692507
692500
69245la
6924300625029
69242186
692405
6923val
6923518
6923201
69226922
6922476
69222518
6921833
6921787
6921519
692146
6920858
6920666
692031j
692020
692008
692006
691pokos
691nema
69199c
691987kk
691978
691973
691966
691954
691909
691900846
691882
69187420
6918535
69181
6917760
6917669
691725
6916952
691686
6916295
691600
691588456
691547
691542
691521
6914920
691477247521
6914672
691456
6914514
6914459
6914362
691410
691397
69136913
6913404b
69131d
691307087
6912923
6912871
691257
691246
6912345
691229
691217
691208
691202
6911nerd
6911933
691189
691186
6911450
691135
691116
6911074
691105366
691102
6911
6910953
691069
6910614
6910529
691036
691028
691024
691013
69101
691009
691003
691001421
69096909
690927
690921
6909191
690914
6909
6908706
6908477
690834
690824
690815
690803
6908
690788
6907404
690726
690724
6907174
690714
690703
6907
690680193
6906393
690618
690609
6906
690569
690520
690511
6905058
6904kx3328
6904797
69045d
690438
690425
69041769
690415
690407
6903658
690330
690322
690317
69031173_zz
6903*462
6902lll
6902900
6902620
6902488
690227
690218
690202
69020
690172
6901678
690145
69013078
69011096
69010992
690109
690102
6900984
6900838
6900683291062
690037305
690024
6900069
69/123
69**..
68vx6kpf
68uome1
68to06
68southend
68shelby
68rockst.
68ricia68
68nogo
68love
68lemans
68iou916
68harley
68guns
68fairlane
68desing
68cougar
68comeback
68angel
68aksaray
68MUSTANG
68BEAR68
689986
6899565
6898828
68986843
689856
689845
689808
68976897
689763
6897481e
689736
68971l
6896freak
689638
68960223
6895962
689562
689535622451
6895138
6895051
689500
6894837
68942948
689388
6893740
68934159
6893310
6893089
689295
68926892
6892593
68925
6892333
6891adc
689188
68918002
6891608
6891514
689132
68911982
689111
68910
6890ed
689054
6890515
689021
68900842
68900
68898086
6889601
6889249
6888886
6888437
6888325
68881112
688798
688777
68872brgg
688724
6886939
688668
68866
68864
688610
6886090
6886024
68856885
6885525d
68852
6885127
688495
688488
688453
688423
6884146
68840370
68839163012
6883510
6883092
6882lene
6882951
6882749
688219
68817900
68815908
6881536
6881369
6881210
6881045
688076
6880298a
6880125
687eee
687998
6879873
6879760
687925
6879001
6878935
68789
6878793
68784122493
6878129
6877975
687751000
68771977
68771140
6877015
6876989s
6876901
687671048
6876615
687622
68761263
6875bd
6875671
68754611
6875201
687500
687490
68747568
6874591
687450
6874321
687400
68737211
687302
687289
687280
687255
687249393
687240
687226
68721279
687200
6871807m
687159
6871323
687120
68709205
687075240895
6870564
687036
687023
6870184
687009
6870019
6869931
686992
686941
6869258
6869111
6869034
6868fm
6868979dsl
6868826
686871
6868689
68686
6868518
686845
6868372
686818
686808
6868007
6867892011asw
68674600
6866992
6866747
6866671
686638
6866088
6865819
686548
68651331
686510
686500
6864696
686462
68644321
686435
6863804
68636863
686328957
686327788
686322
6862485
686231358
6862057
686199
6861984
6861337438
6860833
6860584
686020
6860067
686.432.869
68599882
685968596859
685966
685900
6858766260
685858
6858239
6858149
6858001
68578099
685706
6856221
6856104
685576
6855642
685556
685543
6854895
685481
6854543a
685432
6854059
6853918
68537986
685345
6853231
685314
6852831
6852616
6852556
6852308
68520
6851896b
6851649518
685146986
6851156
685111
685021
684s96799
6849712
684947610
684932
6848jmmm
68487898
684858
6848503
684816
6847otis
684785
68476847
684744
6847431
684722
6847
6846845
68466935566ff
684668
68463401
6845794699
68455
6845207
684503
68450112
6844754
684468
684435
684401
684379
6843570m
684306
684300
684293
68426623
68426153
684258
684246
6842229
684213
684187
6841854
684175
68416841
684144
68412932
6841257
684123
684063
6840121423
684000
6839874
6839678nm
6839488
683933
683872245
6838277
6837641
6837523
6836mkm369*
6836764
683630
6836123
6835643
6835
6834974
6834666sya
6833649
683333
6833195
68329
6832768
683200
6831692
683158
683146
68314
683100
6830mere19
6830791
6830688
6830429
6830080
6830016
683001
682blvd
6829865
68296829
6829427
6829013
6828709
6828665
6828479
682823
6828148
6828031
6828008
6827857
68276827
682723
682707
6826982
6826848
68268137
682672
6826634
6826447
6825townsend
6825970300
6825868
682551
682540
682535
6825326
682526
682524
682518
682514
6825046
68248mag
682485
6824524
6824349
682430
682416
682413
682344
682336
682329
6822ed
6822920
68225
682229
6822216
682200
6821903
682172
6821622
6821508
682130
6821224
682111
682102
6820bg
68206820
682021
68200174
681q184
681999
681970
6819540
681937
681929
6819106
6818f09
6818684m
6818597
681811
6818051
681800
6817951
681773
68170863c
681706
681682
6816781j
681663
68161821
6816149
68159700
6815830
681579
681575
68156815
681558
681532
681502
681488
6814784
6814485917H
681431
681420
6814102
6813897
68136813
68135272
681324
681321
681315
68130595
681297
681288
6812664
6812575
6812510
6812464188
681241
6812377
681224
681207
681201
6811vail
6811948
68118
681156
6811343
681132
6811240
681120
681107
681106
6811032
681101
6810ib
6810869MILLOS
6810721
6810400249
6810252
681023
681019715169
6810178
681012
681009
681007
681005
681001
680ka0
6809723
680929
680915
680904
6809
68086500a
68084633
680814
680794
680762
680722
6807161e
680713
6806nai
680666
680619
6805mj
680587
680570
680548
680518
68046804
680460715
6804549
68044
68042619jhun
680402
680335712
680322
680304
680295
6802449
680229302
680224
680221
680214
680195
680149
6801420
680112
680110
680104
6800Wydown
6800589
680020
6800132231348209
6800000
67tyghb
67tango
67studfall
67special
67shelbygt500
67ng*dd
67mk82lz
67fire
67eirrehs
67dart
67custom98
67cobra
67caprice
67brown
67angela
67a4cf0c
67Mustang
67LeMans
679girl
679999
6799731
6799160
6798943
679843
679824556234
67981423
679806
6798
6797549
6797
6796537
67962326
679595
679531
679510
679485
6794643
679451
679422
679402214
6793929
67935704
679301
679293
67922ash
679210
6792029
6791693
679155
6791339
679123
67910481
6790purple
679097
67906790
678yui
678james
678fjtn
6789it
6789999
678998
678990
678984
678978
678969
6789634
678954321
678953670
67895043
67894321
67893015
678920
6789170ap
67891286
6789082
6789054321
6789012345
67889
67885
6788307
6788221
678800
6787lewis
67878
6787789594
678778
67876
67874944
6787159243
678694la
6786786
6786684295
6786510741
678645
678630188
6786088607
67858796
678557
678548
678539
6785267405
678503
6784799
67846784
678456
67845164
67843
6784151
678412
6783am
678388
6783458
678341
678303231
67829178
67827325
6782708
678255
678251
678244
678234
67821438
6782108
6781jrsg
6781_weech
6781939
6781822
6781629
67814443
678140
6780939
67809
678071
6780447
678017789
6780019
677leshika2685
677988
67796779
677936
677910
67789
677882
677867
677842829
677789
67777777
6777723
67776777jjl
677734
6776garcia
67768998
6776748
67766776
6776500
6776252
6776123
6775937
67756775
67756
6775455
6774892
6774792
6774768
6774
677369
6773576
67732730
67732145
6773147
6773
6772789
677261
67724604
67724379
677195
6771691Z
6771423
6770love
677089
677076
677026
677013
6770072
67691562
6768tink
676890
67687367
67686970
6768393
6768091
6767ahmet67
67678
676774
676755385
67675
676740
67671
6767058
676698
6766819
6766611
67665079
676633
6766244
6765852
67656765
6765412
6765114
67647120
6764061
676389
67637861
67631231
6763074june
6763
6762939
67624842
676236240
6762062
6761691
676123
676084018bea
676063
676049122
676035
67597827
67596759
6759267592
67590205
6758pimp
67586758
67584930
6758378smc
675811
6757944
6757770
6757755
675767
6757313
675728
6756jeff
6756886
675675675
67567452
67565437
675608
6755984
67557681007
675567
67555516
6755024
67546960
67545730
6754299
67540923
675355
67535100
675324
675309
675300
67529532
675258
67523743
675202
6751kmb
67516751
67508911
67507322
67506750
67501486
675011
674life
6749979
6749270
6748965nb
67486748
6748345
674822
6748
674771
6747528
67474313
674717
67466746
6746026
67458ka
67456745
674558
6745350488E
674521
6745202
674516
6744run
674478
67446744
6744569
6744449
674435
6743867438
6743771
6743255
674300
6742633
6742461
6742246
6742110433
67419301
674123
674102
674091
6740523
6740043
6739june
673939
67391234
67386738
673801
67375hotchick
673718
67366736
673632
6735987
673500
67349217
6734699
67345431
673426s
67337712
6733731mf
67336733
6733566
6733503
673333
6733152
6732604
6732547
6732329
673217
673212
673151
6731400
6731051
673067
67300467
6729691
672913
67286728
67282ysnn
67281656
6728090
67280
67279jrm
6727749
672739
67266
6726302
672611
672579
67256725
6725651
6725449
672535
6725189
672511
672486
67242629
672367
6723478
6723344a
672320
672300
6722990
6722770
6722338
672215
67217543r
672121
672112
6720907
672035
6720175
6720120
671santarita
671folife
671boi
671997
6719932536
67198900
671969
6719621
6719485e
6719166286
671903
671888
6718507
671824
671808
6717tigger
6717427
6717213
671710
6717055
671668
671667
671640
671631
671614
67156715
6715589
6715426
671520
671519
67151
671503
6715000
671489
671483168
671473
6714581
671432342
671427
6713962
6713675
671343
671330
6712pom
6712787hme
6712648
671235
671227
671218
671208
671203
6711838
6711351
6711333
671126
671120
671102
671083
67107037
671025
671010
671007
670summa
670980
670930
670920
670914
670911
670901
670810
6707793
6707645
670717
670706
670670
670628
670624
67060767
67056705
670550
6705099
670488
67044054904499
670427
6703vic
6703656
670352
670312
670307
6702984
67028432
6702593r
6702366
670220
670214
670188
670181tbr
670172
670157
670125r
67012
6701144
6700895009
670082
670075
6700621
670050
670023
67'gt500
66wilia68
66volks
66tomcat
66slogan78
66riviera
66q6jukn
66prince
66olds
66monica
66linton
66le501
66killa
66jordan
66jaguar
66irish69
66h1magt
66fuck
66fast
66demons66
66chickens
66casper
66c.o.m.b.
66bubbles
66bossanfo
66baby66
66alex
669993973
6699711
6699541
669917
66991122
6699060
6698open
6698978
669869
6698623
6698339
66982130
669811
6697911
669755
6696969
669684
669672
6696656
669639
6696054
6695ear
669577
66955
6695214959
66949
6694664
669457
6694094
669391
669366
669356
6693123
6692qt
669293
669285631
66926692
66923966
669216
6692044
6691989
6691820
6691515123
6691492
6691451
669123
6691203
6691179
6691095
6691026
6690780
669066
66904793c
6690146
66899456649924
668990
6689361
6688love
668897
668888
668877
6688600
668841
6688266
668822
6688138
668809
6688029
668798
6687808
668766
6687466
668728487
6686ss
6686ha16
668693
668672
66866882
6686577
66863k
6686331
6686150
6686
6685869-me
66855804
6685513
66852882
6685027
6685
66848280
668466
668445
668398
66835162
6683083
6682917
668263
66824971169
668224
6682012
6681875
668166
668131
6681103966
6680951
66807699
6680622
6680474
66801685dcb
667onestepahead
6679ok6679
6679howe
667998
667976
667960
667921
667903131
667899
66788766
667875691960
667866123
6678075
667790
6677855
6677827
667778
667767
667752
667730
667714ls
6677012
667693693
667687
667673
6676686
66766
667646
667643
667628999
667607
6675763
667541
6675277
667499
66748657
66747870
6674742
6674640
66743919
6674118
66737
6673624
6673414
6673312
66732zmk
667321
667294
66726672
667218
667199
6671849eft
6671529
6671192
66710
667095
6670503
6670158
6670069
667000
666zero
666xxx999
666wolf
666vs777
666vamp
666v666
666times
666star666
666smells
666shit
666seis
666satan666
666ros
666queen
666psycho
666playgirl
666pickupsticks
666o420
666notb
666negro
666mufc666
666morgan420
666moi
666mel666
666mecheli1
666madai
666killer
666j999
666ironmaiden
666infierno
666god
666gabo
666fucker
666freddy666
666emo666
666dog
666deaths
666dark13
666dam
666coma
666caprice
666bsthi
666bmx666
666biches
666badgirl
666apocal
666angel666
666abi
666_luke
666KID
666Engel
6669mj
66699977
6669991
6669966
666995
666990
6669772
666972
6669613
6669602
666930
666926
6669063
666898219
66689
6668889
6668666
6668536jg
666821
666800
6667913
666786
666780
666777s
66677788
66677530
666767
66676667
666763
6667250540
666713
66670809
6666love
666691
666689
666671
66666t
66666h
66666d
66666G
6666675
666666sexy
666666pui
666666l
666666_
666666A
6666666a
66666666666666666666666666666666666
66666666666666666666
666666666666+f
66666660
66666610
66666395065
666656
6666497
666647916
666638
66663
666627
66662222
666621
666616666
66661272
666610
666609
666607
666600
66659154
666577forme
666569
6665586
666555777
6665538
66654321
66654
666535
6665314
6665158003
666511
66650222
666489
666477
6664666
6664633
666454
6664414
66643
6664218
666420666
6664032069
6663936300
666374
66636663
6663512
66633a
666333ru
6663336
66633
6663219
666316
666312
666304
666289
66627jl
6662666
666266
66626
666251444
66625
666242
666237681
666234
666230
666221
6662100
666206
6662041
6662008
6662002
66620
6661993
6661972
6661919
66619
666189
66618
6661720
6661654
666158
6661412
666139
666134
6661319824
666131313
666122497w
66612122
6661185
6661023
666101
666099
66608
666060
66605
6660400
666033
666021
6660115
666001
666000666
6660*p
666.66
666-666-
665new
6659965
665959
665951
665934ej
6659300
66588
66587234
66586658
6658592
6658582
6658373
66582BOBCATS
665816
6657sam
665796
665764
665742
665734
665707
6656849
665666
6656001
665593
66559
6655789
6655553
6655448874
66554422
6655253
66552200
6655123
665504
6654965
6654956
6654753
6654435
6654327
6654256
665423410
6654064
66540
6653931
665389
665369
6653657
665350
6653349
665322896
6653082
665286
6652668
665260
665246526
665231
6652234
66521879
6652
66519403
665187227
665166
665149
6651352
665120
665109
66510700
6650992
6650977
66506650
6650109
665007
664tj
6649705
664949
6649159
664895
66488466
664874
6648408
6648393
664823
664801
6647852
6647740md
664704
6646734
664665
66466
664641317284
6646350
664625
664616
664607
664603
664566
664553
6645404
6645231
664509
664499
6644913
66448822
66448338
664477
66446622
6644626
6644579
66445
6644459
6644366
664434
664421
664413
6644023211
664400
6643589
66433
664321
6643147
6643108
664300
664289
66425923
6642489
664237
664223
664219
6642098a
6641796
664167
664161827h
6641423
664111
664095
664052
66402422
6640142
6640055
6639973
6639601
6639250
66386638
663818
6638001
663789
66375
663720306
663702
663693
6636734
663660
66363
6636123
6635tobias
6635899
663588
663560077
663548
663535
663521
6635141
663505
663490
6634678
66341662
6634126
66341085
663396
66338455
66336438
663354
66334620
6633394
663312
6633
663278
663266
66326
6632541
663235
6632259
6632233
66321
663195
6631855
6631693
663158
6631524
66314749asd123
66313133
663121
66310719
6630888
663071
663054
663026
6630059
662cutie
662boy
6629908
662971
66295843
6629264
662922
662911
662907
6628901
662879
6628768
662874
662861
6628367
6628300
66282495
6628161
662775
6627391282
6627184
662711
6626942143
662661
6626396
662610
6625905442
662588547
6625699
662562
662551
6625411
66252667
66252366
662522
662504192
6624MV
662484
662481022
662472
662466
662461
662448
662441
662420
6624112
6624087
6623959ff
662384
662366
662353
6623430
662332
6623261
6623221478
662317
662311
662308
662300
6622901
6622840870
662267
6622630
6622585
6622527
66224488
6622356
6622308
662219
6622127##
662188000ac
66216621
6621571
662151t
662140925
6621361
6621242
6621121
66206620jj
6620645
6620389
662036
6620333
6620264
6620137
662008
662001
6619888
661980
661975
6619634
661962
661956
661953
6619497
661941
6619356
661922038947
661910
66187605
66186618
661851438
66183264
661818
661814
6618103
6617983
6617853
66177044
661762
661746113
661722146
661701
66168852
661674
66166616
661654hghv]kfirst
661644
6616301ms
661619
661612
6616000
661596
661575
66156615
6615471
6615461
661519
661508
661502
661474
66145132
66142369
661421
661415
6614093
661408
661400
661392
661365
661340
6613290
6613234
6613216
661308
661301
661298s
6612889
661265
661247621
661234
6612180023
6612166
661211
6612088
6612019
6611n
661183
661171
66116020
661158
661149
661142
6611282
661123
66112
6611138
66108955
661077
66107018
6610687
6610638
661036
661026329
661024
6610175
6610127
661001
660farnsworth
6609775
6609576
66093411
660919
660893
6608880
66084688
660841
660825
6608229
660821
660812637732
66080
66076607
660759
6607380
660732
660718
66070sp
6607044
6606devin
6606860
6606743
66066606
6606479
660636
6606264
660625
660621
6606136
6606040
660581
6605775
6605730
6605672
6605522
660548
660515
660509
660500
6604nad
66048533
660466
660452
6604366
660428
6604202
660413
660403
66033
660322
6603077
660303
660278
6602594/
660250
6602401ach
660221
6602152
660203
660196226
6601905
6601786
660166
6601602
6601585
660135
660127
660113
660104
6600940
66006sjsj
66006630
6600603
66005514
6600546
660036
660024
660021
6600143
660008
65wood
65tbird
65sisi
65pontiacgto
65olds442
65lincoln
65eahb
65cool
65city45
65buick
65Stang
65CHEVY
659tmdbe25
6599dbg
659979
6599669AQ
659950
6599321
65990018560
6598esp
6598770
659874123
659849
65981821991
659803
659784
6597799
6597532
65972202828021
65971986
6596cassie
6596414
6595999
6595822
65954626
659540
6595100
659475
6594594
659451
6593LADYBUGS
659389614
6593862
6593657
659336
659321
659302042
659300
6592911
6592701j
6592209
659200
6591914
6591704
6591558
6591224F
659101923@
659089
659049
659046
659040
65902951
65902290
659001
658spark8569
65899179
6589893e
658987
658985
658974123
6589652
658956
6589509
6589310
65891007
65890618
6589
658888
658883
6588800680
6588680
6588578
6588428
658827
658812
6588!!84
658788
6587648
6587410
6587345767
6587277
658713
6587062369
6587
658686
658658658
6586523
658607??
6585996
658595
658566
65856143
658530
658525
658502
6585
658486
6584792
658470
65845890
65844842
658423244
65841420
6583meli
6583963
658351
65833008
658311
6583074512
658300
6582958
658289
65827441
65827
6582506
65823790
6582123
6581737
65815c
