995ds
995cry92
995bfadp75
995ay376
995Mh2486
9959uvfwx
9959spzk
9959holl
99599wpat
9959989254111
9959987162
995998
995997
9959957
9959947
9959928
9959897916
9959884a
9959873
99598709
99598553
995983
9959818DJ
9959769
995971
99597
995969
995968735
99596764
99596639
9959655143
99596122
99595982
99595766
9959549c
995954361jya
9959527
9959510_lenny
995950
99594883
9959476
9959422
9959413
995937202
995937
99593499
99593463
9959305
995929263111994
995929
9959253s
9959253S
9959251
99592385
9959212928
9959201
995919
995916c
995913165j
995913
99591248
99591234
99591048
9959085
99590690
99590557
9959040001
99590247
99590186
995900
9958ynzng
9958pc
99589977
9958985
99589803
9958976605Tgirly
99589619
995895329
99589402
995890110
99588818\\'hiv
995886985
9958864
9958859
995884
99588018
99587798
99587600j
99587430
9958737
9958720jnd
9958714da
99586941
9958680
9958670
9958656
99586456p
9958641453
99586210
9958606
9958580
995856603
99585529
9958546032
9958536
99585210
9958503
9958497
995849
9958464
99584619539990
9958448
995844
9958428
9958420089
99584108
9958402
9958374
99583474
995833
9958319
9958308
99583003
9958275
9958262cm
995825
99582492
99582373
995821
99582030
9958198158
9958189
99581654
9958141
99581271
99581004
9958093447
9958075608
9958070
9958058229
99580535lushy
9958001
9957yt
99579dhcvi
99579963210
99579885amorjean
99579565
99579289
99578921
9957889
9957888
995786
9957832
9957782555
995775
9957696R
995766203
99576293
9957613
995760s
9957589
995758
99575210
9957501
995749892
99574792
9957458
99574490
995744
995743
99574037
995739
99573730
9957361564540780
9957319
99573101
99572572
99572480
995722045
9957204
99571915
995718
9957170
995714842
9957127
99571234
99570831
9957066
9957002
9957
9956cm
9956aad
99569658
9956957
9956944
99569363
9956917
99569080
99569
99568a
99568998
99568823
995688
995687
9956863
9956859
9956842an
995683xmlcg
99568247
9956816
99567AK
9956787
995674201
995674
995673
995671234
99566909
99566866
99566675
99566469
995664
9956625329K
9956621923G
99566106
9956600
99565nrhbh
9956594
9956579
9956566723
9956553a
99565464
9956544
9956516
9956510
995648124
995645
995644200
99564393po
99564106402253
99563@@@
995634
9956323
995629
9956270
9956262232
9956244keawza
995624
9956239
9956218224
99562031
99562
995615
9956129
9956114
99561
995608
9956055494
99560430
9956034
995603
9956006
9955tt
9955r6
9955ks
9955AWTT
99559964
99559913
99559909
9955987
9955955
9955936
9955912
99558902
99558833
99558700
99558343
995582583
99558182
99558021
99557817
9955779om
99557755
99557717
99557708
9955763
9955761375
995571511
99557056
995568233
995566778899
99556553
9955645300
995563
9955615
9955599
9955592
99555860
99555643
99555599
99555551warcraft
9955543
9955505
9955499jc
99554907
99554522
99554477
9955446
99554206
9955417
995540
99553721
99553368
99553322
99553305
9955323
9955317
99553025
99552981
995529507
995527
99552672
9955262
99552489
995523
99552211
99552200
9955213
99552-5
9955195
9955185
99551693
9955166
9955153
9955151
9955147
9955140
9955133
99551324
9955120
995511ch
99551199
9955117755
9955114753
995511445566
9955113
9955112233
995511115599
9955105
99551
995509
9955068
99550506
995501454
99550077
995500604
9954ls
9954fu
9954ashtin1
99549nong
9954996
995499
99549739
9954942
995490985
99548999
9954856052
995485
99548494
99548136
99547tky
9954788
995477589
9954767
995474
9954715
9954691
9954685
99546666
9954658
99546473
995464
9954626
99546025
99545915
99545790
995456
9954555
995455
9954526
99545201
995451MK
9954494320
995444907
995444
9954396anais
9954361
9954352
995434895
9954335
9954323
9954301
9954275
9954269
9954262
9954252
9954242
995421
9954200038
995418clr
9954186
99541583
9954137632
9954123
9954109
99541051
99541
9954085
9954041
9954002
9953scp
9953mes
9953eejd
99539998
99539845
99539663711
995395
9953927
995391261
9953910
99538888
9953872a
9953822
9953811-+2
99538024
99538
99537806
99537741
99537707
995376145
995374
9953737
9953688
995367b
99536756
995364412369874
995363
9953620
995361
99535961Y
99535869
995357
99535498
995354
99535324
9953511h
99535
99534egkss
99534808
99534681
995345955
99534438
9953441802
995343
99533975
99533813
9953377
99533675
9953358
9953352010
9953341
99533247277
995331
995330
99532803Jj..
9953271
99532531
9953237004
99532135
995320055
99531897
995317519
995315s
995313844
9953128
99531061
995310
9953066573
995305984
99530518katty:?
99530291jm
995302
99530159
9953011122
9953003
9952zizi
9952nikki
99529952
9952989b
9952975j
9952940
9952935
9952898
9952886
995288
995286
995280
9952795489
9952778
9952773
9952769
995270
995268jt
99526662
99526629
995266
995264086
9952632
9952623
99526113
9952603
995259
99525798
99525719
995256
9952535
9952522
99525096
9952486
9952465595
9952457
9952446
99524344
9952417
9952393
9952363740
99523341
99523209
99523146
995231
99522812
995224bg
9952245
9952225
995221
99521878
995215t
9952146
9952135636
995212
99521146k
9952111330
99521068
995209520
9952078
9952063681
9952052327435
995205
99520419mum
9952029
99520023
9952
9951ali
995199513375
99519841
9951965
99519511
99519232
99519222
9951916
99519046
99518886
9951884
99518738
995186291
995185lv
9951856
9951845
99518
9951789lp
99517753
9951764
99517533
9951744
995173
9951718
9951684321
99516734
995166225
9951637253
995162
995160
995157894b
9951578
995155
995154
99515144
9951455975
9951438
99514203yosy
9951399513
99513801
99513688
99513620147
995133
995130
995128w
99512812307
99512512
9951245
995124
99512257
9951221
9951211
995119
995118
9951161186
9951153
995114
99511256
99511235412
99511217
99511192
9951103195
9951099
9951068
9951054
99510491
99510205
99510132
9951009
9951003344a
9950pacu
9950fj
9950980
9950958
9950933a
9950924521
9950911
99509
99508551
9950836
995082
99508
9950789
99507767
9950773
9950765
9950739
995070
995069
9950670283
9950651
995064lj
99506400
9950627007
9950619
995060710001AD
995058986
99505897
995058
995057
9950508
99504AK
99504938
995045
99504371
9950399
9950389
9950382
995038
99503652
9950341
9950315
99503
9950279
995026506
99502526
995024501
9950236
995023
995022421
995021415
995019054
99501747
9950173
9950168730
99501631
9950149
995012
9950105
9950081
9950051_441134
995004432
99500193
995001728
9950003
995-micjoe
995
994tarpon
994qr8zy
994mm
994lo
994jazmyn
994gracey
994boi0543**
994bchbum
994aznbao
9949lmr
9949cc
99499friend
99499923mo
994999
99499758
99499725
9949961
9949953
994995-
9949947381
9949942538
9949923
99499145
9949910
99499
99498974pia
9949886786
99498802
994986
9949795099
994978_
9949773
9949749
99497348
994972691610
99497188
9949702455943
99496882
9949654069
99496412
9949619
9949603413489
99495920
99495786
9949573
99495571
994953032498121
994950*9
994949A
9949486363
9949480
994946565
9949457
9949440075
9949434156
994942974
994940360
99493969
99493785
9949362106
994935712
9949339
9949333
99493229
994928300
99492773
9949275
9949265129
9949258
9949251df
994924354203540
99492364
99492217122393
9949215900
99492119
9949208k
9949201311
994920
9949198757
994919372
994919
9949177
99491731956864
99491707756351
9949168741
9949148
99491331
9949121609
99491057
99491
99490996
99490954
99490756
99490674
994905
9949044111301
99490256
9949017
9948i6
994899jas
99489949
994899268
994898
9948940945
994893452
9948917
994890050
99488867
9948879
99488692
9948860123
99488582
994884
994883
9948811
99487969
994877558
9948766495
99487399
99487171700
99487089
99486z
99486896
9948673
994867
99486648
99486597
9948659
9948639
99486357romycel
9948625
9948611
9948607
99485864
99485772
99485690
994856
99485273
9948484878
994847
9948460
99484294
9948418
9948404
9948399
9948357217
994835340
9948338355
9948331
9948314964.
994829
994828417
994828
99482740
99482610
99482500
994823845
9948226
994822
9948218katherine
9948209
9948196
9948191a
9948161629
9948138310
99481281
994812
994810
99480640
994806
9948054
9948032
99480292
994802
9948013
9947e7f785
9947990
99479692
9947948
99479285
99479035
99478752
9947858470
9947830
994782300
9947807
994779
9947781jml
9947779
9947744
9947741
9947711822
9947708553
99476kwiyy
994769497
99476946
994769
9947668
9947628
9947618
99476040
994760
9947559
99475554
994755
9947532
994750d
99474733
99474605
9947445
994739344
994737388
9947341352
9947319
994731013
99472877
9947283
99472605
994725
9947236020
9947227
99471861**
99471692
99471588
9947154358
9947141
99471089
99470847
9947080031
9947067406
9947053404
9947043
9947030yb
99470
9946wxbiv
9946alye
99469993
99469947
99469890
99469195
994691
99468929
994687
99468624
994683377
9946813
9946781
9946756
994673
9946701p
9946693
9946683
9946677
99466726
994666j
994666
994662
9946612
9946594
994657
994656
9946555jlg
994655
99465453
9946511
9946503631
994650
99464682
99464545
994644315
99464339
9946411
99464012
99463923
9946380
9946351
994634
9946337Z
99463257omar
99463178
99463025
994628479
9946260
9946238558
99462128
99461924
9946183
9946154305
994614
9946128080
9946120
99460krpp
9946091
9946079
99460554
9946048flori
99460430
994603
99460270
99460190
99460101
994600
9945wuspt
9945lol
9945djmm
99459969
9945992
994597
99459519
99459485
99459
9945889
9945885
9945866
9945856044
99458424
9945826k
99458083
994579
994578183
9945768962
9945765
9945751550
994573169
994572
99457163
99456990
994569
9945668
9945663
9945657762
9945656
9945645
99456260
9945616464
994560593
99456
99455872
9945582
9945577
9945562087
99455593
9945553
9945539118
994552
99455188
994550
994549
99454602
994545
99454411
99454133
9945378
9945359
99453554
9945345
99453396
99453343
994531
9945303
994530
99452962
9945294650
9945282
9945274
994526200
99452452
9945229
9945220516
99451935
9945191281
9945187
994518
99451568
99451492
99451445
994512377
9945119
99451026misterIO
9945074
9945061o
9945031287
9945022
994501
9945009250
9945
9944ray
9944ma
9944bed
99449944338833
9944978
994497475514688
994494192
994494
994492
9944909d
99448877
99448840
9944851639
9944849
994484
99448101tekelo
9944808
99447993
99447860
9944771543
994475844edgar
994475
994473
994471999
9944711
9944704
99447007
99446931
9944687
994467752
9944667
99446609
9944651135
994464531
9944630
994463
99446155
994458
9944561
9944559191
994455
9944536234
9944521234554321
9944519
99445121
9944508618
9944494tj
994444
99444310
99444217900442
9944407020
9944404
99444+64614
994436
9944354
994433gj
9944331
99443284
994430975
9944303
99442jas
99442975
9944287822
9944283033
9944268
99442536
99442320
99442222
9944218
9944208c
9944205577
99441992
9944197
99441925
994419
9944186319
99441809
994418
99441699
9944168
9944124
99441125
99441100
99441016
99441
9944095
99440884
9944079252
99440615
9944044v
99440252
994402
99440062
99440
9943rc
9943hwa
99439943
9943993218
99439858
99439709
994393
994392
9943909
9943894
994387940
9943867615
994385
99438314
9943825677
994382
99438037
9943784364
9943751200
9943747acc
99437423
994373
99436996
99436742
9943668
9943661926
9943651
9943645
994362501
9943621
99436066
9943595ll
9943562
9943552
99435369
994353
9943494094
99434915e
9943461776
99434458
9943419
99434025
99433958
99433921
99433727
9943360
9943341
99433341
994332239
9943307168
99432889
99432826
9943278
994327
9943247
99432176
994320
9943194
99431805
99431653
99431402
994313
99431203
994310501
99430au
99430921
9943064
9943028
99430076
994300529ok
9943
9942low
9942fnyfk
994299
9942932
994292d
99428998
9942885
99428668
99428557
9942842
9942826281
9942822
99428128
99428037
99428
9942793103shree
9942789
99427787
994275721
9942745
9942730
99427232
99427195
99426pszua
9942682
99426664
9942657l
99426525
994264
9942633
99426285
99426247
994261010
9942606
99425eptdv
994259
99425835
99425725
99425588janim
99425575
9942540381
99425335910
9942519562
9942510
994249
99424769
9942474604
994245
9942430044cellno
99424236
9942413
99424105
99424070
99424042
994240
9942397
9942381
9942375304
9942361668
9942347
99423434
9942338
9942325
99423222
99423105
994230
99422794g_
99422659
99422596
99422483
994224
99422113
99422040
99421902
99421612
994215919
9942142
994214
99421314
99421216a
99421048timago
9942083
99420670
9942058
9942034
99420286
9942015
9942001
9941rq
99419981
9941995143
9941990
99419877
9941982
99419645
9941955np
99419451
9941934
9941911juanca
9941869
9941836
9941826dota
99418
9941793956
9941773895
994176506
9941734
994172429867
9941702730
9941692
994166
99416559
99416342
99416200
9941619
9941607
9941599nccdl
9941586l
9941561
9941560
9941539950
9941522322495
994151
99414979
994149
99414813
9941477
9941471
994145123
9941442389
994143293
99414300
9941425252
994141502
9941357
9941335
994133
9941307
9941299
9941291
99412765
9941250
9941234
9941231
99412280
9941223
99411982
994119
9941172622
9941167
99411617ve
9941156542
9941151
9941144251
99411113gerson
99411067
99411
99410855
9941070
99410535
9941038
9941029656
9941026
994102
9941
9940ke
9940995
9940982
9940973437
9940960605
9940947429
9940945
9940923
994091900
9940900
99408738
9940864
9940856
994085
9940840
9940818
994080
994078
994077018
99407561
99407047
99407023299
99407
9940696
9940683
99406481
9940645
994062
99406092
99406012
9940590422@64531288
99405667
99405600
9940540440337
99405211a
99404bysqw
994048l
99404843
99404743
99404512a
9940428
9940422999404
994041925
9940407
99403925
9940357
99403540
9940345v
9940328385
9940313
994030
9940283
994027504maraih
9940266
9940251535
99402453
9940234..lunyy
99402244
99402110
9940201
9940198762
9940184
9940170
994016502
9940144375
99401432
99401060
99400ex
994009
99400784
9940060
9940045
99400426s
9940028sophia
99400028
993wngks
993sooexitos
993sexy
993ocean
993mcm
993lolo
993gang
993eksdk93_
993anat399
993a36ccf4
993K44
9939t
9939b9
99399a
9939992
993998
993996
9939954756
993994780
99399450
99399366
9939927
993992
9939918
993991
99399036
993989
99398819
99398759
9939854g
99398415
99398399
99398127
99398073
9939799
99397900
9939782
99397676
9939756
993975088
9939750
993973
9939712
99397097
9939703
9939698
9939690
9939679
9939670
99396583
99396451
993963634
993963293
9939623
993960indz
9939596
9939593
993958513
99395826
99395732e
9939562
99395542
99395534
9939542
9939532
9939509
9939493
99394784
9939461ytu
993945
9939433
9939419
99394177
9939411
9939405
9939399393
993939152
9939384
9939372
99393551
993934909
99393412
99393381696923
9939327
9939292
9939274
993926815
99392537
99392443eli
9939236630
99392233
993921850
993919
99391848
9939168932363562
99391560
9939142
993913
9939123c
993911
993909
9939086
99390731
9939064
99390614s
9939050
99390386
9939024
993901966
9939006
99389sghju
993899
993897977
99389587
99389522517
99389480j
993893457
993893
99388952530
9938883
9938876
9938850
993884
99388141
9938802
99387615
9938734
99387220
99387182
9938683
9938656m
9938640
9938622bezet
9938618
99386088
9938585
993857899938
99385580
99385512
993852407
99385016
99385
9938497829
9938477
99384743
99384666
9938459
9938443skandalo
99384124l
99384093
9938398
9938383
9938351
99383383
99383262
99382913
99382797
99382706
993826
99382552
9938226
99382027123
99381800
993817
99381558/
993815123q
9938141466
9938125luzmaria
99381249y
9938092308616
993809
993806
99380294
99380039mt
9937sml
9937996183
99379782
9937973
9937927715
99379108
9937906
9937894780
99378799
99378422
99378315
99378273
993782076
99378
99377445
9937720
99376666
99376545
993763539
99376208flamengo
9937602550
993759077
9937583
993757
9937559
99375568
99375481
99375415
993753741marlon
99375101
99375067
9937499
993748814
99374737
99374661
99374486
993742
99374066
99373833
99373667
993736044
99373487
9937333543
993733
9937311140
99373036
99372831
993727
99372561
993725
993723
99372098
99372014
99371815
9937172
99371670
99371460
993713257mercedes
993713
99371119
99370811
9937050
993702390
99370105
9937003230
9937
9936arleta
99369s
993696
993693
9936917
993688563
99368844
9936875
99368620
993685662
99368311
993681585
9936800
9936786
99367839
9936779
9936772
99367457
99367405
99367187
9936715
993669589
993669
993667570
9936662
99366601
99366460
99366411
9936637446
993663
99366090
99366008
99365lkj
99365965
9936590
99365795
993657
99365512
9936535
99365204
99365088
99365
99364950
99364755
993645993645
99364589
99364561
99364466
99364389
9936427
9936420
9936410706
99364067
99363popo
99363878
99363785
993637
9936363
993635
993634
9936339
99363267
99363247
9936319299
99363146
993630568
9936289
993627208
9936265
9936261
9936250
99362344
9936229
99362
9936192
99361800
9936171016
99361674
99361585
9936139999
9936130871
993611465
9936107
9936099
9936090607263
9936082m
9936070222
99360635
99360552
993605
9936039338
99360319
99360201teamo
99360138
993601
9936008
9936000
9936
9935grant
9935cja
99359941
99359935
993598as
99359791
993595
9935944
99359383
99359295
99359140
99359051
9935900352
9935892k
9935867
99358626
99358447
9935838
99357awaru
993578v
99357479
99357243
99357172
99357056
9935696
9935684
993567918062007
993567548
99356585
9935643
993562491
99356219
99356050
99356
99355911
9935584
9935565889
99355626
9935544
99355321
99355295
99355286
99355145
99354850
99354760
9935465
99354638
99354545
99354455
9935421
993542
9935412292
99354
9935396g
9935390747
9935378
99353639
99353562
993535
99353390
993532kn
9935313s
99353122
993531
9935306
99352a
993529
9935282
99352773
9935268321
99352324
99352269987841
99352134
99351950
993518428
99351548
99351442
99351300
99351115
9935098
99350840
993507
99350640
9935061999
9935050808
99350476
993503538
9935017
9934ferryj
9934ap
99349bkjuw
99349890
99349571
99349421
9934936
993491173
99348816
99348630
993484534
9934832750
9934824
99348
9934796les
993478
9934773
9934769
993475
9934736971
9934717
99347091
99346567
99346510
9934629
9934626
99346123
993460jen
9934579
993457
9934567822
9934555
993455
99345321
99344kpwg
993449
99344760
99344678
99344350
993442556
9934401-8
9934386
9934363
99343411s
99343272296093
99343238
99343193ja
9934306
9934283
99342789665289
99342691
993425281
9934234283
9934217092
9934213
99342
993418984
99341688
9934156
9934151
9934142167
9934132818
993411993
993410609
99341
9934081
993404484
9934036
9934012
9934
9933wyc2
9933sel
9933hfp
9933glade
993399j
99339856
993397456
9933964
9933946asa
99339393
9933930
9933922357
993390j
99339
99338823
9933872358
9933865
9933843j
9933827
993381
9933800678
99338
9933788
99337755
9933760076
9933744vb
99337199
993371
993368
9933675
993366882244
99336677
993365876
9933644
99336292
99336174
9933599
99335892
9933562mvl
99335500
993353034
9933521631
99335135
99335
99334684
9933448
99334458
9933441
99334398
9933432
9933414
99334090
99333936
993339
9933371719
99333584
9933328
99333189
9933297
9933283
99332633
993326
993325518159
993325
99332414
99332255
9933221
993321559
993321062
9933205
9933202
9933183293
9933163
99331470
9933142
993312
99331161imss
99331139
993310684
9933101
99331
99330972
9933080
993305
993304610
9933037
9933034
99330265
9933014
9933009
9933004781
9933.00
9932lebg
9932cls
993299320000
9932989
9932984212
99329705!
993296k
9932957
9932942
9932921
993291520
993291
99328vr
9932891
99328822
9932876348
9932867278
9932848
993284
99328359
9932810
9932786
9932758
9932751
9932727l
993270059
99326899
99326814
9932677
99326753
9932663238
9932654
99326258
993261
993260
9932548
99325456
9932535410
9932517731
99325123
9932510
9932503
9932498645308
9932484957086360
99324568
993245
99324274
993241736
99323is
9932394@
99323802
9932371
99323644
993235h
9932334947
99323270
99323207
9932316289
9932294
9932291
9932271
99322630
9932247
993221ii
9932212
993219958
9932184
993218
99321702
993216794
9932143s
99321281
99321252
9932123199
993211
9932102655wow
9932099810
99320611
9932056
9932044a
99320281
99320200
99320188
9932013503
9932010464
993200824
993200296ptm
99320
9931noway
9931lw
9931jra
9931aa
9931995
99319932
9931992928
993199013
9931987
9931962
9931955
9931940
99319389
9931918
99319077
993190485
993189912
9931883
99318784
9931873
99318625
993185497
99318467
9931834
99318191
99318169
993181
9931805
99318027
9931800293
99317kc
99317784
9931762
9931739588
993172
99317004
99317
9931686
99316636
99316607
9931659714
9931643k
9931628733
99316208
993160212
99316
993158
9931573
9931568
99315507
9931546maria
99315316
9931525
993151
99315036pia
993150209
9931501029
993150017
99314951
99314899
99314713
993146
9931446
993142
9931406
99314030
9931402napo
9931402
99313933
993138510
99313641
9931346
99313414
9931319j
99313121
9931302911
993129995
99312919
9931290
99312799
9931269ac
993125900
99312530
99312500
9931239r
9931211
993120385
9931193633
99311839
99311829
993117864
9931160099
99311565
9931145
993114
9931134
9931133
993113
99311193
9931111464
99311091
99310r
99310889
9931082850
9931068
9931066
9931054
993104ms
9931038001
9931034
99310308
9931009
993100083E
9930vcxro
9930al162080
9930997671
993096251
9930953
9930941503
9930913
99309115
993090395
99309
9930883.2012
9930868
9930854
9930847
9930823
993082
993080717
993080516I
993080290
99308
99307818
993077
9930765
99307466
99307433
9930712
99307017
99306962
99306956
99306936+
99306930
993067
9930651
993064
993062
99306124
993060542
99305k
9930593
99305866
9930574833
9930561
99305445
99305270
9930513
9930497
99304900
9930487
9930460
9930447
993044
9930430
99304078
993040388
993040252
99303998
99303744
9930368
993036
9930344
9930316040
99303088
993029a
9930289
99302713
993025519
9930236959
9930231x
9930219
9930214-tmatem
9930209
9930195
99301755final
993017114
993015
9930127
99301109
99301056
99301030
9930101
99300993
993009
99300818
99300762
99300726
99300657
99300435
993003
99300123
9930007
99300
993-5848
992wxafb
992rgecc85
992nora
992manse
992lique
992k44
992gnsxo
992edu
992cfc
992caj
992ayna
9929zcssu
9929vonny
9929cs
9929aa
9929981
9929971721
99299666
99299623
992995683
992995
9929945
992994
992992992
99299241
9929920
992991
992990481
99299
9929886
99298799
992986B.
9929858
992985
99298403
99298222
99298141
99298078
99297948
99297606
99297551
9929747
992973
9929726
99297177
9929698881
99296937
992968577
992967
99296525
9929650356
99296396
992963
9929610
99296065
9929598
99295864
99295686
99295644
99295442
992952905
9929527632
99295215
99295006
992949cj
9929484
992946857
99294658
992944723
9929430
99294272
99294200
99294177
99294150
99294086
99294
99293926
992939184
99293902
992937430
9929353741234
992934174
99293359
9929324fb
99293119
99293069
9929305
9929292
9929280
99292735
9929266
9929259
992925
99292477
9929246
99292444
99292398
992923
992920781
9929200
9929186485
99291717
99291443
99291254
99291200
9929118
99290o
992908989
992907x
9929067535
9929059b
992904
9929030*
99290193tk
99290165
99290080
9929
9928luv
9928bw
992899289928
9928992628326ccc
992899
9928961
99289485
9928933000
9928924
9928922
99289188
99289078
99288w
992888
9928878
99288573
9928823
99288062
992880
99287949
99287780
992877
99287588
992874
9928730
99287287
9928725
99287233
99286931
992868
992864770
99286417
99286408
99286346
992862153
99286195
99286060
9928601
99285cyegk
9928553
99285470
99285322
992853
9928522
99284929
992849
9928485
99284790
99284729
9928456
99284453
9928412328
992841
99284054
99284
99283nmw
99283937
992838
992837179
992834cc
99283366
9928325
9928313
99282zbpo
9928293062
992829
99282865
992827y
99282528
992824@
9928238
9928234
99282253
99282219
9928209
9928202
99281989ele
99281804
99281707
9928162
9928147430
99281342
992813068
99281210
99281163slipnot
99281143
9928112
992811
9928104
9928096
992808446
992808104
99280753genaro
99280701
992805
99280355
99280271
99280181
99280151
9928009899144224
9928001266
99280
9928
9927lyons
99279979
9927989
99279630
992793
99279075
992789992789
99278897
9927884
99278816
9927872111
99278697
9927858
9927846
9927830
99278267
9927804244
99277786
99277742j
99277639
99277432
99277206
99277146
9927691
99276717
99276557
9927651
99276377
99276182
9927606
992760
99275848
99275739
99275651
992756
9927550489440122
99275493
9927532952
992752
99275178
99275062
9927476
99274651
992745453
99274432
9927434
99274231
99274121
99274047
99273ofxxg
9927390
99273854
99273797
992737
992736409
9927347197
99273343
99273266
99272954
9927286
99272799sj
9927279
992727077
99272686
99272578
99272533
992725
9927238
992723
99272199
9927212
99272041
99271899
9927174
992715
99271361
99271335
99271239
992711130
992710
99270840
99270819
99270723
99270605
99270523
992705
99270391
99270303
9927021600
99270139
99270102
9926ywukc
9926ev
992699TT
99269954
9926990801
992698
99269719
9926966
992695991
99269326
99269286
99269245
99269073
99268960
9926890
99268890
9926868222
9926866
99268528
99268226
9926817
9926815
9926813
992680
99267979
992678
992677658
9926770
99267636
99267477
9926738
99267191
99267150
99267056
992669006_426
99266877
9926668921
99266524
992664
9926632
9926613626
99266
9926598
9926593_jose
9926586
99265712
99265642
9926563
99265470
992653
99265216
99265105
992650
9926486
99264777
99264604
99264402
99264321
992641887
99264150
99264061
992640469396
992639
99263831
9926367a
992636
9926358
99263409
992633589
99263260
99263255
992632048
99263
99262729
99262654
99262644
992626
9926259
99262527
9926243136
992623
99262202
992621pd
99262156juan
99262090dr
99262
99261989
9926172
99261672
992616
9926147010
992614
99261323
99261239
992611371948
99261019
99260995
99260959
99260726
9926066088
99260609
99260584
99260440
992604
99260380
9926033347
99260291
99260223
992602
9925zsaxw
9925su
9925laco421977
9925d-
9925992505
99259836
9925979l
99259693
9925949
9925935
99259257
9925911andrea!!!
99259065
99259042a
9925886
9925862
992582827
99258230
99258159
9925813062
992580272
99257909
99257799
9925758
992575
99257372
992573
99257165
992571
99257034
992569464259077
99256789
99256737
9925671025
992566
992565820
9925648
992564
9925625
992562
9925606749
9925603
9925590
99255778
992557075
99255681
99255511
992554
99255191martha
992551678
9925508
99255
9925499254
9925487870
992548
992547
9925461567
99254340
99254302
9925420805
99254083
99254044
99254001
9925395
992536cc
992536672
99253627
992535734lo
99253058
99252zgswt
9925291281001
99252899
9925269643
992526640099
99252633
992525923
99252557
9925249594
9925238_nancy
9925232
9925228
99252161
99252043
99252041
992519820909
99251948poloparkour
99251832
9925180
9925172
9925164923
99251632
992515lore
992515669
992514
9925130063
992511bb!
99251060
9925103032
99250dax23753
992508635
9925080
99250730
9925070348
9925068
99250591
9925050
9925047z
9925040
9925028
99250199
9925008214
9924rob
9924non
9924jackson
99249sushi
9924991987
9924989
9924981
9924973
99249633
99249474
9924906
99248925
99248813
9924870
992485
9924841Salinas
9924840369
992481333
99247856
99247696
99247507
992474519
992473097
992471
99246957lu
99246949gm
992469
9924683
9924676492
992466LK4
99246552
992465
9924643
9924634
99246292
99246012
9924593
9924581618098
9924557b
9924553
9924537936
99245152
99245004
99244940
99244880
99244645
992446
9924451756
99244497
99244388
9924426
9924421
9924410107
99244018MIDANA
992438k
99243858
9924380
99243738
9924368k
99243636
99243600g
992433292
99243242
9924315
992431023
99243056
99243012
99242987
99242799
992427008
99242636
9924263295
99242576
99242526
992423600
99242273
9924221366
9924219
99242156
99242082
9924203
99241818
992418054
99241784
99241555
99241456
99241399
9924129
99241234
99241179
99241035
99240937
99240903
9924087
992408
9924072
99240560
992405
992404
99240365
99240288
99240218
99240072
992400
9923us
9923hele
992399jf
992399199bu2702
992399
992398645
9923969
9923963
99239543
9923953
9923945250
992391668
992391
99238944
992389
9923886
99238582
9923835
9923827
9923811
992380
9923798a
992376569
992374fs
99237418
9923731
99237274
99237000
99236954
9923677
992366
9923655
9923631915
992363
9923624
992361724
992359
99235820
99235660
9923555
992355
992354712007
99235344
992352
99235132
9923508388
9923483803q
992346843
9923462
992345hak
99234583
99234536
992344335
9923442
9923410
992340
992337
9923360
99233469
992334
99233345
992332
99233060
99232985
99232799
9923278
9923272677
992327
99232662
99232472
9923231
99232156
99232091
9923196
99231853
9923168
99231608
99231562
99231468
9923133
992312
99231199
9923116
99231089
99231061carlos
99231026
992308990
99230873
99230807
99230762
99230714
99230593
99230497
99230407
9923039
992303
99230203
99230184
9923016
99230102
9923000cc
9922t9471
9922nrdfx
9922ekka
9922adonis
9922992
9922980
99229638
99229591
992294
992292es
99229231
99229181
992291
992290577
9922902
992289355
992289
99228677
99228603
992285121
99228455
992283
9922816
9922808
99228022
99227rwef
9922799
99227872
992277669966
9922765
99227536
992273
99227262
9922710
99227079
99226961
992268453
9922680
99226672
9922663
99226496
99226350
9922632
9922605moulin
992259z
99225733
992257086
9922562
992255a
99225566
9922552
992255123
99225452
99225379
9922532
9922517
9922507911
9922501
99224992
9922492
9922483
99224808
99224743
9922471
992246
9922452622
9922445580
9922439788
992241525266198
992240860
992240123byl
9922399
992239684
9922385
99223845
9922381
992238
99223663
99223602
992235643
99223450
9922344
992233d
992233633
9922332115
99223278
99223250
992232
99223092
992230265
9922288
992228
9922265
99222612
99222525
9922248707
99222446
99222324asd
992223
99222279
9922223650
9922221209
9922208
9922200286
99222
992219679223558a
9922183365
9922172
9922148
9922146766499298
9922141
992212vl
99221268
9922117700
99221131
992210640
992210231
99220857
99220760
99220715
992205499
9922052e
9922047
99220428
992204
99220332
9922032
9922024
9922015
99220085
9922005
9921swaj
9921jun
9921cathy
9921acr
99219933hungar33
992198
992194824
9921934
9921926240
9921915
99219111
99219
99218900
99218831
9921880
9921863
99218513
9921836
9921822
992179
99217742
992177
992174giovanny
992174848
99217240
9921721
992171950
9921716
99216b
9921696
99216780
99216749
99216549
992165
9921647
992163
9921621
99216141
9921610
99216095jair
9921601533SY
99216
99215851teamo
9921581j
9921575
992156
99215523
9921543
992154
99215293
9921520
992151181
9921505
99214tlpm
992149
99214846
9921473
9921463
99214568753123
99214469
99214458
9921440
99214357
992143208
99214262
9921409rd
992140
9921379470
9921374
99213592
99213536
9921345
992133323
992131
9921300m
99213
9921295s
99212847
99212661
99212591456a
9921250
9921239
99212342
99212140
9921209
99212043
992120
992119FAD
9921183
99211796
9921164240
992114100
99211340
992113
99211238
99211223rg
99211201
99211143
9921103610
992109803
9921091
9921087
9921071
99210690
9921060
992104789
992104
9921033
992103
99210231
99210195
9921018
9921015
99210089
99210039
9921001
9920mae
9920999
99209921
9920986d
99209820
9920970
992095207
992095
992094
9920933463
992092636
9920920078
9920911
9920906
99209047
992089478
9920886568
992088409
99208812
99208688
9920859
99208473
99208322
9920816dsc
99208055
9920799
992079
99207760
9920766
992076
992075831
99207306
99207207
992072
99207042
99206889
9920677387
99206748
9920632
992062
99206070
99206037demr
99205928celesteyfelixx100prepx
9920569jk
99205650
992055
9920539
99205258935
9920516
992050789
99204947
992048683
99204826
9920479l
9920463699
99204557
99204528
9920419464
9920415992
99204037
9920402050
9920401
992038
992037638leonela
99203693
99203607
99203569
99203483
9920346180
99203424
9920326
9920321957
99203206
9920316
99203120
9920308d
99203019
99203
99202855
99202823c
9920279
99202728
9920271
992026kz
9920256
992025
99202396
9920213
99202078
9920202717
992020
9920193440
9920180a
99201661mmpp
99201573
99201471
992014628
9920137
9920129
99201213
992011895645196
9920117
99201082
9920096k010185
9920086
99200823
99200744
9920071
99200684
992005a
9920056567
9920048
992004221
99200383
992002b
99200275
99200216
992002050
99200144
99200117
992000sh
99200072
991zor
991treez
991single5492
991mmm043
991leandro991
991l7727
991kc93
991hje
991divna
991chb
991alper
991Kevin
9919techaniti
9919Prhwoj
991999999
991999919999199
99199916
9919984
99199817
9919979
991996648
991994ttm
991994991994
99199378
99199314
9919929
9919928
99199152
99199117
9919904
99199030035
991989k
9919898
99198921
991988tuctuc
991988991988
99198873
99198813
9919874
99198722
99198716TEAMO_5
99198699
99198632
991985ryan
991985ch
9919859
991985.
99198418
99198388
99198324
99198300
991982331252
99198225
99198199
99198084
9919805
991980220
991979sex
99197934
99197789
99197720
99197634
9919739646833
9919735
9919713-7
99197028
99196921
9919681
99196797
99196712
99196628
99196616
99196539
99196450
99196420
991963759
99196307
99196281
9919622085
99196203
991961
99196086
9919600
99196
99195984
99195914
99195829
9919572
991956
9919557
99195544
9919550417
99195367
9919531079
991951
99195
991949
99194862
99194731_james
9919468
99194671
99194656
991946
99194556
991944057
99194386
991943071
99194271
991942200
991942
9919409
99193998
99193979
99193803
9919376
99193721
9919364gigi
99193600
99193509
9919344080
99193376
99193355
9919328668
9919326
99193224
9919318
9919310375v
99193091
9919300
9919297
9919292
99192707p
991926599
99192594
99192531
99192477
9919244
9919241
99192270
99192260524647655
99192130
991921133
99192021sm
991920109
9919199
99191933
9919185r
99191765
991917
99191686
99191598
9919149145
9919143
9919131
9919121
99191190100
99191170
9919109
991910253299
99190965
99190923
9919073
991906
99190452??
991904
9919030
99190246
99190189
99190062
99190
9918kp
9918billie
991899
991898
99189732
99189641
99189518
99189297
99189199
99189114
99189106
991890191
991889875214334
99188916
99188797
99188769110
9918875
9918863
99188469
9918828
99188101
991880
99187981
99187870
99187843
99187752
99187605
9918758
99187226
99187200
99187171
991871
9918700
9918696
991866i
99186620
99186462
9918645
9918636
99186217
99186161
9918612
99186034
991860069
9918596
9918590
99185875
9918583
9918569
99185639
9918554
99185495
991853792
9918530
991851544469535
991851062
99185030
99185017
991849174
9918485
99184790
99184482
99184411
991843615
99184149
9918400000
99183904
99183656paolita
99183618
9918359
991833
9918327
99183232
99183185
99183113
99183089
9918305
99183
9918291
991827839
9918264555
99182526351535
991824829
99182349
99182304
99182237
99182217
99182174
9918212
99182108
99182044
9918191
991818630
99181697
99181636
99181524
99181399
99181230
99181209
99181133
99181106
991811
99181013
99180978
99180867
99180762
99180726
991807
99180684
9918058255
991803873tlv
99180246
99180231
9918021
99180143
99180062
9917zu58
9917suns
9917_martinez_1442
991799397
991798410
99179812
9917964
991793
991791
99178963
991787f
99178769
99178676
99178403
9917831
9917829
9917823
9917813874
99178028
99177923
99177809orrg
99177724
99177626
99177495
9917741
991772
9917714l
991771
9917697
99176870
9917675
99176690304
991765
991764283
991762349
99176144
99176043
9917600
99175j
9917590081
99175839
99175775
991756
991755
99175461
9917532c
99175249
991751749
9917492
991748578
99174708
991746
991744
99174231
991741
9917400012
99173966
991738572
991736
99173392
9917332yuri...
9917330
99173236
99173200
9917313j
99173080
991730
99172933
991729
99172812
991727
99172505
99172440
991724
99172387
99172285
99172242
99172064
991720
99171982
99171845
9917181
99171769
99171673
9917161
9917151796
99171430
9917136
991712
99171101
991710
99170952092787
99170893
99170822
99170699
99170665
99170578
9917032663
99170290
99170287
991702
99170078
991700
9916lili
9916POR
99169897
9916977
99169748
9916964587
99169525
9916943
99169272
991692
9916906MASTERuno
99169033
99168989
99168866
9916874
99168584
99168535
9916830530
99168205
9916817
9916800
99167938
99167842
99167690
99167655
99167494
9916737
9916721
9916706701
991670
99166944
99166900
9916679505
99166776
99166380
9916625
991662071
99166177
99166122
9916604
99165934teamo
9916587
99165830
9916582
991658
99165620
99165567
99165463
9916541
99165334
991652470
991652
99165139
991650
9916493558
991648
99164731
9916464
99164578
9916442
99164414
9916435740269
9916423
9916417824
991640
99163922
99163867
99163799
9916376
99163616
9916343a
99163345
99163291
99163194
9916313
99163116
9916309641
99163082
991630
99162970
9916273569
991626
9916254842
99162434
99162362
9916231-7
99162213
991622
99162121
99162051
991620
9916197
9916192880
99161807
99161739belinha
991617033
99161677
991616463749849
991616456
99161538
99161419
99161313
991613
991612mf
99161282
99161214
99161190
99161145
991610641
99161
9916089
99160792
99160770
99160681
9916058736
9916057
9916055097
9916045y430050
991604
99160303
9916022nrgs
99160113
99160062
9915zl
9915johnantony
99159948
99159836
99159744
99159598
99159544
99159388
99159325
99159180
99159007
99158977
9915890
9915884645
99158699
9915859passwordv
991585
9915845123
99158388
991582
99158160
991581
9915779
991577
991575515
99157499
99157254
991572
9915710
99157026
99156983
9915677876
9915667
9915649
9915645
9915640
99156261
991561
9915604499
99155946
991559
991558388
9915577697
99155669
99155635
99155601
99155572
9915553
9915547827
99155432
9915532
9915530
991552896
9915521176
991551836
99155109958537
9915506
9915501
99154896
9915488
99154807
99154770
991545625
99154474
99154398
991543
99154274
99154222
9915410
99154079
99154
9915382saffen
991536
99153530
9915342
99153260
9915311164
99153049
991530
99152999
9915297322
99152897
9915285
9915277777
99152679
99152521
99152499
9915247a
9915233
99152238
9915218
99152028
991520
991519
99151855
9915184
99151718
99151533
991515
9915142
99151395
9915134036
9915130
991511tedted
99151111
9915109183
99151030
991510159
99151011ferlore
99150993
99150947
991508147850
991507
9915066
991506
99150536
9915052
99150495
99150419
99150395
9915032*990452
9915024
9915021990452
99150215
9915020
99150190
99150060
99150042
9914live
9914impeco
9914aliann
9914NM
9914998
99149914
99149884
9914977
9914959kel
99149487
9914943835531211
99149320
99149243
99149123
991488676
991487
99148613++.
99148583
9914850966
991485
991482
9914816
99148116
9914805
991479792micelu
991477518
991474187
99147324
99147257
9914721clare07
99146959
99146911
991468
99146773
9914664
99146600
9914659
9914654k
9914647
991464
9914636
991463
9914615
991460ala
9914604
99145976
991459
9914571143.
9914565
99145589
99145497
991453982jordan
9914526900
991452293
99145177
9914514
99145062
99145015
99144941
9914480
991447
9914464
9914461219017
991445
991444
99144381
99144365361487556825
99144267
99144193
99144100ariana:)
991440195
9914377
991437
99143613
99143580
99143575
99143499
9914325
9914316e
99143134
9914304
99142929
99142864
99142796
9914262607
9914256
991425342552
99142491
991424
9914237
99142324
99142282
99142244
99142152
9914213008
9914211
9914209346
99142
99141845
99141779
99141753
991417
99141667
99141651esmicelu
99141556
99141278
99141224
99141174
99141077
99141037rfk
99141
9914096609
9914094
9914091
99140824
99140756
99140724
99140662
99140600
991406
99140566
9914052964
99140514
991404
99140371
99140322
99140259
99140193
99140128
991401
9914004
991400007k
9914+-brayan
9913rose
99139986
99139865
9913984
99139790
991396946
99139612
9913959C
991395
991393909
9913910
99139022
9913897990
991389
99138887
991388
9913864
99138602
991385238
9913821
99138118
99138080*KRH
99138031
99138
99137903
991377
991376464
991376
99137579
99137493
99137356
9913722amt
99137101
99136929
99136877
99136630
99136577
9913657
99136513
99136349
99136321
9913626
99136190
9913615
99136124
99136021
99136017
9913594
991359
99135855
991358337rueda
99135824
991358
99135744
99135736
991357125
99135646
99135581
991354R
99135464
99135305
99135129
9913504
991350
9913491519
991348295
9913472277
99134620
99134582
991344
991342
991341411lizyra
99134
99133992
99133932
99133774
9913361
99133540
99133468K
9913335892
99133316
99133222
991332037
9913311
9913301
99132954
9913283
99132684
99132626
99132590
9913252
9913244512345
99132424
99132361
9913225
99132154
99132101
991321
9913202481
991320
9913197_0
99131939
991318
99131728
9913164209898963
99131631
99131622
9913157
9913145024
9913142
99131304
99131272x
9913120
991311573g
9913110
9913105
9913102200_h
991310
99130982
99130909
99130896
99130831
99130821610323
99130799
991307
99130608
99130590
99130521
99130488
99130473
99130369
99130331
99130303
991302
99130150
991301012217
99130060
99130011
99130
9912ursokool
9912rgcs9912590
9912kkww
9912jess
9912ball
9912SV
9912995
9912989a
99129866
991298
99129789
99129725
9912967
99129650
9912962662
9912950081
99129403
9912935
99129293
99129212
99129148
99129105
99128907
99128775
9912851423
99128440
9912839825
99128298
9912825
99128204
99128
9912793999
9912774
9912771
9912763
9912759
991275289
991275
991273445
99127321
99127235
99127118
9912700
99127
99126939
99126922isa
991268d
99126767
9912667
99126655246321fr
9912662
9912659
991265658
99126524
99126487
9912643
9912640
99126300
99126280
9912625
9912621941
991261a
9912615
99126009
99125919
991258249camila
9912579
99125738
99125671
99125650
991256
99125599
99125496
9912546
991254
99125365
99125325
9912517
99125108
991250
9912495619
991248
99124768
99124712
99124602
991244
99124339
991243
9912421
99124188
99124163
991240628
991240351718
991238
99123735
991237
9912366zd
99123658
99123486
991233055
99123277
9912325456
99123217
99123123
9912306
9912296
9912293
9912289388
991228
9912275
991226556
99122651
991225350011
99122470
99122364
99122308
99122286
99122200
991221199a
99122112
991220jf
9912204
99121dg
99121897
9912186
9912177
991217
99121641
99121578
99121523049
99121497
99121442
9912142
99121387
9912131360
9912129
9912124
9912122752
99121211_!
9912119
9912112
99121108
99121063
9912104
991210
99120971
99120965
99120909
99120838
99120709
991207
99120675
99120592
99120561
99120548
9912052
991204930
9912043
991203pulsar
99120341
99120319
991202199
9912019516814
9912010
99120081
991200215
991200027
9911white
9911pm
9911kk
9911f3428
99119j
991199991
9911993712
9911993
99119913
9911989
9911978
99119729*
9911952
9911947164
9911946024
99119423
99119191
99119159
9911912
99119111
99119079
99119
99118931
99118864
9911884252
99118809
991187
991186457510
99118397
991183660
99118252
99118241
9911820974
991181
9911794
9911790987
99117872
99117803
99117725
9911766236
9911753159
99117466
9911735
9911718984
9911715372
991171511
9911706
99117035
99116882
99116762
991166913026
9911662964
99116522
9911647v
99116378
9911627
991161361
991160TITI
99116051
991160
991159
9911583
99115803
991157697
9911568
9911564
99115566
9911555510
99115500
9911543
9911539
991153543
9911525310L0K1T4
9911525
991152
9911514
991150789
9911495462
99114823
99114787
991147
99114695
991145m
9911456
99114500
9911446
99114419c1610
991144
9911432784
99114242
99114215
991142
9911413
991140768
99114003
99114
991138
9911361
9911352
9911348sw
991133peylo
99113366
99113313
99113254
991131381665
9911313
99113
99112760
9911271324
99112627
9911256
9911248480
991124
9911232
9911230
99112251010
99112241
991122139
9911213361
99111hjjs
9911197
99111879
99111823
9911173356
991117
9911169
99111666
9911158
991115
991114
99111310
9911130737
9911121303
99111084
99111053
991110
99110995
99110961
99110919
99110837
9911077
99110724
991106614731239
9911065697
9911062
9911054640
9911051109n6266
9911050
9911045
991104
99110375
99110365
9911035h
99110346
991102991102
99110232
991102
9911019131
9911017
991101060
99110099
9911008580
99110070
991100568
991100172
99110009
9910zule
9910sexy
9910ppio
9910hao
9910SEXY
99109969
9910992m
99109778
9910967
9910964480
991095991095
9910949477
9910944
99109420k
9910937
9910927
9910919975
9910914203
9910904
991090
99108938
9910892
9910887
991088
9910871
9910866791
9910863
991086129
9910847
9910834899
991082330
99108062
9910802
991080
9910785
991077918
9910775
9910767597
9910755
9910740
99107306__101306
9910722
991072
991071
99107071
99107006
99106953
99106832ew
991067896353
99106720
9910668
9910663622
9910661
99106599
9910652
9910634
99106265
9910618
9910615
99106
9910588599105885
99105874
99105820
991057554
99105648pao
9910552
9910544666
9910539
9910534
9910526
991052
991051902
9910515
9910506
9910502
9910499951
991049
991048
9910475697
9910466810
99104639
991045957
991045
991044
99104227
99104074
99104045
991040
991039165k
99103839
99103720
99103618
9910355
99103442
991034
99103333
99103289
9910320
9910318-8
99103110
9910310108
9910309222
991030539
991029867
99102900
991028714
9910276337
9910267987
99102620102620
99102554
99102524
99102500047
99102453
9910241
9910236
99102280
9910221192974744
9910216261
9910210
9910207
9910204299
99102019
9910195666
99101933
99101908
991019
9910188
9910179
9910173
9910168
9910165827
991016498t
9910162
991016
9910157
99101511
9910137K
991012753
99101257
99101216
99101176
9910117
9910115259
99101102
99101090
991010360
99101022
99101004
9910099
9910095023
991009094
99100897
99100887
99100855
9910075100n
991006928feder
99100575
9910055
99100522
9910049
991004482
991004
9910039397
9910034
991003
9910024
9910020
9910015
99100143
99100105
9910007004
9910002621
991-6394
991*6532
990tykk
990stewart
990satsumagoat
990rats
990onm
990mamo
990jok
990goose990
990cxi
990b1ll72779
990_cole_990
9909lol
9909baby
9909LVP
9909991
99099883
9909979877
99099775
990997196sandra
990995d
99099592
990993cuc
9909920
9909917665
9909916372
990991
99099085
99098956
9909894
9909881212
99098700
9909857
9909851
9909841
99098296
990981z
9909800064
9909797
99097725
9909753
99097411
9909737693
99097072
9909673
99096592
990965
99096240c
9909609
9909600
990959399
99095806
99095636s
9909560323241100
990955
99095473
990953
990951238
9909510684
9909504
9909500471lak
9909471600633
9909466
99094491
99094227
990941
9909381
990937
99093574
990934edgard
9909345
99093350
99093187
99093123
9909309
9909302
9909292p
9909289
9909274
9909273
990926m
9909269
99092602
99092535
99092513
9909237
99092177
990920410601
99091956
99091849
99091763
99091682
99091523
9909147
9909139988
99091330
99091269
99091241
99091172
990910538
99090xhpa
9909090114
99090787
99090729
99090584
99090536
990905
99090470tati
9909034277385
9909023
99090104Mfs
990900162w
99090002
9909
9908sp
9908ll
9908hn
9908KJPIMP
9908994882
9908989
99089758
9908948802
990894
990893
99089206
9908915510
99089122
99089012
99088984
99088887
9908875520
9908873130
990887
9908844778
9908802
990879252
9908784pj
990877
99087565
990875040
9908732
990872602
9908721
9908714984
990871009
9908699310
99086757
99086644
9908650
9908646516
990863
9908616
990860
9908595079
99085829
990856
99085554
99085378
99085277
99084becks
9908492303339
99084880
990847hjn
9908456
99084388
9908426
9908412326
9908404
990840064/*
99083c
99083816
99083785
9908367357
990836
9908353816
9908348
9908329
9908311
99083083
99082jyatm
99082965
99082644
990825
9908240
9908239
99082323
9908224
990822
99082171
990821
990820-msra
99082
990818045394
9908153
990815
9908146489
990813929
99081281
99081269
990810y3
9908105979
99081-.
9908099080
99080926
9908090s
99080800
99080770
990806005
990805106
990805&
99080497
99080426
99080340
990803
9908019690
99080117
9908008319914728
990800659
9908005
990800334
99080022
99080
9907sav
9907lovejmm
9907ct
99079wvbtg
99079979
9907987
990796
990793595
990793
9907920840
99079183H
990790odo
99078894
990787
9907852r
9907823
9907815
9907805
990779
9907770
99077595
9907755
99077409
990772
99077092
99076o
990769
9907682
990766
9907651854
990763651262
9907621.
99076010
99075tgups
9907592367
990757
990755
99075252
9907500j
99074724
9907462k
9907450
9907440340
99074213
990741
99074
99073819
990735
99073252+c
990731
99073033
9907296
990728
990727
99072408
9907234
9907227
99072043
99071964
990719
99071784
99071658
9907160548
9907138139
9907120
99071115
99070808
99070784583345
99070716
99070568
99070363
9907033
990703
99070205
99070097
99070006
9907!!85
9906tf
9906nyhgm
9906love
9906ed
9906999
990699506
9906984489
9906977580
9906962
99069605
9906956
9906946
990693368
990691
99069031
9906893
9906868123876252
9906861
99068439
99067863
9906773166
990675
990672556laura
9906706
990670
9906673
990665866
9906641
99066320
990662287
990661
9906601
99065899
990658
99065648
9906554
9906543210
9906540
9906533
9906527
9906513
9906495
99064664
9906441569
99064230
9906420189_malaka
990640
99063840727
99063585
9906350
99063401
990633698
990632
99063168
9906303740
99062971
99062776bb
990627
9906264
990625
9906238
99062128
990621
99062020
99061989
9906196E
9906175
990617
9906166
990616
990614love
9906139
99061324
990613
99061246
99061189
9906101
990609598
99060890
99060813
99060749
99060641
99060589
99060505
99060425
9906040
99060349528
99060330
99060258
99060216
990600leon
99060021
9905oc
9905er
9905as03
99059970
99059937
99059776
990597
9905940
9905910200308
990590
990588
990586
99058544
9905852
99058440095875
990583b
9905826
9905820
99058125
990580
99057997
990579
9905783841
990578
9905777
9905741
99057268123
9905717
990570302
99056b
99056950
9905682jezeca
99056659
99056551
990564
9905611
9905600
9905594
9905586500
990557
990555384
9905547
990554
9905489
9905482
99054710
990545IS
990543
990541
9905409
99053903
99053725
99053636
99053549
990534
99053219
99053146
990531
9905274
99052600
990525621247898
990525
9905240
9905232
990522288
990521x
990521
99051cr
9905198199
99051855
9905175
990517
9905153
990515
9905145l
99051431
99051291
99051234
99051169
9905114732
99051068
99050927ust
99050890
99050802
99050718
99050619
9905059
99050536
9905051
99050393
99050219
990502
99050115
99050079
990500
9904fh
99049992
990499
99049877
990497538
9904955oo
990495
99049181
9904899
990486x
990485236
99048498
9904845
9904835mm
99048207
990480
9904777
990476a
990474s
99047374
9904733v
99047179
9904710
99047!
9904697
9904692
9904684
99046787
990467
99046617
9904655
9904646
9904639521
9904611
9904587
99045678
99045608
9904550
99045464
9904545
9904538
9904531263
990452719
99044ever
9904478
9904472
9904465179
9904454
99044324
990441
990440
99043876
99043689
990435619
9904343
99043292
99043110
990431
990430550
9904301
9904293199651334
990427
9904259
9904251818
99042294
990422
9904210
990420a
990420
99041917
99041887
990418
99041730
99041694
99041570
99041511
9904148
99041403
990412
99041068
99041054
99041009
99040883
9904080
9904075
99040705
9904052pum
9904048
990404643489194
99040401
9904037
99040317
99040266
99040226
990402041
99040167
990401029
9904010
99040
9903mt
9903joyner07
9903cb
9903983
9903976025
9903966
99039648
9903936
99039302
990393
9903927
99039067
99039002
9903892
9903883963
9903870
9903860115
9903854
9903846
9903830
9903805
99037914
99037879
990376
99037450
99037412
990374
9903735262
9903734+irma
9903731550
99037221
9903717956
99037117
99037065
99037020
99036941
990368
990367
99036662
9903648ca
99036370
9903629231
9903619056
9903607688
9903605
99035889
99035699
99035595
99035416
99035304
990352868
9903510
990350326
9903490
990348
9903474531
99034543
990345
9903442
9903429316
99034200665132402
9903402
9903384
9903369
99033627
99033493
9903349
99033431
99033263
9903322830
99033076
99032967
9903289
9903250l
990325
99032353
990323
990322113
9903218629
99032152
9903208
990320
9903199b
99031891
99031873
9903180
99031790
99031677
9903166
990315s
99031547
9903152100
9903148625030248
99031360lol
99031300
990313
99031244
990312
99031103
99031077
9903103
99030906
99030894
9903076393
990307310
99030713
99030707
990306B
99030621
990305spurs
9903054
99030506
990304ni
99030488
99030319
990303023
99030250
9903021808
990302086
99030183
9903014rodrique*
99030054
9903005
99030030
99030
9902reaves
9902frc
9902KAT
99029974
99029929
9902991
990299
990298
990296
990295
9902936h
9902933
99029222
99029200mar
99029023
990290
99028obfs
990289
99028730
990287
99028677
9902863
9902860
99028485
9902845
990283bw
9902836
99028298
99028199
990280.
990279233
9902788p
99027849
990278
99027731
99027667
9902763877
9902746
990274
9902738766
9902727
9902717
99027076
9902696
99026731352
990266052
99026577
990264
9902632
990263
99026121990
9902600
990259440
99025876
9902583098
99025777
990256990256
99025641
9902560r
9902556
9902543
990254
99025301
990251717***
99025100
99025
990249
99024853
9902477
9902473252
990246831
99024511
99024489902634
99024251
990241303
990240119612
99023996m
99023922
99023805
99023678
99023562
99023519
9902348
99023461
99023394josi
99023345
990233
990232
99023125
9902305
99023012
99022jay
99022974
9902280
99022702447jorge
9902268j
99022658
9902255
99022538
9902249a
990224
990221jayjay
990221
9902196
990218a
9902186
9902182877
9902171986
99021599
99021467
9902139
99021303
990212384
9902121
9902114
99021082
99021066
99021015
99020990
99020948
99020919
990209
9902080
990207ea
99020777
99020625
990206
99020522
99020437dc
9902043
99020406
99020344
99020309
99020244
990202251899
99020173
990201425870840
9902011
990200ts
99020049
9901mmd
9901jux
9901gv
9901MOM79
9901999261
9901991
9901984
99019786123654
990197
9901960882
99019505
99019424
9901937
99019330160
99019228
99019103
99019068
99019
990189095
9901879
990187
99018674
99018581
9901856
99018453
990184
990183461
99018198
9901793
99017880
990177510
99017734
9901761
9901756TEamo
990174
99017367
9901719
990171183
990171
990170702
9901703
99017
990169
99016858
9901673
9901668932
99016639
9901657
990164j
9901642
990163072
990162
99016124
99015cta
99015828
99015773
9901561
9901559
99015475
99015393
990153
990152631ren2zo
99015102
990150904b
9901496
99014888
99014786
99014753
9901467
9901463
99014597
990144
9901426629
990142
99014168
99014130
990140617
99014052
99014019
99014
990138
99013699
990136
99013567
99013546
99013511
99013481
99013424
99013351
9901328318
99013236
9901319a
9901315
99013142662503091980
99013065
99012see
9901294401
99012844
99012829
99012796
99012758
99012743
9901268810
9901261
990126
9901250
99012402810
990123e
9901234
99012320
990123
99012133
990121
99012045
990120181d
99012
990118
99011701
99011658
99011521171
9901140k
99011373
99011315-P
99011268S
9901120
990111025
990109417
99010912
99010837
990107793pyc
990107
9901064
9901060
99010576
990105241
99010506
9901047074
99010408
990104013
990103b
99010377
99010356
99010306m
99010302
99010289
99010204
9901019
9901013p
990101
99010059
990100004
9900r
9900logan
9900jesmae
9900ga
9900edreye
9900cudell
9900cf7
9900boy
9900ag
9900OOLL
9900Da1e
990099a
99009987
99009900boba
990099009900
9900989869
9900988
99009811
990097n
99009663
9900951
9900945
990093754536
9900934
99009258
99009225
990092
990090db
99009009
99008angel
990088e
99008877
9900874loco
990087104
9900855
99008300
99008220
9900806
990080
99007blues
99007944
99007861
99007787
990075CON
990075
99007474
9900739
99007281
990072
9900713
990071
99007028se
99007007
99006994
99006871
99006797
99006714
9900665
990065560
9900650
9900648
99006354
99006276
9900623
99006142
99006026
99006009900600
99006
99005980
99005931
990059125
9900589
9900585546
990057092
990056kt
990056402
99005567
99005482
9900541304
990054
99005202
99005159
990051
9900502
99004ga
9900477202
990047512088
9900450
9900446800
99004454
9900441km
9900439
99004155
9900412
9900409
990040443
9900402011
99003tjpuq
990039
990037ce
990035601
9900350012K27
99003498
9900347v
99003456k
99003399
990033
9900327311
9900324784
9900323
9900302c23
9900302000
99002jqwr
9900299j
990029
99002889
9900280250
990027671
990027
990026867
99002642
990026
9900244
99002324
9900226
990021255
990020342
99002001
99002
990019
99001839
99001762
99001691
9900160020
9900151
990014762
9900142536
99001386
99001340KAREN
990013003l
99001240225
99001203
99001166bg
99001122
99001111
99001108
990010449
99001004
990010
99000879
990007b
99000796
99000773
9900069919934
99000628
9900048
99000403
990003974
9900030
9900022
99000191
99000111
990001
99000062
9900**
990*Lakika
99/79
99/64-65
99/1453
99/1241
99/10183/38
99.kat.4.life.99
99.bebe
99.99*
99.9%sxc
99.9%love
99.9%angel
99.5hellomo
99.133
99-jh-99
99-bym
99-99-99
99-6010-59
99-33368
99-21326
99-2003
99-100598-7
99--99mcas99--99
99+367d
99*9putas
99*88*77*
99*14.2
99))82RY
99%xiomy
99%girl
99%dead
99%brat
99%bad
99%angel1%dog
99%alcohol
99%ANGEL
99%//66rg
99%&fenia
99!tgssu
99  11
98zx9r
98zulu
98yzf600
98yy11
98yhanna
98yellow
98y99907004
98xi03
98x292y2
98worf
98wistrom
98windows
98white
98wa36
98vzvz
98vwjettaglx
98vulcan
98vt50
98volcomgirl
98victor
98vfr800
98vassar
98valmont
98uyecgn
98urlover
98ullah786
98ui90
98u7Hb
98u72vnq
98tyler
98turbo
98ts464
98trucks
98trickster
98trashcan
98toyotatacoma
98tj55
98tigers32
98thebest
98temple
98tears
98teacher
98tasha
98tala
98tacro98
98taco
98t834084uq4
98t6kckp
98t0012
98swift
98swalsm
98sus3103
98sunny
98strings
98strachans
98stillhere
98starlite
98sportster
98specR
98smokin
98smellyfart
98slab
98silverbullet
98shorty
98shimmer
98sharpie
98shai
98server
98sebring
98sbigestfan
98sar755
98salem
98sable
98s847
98s10den
98rstg542sd
98rooney
98rogaz65
98rocks
98rm1314
98riverrat
98rg126
98reidj
98redhead
98rebel
98re20969
98rani05
98ramses
98raider
98raelk89
98r80hw0
98quest
98queen
98punky
98promocion
98privatemsn
98precious
98powq
98posse
98poohbear98
98pomeroystreet-
98poiu
98pmca
98pinpin
98pika
98piddy
98pickup
98pete
98pemier
98paokiara
98pamebobik39
98pVyr
98p106
98oyiy
98oseven
98op87
98odiosa
98oct24
98nov20
98nov09
98noesy
98njjd98
98nevar
98nba
98navy01
98namaf
98myka
98must
98muirs
98msmtca
98movie$
98moor87
98monte
98modtz5
98mitsec
98miranda
98mimaok
98milkman
98mh7711
98mgst
98mert
98mellony
98melanie
98me4u
98mckenna
98mcdonnell
98mbnz
98may21
98maro
98mariah
98marKa70
98manager
98mali
98maica
98maddock
98lymmass
98lumina
98lucas0
98loveyou
98love03
98loretta
98lomejordelomejor
98lobby36
98lixi
98liquides
98like
98lg0ti@
98ler625?!
98leatfield
98lap02
98landa
98lady00
98l2656
98ky1918
98korey
98kk3889
98kitkat
98killer
98kh9
98kermit96
98kejadr
98ke544
98katana
98karen
98ka16i
98k6wtg5
98junior
98jumper26
98julipm
98juanin.
98jsccp
98jose
98johnkiko
98jjkofi
98ji4ma
98jessica
98jermaine
98jeffluv
98je7ha
98jcljd3
98jazzy
98jay08
98jason
98jamesbonds
98jake31oct
98jailed76
98j98j40
98irak26
98iop0
98intrigue
98industrial
98iloveyou
98ihaia12
98i74448i
98houghhts
98horses
98honda21
98holla
98henry
98hdsportster
98hdXL
98harrsi
98happy
98halli
98h31314l
98gtvr4
98gstt
98grobar98
98grandpri
98graduate
98gopinath
98goldfish
98giants
98ghabc32
98george
98gen06ius36
98gators
98gaeilge
98gabbie
98g4043
98furr98
98frogy
98freaks
98forever
98fordtaurus
98fordf150
98fmis
98flowerpower76
98fjch
98films
98fghre65
98farnham
98falcon
98face
98extreme98
98esco
98erpbamp
98ep6717
98emc83
98eb11
98ea79c
98e39e
98dz02
98dspereb
98droptop
98drew
98donkeys
98doig
98dodgeneon
98dnaman98
98dker
98dionne
98didache
98dfgfh
98dewey
98deville
98dejulio
98degbsb
98debrees
98dcqCQa
98daphne
98dan
98d9896
98d65335
98d52925
98d2c1
98cw883
98cutlas
98cummins
98crew
98cr500
98cool
98comic42
98cocker
98cmry
98clipse
98cl23
98chris
98chevytrk
98chevygyr
98chev
98charlie
98cd5taq
98cc8091
98cb5091
98cats53
98caravan
98calunga98
98caddy
98c8b071
98c7292
98c66090
98c21140
98c0nt0ur
98burner
98bulls
98btx66
98bri02bri05
98braves
98boys1
98booch
98blue
98blacke33
98bkcbh
98bitzas
98biasig
98bh35;\\'47#=06
98betsy
98beamer
98be-60fu-57un
98batch
98bannas
98baler
98badboy
98baby
98b91592
98b10006289
98awoo
98audia4
98asgk9
98asdfg
98arq3888
98arcadia
98appin
98angel
98andie
98anabel
98amorosa98
98amelia
98all2016
98alex
98ajd87!
98ainaamanina
98aheda
98affiq
98adnama
98acuracl
98abril23
98aa98aa98aa
98a4f5
98a223
98a02e05r
98_polaris
98_ali
98Wise28
98WORM
98TVOLS
98TAHOE
98STS)^gti
98Ranger
98RANGER
98PLAYA
98O234
98Nico76
98NUDDY
98Mustang
98MUTZY
98MFERNANDES
98Lankan0
98LASvegas
98KUPD
98K98u98
98Jetta
98JEEP
98JAS103
98I9BU27
98HONDA31
98HOLDEN
98Glanza
98ESPABR
98EE16535C
98DodgeRam
98Dakota
98DGauntM
98Crmbrrs
98Chevy
98CSVT
98CIVIC
98CAVALIER
98BROOK
98BELINDA30feo
98April
98ANGELS
98ACCORD
98@jkt
98?0803
989zcrdh37
989vanner
989studios
989spotrs
989sat
989q316f
989nookie
989ms.newbooty
989mnzxpq
989lsctp87
989lcr
989ked
989jypub
989job
989freeland
989dtm
989cool
989cdw329tty
989baby
989asian
989JJJ3Z
9899yuri2801
9899shawn
9899jtdck
9899ab
989999989999
9899997441
9899990757
9899989489
98999888
9899987
9899962509
9899959
989994519
989993592
989993
9899918
9899915
9899901597
989989l
98998988
989989689.f
98998943
9899886650
989988
9899878095
9899876
98998589
9899852
989984
989983662
98998246
9899812971
989980539karen
98998011
9899789
9899774
9899744142
989973095
98997124
9899700756
98996xrnyz
9899697996
98996848di
989968
9899663122
9899656763
9899655888
989963limlsp
9899632555
989960582620
9899590
98995789
98995588
9899530
9899528
9899505462
98994bch
98994906
9899487
9899462116
989945
9899441
9899425272
989942075
9899403222
98993928
9899391061
989937d
98993560
989934032103
9899322
989932
9899311163
9899310701
9899303
98993008
989929965
989929
98992828
9899275271
989927
9899257981
98992513
98992494
98992446
9899240097
9899227117
9899223
989921
98992003h
989919800
989919082533
9899165893
9899159
98991509
9899138
98991314
989912917032
989912748
98991216
98991151
9899111745
98991045
9899100732
9899097170
9899089706
989906se
98990677
98990640
989905b
989905
9899033686
98990289
9899022
9899018444
989901045
9899008
98990005
98990
9898t3
9898rynn
9898ra
9898pem
9898ok
9898lol090
9898j24
9898dee
9898bear
9898anna
9898KO
9898BS
98989q
989899856
989898me
989898cecilia
989898aa
989898@
98989898aa
989898989898989
9898987698Weent
9898985
9898981a
98989807
9898979
9898978
98989700
9898962
989896
989895
989894626
98989433
98989411101
9898939328
989893
9898927858
98989222
9898915456
9898907
98989007
9898899
98988900
9898888
9898885673
9898880048
989887
9898855
989884879
9898837893060450
9898818
9898812189
98987940
9898789
9898780
9898774
989876869
98987672
989876243
9898756049
989874851
9898739341
9898724024
989871214
9898706
98987000
9898695178
9898688
9898680586
9898674
98986670
989866374
9898659795
98986519
98986386
9898628264
98986207
9898612210
98986065
989860
989859105
9898581
9898569
98985599
98985578
9898552
989854
98985312
9898523
9898516202
9898512221
9898509
9898499
989849180
989848
9898474099
989847047
9898468856
98984645
9898462
989845
9898444012
98984414
98984254
9898420420
989841o0o
9898415
98983993
989839682
989839
9898386
98983748
9898367423
989833957
98983259909374818746
989832
9898314
98983064
989830
9898289507
9898286
989828
9898267
9898264500
989826
989823l
9898234
9898226
9898223
98982168
9898212171
98982004
98981929
9898184
9898170m
9898143143
98981425
989813710
9898131p
9898129
9898125
9898124249
989812
9898115939
989811098607
9898108
98981029
98981012
98981006
9898099
9898094822
9898091
989808
9898056
989805
989804015
9898034629
9898020189taps
98980170
9898007jiunn
9898002067
9898001031
9897ling
9897elin
9897990
9897987
9897978329
989796724
9897963mint
9897954
9897949596
98979375
98979348
9897930433
989791576
9897910
9897903384
9897901301
98978865s
98978628
9897844054
98978321
98978202
989781397
9897810221
989778914
98977810
9897760h
98977592
989774071
9897737161
989773
9897710K
98976983
98976930
9897690897
989768
989767090
9897665
98976543210
989764500
989764
9897625623
98975917
98975850
98975812
98975772
98975643512
98975461
9897541063
989754
98975347
9897526
98975153
9897477681
9897476
98974681
98974581
9897454
9897445
989743890
98974095
989740212
98973kpnac
989738
98973749
9897366511
9897364418
98973506
9897340
989732624
989732
98973136
9897306523
9897280078
989726
9897226
9897222
9897204780
9897180080
9897166198
9897150atlam6600
9897139
98971283
98971163
989710047m
98970ucspi
989708424
9897073435
98970662
989705320x200
989704
989703
9897023
989701c
98970081
989700073
9897*mjgb
9896sppis
9896mary
9896db4577
9896bud
9896994
9896969898
989696510
9896958
9896937483
9896911290
9896907969
9896892
9896863232
98968616
9896854994
9896842271
9896810079
98967807
9896769
989673511
9896730
9896710538
98967032
989669314
9896682dp
98966659
98966589
9896654
98966390
9896613553
989659
989656323
989654510teamofranco
98965226
989651561
98965032
9896497
9896489911
989648
989646135
989645
98964399
98964256
9896404187
9896395
9896374715
98963405
989634
989631723
9896306430
9896301953
98962999
989626533
9896232480
989622951
9896220
9896209
9896206
9896202j
98962001
98961938
98961600
98961498
989614
9896132
989612
98961122
9896103
989609
9896076lucia20
9896062029
9896041445
9896030487
9896016236
9896012
9896007973
9896000939
9896----
9895ks
9895JP
9895996315
98959927
98959895
9895970999
9895969794919293.
98959697
98959586
989595
9895924303
9895914483
9895890
9895889
98958732
9895835
9895828
9895803505
9895788397
98957775
9895762630
9895736229
989572859sc
98957024
989570
98956941
98956803
989566784
9895657
98956473
989563
989562
98956132
9895601007
9895579
9895571
9895558
9895544
9895529
98955214
98955158
989550
9895498
989549289993058
989548
9895453600
9895445
9895443
9895438433
9895423735
98953816
989536014
989536
98953410
989534
9895323
9895299
9895297
9895279439
9895257
98952521
9895223
98952145
9895209888
9895198951
9895178498951784
98951634
9895154
9895145622
9895141
98951360
9895127387
989512013
9895111
9895102
989510
9895089
989508
9895044
9895020699
9895000
9894bw
9894999
98949881
9894976230
9894965sdd
9894959
9894940244
9894934339
989492354
989491
98949007
9894892
989487
9894864
989486091
98948584
98948536zacky
98948429
989483576
98948166
9894811
989481
989480118
9894797
989479017
9894783754
98947680100206
98947604
9894753123dev
98947452
9894726365
9894718306
9894706948
98946997
9894689841
98946852
989468097
989467486
98946658
9894650745
9894646
9894630
9894610
989460015
9894593563
98945912
9894586
9894546
989453dariel
9894498071990
9894493374
989447448
9894466
9894446553
9894432
9894421887
98944013
9894398
989438
9894375
989436
9894349
9894339
9894337433
9894326152
98942kol.co.nz
9894294
9894281
989427359
989426053216kevi
9894257973
9894250
9894244090
9894241
98942273
989421pp
98941poop
9894198941
98941941
9894182
98941784
9894162
989415795
989415
9894146
9894128756v
9894114
9894110
9894109768
989409614
98940835
989406389800000
98940521
98940437
9894012
989400630
98940
9893sky
9893ol
9893mac
9893lg
9893jj
9893devon
989396
989393272wendy
989392d
989392
989390ad
9893897805
9893881088
9893839
989383
98938140
9893805
989379
989378
9893731882
9893719126
989370239tekiero
989370
989369
9893678
98936698
9893656990
98936544a
9893645666
98936385
9893633596
9893616
98935742
9893557
989354
9893528
9893511753
98934alenxyz
98934905
989347723
9893467104
9893453290
989344771234
9893444
9893425
98934185
9893411903
98934
9893377
9893366
9893355234
9893344308
989334
98933392
9893331
989333
9893324069
98933206
98933151
98932mdiqr
98932860
9893263826
9893249
989324
98932344
98932
9893195
9893166
9893157778
9893156867
98931448
98931322
98931236
98931023
989305091A
9893044
989303
989302
9893009
9892sm
9892ragh
9892milo
9892fred
9892andrea
98929892sp
989298
98929696
98929597
9892930643
98929123
989290
9892898779
9892882
9892877
98928684
9892855903
9892849
9892829675
9892820152
9892810
9892801446
98927967shelbye
9892792690
98927803
9892755810
9892735902
9892721
9892718111
9892701
9892668
9892658715
9892653354
98926390
989262
98926100
9892607
98926
9892591
98925879
9892564116
989254k
98925159
989250
98924995
98924982teresa*
9892462_cel
98924504
9892442
98924082
9892400
98923950
98923872
9892370230
98923405
9892330003
9892320
989231
989230.
98922dj
9892296
98922696
989225577
9892247413
9892241845
9892221
989220
9892199512
9892197619
9892163295
98921487
9892135253
9892128
9892117432
989210040130
9892073821
9892048262
9892038
9892027
9892015246
98920064
98920
9891yelyah
9891nilserbyzus
9891may
9891ln
9891koala9891
9891itsme
9891daedae1
9891anemrak
9891SiDrE
9891997702
9891987234
9891980024
989197
9891957540
9891942
98919352
9891928214
9891920
9891918
9891913221
98919082
98919021
9891898552
9891890
9891874794
9891857777
989185
98918378
989183
9891828
9891824832
9891807318
98918062
98918051
98918025
98918020
989179ck
98917793
9891767943
9891744
989174315
9891737
9891727
98917230D
9891711
9891703
98917
98916890
9891669553nitish
98916656
9891656895
9891651191
9891647
9891640577
9891632mpia*
989162
9891616
98916085
98916030
989160
9891599jem
9891579374
9891555
98915435
989153444
989153
9891517170
98915124
989151
9891505
9891502463
98914aug
98914950
98914732
9891458
9891436317
98914306
98914288
98914190
989141
98914072
98914050
9891402809
9891396kg
9891392673
989137938
9891376833
9891362323
9891349852
98913476
9891321
9891318666
9891310
98913040
989130
989129
9891275
989126
9891250
9891243112
9891242973
989123rlp
9891236
9891234
989122op
98912256
98912172
9891215hf
98912130
989121299745338
9891212
98912102
9891208
98912031
98912022
98912011
98911966
9891188435536
9891183d
9891178798
989117
98911536
989114B
9891144g
989112yoexrap
9891122
9891113
9891110530
989110824
98911062
98911022
9891100
9891093302
9891085164
9891079
9891068547
9891064aj
98910623
9891058412
98910510
98910409
989104
9891035036
9891026799
9891021721
989102
98910172
9891016077101
989101565101
98910130
989101
98910
9890saida
9890kv
9890jay
9890adk
9890M40r71A
9890985863
9890949
9890930
98908s21
98908ct
98908758
989086e
9890833715
9890818
9890814
989081
98908030
989079
98907571
989073
989072
98907101@GLORIA
989070
98906934
9890672
98906377
989063
9890620
989060
9890594391
98905881
9890574489
98905715
9890563
9890543775
9890537
9890525
9890516
989050
9890485
9890430
98904164
9890410504
9890401
98903914
9890387
9890370997
989035623
9890332
98903158
9890306
9890260073
98902534
989022
989021159
9890207379I
989020
98901qed
98901817
9890153
98901461
9890144
9890128867
9890120
989011
9890107415
9890103705
98900rr$
9890094
989008
98900704
989006
9890036
9890021268
9890010hj
989000870
989
988valleygirl
988omarbuchanan
988luv
988jhp
988ijuy
988daya
988bard
988SH2E880
988LOLRED
988ASHBY
9889qey
9889michi
9889ltt
9889lorec
9889jessie
9889iikdd
9889gl8998
9889@#
988998pla
988998896
9889981
9889970
98899445
9889908
9889903603
98899004casa
988988988
9889887
988986868
9889855
9889841ari
98898038
9889799
9889795
9889778316
988977
988976
98897331jakalin
988971494328
988970105
98896s
9889697
9889676
9889645527
9889633111
9889610
988960
9889567
98895568
9889552
98895347
9889521399
9889511
98894859
9889481
988947
9889439810
9889420
98894134
98894058
9889380552manjula
9889362382
98893598
9889335887
98893178
98893023
9889296
98892889
988928690
98892745
9889261
9889233
9889224
98892214
98892158
98891913
9889171
98891540
988912739
9889123456
9889123
9889119
9889112
9889110578
988909
98890789
988905811
988902
98890
9888qj
9888km
9888bday
9888999
9888992
9888981tan
9888977326#my
9888970081
9888961704
9888942
988893x56
9888939
9888931286
988892025
9888920044
988891799
988890659
98888889
9888888
98888866
988887lc
9888876479
9888863
9888858
9888845
988883
9888802088
9888798
9888788
9888779955
9888779
9888769
9888760
988875016950142
9888698000
9888684
988867
98886634
9888655443
9888653
98886393
9888634436
988862138
9888611
98886006
9888579794t
9888563886
9888556
9888537
9888531
9888522
988851088101
98885076
988848599
9888475
98884411
9888433
9888424
9888402362
9888399
988838519
988834975
9888316484
9888297
988828184
988827
9888252570
988825
9888245
9888234
988823
988822
988821
988820
9888188
9888175106
9888150+
9888138340
988812606060
988812
9888112255
9888090
988807762
9888058
988804353
988801921
9888010229
9888009090
9888
9887ryan
9887mcw
9887jyg14
9887dace
9887RETTA
98879730
98879704
9887959
988795541
98879300joel
9887899
9887889
98878741
988786671
9887843
9887819
9887792601
9887782537
988777
988776650
9887754418
9887728
98877180
98877
9887688
9887685697
98876813
988766
9887653645
98876532
9887643368
98876388
9887631
98876010
98875956
9887580
988756h
9887547
9887539
9887526
98875191
98875106
988748
9887465
9887458
988745
9887444
9887428
98874200
98873amraw
9887375m
98873605
9887345
9887340ls
988731
9887299
988727
9887259204
988725
9887245
9887236
9887229
9887213
98872038arturo
9887203333
98871967
98871881
9887181212
98871577
9887154
988712
9887105
988710
988709079
988707759
9887066
9887039191317
9887034
988702981
9887027849
988701
9887001736
9886renee
9886fm
9886badboy
988699699
9886981
9886977143
9886964
9886945
988693
9886926501
9886911944
988690755
9886904645
9886887465
98868819
9886878369
9886871
9886861
988685462
9886844236
9886834699
98868294
9886823
98868077
988677K
9886766167
9886734564
98867316
98867288
9886710
9886703
9886689
98866784
988667
9886663191
9886658
9886649
98866402
9886612072
9886577
9886573
9886566859
98865450
988654
988652941
988652
98865061
9886492410
9886474
9886461
9886444bb
9886437
988642
98863916
9886382a
9886382
9886373111
9886371762
9886328487
98863210
9886312
98862jwxrw
988629439
9886275700123789
988626
988625
9886248249
9886240266
98862111
9886201
98861p
9886190205152
988618123456
988618
98861609
9886150
9886140
9886131
98861219
9886115
9886114
9886108362
9886102026
9886094487
9886079452
988606
988605
988603
98860174
9886*
9885teamo
9885sew
9885joed
9885fizah
9885MYMAN
98859885
98859826
98859803
98859715
98859661
98859551
988595
9885946424
9885940
9885928949
9885891991
988588731k:
98858802
9885852
98858477
98858442
9885837483
98858223
98858
9885797075
98857944
988578
9885766215
9885761
98857548
9885750087
9885747725
9885737
98857140
9885703
98856988
9885695bimint
9885672
9885664
988566
98856542
9885633890
9885607
9885598566
98855912
98855683
9885563916
9885548
9885539707
988551199
9885508
98855
9885497
9885472006
98854646
988546
9885446115
9885435
98854265
9885414
98853917
9885379985
988536811
9885361
988535109
988534
98853344
9885324874
98853159764751
9885314201
9885299
98852837
9885277233
98852621
9885238800
988522
9885192397
98851879
988517093
9885165
9885157123
9885137,369521k
9885132575
988512
988510882
98850trbbs
9885087545
988507904
9885069930
98850665
9885052
9885050532
9885045
9885040163
98850309h.z
98850105
98850
9884fa
988497752
9884947349
98849388
9884901438
9884892152
988488
988487
9884850
9884849
98848340helen
9884830am
9884809644
9884786938
9884772
9884741323
98847327
988472
9884704
9884675
9884664
9884645
98846383
9884625613
98846081
98846
98845878
98845847
9884576882
98845727
9884566011
98845552
9884548818
9884533
9884521477777
98845011
9884500
988448106
9884475
988446
9884448669
9884423744
9884406B
98843qmtwd
988439542
98843726
98843693
98843565
9884349
9884335330
98843305
988432164
98843083
98842a
98842874
98842815
9884267629
98842527
9884243
9884236
9884226
9884218156
9884206176
9884174004
9884129941
988412
9884115
9884110
988410
9884096848
988408440
9884059567
9884045
98840246
9884001288
9883mac
98839952
9883971112r
988395
98839350
988392240
9883915
9883886
98838719
988386114
988386
9883839
98838032
9883788
988377
9883750
9883722
98836902
9883684093127212
988368
9883669
9883642
9883637
988363
9883614
9883593
9883569
988353KIRK7LAND
98835143
9883513
98835074
98834869
98834770
9883448kk
98834435
9883429
98833c
9883386
988337
98833544
988335143
988334
9883320
9883294
9883292669
98832773
988325329
9883244
98832145
9883206669
988319920
988316
9883151
9883136
988313151
98831233
9883106
988309
9883072
98830509
9883039933
988303
98830232
988302
98830177
98830084
9882tk
9882993031136
98829832
988297
98829475093783
9882926s
9882918
98828970
9882883
98828779
98828747
9882840
9882825
98828101
98828029
98827stfro
98827922
9882755s
98827335
9882724
988272007641may
9882700
988269
988268113pml
9882665
9882626
98826108
9882609
98825anoom
988258
988256017
988255253
98825316
988252
988251
9882501
9882479
9882456
98824546
9882445mac
98824382
9882410
9882385
9882367
98823579
98823551
9882344
98823298
988230
98822788
988225641
9882254
98822505
9882222
988220781991
988220
98821834
9882165
988214646alicia
988211Dp
988210
9882080t
988208
988206
9882046
98820216
9882008
9882
9881mjw
988199
98819844
9881972
9881933476
988190
98818864
9881875
98818696
9881840
98818361
98817972
988177
9881752
98817421
9881716
988170
98816926
98816322
988161576
9881603
98815809
988157
98815652
98815566
9881542
988151534
98814884
9881477
9881468
988143
98814185
9881414524
98813907..
988136
9881356
988134288jany
9881338
9881330
988132
98812usmc
988126161
988124
9881225
988121694ja
9881210
988119
988118163943552
9881178
9881172
9881135p
98811174
988111448r
98811084366
988110
98810841
9881054
9881034
988102144
9881012959
9881003141
9880tara!
9880elb
9880998
9880988182
98809878
9880970
9880952
9880948
98809325
9880929
9880911119
9880909683
988088208maria
98808607
9880858
9880851
9880847
98808324
98808097959
98808030
98807877
9880772226
9880758b
9880736
988072072
988070890
98807009
9880680436
9880676
98806545
98806239
98806152willy
9880611
98806007
9880598
9880522
9880501
9880486
9880475539
9880471
98804613
98804596
988042ratna
9880428
988042254
9880401
98803972
9880366
9880343
9880342
9880330741
988033
9880300vdl97
988028775BEBE
988028453
98802763
9880265
9880251
988025
9880233
988021
988020490claudia
98802010
988020
98801803
9880164
98801471986
988012992
98801165
98801001
988009
98800772
9880061
988005498
9880044
9880040
9880024092
9880020171m
9880014
988000
988-0401
987zzz
987zxy
987zeed6
987yyy741
987ytnas
987yrw
987ynr
987yang
987xyz
987x456
987wild
987wa2
987uwantme
987upton
987toni
987toby
987tiram
987this
987tag
987strang987
987somah
987sky
987sjb
987sfqhq
987sdf
987rosa_123
987red
987qwe654asd
987qw987
987punkin
987princess987
987pr1
987popo
987polska
987poi234
987plztorchwood
987pink
987outcast
987orange987==
987olpb
987o123
987nisali
987nik
987nee987
987mvp
987mpl1
987moyASD
987monkey321
987mnb3az
987mn
987mjf11
987mike123
987maru
987marie123
987malax
987luis"
987love
987lorena
987lkj
987limon()
987las
987lIBs!
987l65
987kiss
987kikr
987jyony12
987jusfr
987jonni
987jojo
987jhon
987jessica
987jason789
987jaja
987iova
987hot
987holly987
987hi123
987hanna
987hal
987guitec1903
987glassheenrules
987g147
987fmm
987firedar
987fashion
987ert
987drummer
987doc
987digimon
987diana
987danlao
987d654h
987cvsd
987cruz123
987copper1
987clique
987chamom
987cellphone987.
987carla
987callie
987c6094
987buster654
987bob123
987blt
987bitch
987bel??
987barbie
987atmm
987ash
987area51
987andrea
987ana654
987alican
987ae654
987ab987
987a654s321dfff
987_kassy
987_654abcd123
987_123YUSCE
987ZZ
987W42
987Rc!03
987Purple
987PITO
987MAROKEN
987LILFIZZWIFEY
987JDS
987Canjur@
987@cree
9879sa
9879nana
9879maurina
9879hamtaro
9879RU
9879999
9879989
9879986660
9879982g
9879974749
9879951762
987994
98799356
9879929
9879916
9879910759
98798999
987987xx
987987ls
987987ju
987987hi
98798799
987987968574
9879877
9879876546543213
98798754
98798711
98798520
987985
9879839
9879827
9879822
98798017
9879798779
9879785861
98797657nteamo
98797616
98797515
987973
9879718
98797168
987971
9879687368
987968
987967
987965463213
98796473
98796435
987963741
98796354521
98796230
98796001
98795956
987958
98795607/violeta
98795546
98795377
9879522904
98795195m1
987951753
9879511444
9879495
9879491221
9879485729
9879459301
9879450983
98794463
98794301
9879424898
987941887
9879410438
9879398017
9879397734
98793900
9879387
9879366
987934
98793303
98793175
9879308751
98793025
9879287476
9879276546
98792582
987924gabby
987924GABBY
9879246
987924
987923
9879218
9879200
9879186
9879159
98791507
98791242
987912
9879103
9879094
98790751
9879063
9879051
98790467
9879036
9879020497
987901yc
9879.leo
9878andy
98789vywy
987899
98789878canberk
9878986
9878958
9878950veronica
9878940
9878931f
9878929350
9878918
98788899
98788818
98788770
98788650
987885455
987883
98788183
98788130
9878800309
98787987
987879798
9878789
9878775773
987876dez
9878753
987875
98787110
9878704
98786j
9878689669
9878679duh
987866M
98786569
98786532
987862moni
9878618
987861
98786
98785987
98785965
9878586900a
9878584868
9878573
987854789
9878539867721360
987853
98785256
987852410
98785204
987852.m
98785015
987850
9878492894
987848
9878460
98784346
9878416
9878398783
98783770
98783584
987834
987831
98783021
98782856
987828
98782678
9878254
987824
98782326
9878212
9878200
987819
98781792giaco
98781568
9878123
9878115948
9878112
98780981cindy
987809
9878059022
98780503
98780371
9878020
9877tt
9877mj
9877ehcuw
9877abc
98779940pedro
9877975
9877950
9877917
98779084
987789tre5
987789p
987789dtt
987789cel
987789Hh
9877899878
987789987+
98778997
987789789
9877895
98778933
9877891111
9877891
98778902
9877890
9877889
987788015882
98778789
98778515
98778342die
98778222
9877813237982
98778
9877785
9877774
9877746
98777199
9877689
9877654
987765
9877645
9877631
9877574t
98775718
9877540
987753
9877517
98774snow
98774755
9877466
9877456
98774514
9877443
9877428
98774218
987741123369
9877410000
98774015
9877390603
98773773
98773577
98773459
98773439
98773125
9877281
9877259ID
9877232mmrrff
987722
98772013
98771932
987718
98771559
987714
9877123
98771215
98771145
9877095258
98770633
98770318
9877021215
987701
9877002
9876zam
9876wolftaz
9876ur
9876t
9876sl
9876s
9876rosa
9876r
9876opop
9876o54
9876mnbv
9876madin
9876kewya
9876jo
9876jj
9876ikaz
9876i812
9876hello
9876gabby
9876f
9876di
9876db
9876cnm
9876cjp4
9876bunnyforlove
9876bn
9876blazzin
9876asd
9876aj
9876abcdef
9876O6
9876LJ
9876FRIENDS
9876998879
98769958
9876988
98769876pp
987698769876
987698769
9876987
987698
9876969
9876964
987696
9876956
98769515
9876941
98769382
98769311kike_
98769160
9876893
9876888
9876881
987688
9876868
987685kj
987685
98768312
9876808
9876805
9876797097
9876779
98767749
987677
987676994
987675
98767409iloveyou
9876736
9876719498
987671
9876708008
98766922
9876674
9876666
987666513rolim
98766568
98766543210
987665
9876645
9876640209
9876634
9876619182
9876613
987661
98765ww
98765v
98765samantha
98765q
98765poi
98765marebear
98765ken
98765jesuschrist
98765ijizf
98765gaby
98765elavefenixvuela
98765agb
98765abcdef
98765a*
98765_98765
98765N
98765A
98765978
987658t
987658
98765743241
98765680859
9876566323
98765554321
9876555
9876554321
9876550
987654xx
987654u
987654tay
987654sym
987654sora
987654ratinha
987654r
987654pp
987654poder
987654nsw
987654nal
987654mido
987654mal
987654lk
987654kmb
987654kd
987654ju
987654jt
987654jk
987654gd
987654clc
987654boston
987654bashi
987654arash
987654_2
987654VLC
987654LRG
987654L
987654Hoi
987654E1
987654C
987654BUDD
98765499
9876549199
98765488
98765478
98765467
9876546
98765456
9876544kiki
9876543z
9876543t
9876543k
9876543d
9876543883
98765436834
987654357
987654333
98765432t
98765432rjb
98765432m
98765432j
98765432b
98765432ab
98765432V
98765432I
9876543255
9876543223456789
9876543222
987654321yecats
987654321xoxo
987654321wb
987654321tum
987654321stop
987654321shibata
987654321sandy
987654321rt
987654321rocky
987654321rachel
987654321qq
987654321qaZ
987654321poiuy
987654321parra
987654321p'
987654321oof
987654321nov
987654321nn
987654321nathan
987654321naiara
987654321monster
987654321mlm
987654321miguel
987654321mc
987654321maydin
987654321maraeshermosa
987654321luis
987654321lpl]hpl]
987654321lol
987654321le.
987654321koc
987654321kk!
987654321ka
987654321jp
987654321jocel
987654321jit123
987654321izy
987654321ivan__
987654321hola
987654321hersomlockos
987654321hacha
987654321gzd
987654321ga
987654321fof
987654321douglas
987654321dko
987654321diego
987654321destiny
987654321denisa
987654321cristian
987654321cmcmcm
987654321ches
987654321cero
987654321car
987654321bety
987654321ass
987654321anipal
987654321andy
987654321aily
987654321ag
987654321abc123
987654321`
987654321__
987654321_0
987654321]
987654321\\
987654321T
987654321K
987654321DJ BLACK
987654321AnAnA
987654321@
98765432198765432
9876543219854235
987654321870911088
987654321852
9876543216883702
987654321619
987654321557549
98765432151538285
98765432150185145
98765432133521132
987654321258
987654321246810
987654321220291
9876543212006
987654321159753
98765432112ROY
9876543211234567888889
987654321123456+
98765432111
9876543210viruepa
9876543210sercan
9876543210nevest
9876543210maotqm
9876543210m
9876543210ismet
9876543210hob
9876543210ermis
9876543210diana
9876543210c
9876543210ah
9876543210a
9876543210PlM
9876543210ITZEL
9876543210?
9876543210987
987654321083
98765432105555
98765432105
98765432103
98765432102
9876543210123654789
98765432100q
98765432100a
98765432100123456789
987654321001234
987654321000000
9876543210/*-+.
9876543210,
9876543210++
987654321/.,mnbv
987654321.loca
987654321...
987654321-lp
987654321*1992
987654321***m.m
987654321(*&^%$#@1
98765432 w
98765431210
9876542\\
98765423146
98765423
98765421
987654147470
987654123m
987654123321
98765411
9876540125
987654000
987654.a
98765379
9876532610014
9876532198765321
9876531421
98765231
98765214
987651995
9876519707
9876512345erick
98765111
9876511
987650kb
9876507
98765004
987649
9876487478
98764802
98764632
987645y
9876454
98764512
9876441
987643212
9876431825
9876431
98764263
9876414*nazu*01
98764068
987640
9876398763
987635
98763383
9876330
9876325a
9876321807
987631l
98763159
9876310d
987630468
987630
9876282076
9876260
9876259511
987625
987623stuart
98762356
98762321b
9876232
9876216
98762110
98762
98761793
987617
987616
98761563
98761554
98761477798
987614
98761313
987612made
9876123a
98761230
987612005
987611
9876105
98761
98760988
9876093693a
9876090183
98760863047
9876080
98760688
98760665
987606
98760536
987604
9876033700
987602932
98760123
9876+54
9876!vR
9875tszfk
9875reimer
9875choro
9875995
98759875159
98759686
9875959
98759334
987590
987589
98758786
9875858
987583
98758245
98757850
98757718
98757556
98757193
98756r
9875692
9875670
987566
987564t1
9875644523
987564312
98756421
98756412
98756342
9875629
98756210
9875615
98756061
98755a
9875580
98755687
987556
98755508
987555
987554
98755219
9875512
987550b
98754892
98754752
9875461231231
987545j512435789
9875456m
9875449
987544
98754357
987543211
98754249
987542310
9875421354
9875412365
98753yjkdg
9875365214
987536
9875321ss
9875321c
98753219875321
98753215987
987532158
98753214569
987532100
9875320h
987532
98753050
9875300
98752979
9875278952of
9875264
98752588
987525
98752432
98752410
9875231
9875222
98752190
9875213
987520p
9875206
987520123
9875194
987518142
987516
98751459
98751261
9875121
9875117
98751107
98751015
9875091
9875087
98750625_negrpna
9875038
98750205
9875018
9875.,af
9874yuri
9874v2vfor
9874osimon
9874mobile-
9874k
9874jap
9874eli
9874caro
9874amml
9874_ZDEVILLA
9874PLMN
98749874
9874980
9874967
98749628y3301711
987494
9874919
9874916
9874890
9874870
98748539
9874839
987483217
9874803
9874789
98747887
98747480
987474
98747231
9874696
987469*
9874677
9874657
98746441
98746321
9874624
987462135
98746181
98746142
98746
98745889teamo
9874582
98745771
987456yu
987456tns
987456q
987456m
987456k
987456d
987456aA
987456_eli
987456987
98745695
987456684
9874565454
9874563221
987456321x44
987456321sakhs
987456321mm
987456321b
987456321753
987456321479865
987456321270525
9874563210kiixzy
987456321018267
987456321.0
987456321+10
987456315101995
987456231
9874562005
987456123a
987456123123
9874561230
98745600
987455058
98745498
9874545
987454
98745300
987453
98745231
98745224
9874520
9874512365
98745110
9874495
9874481
9874476
98744681
9874456
9874448
98744372
98744025
98743xmq7
98743635
987435
9874344
9874327539
98743219
987432103
9874313360
987430102
9874297042
9874291100
987428
9874279
9874265
987426
98742559
987423pg!!
9874231
98742192
98741r
98741oil
98741Wic
98741680
9874165
987415d
9874157412369741593
9874154
9874152630
987415.
98741461
98741454
98741357
987412rae
987412b
9874128
98741258
9874123yea
9874123hola
9874123csr
9874123camilabebebe
9874123789632178
9874123789
987412374123
98741236987
98741236951
987412365v
987412365l
987412365gyp741
987412365coz
987412365852
98741236520
9874123600rr
98741235e
9874123456duardo
98741233
9874123183578952
987412314789654
98741230olaz
9874123//
9874121
9874114789
987410a
98741093
98741054
98741025
98741021
98741(=)
987408228594
98740434
9874036748
98740343
987403105q
98740215
98740053
9873jl
9873Jh
98739873
9873981229
9873973433
98739713
9873952002
98739296
9873917
9873859
987384520032096
98738269
98738045
9873800
9873789968
9873779
9873768
9873746
9873732
9873725
9873707a
9873687715
98736716
9873651420
98736381
987362514
9873618
9873593
98735890
98735738tequiero
9873569
98735543
9873536
98735329
98735265
98735184
9873515778
9873505
9873504
98734980vel
9873489006
9873473737
9873470mojica87
9873449N
9873428-2
9873421420
9873401760
9873398
987339238
9873382450
9873363369
9873357
98733534
98733498
9873324327
9873319
98733109
987330982
98733
9873290
9873276
9873273
9873260e
98732561
987325
98732431
9873239
9873236902
987323
987321yellow1823
987321q
987321oscar
987321ll
987321karen
987321gazi
987321d
987321b
987321avery+cox
987321ag
987321a1!
987321_
987321832155
987321654hollis
9873216545
98732165400
9873216
98732158
98732156
9873214563
9873214547025101
987321305
987321123789
98732100
98732088
9873200387
98731b
9873198
987318
9873165696
9873158
9873149988
9873147
9873129073andy
98731245
9873112236
987310
987308
9873049883
98730404
9873034
98730224
9872rrtx
9872ks
9872desha
9872a9
987299
98729870
98729800110990
987295
98729176
98729092
98728899
987288
9872860h
9872840
987280792464366
98727wrwtn
9872759
98727301
98727256
9872723
987269872698726
9872685054
987268
987267
9872665030
987265j
9872650007
9872634
98726318
98726243
9872618208
98726078
987258753
9872582
9872572433
9872571
9872569
98725532
98725369
98725301
98725236
9872521
987252
98725036
987250
9872492
98724884
9872481
987242
987239734
9872381784
987237
9872365
9872345
98723371
98723300
98723158
9872312303
987231
98722x
9872282
98722789t
9872264075
9872258
987225207
98722453
9872235420
98722335
9872223664
9872220203
98722112
9872201
9872188893
987217
98721652
987215600
9872149555
9872144
9872139
987212
98721087
98721006
9872099053
98720914
9872090
98720843
9872050
9872044
9872039361
98720313
98720290
9872020517
9872012600
98720022
9871westley
9871tj
9871ke
9871aixa
9871994910
9871971892
987197
98719252
9871906010
9871891
9871881
987186
98718576
9871834408
9871800
98717953
9871773
9871764348
98717467
98717436
9871731
98717249
98717065
9871688643
98716657
98716542
98716520
98716456nora
98716401
9871625
9871622877
98716060
987160
9871594289
9871575650
98715665
9871560za
98715522
987155
9871535462
9871510963
987150
9871496179
98714937
987149
98714853
9871475
9871459383
987145419504
987142v
987142800
9871422
9871419
9871412
9871401
98713983
98713903
987137
987135sp
98713515
987135
9871340
9871336519
9871332
9871314
9871297006
98712732
9871263
987125463
9871246619
98712458
987123th
987123q
987123asd
987123853
987123654vale
987123586
987123564....002
9871235546
987123456987f
98712345159
9871234
9871231112
98712303123
987123.0456
9871213
987121
98712059
98712002
9871196243
9871193
9871190
9871188
98711809
9871177187
9871162373
9871159
9871152m
987115
9871143724
987114083098918881690
9871134910
9871132
9871125025
9871116809
9871111750
98711011
98711
98710823
9871081254
9871075267
9871062298
9871059
9871055
9871045542
98710421
98710217t
9871018
9871013974
9871013010
987101
98710
9870tmf05
9870po
9870nawal
9870ecnal
987099f0
9870987654321
98709813
987095
9870934137
9870922
9870906
98708972
987089+654
9870877915159
9870834
9870815
98708017
987079
9870784
9870778
98707624
987075
98707472
987073902159
98707206
9870718talal
987071
9870700
98706diduw
987068
9870666
9870657000giftze
9870628
9870614632
987060
9870581
98705706
98705605
987053
987051
9870506
987050
9870472SV
98704637
9870461831
9870443
9870435
9870429883
98704243163365m
9870411ml
98704025
98703891yanina
98703581
9870335
987033
98703111
98703004
9870294
9870283660
98702634
9870257
9870220
98701993
9870187
987017rae
98701583
98701414
9870137
9870124
98701116
9870108068
9870093yayoo
9870072007
9870068
987006
9870042
9870037
9870025
987002
9870016
9870010396
9870000453
9870&*8
987//cami
987.321.mn
987-sarah-654
987-654-321
987-0686
987+ml
987+/*
987*654*321*1122
987*654
987*/.,m0*
987(*&
987#_9#_99910
986utica
986steve
986sh82
986salem
986putt
986mebe
986junjun
986is
986electrica29
986bmkgl
986abone
986JHHG
986ARCHERY
9869yam
9869jfb
98699975
98699860
9869975972
9869962
986993821
9869912139
9869896
9869886
98698600
986985
986983lilt
9869811911
98698
98697456
986972
9869711689
9869706
986965
9869639404
986963
98695895
9869581011
98695781
986956s
9869552
9869520150
9869508303
9869500
98694748
98694571
98694158
9869405259
9869392
9869389
98693421
986930973
98692917
9869245825
9869220538
9869213
9869198kb
9869176
9869168
9869134967
98691222
98691165
986910545
986910
98690865zj
98690606
9869035374
9869016872
9869011
98690069
98690001
9868lindz
9868cacawamilca
98689944
9868976
9868957070
9868948894
98689249
98689221
9868919
98689
9868899
9868890237
9868884
986888
98688729
9868829510
9868810503
9868808
98688019879
9868801
9868789911
98687850112
986876chy
98687583
9868753
9868739
98687324
9868725
9868713
98686928
986869
9868680539
98686724
9868666666
9868655229
9868649991
9868631
9868626j
98686148
9868604
98685949868594
9868587572
9868581
986857
9868557350
9868548
986854
986853020
98685210
9868515
98685063
986849
9868487155
98684774
9868465170
98684500
9868438
98684291jeny
98684284
9868392
9868380
986836
9868346634
9868342505
9868339
986831daniel
986831
9868300
98682uxmht
98682852
98682671
9868264023
986823
986821
986820
98681990
986819
9868184
98681726
9868168
9868166
9868163
9868153020
9868141504
9868132
986813
986812134
9868115204
9868095849
986809*1111
98680625
98680324
9868011
9868009420
9868007
9867yqs
9867jr
9867damir
986799
98679867
9867933734
986793
98678aa1
986788ece
986787
