905782
90578163
90578
9057780772
9057759
90577504
90576qdjeb
90576799
9057644
90576327
905760208
90575884
90575790
905757
90575431
9057500
9057490
905746828
905744
90574136
905740
9057395
9057379858
90573554
905731
9057296
90572563
90572388
9057231414
9057228
905719142
9057177
9057174814
9057162972
9057156
905714
9057116343
905710
90570950
905707
9057049
90570245
905701
90570002k
9056md
9056991
905695
90569
9056883
90568567
905684
905682
9056777384
905673
905671
9056688044
90566507
9056626
905659s
90565483
9056542b
9056531
90565143
905650
905646
90564413
905644
90564024
90564
905638100
9056366
9056347777b
905634
90563129
9056305918
90562j
90562710
9056220
9056214
905619
9056159
90561562
90561513chl
90561371
905613
9056108
90560985
9056078
9056070194
9056062
9056037
9056012
9056000
90560
9055sara
9055991
90559588
9055902
90558803
9055815
90558003diana
9055764
9055754189
905575
90557229
905570
90556903
9055670802
9055664677
90556231
90555884
9055555
9055534
9055490927
9055438
9055428418
9055415
90554039
9055384048
905537
905536
905535
90553140
90553026
90553
905528nkauj
9055288555
90552354
905522
9055209
90551816020
90551651
9055150386
9055130
905512
905510
90550mbjke
905509
90550801
9055062
9055055
9055032
9055008
9054will
9054PASSWORD
9054954932
90549451CIELITO
9054941454
905491
90548co
9054877long+
905485
90548421
905478c
9054757111
9054751
9054720
905470
9054696
905468
90546360
9054601
9054597842
9054576305
9054556
90545532
905451ok
9054505745
9054485
9054465
9054425
90544007
90543915
90543650
9054352885
9054324964
905430
905429
905427
9054255127
9054237156
9054228
90542104
9054197db
9054181y
9054173545
905413
9054124
90541188
9054104
9054100272
9054093
9054065
905406
905404
9054011
9054
9053bg
9053990
905395
9053939269
90539053
9053883
90538748
90538475390
905383
90538017
90537632
905372
9053696.96
9053676141
9053615
90536091
9053563
905356
90535353
905351p
90534984
9053497
905348
9053453
9053410
9053400
9053393232
90533898
9053383
9053377011
9053360
9053345
9053324
905331
905330
90532467
905322044118
9053207289
90531d05
90531538
90531234
905312
90530wzxaw
9053092
9053085
9053067
9053042
9053034
905303
9053000
9052number
9052eb
9052998
90529859ninia
9052972
9052954745
90529413
90528clb
9052872
90528526
9052822
9052818
9052799
905277
9052756637
9052754884
9052721989
9052690
9052678
9052642c
9052640259
90525850plt
9052557hglvuf!
90525452
9052538
90525302h\\'
9052526365
905250
90524845990
9052462812
9052435934
90524006
9052388458g
9052321mc
905229
9052273
905226
90522413
9052221
9052166905
9052147753
905214
9052112
9052101k
905210
9052099
9052089
90520788
905207
90520526
9052034
9052014466
9052006l
9052004
9051soto
9051s1075w
9051eitsrik
9051995
9051994
9051989
9051985
9051976
9051943
9051924
90518910
905188
905186478
9051843paola1994
9051791
9051775
905177
9051751
9051738
9051706
90516944
905167
90516555
9051636
90515921
90515614
90515481
9051538010
9051534DN
9051505
9051494
905148ale
90514589
905144
905141
90513ra
9051375
9051355
9051340
905132
90513129
90513
9051292
905126
905123mona
90512315
9051218h
9051202517
9051179
905110
905106
905105
9051028
90510133
9051012
9051003g
9050wk
9050mj
9050luv
9050kcs
9050990509jonnie
90509623
90509518
905095
9050912
9050906
9050900jevon
905087
9050845
9050842
90508162
90507973
90507775
905077
9050723
9050709L
9050705
905070
90506691
9050643
905062621
9050610028
9050607114
90506
90505709
9050559
905055
905051
9050507
905050167
905048
905046st202
90504613
905043
90504112407b
90504091
90504042
90503m
90503854
9050376
905034762535
9050311
9050277
9050255
9050247
90502412
9050233
9050227
90502074
90502006
90501ca
9050186
905015975
90501201
905011
9050107
90500kpbrk
90500927
9050044
9050041
9050032
90500291
9050000923
905000
905-liz
905#31-sol
904whatthe
904tvm
904thugs
904spliff
904soljah
904shaunmoore904
904saxman
904sasha
904ride
904pawley
904nj4eva
904ncnc6262
904lol
904killah
904kenworth
904itief
904hoodbitch
904gurl
904goon
904ftw
904fannin
904douglas
904cjlcal
904boy
904ben
904beast
904avon
904ae66fab
904RAY
904NO3
904DUVALSFINEST
904BITCH
9049uv
9049jb9em429
9049988m
9049960
90499049a
9049886
90498801674
90498486
9049838
90498002
904979
9049776
904976418rho
90497216
90497
90496854
9049651
9049599how2212
9049541
90495
9049497
904946
9049445
90494287
90494019
9049384
904935
904933
9049310
9049282
90492778
90492490
904923jiayin
90492287
9049211z
90492
9049191290
904915
90491274
9049111
90491
904908
90490701
9049050
9049047
904904+
904903
90490132
90490019
9048mimi
90489amnfx
90489790
9048965
9048927
90489110
90489020
90488cb
9048857
9048837
90488315
9048808662
9048781f
904874447
904873
9048708
904867
90486244
9048605431
9048598
90485831
90485723
90485425
9048525
904848
90484443
904841er
9048414
90483800
9048356388
90483363
90482209
9048200
90481734
90481650
9048144
904812
9048103
9048070333
9048052
90480353lEe
90480011
9047ra
9047kb
90479792
9047969
904790
90478838
9047830915
9047799642
904777r
9047735
9047708
9047668
9047625
904761
9047583
904758
9047568
90475372
9047517573
9047500
9047497167
9047491114
9047422380
904741
9047369
9047314
90473110
90472877
90472730
90472527
9047236zx
9047232
90472156
90471960
9047179
9047148
90471204
9047101
90470883
90470569
9047006
9047
9046purrple
9046love
9046975
904696
90469467.cartel
90469339/
9046921
90469143
90468621
9046827
904677mel
9046776
90467591
9046730699
9046715
9046644
904664
9046627543
90465928
9046558257F
90465391
904651
9046500p
90465
904648LI
90464677
90464620
9046423
9046415860lee
90464039
9046322
904626
90462479
90461839
9046134
9046127295
90461201
904611
90460420
904603
9045xyvvill
9045bus
9045940
90459179
9045900g
904589
9045857
9045830
904580
9045794
90457777
9045758
90457476
90457324
904569
90456528
9045643505
90456379
9045612
9045594808G
9045564
904556
9045550
90455371
9045489bm
90454732
90454355
904541
904539
90453721
904533
9045310
9045305827
904529
904527
90452530
9045242
9045233g
9045224
90452121
90451638
904512
9045093
90450563
9045039
9045026
90450229
90450092
9044sh
9044kgpk
9044cc
904497
9044932
9044923
9044914
9044908
9044850
90448127
9044811
9044804
9044781
9044686
904466
9044633
90445992
9044563
90445409
90444gdwo
9044490
904445
9044409n
9044399
9044386
9044348
9044332
9044305
9044280
90442646
90442444
9044235
9044225
904421
90442
9044183a
9044155
904411
904410
90440764
90440604
9044024
9044019
9044
9043lr
90439952
90439597
904392210
9043911
90438922
9043843590
90438166
9043807
9043777
9043741
904373
9043717
90436864
90436470
9043617
90435871
90435693
90435310
9043491
904345
9043439
9043422
9043404
90433558
90433249teamo
904331
90432ifuk
904329585
904326d
9043255
9043243
90432302
9043192
90431367
9043131
90431205
90431004
904308
904302
9042mine
9042976
9042929
904290
9042851494
90428102
9042809
90427z
9042774
90427652
9042721
90427038
90426701
904265
9042615
904260
904257
9042550
9042532
9042508
904250
9042479820
9042472
90424585
904244
90424219577778
90424076
90423frsh
90423839
90423341
90423139
90422jkeby
9042270
9042259
904225
9042236
90422258
90422166
904218
90421395
9042130
9042121
904211
904210
90420974
9042090718
90420673
9042042
904200mb
9042005
9042001
9041rr81
9041ard
9041997
9041994
90419918
9041988
9041985
9041982
9041970
9041932
90419041
9041865
90418240top
90418
9041779g
90417669
90417480
9041703257
90416931
904167
90416605a
904164
904160829261
904155
9041541
90415323
904152rusty
9041464
90414437
90414260
90414
9041352
904135
9041338
90413201m
9041313
90413051
90413
90412813
90412648
90412482
904123
9041219
90411981
90411559
9041142
904111
90410909
9041078
9041068g
9041042
9041013
904100
9040mon
9040bcase
904099940
904099
9040962
904094
9040909
90409
90408fonp
9040881
90408424
904082
90408
9040796
9040757
90407185
90406p
90406760
90406651
90406466
9040625
9040618
90406043
904060
90405936
904058
904057
90405562
90405257
90405211
904050lms
9040506
90405020
9040490206
9040484
90404699
9040426
904040l
90404051
9040402
90403942
90403749
90403657j
90403645879
90403615
90403590
90403497
9040342
90403325
90403280
90403039
90403
90402874
9040279
90402668
904026
9040239
90402217
9040212
90402086
9040203l
9040198z
9040193
9040178e
9040156
90401429
90401166
90401024
90401
9040075
90400503sandra
9040022
9040021
904001
9040000l
904/80-81
903yuenyuen
903wmsc1c
903wayne
903tyler
903tre
903stick
903sports
903sabbath
903picotto168
903mps
903mejor
903m005
903love5071314
903klkpasa
903kings
903joy
903ismoloop
903hbsh
903gurl
903galen
903cripn
903chick
903brides
903boy
903atx
903_mexico
903SND4EVER
903LovEWitHYoU
903D
903CITY
9039lin
90399789
903997
9039956
9039880
9039865
9039844
9039828
90397felipe
90397928
9039777
9039751
90396603
9039645
90396
9039592
90395597919
903954300
9039522
9039513fredi
90395049
90395
903948
903943
90394
903938420
903937
9039356400
903934
9039314
9039294
903928
9039247
9039238
90392055123
9039168
9039152
903910
9039083m
903905
903903isdafault
9039035
90390151
9039
9038st
9038linda
90389stars
9038995
9038980
90389218
903891
9038893
90388773
9038833
9038802
9038791791
90387700
90387318
90387129
9038705
90387
9038651288
90386180986
9038594
9038578Z
9038559900
90385464451
90385302
9038526
90385
903848
90384656
90384232
9038422
9038410
903838942alexa
9038363
90383
9038264
9038252g
9038232qw
9038207
90382055
90381984
9038180
9038177
9038163203
903815th
9038140
9038123
9038085
90380308
9038
9037a
903799js
9037982
9037977
9037967712
9037935077
9037899
903787
90378523
9037823
90378108
90377296
9037718445
9037711HOM
9037695
9037674
90376362.6
90376090173894lovlib]Ek
9037601
9037588694
9037586
90375803
9037508973565
90375
9037477
90374510
9037383
903735
903732466
90372857
90372618
9037240
90372289
90372242alo
903721
90371994
9037160
90371251
9037114
90370494shatrany
9037003
9037-12-mujgan
9036dj
90369kok
903699
903694myid
9036942945
9036925
90369
903688618376
9036851
9036842
90368370
9036831
9036812
90367wrudm
90367710
90367594
90367194g
9036715421
903671
903670
903666
9036635
9036629
90366
90365900
9036567
9036563625
9036534
9036511
903650
9036472
9036461
90364449
903641350
9036392
903637a
9036339e
90362zobvu
9036295
90362645
90362466
90362204
9036214
90361909
9036179
9036174
90361512
9036141310321
90361014
9036094
903608
90360680
9036050
9036030
90360015
9035xjohla8n
9035leroy
9035baby
9035991
9035972
9035928005
90358568
9035853909
90358305
9035808
90357prsey
90357636t
9035748008
90357334
9035724
9035708580
90356yqmxq
90356440lavender
9035622
9035619663
9035608
90355989
90355827599
90355257
903548290
90354465
903541MOM
9035355
90353385
90353201
9035302
9035290
9035280
9035274674
9035258
903520
90351882
90351674
90351543
903514
9035105
9035092
9035086
9035063
9035047
903503
9035018
9034big
90349198
90348jl
90348835
903486
9034850c
9034801
9034784
9034756
9034663910
9034630
9034620
903460016
9034590
9034567890
9034559
9034551159
9034546
903453
9034524djgg
9034491
9034453
903443
9034413g
9034402
9034381169
9034331338
90342udkev
9034282naa
9034256976
9034246
9034242008
903423015687
90342211
9034212009
9034176
903416
9034130745
9034070
903403
9034001
9034
90339880
9033978
90339633
903394
9033928
90339152
9033913k/
90338oqkpq
9033893515
9033875g
9033845rozi
90338040
9033744
9033740
9033710
9033668a
903366
9033651
9033615
90335762
90335400
9033530
90335112
9033493
9033488
903346
9033430
9033400
9033391
9033378987654321
9033370j
9033360
9033342as
90333333lg
90333333
9033304
903329
9033287n
903328
903327JM
9033263e
903325vm
9033247
9033209
9033201
9033189
903317
9033152009
9033140fabi
90331221709
9033110
9033089
9033000
9032jwpy
9032980
90329563
90329039
9032898
90328875
90328800
903285
9032836
9032803626
9032794678
9032787446
903275
9032725
903270
903269
9032653
9032650
90326202
90326
9032592
9032577
9032551e
90325381
9032530
9032491197
9032460
90324492
90324370
903242
9032415b
903241
90323bozai
90323915
9032375770
903237
90323495399489
9032331
9032312
90322ffdr
9032285A
9032278820
9032262z
9032250
903224637a
9032220
90322
9032187
9032175
9032159
90321280
90321120
903210911
9032094
9032069
9032046g
903204
9032017
90320066
9032004
9031zp
9031lish
9031995
9031994
9031991
9031984pkk
9031979
903195abc
90319449
9031907
9031902
9031898
9031802j
9031795
9031771
9031731
9031723
9031719
903170
903166
90316
90315918
90315659
903156
903154
9031515
903151
9031506
9031491
9031474
9031469
9031463
903145
90314374
903143
903141
9031379
90313603
9031355
903134
903133
90312710
90312639
903124
9031227
9031216
9031215
90311Aa1
9031185
903116
9031122
903112-210789
903111
903110405
9031094
903107
9031040
9031020
903100125
9030wood
9030sv
9030cooper
9030beatricedominic
9030971
903095
9030908
90309
9030890
9030874b
903087158850
9030829g
90308144
90307932
9030776
9030747
903073011
90307108
9030692310
90306713
9030651j
90306346
9030613
903060
90305423
90305322
90305189
9030494
903047
90304508
90304378
90304055
9030404051
90303jokxh
90303852
9030365
9030327
903032
903030
90302jrxcf
903028
90302598
90302525
9030234
903020
90301Bug
90301959
9030165
90301545
90301440
903014
90301225
903012
90300ztmj
9030099ot
903007oO
90300638
90300550
90300387
9030025
903000798
903000
903/1729
902yenaing
902wooten
902sexi
902rod
902oneoh
902laramie
902king
902hotdog
902elmejor
902buattst
902biscuit
902AIN
9029j2a8
9029egdiy
9029999
9029986
902993429790
90299240goh
9029901
90298896
90298813x
9029856
9029838
90298101
90297673
90297578
9029757
9029743
902973
90297152
90296981
9029695
9029665
90296199
9029614
9029590
90295299etiquetanegra
902950
9029495
90294769
9029446
90294295
9029412
90293h
90293853Z
9029356
9029334
90293241
90293149
90293
90292954
9029284
902927
90292487
9029246
9029234
9029210
90291sports
90291986
9029192
90291855
9029153
90291427
902913
902912aa
902911
90290_a
90290847
902905ankburcea
90290379
9029022804
9029003
9029002
9028may
9028997
902899
9028975v
9028965
902893c
90289218
9028918
90289028s
90288Lc
9028868
9028842
9028815
9028808
9028775c
90287469
9028682
90286640
9028641
9028629
90286074
902860
902858
902857
9028530sarai
90284punic
90284970
9028495
90284751
902845a
9028451
9028439
9028424
9028410
90284058
902838
90283565
902831
90282997
902825
902822487
9028205
90281881
9028169
902814
90281292
9028121
902811528811
902810550
90280jr
902809nyb
9028090
902807864
902807
90280606
9028049
902804
90280305
9028023
9028012j
9028
9027ep
9027_ar
9027980
90279733
902796
9027943962
902793
9027911
9027878
9027856
902784
9027832
9027818
90278134
90277546
90277390
902771ut
90277
9027673
90276591
90276271
90275748
90275535
90275473900
9027532
9027518
90274ktug
90274780
902746
902745
9027442
90274334
902739
90273423
90273235
90273196
90272912
9027259
9027252
9027222
902722
90271984
9027184
90271656
9027157738f
90271257
90271032
902709bobok
902709
902706
9027033360
902703
9027024
9027018
9027015
902700
9026lakeforest
9026i7
90269616
902695
90269026
9026854
9026837
902680071v
9026781
9026755
9026729
9026712
90267024
90266729
9026653
9026633nic
902661246125733
90266032
90265a
9026574
90265544
9026533
90265011
90264890
9026449
90264257
90264101
90264
9026392
90263622
902635
9026331
90263093
90262j
90262a5
902629
9026282
90262744
902622
90262
9026177
902616
902615
902613153392008
9026126
902612
9026090gdt
9026079
90260715
90260644
90260488
90260247
90260115
90260036
902600
9025yjpui
9025rb
9025liz
9025ht
902598
90259589
9025935lplg
902593
90259020
90258911
9025883
90258625
9025849
902584
9025810
90258033
90257893
90257691
90257641
9025685
9025651
9025647
902563
90256253
9025597
90255571
9025526
902551
9025506
902550314
90254m
9025404b
902536
9025343410
9025335
9025328
902530
9025278
9025255
9025243
9025229
9025220a
90252084
9025201
9025184
9025180
9025159
9025148d
90251203h
902512
902511
902510
90250925
90250804
902506
902504marcosi
902500s
9024tsa
9024na
9024lr
9024kks
9024e6021
90249774
90249679at
9024939
9024905
902490
902484
90248202
9024806
902478e
9024775
90247646
9024759
90247235
9024714
902470351
90246859
90246806
9024675
902466
9024622
90245umhki
902458
902456
90245023
902448DMCFJP180890
90244632120
902444
90243965_kenyi_1
902436
90243353
9024311
90242nora
9024282
9024259
90242521
902420
90241842
902415
902411kn
90241
902408ace
90240735
902407
9024055
902403
9024.tsac.
9023tim
9023roxie
9023love
9023aj
9023aa
9023958
90239523
90239128
90239091
902390
90238524
90238426
902383
90238094
902380
90237910
9023784
9023765**LOMAX
90237299
9023722
9023716
9023705
9023671g
90236597
9023654
902363k
9023638
90236
902359634378
9023577
902357
90235500
90235435
9023533
90235081485
902349
90234876
9023473
902346468228
90234542
902343581231
9023428
90233yeswi
90233914
90233569
90233475
902333
902330csp
90232eydqb
9023293
902327
9023268ir
902326472
90232572
90232535
90232328
902319m
90231843
9023172
902315
90231331
90231146
90231
902309m
90230959042059
902309254
90230841
9023061
90230517nanny
902303i
902300017
9022x1
9022ans
9022@@5107sdo
90229978av
9022985
902296dmd
902295290
9022944
90229337
90229162
902291
90229063
902290
90228788
902287219
902285whs
9022854
9022822
90228
9022778
90227513
90227366
90227201
90227071
9022687
9022640
90226120
9022606
90225839
90225690
90225565
9022533
90225243
9022510
90224a911207
90224896
9022466
902245MS
902243
9022414
9022400
9022388
902238
9022342
90223366jossi4
902230
90222994
9022298
902229
9022278
90222574
90222340
90222222
90222048
90221ronk
9022191
902218
90221677
902213
90221234
9022110
9022100
9022099
9022090220
90220681
902205346
90220157
90220106
9022004
9021ramsey
9021hoe
9021ef
9021agosto
9021JORGE
90219d
9021994
9021993
9021991
9021981
902194
902190970
90218911
9021871
9021854kr
902183
90218068
90217931
902178
9021766
90217441345
90217239
90216921
9021674
90216677/*-+
90216549
9021643
9021630c
90216
902158929
902158
90215574
9021520
9021513
90214891
902147
9021458
9021452
9021430
90214219
90214004
90213ev0
90213996JOSE
902134689
90213411
9021331077
90213020
90212fd88
902128
90212618(ale)
9021258
90212245
90212161
90212049ccmac58
90211al
90211935
90211826
9021142
902114
9021131
9021121
9021119
902110q
90210ym
90210xd
90210wwf
90210uri
90210sss
90210sound
90210rules
90210pxv
90210ppp
90210pll
90210paul
90210p
90210oc
90210mv
90210metallica
90210me
90210m
90210ks
90210kk
90210jv
90210jenn
90210jb
90210if
90210hills
90210hal
90210gad
90210ford
90210eser
90210e
90210dude
90210dex
90210cops
90210bad
90210an
90210abv
90210aa
90210YH
90210KLP
90210GAF
90210BLMB
9021099
9021097
9021092
9021090
9021089
902108612
90210777a
90210769
902107333
902107
902106969
90210666
902106200
902105559
90210541bee2
90210504
902104kz
9021044563214
902103a
9021037n
9021036j
9021034
902103
90210247
9021023
90210212
9021021
902101994
902101919
902101714
90210159759
90210123
90210101193
902100t
902100p
902100j
902100A
9021003
9021000q
90210007
90210#
9021*YLH
9020may
9020juua
9020991
9020979
90209386
902092
90209128
9020906
902090
902089004071991
902087
90208561
902085
902084
9020834
90208225072
902076lu32
902074343
9020739
902073
90206615
902065sc
902063
902062137hello
9020619
90205990
9020566542
90205496
9020534
9020522
9020502a
90205
9020484
9020464
902046
90204385
9020419
90204077
902039akco
9020378
902033
90203160uyen
9020304
9020299e
90202909
90202838
902027
9020260
9020230
902020
90201908
90201882
90201794
902015
90201427yanina
9020140
90201323e
90201279
9020123rd46
9020118
90201055
902009
9020064
902003
9020014
902/945
902-234-111
901yuki674
901wwe
901vbalz
901trpdf
901syracuse
901solja
901rw901
901redbone
901popcorn
901nigga6
901nesha
901mru827ams
901mm
901memblud
901main
901kid
901inlove
901hhh
901haven
901grant
901dell
901byv2006
901bound
901blinds
901baltimore
901bacoor
901avh036
901allen
901_204
901SIENNA
9019alesai
9019986
90199801
9019966
90199496
901993
9019904
90198cheer
901988i
901987hlr
9019866
90198491
90198201
901980
9019733
901972907809375
90196754
90196513182431
9019648
9019646
9019634
9019627
901962412345
9019607
90195oc
90195867
90195760
9019540
9019529
9019517
9019501
9019498896
90194916
901947steaua
90194686
90194177
9019397
90193590
90193433
90193026
9019288
9019286
9019274175
901925
9019237
90192287pablo
90192201
90192103
90191a
9019189
9019175
90191701
9019155
901912th
9019123
901910
90190S
9019090
90190758
9019065
901904701096887
9019032
90190263
901902
901901a
9019016
9019003
9019
9018morley
9018love
9018kelsey
9018hugh
90189766
901891
9018903l
901886
901885
90188387
9018784
9018771
9018759
9018751
901873
90187273
9018715545
9018707617
901870
9018681
9018643
9018626
901861
90186
9018567
9018560
9018511
9018508
90185
9018496
9018482
9018473123
90184582
901844
90184295
90184
9018381
9018353
90183239
901831
901829
90182489
9018238
9018227
90182141
90181oo
90181b
9018199
901819
90181890
9018164655
9018156
9018152
901815
9018128
9018103726590321
90181008
901807949
9018051
901804
901802w
901802586
9018018
9017sis345
9017me
9017l2
9017connor
9017992z
90179766
9017955
901793
901791147
901790526
901787
9017824e
9017822
90178028687*
901778s
901777
90177577109
901773
901772563
90176972g
90176737
9017645
90176376
9017625843
9017624
9017568H
90175663
9017530
90175206b
901749897
90174916
9017476
90174591
90174371
90174262
9017414
9017407
90173728AZ
901734354
9017324
90172952
901729
9017270
901725
9017245
90172415
901722arcene
901721789
90172001milagros
90171987
9017190
9017181z
9017163
901715
9017143
9017135
9017101
90170927
90170415
90170265
901701987
9016rv
9016march
9016darbyncb
9016982
9016944
9016927j
90169207
9016917142.0lw
90169016
901689
9016850
9016836
9016823
9016811
9016788123tph
9016788
9016775246
901676
9016752
90167337
901672449
9016708
9016698
9016689
9016653gari
90166470
90166245
9016610r
9016606
9016589
901655
90165448
9016520426
9016496896
9016490
90164752
9016461213
9016448
9016442
90164411
90164337
9016426
901640
9016374
9016356
9016325
9016262959
9016244
901623
90162025
901619
901617
90161610
90161257
9016090130
90160760
9016066
90160490
901604
9016027
90160213
90160124
9016000
9015montclair
9015har9015har
9015982
9015951
901594
90158952mikarina
90158884
90158375
90158308k
90158054
90158
90157865
90157499
9015740
90157207
90156869
901566
9015624386
901560
90155956
9015571
9015538
9015533
9015526681051
9015504299
9015489
90154507
9015430
90154269jaja
9015422b
9015400
9015385
901537
90153662
9015361
9015337
9015319312
9015278092
9015251
90152399
90152316
901522
90151976
901519
9015175
901517
9015155
9015141465
90151404
9015123-123
9015113
9015104705
90150971
901508l
901508
901507
9015059115
90150500
90150473
901503
90150014649
9015-9015
9014so
9014ever
9014angel
9014984
9014977
90149614
901496
901495638721
9014949152
90149365
9014930
9014902
901488
901486s
90148626
9014859
9014854
901484334423
90148133
90147jasmanyo
90147002
901469
9014680a
90146484
9014638
90146269
90146
9014596
90145925
90145769
901456
90145523
9014545
9014527876
90145048
90144927
9014439
90144266
9014388
90143645
9014319
9014307ac
90142883
901426
901424
901422
90142107
901421
901418
9014151
90141378
901413
901411RG
9014100
901408
901406901406
9014010704lm
901400
9013marge
9013ff
9013abc
9013995
9013963194
901393
90139201l
90139102
9013902
9013901
901388
9013866
9013852
9013838355
9013829
9013811
9013779
9013751
901374
901372
9013704
9013703
9013695
9013657
9013642793669928
90136263
9013624j
90136
9013586588
9013564778
90135399
90135374
90135201
90135094
901350
9013484
901347
901346
90134498+
9013446n
90134238
9013414
90134
901338c
901337160
901336
90133578
901334152J
90133398
9013318867
9013309
90132934
901329
901327trinidad
90132701
9013250
9013210083
9013205
9013185j
9013175
90131543
901315
9013141
90131278
901311698
901311
90130883
9013060
901305
9013045
901303
901302152cm
9013
9012will
9012spania
9012paola
9012mickey
9012maldonado
9012bananamoons
9012Y
90129951
90129757
90129531
90129415
9012901
90128859
901288
9012875
9012852
901284yf
90128387
90128257
90128131
9012800928
9012782
9012761
9012741
9012738chql
90127223
9012715
9012712
9012708
90127
9012682524
90126584
901265289
9012637
9012636
901261
90126
9012598
901258686
90125667
901254681
9012530
9012523
90125110
90125050
9012492
901249
901247
9012454
90124373
901242190
9012403547
9012388278
90123500
90123414
90123332junio23
90123178
90123163736
90123163175
90123158775
90123157132cata
90123152408
90123113
9012311
901231016041
90123077759
90123030
901230045393
901230016381
90122967890
90122954
9012291456
901229125214
901229**
90122862908
90122862126
90122861740DANIEL
90122861693
90122859796
90122854
901228146339
901228045271
901227722109
90122758701
90122755532
901227145449
90122676284
9012266345
90122653934
90122651958
901226035387
901225lili
9012256900321
90122561010
90122550434
901225145170
901225075766
901224a
90122479357
90122459070
90122454010
90122453234aleja
9012242
901224075289
901224035519
901223k
901223cafg"
90122361739mila
90122359610
90122357499
90122355291
90122351776
901223125766
901222lamejor
90122259217
90122255203
90122252590
90122238533
901222146370
9012221
901221ffyc
90122162094nico
9012215534
9012211
90122060860
90122060143THERI
90122051020ZZ
90122050253
9012204
901220145489
90122010
901220025161
9012200
90121persi
90121978406
9012197642
90121952962
90121950811
901219501701419
901219146222
901218FJ
9012189
901218673027
90121860227
90121853441
90121852801
90121851309
90121824vane
90121812
901218065703
901218045112
901218015618
901217street
90121776625
90121769173jhon
90121760125
90121752319
90121714
90121707
9012170256622u
90121660228
90121655623
90121652578
901216035199
901216015972
901215ab
90121580356
90121574534
90121562749
90121560215
9012151990901215
901215106012
901215035023
90121477610
90121461012
90121458550
90121452927
90121452536
90121450118marce
90121406
90121377631
90121361808
90121357843
9012133b
90121318
901213075259
901213025454
90121276347
90121251042
90121212
901211s
90121160896
9012114
901211125216lovetvxq
901211095176
9012110
901210kwan
90121079690
90121061901
90121055
9012105031
901210126719
90121011
901210016261
90120d
901209d
90120975799
90120966706
90120961682
90120951458
90120951270
90120914
901209045161
90120901
901208hola
90120854290
90120851534
90120831
901208085233
90120801
901207dgsa
9012076115
90120755411
90120750037
90120718
90120700
901206da
9012067
90120658734
90120655131
901206136199
9012057164
901205145384
9012051
90120475990
90120469435svr
9012046272
9012045230
901204146481
901204085287
901203lr
901203a
9012036
90120352414
9012035061
901203095109
901203065225@
901203-50217
90120260
90120250077
90120242
901202105619
901202025280
901201rui
9012018jc
90120180125
90120170170
90120161562
90120160310
9012013891
90120108
901200j
9012006wii
90120057
90120010
9012
9011university
9011sapo
9011lenea
9011dad
9011R
90119984006401
9011997
9011993
9011990
9011987
9011986
9011982
9011975mail
9011963
901194
90119113
90119011s
9011888
901187
901183
9011812lj
901181015
90118064
901178sf
90117461
9011733
9011729
9011714
9011698
9011651
90116413
901160
9011578
9011561
90115543
9011547
9011531r
90115225
901152
90115021
901148
901145
9011443
901142772
90114152
90113977
9011372
9011339i
90113173
901130901130
90113068506
90113060327
90113050283
90113021
901129vizwirun;
90112996
90112976204
9011296354
90112950345
901129105160
90112900
901128america
9011287067
90112850375
90112842
9011281l
90112808
901127xxx
901127boy
90112754406
90112751997
9011271314
901126a
9011269042
90112677673
90112661904
90112653375
90112652247
901126176
901125yl
9011252
901125095137
901124eryz
90112473121
90112460321
9011245678
9011240822
901123ling
901123920109
9011236690
90112360254
90112354971
901123486
90112316915
90112310
901122s
90112277691
90112271
90112257917
90112236jj
901122145290
9011221
901122055295
901121t
90112178
90112171494
90112160123
90112154913
90112132
901121136018
90112107
901120792
90112059031
90112054
90112051
901120146230
9011201
901120075161
901119hahaha
90111961742
90111955351teAMO
90111953632
90111951712
9011193525
901119015284
90111861543
90111850541
901117a
90111757517
90111750121
901117136031
90111704258
901117016777
90111676690
90111663164
90111658314
9011165249
90111650
90111610
901116065593
90111594
9011158
90111562970
90111557305ERIK
90111551510
9011152
901114s
90111462240
90111458390
90111420
90111414
901114015074
90111355648escorpio
901113145862
90111314
9011131359
9011130214
90111259398
90111254884jz.
90111251656
901112136219
901112085511
9011118556
90111158079
90111110
901111-01-5503
9011108230
9011107
90111058872
90111053250
901110136426
901109a
90110991
90110962834
901109610
90110951069
9011092007
901109055258
901108v
90110857399
90110853270
90110852192
901108105276
901108065067
90110762369
90110755499
901107512300
901107075829
901106diana
90110662776
90110661729
90110659503
90110656148
90110651979
90110621
9011061
901106075480
901105emvr
901105abc
90110565606
9011056
9011055722
901105145942
90110513
901104eb
90110450582
90110428
9011040
901103LAUSlaus
9011039042
90110378385
90110361458
90110323
901103-08-6088
901102as
90110264720
90110253230
90110251563
90110231202
901102135132
9011020750
901102008
90110183088
90110156277
90110152182
90110127
90110119
901101105636
901101025185
901101-51038
901100
9010sj
9010bollo
9010a5215
90109kj
901099070
9010965
90109524
901093jl
9010934
901093
901092103
90109183
9010905
90108w
901089
90108725
901086
90108421
9010829
90108136
901080943
9010801
9010789
90107770
901077
90107662
90107362
90107195
90107
9010699
90106795
9010671
90106602
9010627
90106221
90105912
901058m
90105675
90105642
901056
90105460
90105272
901051368
90105
9010486
901048
90104664
9010445294
90104257
901042
9010418300
9010413
9010409295
901040
901039374
9010380
90103607
901036
9010344921
9010335
901032
9010316299
9010315775621457197
90103152339
90103123
901031146693
901031115483
901031016450
901030900915
90103067*mrz
90103062305jefferson
90103054140andre
90103034
901030125647
901030095097
901030036329
901029801121
90102963996
90102954687
90102929
901029145915
901029115126
9010290899
901029075769
9010290113
901028901028901028
90102879316
9010286236
90102859013dani
90102851721
9010282
90102810
901028085068
901027lina
901027a
9010275136
901027115210
901026yuyis
90102692
9010268j
901026789
90102668188
90102655701
90102650297MRc
901026145602
901026105256
901026086059
90102603
901025yesi
90102563556
90102560
90102554301
90102551860
9010254
901025146267
901025075489
901024f
901024azurazack
90102453432
901024520612007
901024146302
90102413
901024*L
9010239
90102371207123
90102352709
90102350234
901023085341
901022l
90102256700
90102255746
90102254383
90102250736
901022145314
901022105400
90102202
90102178199
90102172166
90102162535667275
90102157450
90102151339
901021105505
901021017054
90102062042
9010206
90102051601
9010201816
901020138
90102012
90102005
901020036309
90101c
90101972746
90101959138
90101927397
90101908
901018hdfrzn
90101860360
90101859699
90101856479
90101851450
90101821871
901018115438
9010180751
901017chica
90101787
90101777730
90101769878
90101766410
90101764388
90101759117
901017136448
901017086639
901017035022
90101679160
901016605038
9010165473
90101650404
901016182
901016126547
90101604
901016-56097
90101570494
90101560081
90101552151
901015145543
901015145308
901015126115
901015025736
901014ci5245ma9
90101478610
9010145e
9010142799
901014126551
901014*
901013_nic
90101363235
9010135262
9010135192020773
901013085102
901013065267
901013015470
901012aj
9010127576
90101258911r11
90101255050
901012136692
90101203
901011sgm
90101177784
90101168904
90101160725
90101159476
90101155462
9010113
901011136658
90101110
9010110
90101059013
90101058777
9010105483
901010126669
901010085289
901010025745
90100pcms
901009k
9010092
901009145694
901009125087
9010090123
901008J
9010088232
90100863439
90100852674
90100819
9010080855
901007a
90100775297
90100760
90100758694
9010071652
901007-01-5183
90100663219
90100654899
901006115211
901006035107
901006015122
901005940226
90100563842
90100560010
90100552140
901005035340
9010048546890100465468
90100460261
9010045294
901004135294
901004036149
901003ai
90100366
90100350997
901003145781
90100303angah
901002rockja
9010028510
90100275235
90100264861
90100251476
901002115193
9010020702414
901002035767
901002025366
901001@
90100170450
90100168609
90100160
90100157780
90100156678
9010014
90100114767
9010011
9010005
901000035816
901.TMS
901-5558
900you
900words
900wfljdm
900wei
900vala
900turbo
900tsyr
900tjk
900thi
900strongdollars
900ss93em
900spudy
900sixand3five
900rrr
900rranna
900rools
900race
900pop
900pimpman
900overandout
900nisadon
900niggas
900mrahc
900miles
900mcnasty!
900mapaches
900lollipop
900lattard
900krb
900keyz
900k800i900
900jorge
900illion
900hotboyz
900history
900hernandez.
900grand
900giraffes
900flip
900dip
900der
900day
900cuties
900cool
900ccw
900cam
900boss
900blok
900blk-conned
900bear
900bambi900
900arshiya900
900ale
900ZONE
900MHzz
900MH2
900ChRisT
900BaseT
900BLK
9009ztrqw
9009red69
9009mdl
9009lynn
9009family+
9009ae
9009HUI
90099997
9009990
9009980
90099735
900995
90099330
90099318
9009929
90098katracha
900989
9009870
9009869
9009864
90098448
90098273
9009808
90097700922
9009768
9009758
9009744devil
900974
90097201a
9009713
90096a
9009693
9009683
9009671
9009628
9009621
9009619
9009599
900953
90094a
9009484
900948
9009461
9009433
9009409130
900940537929
90093954
900937809182604360
900933ikel
9009326
9009306949732669
90093057723anjos
90093055275
90093010
900930/
90092979
90092972061
90092955558
9009295413
90092951064
9009294
900929126408
900928jhones
90092882070
9009287599
90092866020
900928170
900928126342
90092808
900928055097
900927frfc
90092774758
90092770779
9009273
900927126236
900927065496
900927055271
90092671
90092652385
90092626975
900926115535
900926016166
900925E
90092576
90092570338bta
900925540491990
90092544000
900925105853
90092501
900925-05-5091
90092466
90092456152
90092451835
900924209
900923guapo10
900923carol
90092382
90092360961
90092358665
9009231patrick
900923016638
90092267490
90092259322081186
90092251976
900922085631
900922.N
900921j
90092151912
90092150037
90092116
900921035827
900920m
90092069353
90092058866
90092010
900920045337
900920025897
90092
90091968990
9009196177
90091946
900919085489
900919045655
900919016336
90091901
90091881453andrea
90091863790
90091819
900918106335
900918075035
900917ckin
90091770511
90091755415
9009175228
90091664533
900916589164
90091651385dan
900916136009
900916055428
90091568097
90091564050
90091562
90091559624
90091535
900915015424
90091458976
90091458089
90091452706
90091422
900914115669
900914086191
9009140
90091385
90091361620
90091350784
9009131259
9009130
90091272313
9009126
90091258829
900912146242
900912145282
900912085216
90091206
90091204
900912035382
900912015197
900911w
9009117777
9009116282
90091160101
90091152516vero
90091151358
900911146945
900911055517
900911-55221
90091082933
90091063971
90091058706
90091054794
90091051787
900910145932
9009101
900910075655
90091001
90090986
9009096217
9009095091
900909145601
900909036237
900909003
900908726
90090861904
90090853979
900908086224
900908025704
900907smile
9009073713
9009070a
90090704
900906estef
90090669
90090657711
90090652264
90090627
90090623
90090611
90090606
90090604
900905eliot
90090575359
90090564004
90090562184
90090558756
90090553070.gars
900905520
900905145567
900905105223
900905086229
900905085648
900904fz
90090488
9009045
9009044745
90090418
900904035411
90090355359
9009031159
90090263946
9009025172
900902015046
900901900916
90090177779
9009015658
90090151966
9009012
90090104576840
900900m
900900dubb
900900911
90090090
900900700
90090049
9008zipvd
9008rr
9008js
9008del
9008cw
9008cha
9008@19#
90089904
9008989
900897
900896
90089110
90088d
900887
900886
90088333
9008821
9008801297
90087900876
900879
9008784
9008776
9008766
9008762
90087501169
9008737a
900870l
90087059
90086PURPLE
9008686
90086681
900866
90086371
9008614229
90085955
9008580
90085749
90085699
9008548179
9008527
90085196
9008482
90084742
90084474
9008428
9008390
900836
9008353
9008348
90083441
900834
900831CYS@@
90083164556lya
9008315669
9008313
900830killy
90083074689
90083066457
90083058276
90083013
90082a
90082956467
90082952
9008295
900829146225
900829106004
900828jb
90082879438
9008285637
900828126441
900828085387
900828030455
900828015303
900827ll
9008277
90082758347
90082750052
900827095161
900827065624
900826libib
90082655360
90082654177
90082652670dayanita
90082571441
90082565433a
90082563252
90082562370
900825085197
900824felipe
90082462006
90082456446
90082452876
90082451
90082421
900824146533
900824126057
900824*54674
90082379575
90082353657
900823045474
90082270620
90082258239
90082220
900822105279
900822065182
900822035012
90082161960
90082155979jenny
90082154107
900821075290
900821-52988
900820wwy
900820kjb
90082068391
90082059430
90082056954
90082027
900820145429
900820106307
90081977690
90081959349
900819105868
900819085342
900819025649
900818reen
90081880
90081862094
9008185864
90081850142
90081818
900818136670
90081760143
90081758203
90081753198
900817126171
900817085437
90081703
900816j
90081662060
90081637
900816146058
90081614
900816035673
900815j
90081572991
90081557917
900815145387
900815085249
900815055138
900815.yop
90081463203
90081458692
900814145676
9008141022
90081409
900814055179
90081401
9008137
90081357896popo:
90081355346
90081353912
900813145404
900813075979
900813025701
90081300
900812ps
90081278716
90081259576
900812146106
900812025013
900812015210
900811DM.
90081164966
90081150493
90081112
900811075318
900810pol
90081065330agosto
90081053943-pipe
90081053617
90081020
90081015
90081010089019567505
900810-52874
90080966198
90080954769
900809146455
900809145495
900809055123
900809025119
900808bpr
90080878825
90080875419marcela
90080863143
90080860977musica
90080829
900808145944
90080808
90080767012
9008076489
90080761260
90080753259kate
9008073
90080712
900807045457
9008068
90080652410
9008065
900806085765
90080552717
900805145877
900805075397
90080480
90080452658
90080450175
90080411
900804105849
900803waca
90080351878
900802sm
9008027
9008026
90080255429
90080254490
90080250630
900802025642
900801f
90080188
90080159810
90080156676
90080154037
900801145263
900801126169
900801095075
90080103
9008009
90080
9007npq
9007hw
9007ee
9007ben
9007982
9007942
90079379
9007924
9007915
900790400
9007879
900786
900785
90078204
9007815a
90078065
9007798
9007789
9007779
9007764
900774
9007723
90077116
90077070
90077
900768
9007660
9007634
9007618
9007602
900759208
90075484
900754
9007494
90074764
9007472
90074672
9007464d
900745
900743mkd
9007430
9007416
9007387
900735
900731love
90073175215
90073163004
90073150751love
900731145048
900731075115
9007310148
90073061287
90073057336
90072pp
900729619263316949
90072956078
90072950916
90072872
90072860798
90072851900
900728137063
90072759752
90072755200
90072752804
90072750330
90072745
9007271b
900727-823
900726DD
90072651250
900726115469
9007260358050148139015
900725cisca
90072584
90072564
90072552961.i
9007255
90072513
900725055548
90072471
90072455974
900724145859
9007241106
90072410
900723amad
90072352377
900723016764
900722Cv
90072263960
90072256920
90072254480
90072250701
900722115445
900722025562
900722-68449
90072168
90072154702
9007212
900721075453
90072100
9007206530
90072027
900720066002
900720016953
90071969869
9007191372800611
900719105561muhd
900719045407
90071878138
90071867993
90071860832
90071853
90071812
90071758795
900717146319
900717086280
90071703405
900716cris
90071672017
90071651575
90071613
900716125030
90071605r
9007158
90071557471
900715145312
900714J
90071462608
90071453285
900714146081
900714086349
900714065046
9007139057
90071365050
90071352594
90071312
900713065984
90071257
9007123640
900712135289
900712086118
90071206
9007120
90071157651
90071152986
9007111aaa
900711086351
90071072796
90071053821
90071012
900710025434
900709logddany
90070958731
900709085659
9007090414
900708956
90070865790
90070857196
90070851937
900707a
90070764279panda
90070754850
900707115682
900707-58538
900706c
90070667427
9007065175051750
900706126419
900706126275
900706055307
90070578823cali
90070551950
900705147082
900705075234
9007048
90070458070
900704195
900704123
900704016195
900703ke
90070360496
9007036
90070356367
90070352310
900703101
900702c
90070263016
900702591
90070254718
900702085023
900701pipiey
9007016286
90070152338
90070132
9007009
9007
9006sg
9006love
9006er
9006camass
900696m
9006938
90069271
90069117
90069006nt
90068747
9006863
90068590527
9006806
9006789243301
9006761026
9006735
90067246
9006708
900669
90066778sux
90066503
9006640
9006631892
900663
9006616
900660
90065z
900659
9006575
9006565825121104
900656
9006555
900652
90065106tekelo
9006464i
90064063201
9006393
90063778
9006361
90063544
9006344
900634
900631
900630953
90063058920
9006305435
90063051836
900630125603
9006294
900629145332
900628jenny
900628863
90062860250
90062855176
90062852444
900628105750
9006280
90062777
90062761805
90062759053
90062751958
90062716
900626_cap_
90062677049
90062669615
90062617
900626145943
90062576900
9006255807
900625065634
900625025704
900625015207
90062456808FAC
90062451334
90062447
900624145691
90062372957
90062357958
90062355335
90062272243
90062253192
900622125208
900621love
90062190
9006216057
90062154340
90062152990
900621137194
9006210150
9006207
90062057962
90062037
90061|052533yhara
900619da
9006196
90061917
900619086375
900619075318
900619015710
900619-58974
90061876439.
90061856594
90061804
90061754830
90061751865
90061750648
900617125203
900617026053
90061657079
90061652549
9006164
900616055100
900616-13-8803
90061560253
90061553400
9006153abcd
900615145294
9006150
900614a
90061460
90061459030
90061454860
90061450237
900614106015
900614065639
90061359779
90061351077
900613086382
900612kk
90061266339sara
90061255345
90061252095adam
900612145133
9006116695
90061154638_martik
9006115099
9006112196
900611145959
900611-57963
9006106357
90061054528
90061051766
900610105445
900610025576
90060D@
90060971926
900609531707500
90060951097
900608a
90060859140
900608240206
90060808
90060802101DACO
90060758351
900607537756435202
900607146457
900607126405
90060665
90060661170
90060658632
90060651077
900606226X
900605xxx
90060558794
90060551293
90060513
9006050
90060463050
90060406
9006037
90060330
900603138775
90060271665
90060256437
90060252393
9006025045
90060213819101
90060209
900602075194
90060173173
90060162483
90060160650
90060157552
90060153727
90060151570
9006010901
900601025168
9006009
9006*
9005npvmu
9005mayerly
90059ca
90059955
9005960
9005949
9005937klm
9005933
9005926
9005890
90058792
90058639QY
900585
900583
90057990
90057818
9005774
90057543
90057391
900572smg
9005726z
90057179
900570
9005681352R
90056736
900565190
9005651
90056355
9005629
9005610
90055558
90055457
9005520
900550J
90055081
9005477
900544a
90054381
9005422
900541
90054
90053858vic
90053767
90053624
90053611
90053411
900532
900531i
90053164292
9005315676
90053152952
900531105578
900530nor
9005305278
900530115192
900530.paulo
9005293772773
90052907
9005290383
900529016576
900528de
900528595722446
90052851334
90052826
900528145544
9005281052
900527yany
90052763397
90052754975
900527086191
90052667
90052658313JUANA
90052650177mc
9005263
900526086085
900525JEN
9005258090
90052559021
90052557
90052554593
90052553198
900525145725
90052511
900525085179
900525065442
9005248216
9005245933
900524146056
900524015689
900523j
90052369192
90052359693
9005235162
900523075583
90052301
90052255839
90052253445
900522045681
900521_jy
90052197
90052167409
90052155389
900521086385
90052102
900521015202
90052061767
90052059770
90052054663
900520139465
90052003068
900520.lady
900519ivan
90051960
90051958127
9005195
900519145016
900519025348
900518880810
90051863401
90051857274
900518145487
900518125718
900517ndv54076
90051769553
90051759680
9005174595
900517055391
90051663380
90051659057
90051654950
900516125968
9005160
90051558978amgr
90051553860
90051542h
90051476297
90051412
900514025090
900513e
90051366653
90051359320
900513125938
900513085294
900513025582
90051271
90051266063
90051253913
900512115244
90051161920
90051160591
9005115719
9005115
900511086007
900511085178
90051061054
90051060090
90051057
900510065490
90050d
90050974439
90050952974
9005095021
90050918
90050909
900509-62570
9005087036
90050856657
9005081
900508-59125
900507n
900507900421
90050755435
90050750670
9005071
900507.3
900506911213
9005063863864725
900505DAN
90050556157
9005054
900505145250
9005050513jose
900505015528
900504s
90050477583
9005046058
90050458791lina
9005041km
90050401
90050390
90050368326
90050362883
90050352390
900503086015
90050300
9005027
90050263028
90050256048
90050251437
900502222
90050206
900502010
9005020
900501r
90050164275
90050157350
900501085609
9005000
9005
9004taboo
9004life
9004bear
9004BremseSpor
90049danne
90049750
9004910
90049
90048842
9004871
9004847
9004839b
90048326
90048311
9004814
90047900
90047819
900477
90047561
9004748339249859074
9004729
900472
900470
9004691
90046781
90046652
900465
90046465
9004632908
900462a
90046200
900462
90045946
90045710
9004552J
90045266
900452377
90045218
90044ca
90044968
90044569
9004449
90044201
90044109225449
9004395a
90043738
900432
90043060677
90043056297
90043054626
90043053
9004305175943
900430145810
900430105501
90042a
900429pa
90042955956
900429125601
90042893
90042862486
900428582923
900428016681
900427azie
90042759570
90042751790
900427045181
9004270
900426aku
90042657025
90042651957
9004263
90042612
900426035045
90042579792
9004256350
90042560389
90042556r
900425025881
900424@ju
90042460752
90042455910
90042454302
90042450897
90042401
900423ijer
90042367728
90042358079
9004235446
900423045360
900422776
90042250189
90042210
9004220020
90042178283
9004215649
9004215547
90042154783
90042127
900421075654
900420KIMROCK!!!
90042061980
90042058164
90042057575
90042031
900420115466
90042008
900420015801
900420-51437
90041999
900419840817
90041955170__
9004192
900419.
90041875479
90041857799
90041818
9004181032
900417bobo
90041759363
90041751656ju
900417146173
900417115641
900417086254
900416edy
9004166552
90041659865
9004160837
900416065240
900416055253
9004159090
9004156810
90041561547lm
900415145425
90041512
900415105730
9004150i
9004144x
900414105536
900414075031
90041403
9004138092N
900413519333
90041330
900413126626
900412922259826
9004127
90041260156
900412137374
90041156
90041152124
90041114
90041110
900411035579
900410ima
90041071485
90041014
900410085187
90040958958
90040954391
9004091468
9004090252
900409-63420ti
9004087065
90040855130
900408155027
900408125581
90040807602
90040805342
90040777481
90040751407
900407035218
900406j
9004066
90040652964
9004062708
90040614
900406075330
900405a
90040577
90040554377
900405145181
900405075339
90040451780
900404137980
900404105890
900403h
90040358950
90040354980
900403105872
90040263771
90040261922
90040250319
90040213
9004020
900401664zhen!
90040158781
90040134
900401105203
900401025991
9004007
9003y17
9003pollo
9003kr
9003jk
9003992
90039846
900397
90039584
90039023
90039003hfek
90039
900389505
9003875
900387
90038464
90038436
900383
900380903
90037bdcfa
9003782
90037640
900375858
90037475
900374
900373578
9003716
90036902a
90036776
90036483
90036430
900363853
900363383
90036245nandotk
900362261
90036202
90036032kamef194
900360
9003593
9003585250
9003577
90035660
900355
9003546abc
9003541
9003538
90035300
9003526
900351t
90035045
9003495
90034826410065
90034626
900345
9003449200
9003428
9003423
90034173
9003409
90034009
90033lopez
9003383
900337
90033568
900335107
9003347
90033435
9003328840
900332
90033167813
90033161610
9003315207
900331145647
90033070
900330146090
900330086294
90033001
90032svtzv
90032957292
90032951138
900329147125
90032862
90032852130
9003281
900328016107
900327901i
90032750736
900326HPLRZx07
90032660753
9003265136
90032629
900326065335
90032556417
900325.
900324p
900324naciyo
900324900324
90032461750
90032455130
90032450775
9003241669
900324015385
90032359069
9003231464200110
900323077
9003230
90032259412
90032255182
900321andres
90032167704
90032162370
90032157709666
90032152871
90032114
9003211
9003210754
90032073416
90032058131
90032054080
90031990Jen
90031954214
9003195248
90031951584
900319146014
900319026063
900318713
90031858053
90031850133
900318103
900318025130
900318015303
9003177
9003175926
90031758407
900317125682
900317105884
900317065704
900316gl
90031654830
90031650126
9003161
900315@5682
90031558734
90031556189
90031550164
900315146578
9003151201
900315045275
900314abc
9003146422
90031461366
90031452480
9003140962
900313eridan
90031360519
90031326
900313145512b
9003126
90031252015
9003123065
900312025885
900311cyc
90031176513
90031160
90031159546
9003115
90031129634911
900311125438
90031069792
90031061333
90031060.s
90031053187
900310.cachepalo
900309tan
90030969919
90030955560
90030918
900309125615
9003087841
90030861808
9003081514503
900308075388
900307gL
900307911101
90030752430
900307135369
900307105725
900307086130
9003067
90030655019
9003065
900306146146
900306025635
9003057970
900305435341
9003051
900305045159
90030484
9003046206
90030460676
90030453866
90030451219
9003042
900304135443
90030367
900303108
90030307
90030303
9003030001
900302k
90030262467
90030212
900302105240vivi
90030200923
90030164953
90030161369
90030155130
90030127
900301146016
90030104
90030
9002yalp
9002tan
9002spntr
9002mu
9002icb
9002approved
9002GNUK
90029960
900298
900296
900295253
900294939
9002946
9002929
900291206
9002910
900290699
90029
9002898
900289019
9002882
900287ld
90028737
9002859
90028524735
9002834
90028065
9002803
9002793
900278
9002758
9002740
9002729
90026j
9002672
9002665
900265
90026329
90026213
900262
900260380
9002601
900259904
9002572
9002564
9002550
900253
900251990
90024918
9002474
9002468
9002465
9002443
900242906
900240875
9002399
9002361k
9002345
900234
9002316
9002296
9002287702
90022859047
90022852441
900228045285
900227855059
90022767851
90022745
900227146121
900227036109
9002268
90022658750
900226565033
900226137290
900226055279
900225qwerty
9002257123
90022562
90022554459
900225145424
900225074985497
900224a
9002246
9002245
90022368795
90022328
90022313
900223075805
900222ndh
9002227149kawsar
90022218
900222035756
90022152091
9002214610
900221025732
900220na
90022075925
90022045008
90022001
900220-11-5365
90021c
9002197110
9002195473912
900219146631
900219015164
9002190
900218pg
90021859256
90021850322
9002181898
900218025133
90021778
90021755850
90021751234
900217035487
900216900216
9002163
900216145369
900216105981
900216045333
900216035127
900215am
9002155
900215085608
900215016397
900214@chan
90021461530
90021457115
9002145356
90021452563
9002145
9002143145
900214128
900214026657
90021384
90021359288
9002132
900213086746
90021301
90021284
90021256250
900212145935
900212055390
900211792a
9002115568
90021079340angi
90021061203
9002105
900210138184
9002100
900209vivian57238
90020960247
90020959818
90020955570
90020951698
900209086137
900208s
90020867816
90020857322
90020850930
900208055128
900207e
900207@miz
90020757816
900207571
9002071
900207085165
900207025218
9002068
90020658620maju
90020652836
900206136696
900206025339
900205955
90020560850
900205085516
900205035199
900204am
900204584871094
90020411
900204025183
90020358938
90020352360
9002033513
90020309
900203055305
90020258550
900202105323
900202065026
900201SaRi
90020158831
900201435259
90020112
9002010
90020060
900200176
9001us1
9001sc
9001ridge
9001jordan
9001by
90019z
90019T_R_N
900198
90019666
900195x4
90019299
90019223
900192
9001916c
900191227
90019110
90019021
90019
900188
9001878050
90018750
900187
900185
90018406349
9001831
9001829
90018204
90018198
90018173
9001811
900180
9001791
90017863
900177
90017264
90017149
90016j
9001695
9001688353
9001661
900163657
90016154
90016108x
9001610427
9001606
90015985
900159
9001564
900153911
900152697a
9001523
900150a
9001508
900150
900149497
90014813molina
90014753
9001465948
90014352
9001430
90014016
90014
90013929
9001388hte
9001369
90013643
90013580
9001342
900133722
9001335
900133
90013167760
90013160065
90013153522
9001313
900131060
900130kijang
90013050510
900130075363
900130025999
90013000390
900129taz
9001295
9001291
900128628302605
90012861620
9001284016
900128126061
9001280856
900128015484
90012773330
9001275870665213
90012754107
900127418
900126clah
90012678338
90012662822
900126543016
90012651642
900126125671
900125me
90012557255
90012511
900125-6670010
90012468660
90012452704
90012411
900124055331
900123a
90012376960
90012360796
90012359097
90012350626
9001231
900123075576
9001230
90012262026
9001225
900122137376
900122075144
900121rct
900121_52042jaja
90012180
900121583771234
9001213
9001210123
90012080211
90012068874
90012061519
90012050495
9001197+
90011955885
90011952142
90011937
900119125307
900118e
90011860981
900118065672
900118025128
900117z
90011761720
9001170a
900117055026
90011679
90011669696
90011657752
90011614
900115chy
90011570150
90011564185
90011543
900115125131
900115015389
900114e
9001149
90011456773dana
90011451623
9001144
9001142
900114115134
900113ain
90011358054
900113146211
90011310
900113045322
9001130154
900113-63880
900112890506
90011259331
9001125747
90011253597
90011234
900112149v
900112075626
900112015180
90011175502
90011163903
90011151662
90011102
90011076
90011060810
900110520123
9001103
90011009li
90011004
90010a
900109julito
9001097198221111
90010953919
90010894
9001086680
90010832
900108065898
9001077
9001075430
90010751283
900107105253
9001070000
900106y
9001066875
90010607
90010560739
90010550326
90010511
900105045322@fara
90010430302020
900104135043
900104015025
900103mk
900103900718
90010355353
90010327
9001031009
900103025360
900103025205
900102sky
9001026807
900102555
90010254310
90010230
9001021
900102065977
90010199
90010159996
90010157845
9001015048413
9001015
900101115397
90010104
90010084
90010-2
9001
9000vw990
9000sl
9000natu
9000ltt
9000lindsay9000
9000ho
9000cc
9000ST
900099capitan
9000994
900098
9000964194
9000931
900091
900090
9000895
90008888
9000882
9000861
900082
9000802
90007morjg
9000798
9000785
9000743
9000725
9000720
900070664479
9000695
900068411
900066215
900063585
900063
9000622
9000610
900059538
9000531
9000520
9000515
9000512
90005
900047726b
9000452
9000434043
9000424
90004020
90003896
90003706
9000367d
900034210
9000332
9000329
90003142
9000310
9000285264
900027541317
90002693
9000257
900024617
900024001
900024
900021798999
9000212
90002059
9000200
90002
900019
9000187
900018
9000173
9000167921
900015735982
9000152
900014412
900012618
9000105065278
9000101
90000901
9000081
90000769
9000075
900005
90000427
900003
900002943
9000014577
900001
9000000t
90000002
900000000
900.720
900%lisa
900%gay
90/50/90
90/2my
90/13/03l
90/119
90/09/15
90.mmcrs
90.90.90
90.12.21
90.10.20.62
90-qwerty
90-iopjkl
90-boy1
90-=][po
90-=Q
90-=!@#$ing
90-90-Ams
90-81745
90-45io
90-20190
90-11-16
90-029-0
90--91
90,.rachel
90*6*1-memo
90*02*_90
90'sbaby
90%sure
90%hot~
90%dead
90%agua
90!nov23
90 670kK
9/oct/60
9/melon
9/maio
9/junio/92
9/an/29
9/a1214
9/9/999
9/9/92
9/9/89j
9/9/53
9/9/2000
9/9/1995
9/9/07
9/9/06
9/9/02
9/8/96horselover
9/8/90zy
9/8/86/2500
9/8/78
9/8/1994
9/8/06
9/7/98vamoslosdel98
9/7/92
9/7/1992
9/7/07isa
9/7/04
9/6/94h
9/6/1991h
9/5/95
9/5/91quinn
9/5/05/1991
9/4m.1*
9/4/6SAAV
9/4/1993
9/360
9/30/93
9/3/1995
9/28/89bp
9/28.05
9/27/92
9/27/89
9/27/05a
9/26/88ale
9/25/94
9/24/95ss
9/24/89m
9/23/1989/romeo
9/22/94
9/21/94
9/2002
9/20/93
9/20/90tom
9/2/95
9/2/4EVA
9/2/2539
9/2/08
9/1991
9/19/93
9/19/77
9/1805
9/18/04
9/17/1992
9/16/82/
9/15fortune
9/15/80
9/14/92
9/14/90a
9/13/93
9/13/91
9/13/86i
9/126690
9/12/88
9/12/2536
9/12/1993
9/12/1981
9/11wtc
9/11matt
9/11@$G
9/11/993na
9/11/95
9/11/92
9/11/90
9/11/1992
9/11/06*c
9/11/01
9/10/93
9/10/89me
9/10/84
9/10/1995
9/10/1409
9/1/94birth
9/1/91
9/1/2535ismyday
9/1/05C
9/07/02
9/06/94.
9/02/1984
9/01/1995
9.vasquez
9.mz.2kinkii8
9.mayo.86
9.mai.85
9.kristie
9.erste.20
9.drs.1
9.a.b.c.0
9.99999
9.903007Oo
9.8love96.3
9.8.82
9.8.7.
9.8.1990
9.671.144
9.6.1996
9.5BRIM
9.5.7.7
9.4SEXTO
9.4.1998andreea
9.4.1985
9.2_ensm_clau666
9.29.90mv!
9.225kg
9.203.504-2
9.20.05
9.14030805
9.12.1994
9.11.87
9.11.1993bubbles
9.11.1987
9.10.78
9.1.1995
9.0meandmymum9.0
9.06.1992
9..1145
9-valour-9
9-trey
9-tekck
9-sheree-1
9-ronald
9-never-mind-daisy
9-inches
9-ica1rj
9-firclose
9-dork
9-9-9-9-
9-9-27
9-8s.nik
9-8-89sl
9-8-7-6+5+4+
9-8*7/(&%#!UsA
9-7-99
9-7-91
9-7-2-8-9-7-8-0-
9-7-1991
9-7-04again
9-6-98chenchen
9-6-91
9-6-27
9-6-06
9-5-93sb
9-5-1993
9-45-7
9-4-66
9-3-99
9-3-94
9-3-2006
9-3-06
9-29-94
9-29-06
9-28-87
9-27-93
9-27-7
9-26-93
9-26-91
9-26-69
9-26-1992
9-256:04KZ
9-25-87
9-24-82
9-22-06bky
9-21-94
9-21-87
9-20-05
9-2-94
9-2-6-5lxf
9-2-0-6-7-9
9-19cmd9;
9-19-91
9-19-7
9-18-94
9-18-05nc
9-17-91j
9-17-1987
9-16-86
9-15-91
9-15-05a
9-14-07jack
9-13-94
9-12jh
9-12-94gc
9-12-91-danny
9-12-88ivo
9-12-07
9-11xavi
9-11-99
9-11-93
9-11-89
9-11-85
9-11-05
9-11-03
9-10-94
9-10-91
9-10-1999
9-10-1994
9-0az
9-08-1958
9-07-1995
9-05-91A
9-05-1990
9-03-92
9,lc,99,faq
9,julio,1982
9,7,3,4
9,25,80
9+m?2@e&!
9+9=boot
9+9-9*9/9
9+9+9+9+
9+877253606
9+8188307
9+6299629
9+50311
9+4+1993
9+2541473
9+1691t91691t
9*w5ork
9*ronaldinho*9
9*nueve
9*anpaju*9
9*9LOVE
9*99999
9*9*9*9
9*9*1995
9*8*1988*sexilia
9*70701
9*5@13%k
9*38271
9*3.=(ynaf)
9*2861846-9765012
9*11779
9*11*18
9*1*87
9*05310
9*00516105043
9*0.1/2*3+4p
9*.pumas*
9**3334
9(Hephzibah
9'stheone
9%Matt dawson
9$puwyi6
9$f2(d!z)^
9$^uh8ter
9#ds'd
9"nails
9!asswhole
9!9J67$7L45&5B2
9 september
9 hoxey
9 de agosto
9 9 9
9 7 7 0
9 632
9         9
8zzpmk9e
8zyhx7
8zxcvbnm
8zurdo
8zsoesevo9
8zrv8fyu
8zqmot11
8zp7ta
8zombie
8znlover!
8zknjq
8zixhj5
8zimram8
8zille8
8zhong
8zgmkp75j
8zeppelin6
8zdes2n
8zcdH45d
8zba64
8zay1v
8zaphodcassie
8zahina
8zackery
8zachcort19
8zabron
8za31q07
8z742ghil32yug
8z5b4d6z
8z45ht214
8z3imf6501
8z2910bqx
8z2121
8yypw1si
8yy88y
8ywymbcy
8yutyut
8yuki8
8yue8riJDS
8ytak25
8ysx36
8yrs2long
8yredvyellow8x
8yrdgang
8yplyd8o
8ypdhvwfhvjk
8yp0k,yp
8yoyo8
8young8
8youknow8
8yoshiyuki
8yooa4t2
8yog8p
8ynot9
8ymuc6501
8ymrpavj
8ymile
8ym]upk1331
8yllek8
8ykl07j
8yjg4h
8yj0t4
8yhuwrnn
8yhb2510
8yflme
8yellowspade1
8yellow4
8yellara
8yearold
8yden
8ycncxpi
8yc1r5
8ybxvv
8yb8br
8yarUmas2+
8yanyi8
8yankees8
8yamot
8yahoolady
8yadseut
8yDgo52C2
8y9mkleFi'mv'
8y8rb51br
8y8f23th
8y7Es51HuIa
8y6dgpuien
8y5z8yat
8y5q9e
8y42tgad
8y3jo9
8y20h80r
8y0ux-Fellow
8y'=toyo
8xxxxxxxx
8xxrwcc7
8xx8yyx8
8xuhtbmd
8xtrkf3n
8xsw3w
8xrk5ehn
8xquan
8xpx263t
8xp3y12
8xo297sv
8xnhut
8xmzbk4h
8xmannas
8xj6bfrsgmj
8xiomara
8xiah8
8xgm16
8xerox8
8xdhmi
8xayishe0t
8xamvul
8xSB18s
8x9y6w20y
8x8x8x8x
8x8sesentaycuatro
8x8=LA-locura
8x850Jkk
8x6qupyv
8x5x96x
8x4x5x0
8x40w45b
8x32245
8x14u0p9
8x060595
8wyns
8wwwww
8wuufy
8wulli8
8wtrflls
8wta00k6
8wrmflck*
8wr5w356
8wormz8
8wordslong
8woody
8woodhall
8wondersz
8wobbly8
8wmakos
8wlpcd#
8wji78
8winners
8winner
8wind8
8williams8
8wilfredin8
8wildcat
8wiccan8
8whome
8whitehallst
8whirligigers
8wheeler
8whatever
8wfjjyd
8westwood
8westfall8
8werf
8wen3mos
8weluuc
8welcome
8weeny8
8we1198h
8wd5mj
8wcc86
8wbxwe7x
8wayne7
8waw5h37
8watermelon
8warunyu
8wardb
8ward8
8warcraft8
8wanker8
8wallace
8waksetter
8waffles
8wX$0jN'
8wC7X876
8w8w88
8w7v62
8w6ced54
8w652c
8w51ba25
8w4PKn
8w3vn
8w3lcom32mysn8
8w33th3512t
8w236x
8w/emily
8vx363628
8vup888
8vturbo
8vsxg6u78
8vrrey48
8vqse3be
8vpy8ssb
8voritRasa
8volvo8
8volleybll
8vol-de-mort9
8vodka8
8vob1509856
8vo.smstr
8vmsGEc8
8vlt15
8vky17
8vjhcheerleader
8vj20boqfdf
8virjensita2
8virgo
8violets8
8vikingo
8vida9auri10
8vicente
8vg716
8vevsw83
8vero4
8verna1
8verbat9
8ventura
8veets
8ve9dd99
8vd876bg
8vbv5458
8vb9yndm
8vanityfair
8vang8lin8
8valentin
8valdez
8vader8
8vacation
8v8r8st
8v8boss
8v7b5y
8v44kfk5cmb85wxc
8v3z7h
8v3ap4
8v2recat
8v182daz
8v,-v\\'gik
8uzzy833
8uytrewq
8uyh7b26
8uwqehr973g
8uvequ
8uu7c48x
8utton5
8utterfly16
8uttercup
8uttafin9az
8uti2i8o
8uster
8ust3d
8usmoke
8ushanb3
8uselesslife3
8uruhum5
8urr4k4r3n
8urilles1
8urballs
8uraqtpi
8ur8uja
8ur5tr0c
8uq226
8upk4ymiN
8upNiyds]b;
8unnyhun
8unn13m4dr0x
8unker
8university
8united8
8unicorn
8ung4w41
8ung!!!
8und4q
8unche$
8un8un678
8ummyes
8um833
8ulvulvtlove
8ulm4..
8ulldog$
8ulimloujjukj
8uknow
8ujniq
8ujki9
8uj69057
8uiuiydKN
8uiu8uiu
8ui9bux2
8uhy65
8uhjy^
8uhbnm,ki8
8uhbbhu8
8uhbBHU88
8uhb$ESZ
8uhVfr4
8uh6ui8
8ugs8unny
8ug4800
8uft4m
8uffy
8ueis0100
8udg!3$
8udc2d
8ud8kmwy2008
8ud5m0k3r
8ud2h402
8ud131mu3t
8uckwild
8uck37
8ubby9irl
8ubbles
8ubblegun
8ub8l3GUM
8uafanny
8uVPujhs
8uNn1K1n5
8uNFl0wEr
8u9Lb]xN
8u93hj
8u8u8u8u8u
8u8jiu9ukoo
8u8Bl3ey
8u88le51
8u88le$
8u88l3s
8u88l36um
8u88@$13
8u88135!!!
8u7u8u
8u7ikinz
8u78p4
8u77d09
8u6c783a
8u5z9p
8u5f9a
8u553y
8u4s7xtx
8u4eve
8u44er7l1e
8u2q1y8c
8u11h38d
8tzintzunr
8tylag
8ty9ne
8ty27ty2
8txvu93m
8twoloks
8two123
8twluvhp
8twister18
8twirly7
8twilight
8twenty5
8tweety8
8tweet8
8twby7nh
8tw4209
8tvntv7rtm2
8tv2xxx
8turnote
8turnberry
8turcode
8tumama0
8tuldanes8
8tul8da8nes8
8tudale1
8ttsmbe4as
8tt,9sst
8trumpets
8trueno8
8true8
8trouble7
8trockz
8tristan
8triplexxx8
8triple
8trigram
8tricks
8tribe8
8treyloc
8treygangstaz
8trength
8treefrog
8treacle7
8trdabest
8travis8
8trash
8train
8trackys
8track4
8tqua9je
8tqmlil
8towin
8totallyja
8tortue8
8tornado8
8toonsis8
8tools
8tonhammer
8tommyaustin
8tommo87/9/90
8tomas
8tolthlcnvvi
8tohks,^div[
8tog2wan
8toe_c
8tnrox4eva
8tnkkdjjt8
8tlb282b
8tkgang
8tjcat
8tj24w1
8titbum8
8tita12texas90
8tipcard
8tinkerbell8
8tindie8
8times8is64
8tillate
8tiggers8
8tigerssmoking
8tiger
8tiffany
8tianna8
8ti4vhqc22
8thyear
8thwardtoo
8thuggin
8thseptember1990
8thscalekilla
8thplace
8thomasgirl
8thofjune
8thof10th
8thoct
8thnov91
8thmpbde
8thmessenger
8thmay
8thmarch
8thjuly1990
8thjan
8thirty1
8thiadj
8thgy8if.
8thgrdbb
8thgrakelover
8thgradesexy
8thgradegirl
8thgrade:)
8thgrade07
8thgrad
8thgie8*
8thgardesucks
8thffrsn
8theywo
8thesenuts
8therose8
8thember8
8thejerky
8thegreta
8theen
8thecure
8thdimension
8thblocc
8thball
8thavenue
8thaug
8thapril2007
8thandwebb
8thandi
8thaddeus8
8thGrader
8th1der
8th&ocean
8th grade rocks
8tgzxtwo
8tg6w2b7qb
8texas
8tessa3
8terri87
8terman1
8tequilas
8tequiero7
8tenspj
8tennis
8ten91
8temqs1ghiefi
8temmuz1994
8telife4
8teeth2eat
8teenst
8teenie420
8teen5
8teele7
8tech4ultr
8teamolulu
8teamo+10+
8te6t7gieve
8td8td
8tchong
8tc70e61
8tblock
8tball
8taylyn23
8tawon
8tav4kav
8tats5amber4ebon
8tashai
8tas11
8tank8
8tangelo
8tampines9
8tamariki
8takinover
8takecare
8tailwell
8taiala8
8tacoma
8tablp
8ta8ha35
8tElEvIsIOn9
8t96kmb7mu
8t8t8t
8t8a8r8a
8t88tswtk
8t8888
8t7t6t5t4t
8t52369
8t3t88trpc
8t25n92
8t23i79r
8t1lgse
8t17w03
8t11220
8szuki2h
8szladtb
8system
8syeps
8sydney
8syd89
8syJmdU3
8sxcmps
8sxcbella18
8sx7hbrs
8swimchick
8sweettymes
8sweetpea
8sweetlipss8
8sweetie14pie89
8sweet8
8sweeney9
8sw8b97a3
8sussex
8surf11
8supersamm8
8superpotro10
8superangelica
8sup4poo
8sunnyview
8sunglasses8
8sun85
8sully25
8sukie
8suina8
8sugar
8suf1fer8
8succubus
8success5
8suburban
8stupid
8students
8stringi
8stratocaster6
8stoomuch
8stonesour8
8stoners
8stone2
8steviegerrard
8stevenson
8stemmie
8stelline
8steelstreet
8steak
8staustell
8starstruc
8starsarecool
8stars2
8starfire8
8star*
8stanley
8stag07
8st2xp
8sstwen4
8sssssss
8sshit
8srb14
8squirrels
8spynie
8spyder
8sputati
8sports
8spooky8
8sponges
8splinter
8spirit8
8spencer
8speaker
8sparky7
8spain8
8spaces
8sovann3
8soulja6
8soso8
8sooners
8sonlosnovios
8sonar
8somch3s3[mong]
8solracjsp
8solari8
8soh87h2
8softare5
8soccy
8soccer57
8so col
8snowpicture8
8snosle
8snoopy
8snm97hw
8sniffles
8snevets
8snaces
8smypl
8smylife
8smores.
8smith9
8smith0
8smiley8
8smile6
8smemcgrace
8smell
8smeh
8smedley
8sm3lynn
8slipknot
8slide
8sleep
8slashteamo
8skvbg
8skittles
8skinnerst
8skingato
8skiboy8
8skali09
8sk29a
8sjqj75hri7v
8sj39e6w
8sixpacks
8six75
8siwuasbf8
8sitara5
8sis4bro
8sinner8
8single
8singer8
8simplerules12
8simplerule
8simple8
8simba
8silver8
8silent
8siempre
8siblings
8si4s
8shutup
8shswave
8shothot
8shoes3
8shockwar0
8shmab8
8shits
8shitface8
8shirt2
8shireridge
8shines
8shila8
8shibby8
8sherbamber9
8sheivan
8sheffield
8shazzy
8shayla8
8shattock
8shark
8shaney
8shane08
8shanakielcourt
8shA8juL07
8sgtche6
8sgood
8sgn23me25
8sg08s
8sexypussy
8sexyjaddit
8sexydalejr8
8sexybsexyt
8sexyass
8sexy...
8sexsounds8
8sever
8seven6five4thre
8setwave
8setember
8serrato
8serenity8
8septiembre1986
8septiembr
8september2005
8september1992
8sept1997
8sept1990
8sept05*
8sep1940
8senuff
8semestre
8seleneflor
8sekunden
8sejaru8
8seiya8
8segovia
8seduction8
8section
8seconds8
8seconds22
8sebx399
8se4465
8sd783841471
8scroggins
8screwyou
8scrappy2
8scott
8scoobydoo
8science
8school
8scef92
8scary8
8sc571
8sbmhc
8sb8vef87
8sayguby
8savannah
8satan1
8saske
8sara9
8saosin
8santana8
8sanjose9
8sands
8sandcastles
8samuel
8samsung
8sambow2
8samantha
8sam12
8sallence3
8sakura8
8sakshi8
8sakai
8sailor8
8saha
8sadie8
8sabrinas5
8sOloTeqUieRo
8s9x2xrd
8s8s8s
8s8j8a8t8t8e8k8e
8s8d8
8s7q7l
8s77cn3
8s6i2d3n9e8y
8s5y8e
8s50a0
8s4falife
8s4d7y5b2i1b
8s3l8n8
8s2blog
8s1r7l0
8s1flumhi
8s1992eRK
8s0x7e33
8rzzafm8
8rzBsfbDTX
8ryant40
8ryanl33
8ry50n
8rxtqqhfx
8rxfiea9
8rvquoq
8russellk
8runi70
8ruj174
8rufus
8rudy11
8ruc3
8ru7rate
8rthiv
8rst8779
8rrrrrrrr
8rrg2af7
8rr8zy6
8rqwgm
8rpc1fsx
8roxy88
8roxs8
8rox4evr
8rowni1es_7
8route23
8roundlake
8rosegreen
8rose
8rorolove
8rooney2
8rooke
8ronaldo8
8ronald8
8rollitup
8roll8mile
8roffey
8rockyou
8rocky6
8rocku
8rocks!
8rockman
8rocker
8rochi
8rochelle8
8robbins
8rnice
8rmmue92
8rlavo
8rizana9
8rivera
8ritter8
8ristian
8rini87!
8rilos
8ridmjdc
8rida2
8rice788
8ribena18
8riand
8rgiles5
8rgfz8t
8reyez8
8revenge
8resnick8
8repmuj
8renee
8renda
8relyhurts
8reiyn2
8reid51716
8reginard1088
8regents
8reeses
8redrags
8redlandsroad
8reddevil
8redchilli
8reccos3
8rebmevon
8realmadrid11
8rdnlm6
8rclare
8rcdtwbjdjs
8rbnxt65
8rb9r6n49o8
8ravens4
8ratzinger
8ratt4
8ratab
8rashad8
8rascal8
8rapter8
8rantley
8randy8
8randon
8randino
8randall
8ramong
8ram1224
8raisins
8rain2redops
8raider6
8ragga8
8rag05
8radyc
8radiohead19929
8racefan
8rabbits
8rabbit
8rTFV3
8r8r8r
8r6a2rmb
8r5y8a3n
8r4ndon
8r4n1N4D1
8r4j288
8r48m66
8r3nD4,,
8r2y17ab
8r21s52
8r1tn33!
8r1omquarry
8r1l14n7
8r1anrulz
8r19k87w
8r1617
8r14nd4v413nc14
8r0t43r
8r0nc0s
8r0l9btl6
8r0k3n!
8r0k3away
8r00klyn
8r00k38j
8r!++@n!3
8qwertyuiop
8qw62bg1
8quickness
8queen8
8quarius
8qu9antp
8qt7s
8qqhxkdn
8qpv4q
8qn984
8qjzyeqx
8qih95
8qfdqfd50
8qd9tpx*888
8qd3dqfj
8qaun7qx
8qKrQPa
8q8y521kh5b2
8q56sbuv
8q27fhwr
8pzsy44n
8pwood
8putnik
8purples
8purple6
8purfection8
8pupiz
8pupdog
8pumas8
8pulceras
8pukynz9
8pudding
8puccas
8puakmibu
8ptbuck
8pson14k
8prx6d
8prisoner
8princessakarla
8pril1992S1T9E5F
8prettyclo
8presents11
8precious
8preStige23
8ppv81
8powerpuff
8pounder
8pos1t1v3
8porscha
8poppy
8popopo
8popdrops
8poopy
8pookey8
8pooh30
8pongkis
8pollock
8polar
8pokemon
8pohodicka8
8pocho
8pmn93
8plus2
8plumber2
8plick23
8players
8playboy
8plainfield
8pkpfedmed
8pjj34ry4
8pizza
8pittbull
8pitch
8pirates8
8pipeline
8pinshesh
8pinky7
8pinktink5
8pinkrobot8
8pinkmama
8pinki8
8pink6
8pineapples
8pimps
8pilkington
8piglet
8pieceset
8pichurra
8physco8
8phonez
8pholita8
8phillip
8ph3j64c
8pgaaf
8pfxmas
8petunias
8perwisyo
8personer
8perros
8perlorlor2
8perlablu8
8peridot88
8perfect8
8percy8
8pepsi89
8pepper
8penmore
8penisis
8penguin11
8pendejopress8
8pelonriko
8peircings
8peewee
8peepmeout
8peeddemon
8peanut9
8peaceful
8pdice
8pb2qh89
8paulrcc
8paul04
8patsorn8
8patita8
8pastora
8password!
8passion
8pashula8
8parley9-
8parkview
8parken8
8pariz
8papaillon
8paolapdecrisma5
8panyes
8panthers
8pankari
8pangelob8
8panda8
8palot
8palmer
8pajimny8
8paeyai8
8paco8
8packlove
8pack
8pablo8
8pI!8881
8pERdIDo7
8p9qscgy4
8p9626
8p8oj1konikw
8p7c6r87
8p6o5o7p
8p6j1983
8p646sdnv9m
8p543loqp
8p4r6N
8p3dr027
8p22j2n2
8p1d3rman
8p1131
8ozsgh8
8ozjkomk'
8oyofj
8oxygen!
8owmpgsvtq
8owihsy;.0
8owih8jkvjt
8owh9yiv
8ow,jle8yP
8ow,jgvk5jko0788
8ow,jfu
8ow,j.=j
8ow,j,uggao
8ow!!NG8@!!
8ovtwiojkiyd0y\\\\\\\\\\\\\\'
8ovpkd,ucao
8ouwa
8outpost
8out2001
8ounces
8ottobre2004
8otto5b
8otfjvjg
8otcho
8osu6cg
8osterman8
8osohksok
8osohk9kfu,kd
8oskywosky
8osiris8
8os]jv.0fu
8os;y'fu
8orthegod!
8orslx1
8oriyo8
8oriental
8ordered
8orb,ojkiyd
8orGApsw
8oppman7
8opals
8op8jjww
8ootgoup
8oomer
8oojkpyf
8oojkiydtk
8oojkiydF;hp
8oojkiyd8t
8oojkiyd870
8oojkiyd1150
8oojkiyd0y'
8oojkiiyd
8oohvp
8ooblypglup
8oob0b;t
8oo8es
8oo3d1
8only8child8no.18
8onion
8onetwo
8one5nine
8onbreak
8omzaj7q
8omujwih8jk
8omujluj
8omujiydr]vpglv,
8omujiydgik
8omujiyddyo0ib'q
8omujgmviyd
8omujdvfCyo
8omuj86odHi^h;jk.8i
8olucan
8oliviajason8
8olengga!boo8
8ol;p8jt
8ol;p.0fu
8ol6F-myp
8okt77
8ojljkjl79ukjj88
8oiydzyd
8oiydovd0yp
8oiyddyo,kd
8oiyd9hv,
8oiyd4klk
8oiyd
8oily
8oi;p[iiw]
8ohmydayz8
8ogpvtginjv\\'cpt
8ogikoblypfu
8ogikdUg'ujp
8ogfup;.o.0
8ogdj',kc;h;
8og];4k85
8og8piyd
8ofuot8t
8ofumujCyoiyd
8ofu,umyj;
8oes3ia
8odwr1zzz
8odorhs
8od]k\\'8no
8ocx]dsohk
8ocv[iyd
8octubre2012
8octobre93
8october1991
8octagon
8oct2000
8oct1976
8oclockcaviar9
8ocid-v'
8oceanside
8ocdj0ypihkp
8obtoos2
8obeVzwr
8obanplace
8oasis8
8o]\\'gvp
8o\\'ujg\\'jk
8o[oF]d
8oPujx6jo8jtiyd
8oFi80b9
8oFdsd
8oF'j8oo7'
8o=jk\\\\\\'/yo
8o9y;fe
8o9hoohe
8o8pride
8o8oo7\\'
8o8moses
8o8hoe
8o8ff123
8o8bf,kd
8o89m4
8o87610
8o8143
8o76o1o3
8o6226
8o5t3r666
8o5drous
8o4911
8o456411
8o12264
8o0ypihkp
8o0b'yp
8o.s,j
8o.d]h9kp
8o.0g]d
8o.0fe005
8o-v\\'gTv
8o-uhgs\\'k12
8o,yowVF:
8o,yos]jv
8o,yogdj\\'vt
8o,yoco;
8o,yo'k,
8o,u8;k,/yo
8o,koojkiyd
8nz92k
8nycao
8ny88ny8
8nx32s
8nviydgTv
8nvCyoiydgTv
8nutter
8nurhima
8numangel
8ntlovegr8
8nthn00b
8nt4u2c
8nt1ll35
8nsync
8nstantbrat1
8nq3lq
8npine
8noviembreh
8noviembre2006
8novembro03
8november2003
8novbela5
8nov95
8nov89fydmyeruth
8nov2005
8nov1986
8nov1979
8nov1970
8nouveDs
8nothing
8not88
8northeast
8noodles
8nof9fld0m
8nodeal8
8noapoligies
8no1jr
8nnlrs4
8nndr6
8nnaeinnej
8nmickey
8nlx82r
8nitegym
8nirvana
8nir39nn
8nininha
8ninemusic
8nina8
8nila3
8nikki
8night
8nicolas9
8nickoboy
8nick*
8nichelle8
8nica8
8nhybnb
8nhalf
8ngyts
8nginfreak
8nfz37fd4
8nfbru1vs5xa
8newzabel17
8newport
8newhits
8new21
8nessa8
8nerak
8nenny8
8nena8
8needyou
8ne7jhvs
8ndrew
8nd99fts
8nd36819_c8s8n10v8
8nc&%OkmH
8nbdq57
8nay88bd87
8national
8nathen
8natenate
8natalie
8nasir
8nasa8
8napsage
8nanito9
8nancy8
8nanana
8nako8
8nahafbh
8nadairee
8naby8
8n]PH&XM
8n9ismyne
8n947Yy
8n8h4a
8n872n
8n7hvbq3
8n6a1z5m
8n5tmz45
8n50kk8
8n3xxs67d824
8n3qcb5p
8n3a1y0e6li
8n2joo
8n23au3y
8n0r3w
8mzgarza
8myufqh3
8mysti23
8myself
8myrock
8mynijah
8mylove6
8mylife
8myjofex
8mygirl
8mycookie
8mybabygirl
8myass
8my2538
8my-l33
8mxkita
8mwynvr4vt
8mvplee8
8mux3333333
8music9
8music8
8muneca
8muirfield
8mtyson1
8mtggb96mhmg
8mtda3bp
8msradioo8
8msem1hh
8mrbig
8mpvt8ep
8mppkpkp
8mpo112
8mousty
8mouse
8mountaind
8moule
8mortske
8morning
8moreno
8moonlight8
8mookies
8moocow
8monthsover
8montgomery1
8montana
8monkeybut
8monkey@
8monica5
8moneys
8money8.
8monchos
8mona8
8mon8ica8
8mommy8
8molko8
8mokos
8mojica
8modelka
8mobask
8mmfilm
8mmab6f4
8mlipsis
8mktl2008
8mkhmx
8mk8eirw
8mjaneb
8mj136e
8mizddci
8miyeemi
8miuadia8
8mitsos
8mists8
8missy8
8missy
8misha2
8mis8cellaneous
8miranda
8miracles
8minute
8minimi
8minemmm
8minaworm
8milo9
8millass
8mill8
8milesbyem
8miles05
8milerabbit
8milemm..
8mileking
8milehouse
8mileeminem
8milee
8milecrk
8mileboy
8mileanstilrunin
8mile_2006
8mile=007
8mile4life
8mile3
8mile19
8mile04
8mile.
8milagros
8mikimajick
8mikaykay
8mijan8
8miguel9
8miezekatze
8midnight8
8middles
8micon86
8micielo
8michelle*
8micheal
8michael
8mhiles
8mhannah
8mgz8=#01
8mg1at2
8mffxa
8metro5
8mesesnewjim
8merry
8meric8
8menrevil
8menor
8memo9
8mememe
8melvin
8melon8
8mellon7
8melissa1993
8melanie
8mei86
8mei2003
8mei1996
8mei1990
8megan8
8medicina20
8mec2x
8measshole
8meaghan
8meadow
8me8
8me47y3
8me21me
8mcr13vc723
8mcfly8
8mbnrx1
8mb6bg
8mayo95
8mayo89
8mayo2004
8mayo1991.
8mayo1986
8mayo1979
8maya8
8may89
8may2007
8may1993
8may1990
8may06
8maxwell
8maurisioyflor
8maurice
8matthias8
8mathis
8master
8mascotas
8marzo96
8marzo92
8marzo54
8marzo1995
8marzo1988
8mary8
8marvels
8martin9
8martie2007
8martie1324
8marta4
8mars1994
8mars13juli
8marquette
8marlon
8markie25
8mark8
8marina8
8marikas
8marijnie
8mariea
8marie3
8maricas
8margarita92.
8maret88
8maret1996
8marco
8marchchb8
8march2515
8march1994
8march1985
8marabut
8mapbhpd
8manthony
8manrox
8mango
8mando4
8mamaass
8mall420
8malabed
8maksi9
8maite
8mail
8mai1994
8mai1992
8mai1975
8mahepa8
8maham8
8mahalkita
8mahakal
8magnolia
8maggie9
8mafyf
8maebelle
8madison8
8maddy7
8madd9
8macho18
8maccoy69
8macadamia
8mabday
8maasbr8
8maart1993
8ma937
8mNo7641i
8m931pxv
8m8m8m
8m8d8n
8m8936955l9
8m7o9w
8m7i6c5h4e3l2l1e
8m71m61h2
8m6a0g
8m5o6c
8m526852
8m4a1n
8m3i3j0o
8m3e1d0a2n7
8m3a1x19
8m2s3k5
8m2e8bLI
8m2bykwa
8m0r6an3
8m0nster1
8m0aR6on
8lytlnt
8lynlyn78
8lyion4
8lv2rd
8luvraa
8luver
8luv63mi
8lunch
8lunafly8
8luminita8
8luluspanky
8luis10
8luegi11
8lue-8erry
8lucky
8luauparty
8lu3mana
8lu3 83ar
8lsutigers
8lsij5
8lrl11ay
8lppn
8lp5sk
8lowerharlings
8lovlen
8loveu8.4
8lovespell
8loveshout
8lovers
8lovely
8lovekath8
8loveispain
8lovehurts8
8lovedan8
8love8jou8
8love3
8louise8
8louis
8lotus
8lotte
8losttime
8lorraine8
8lorenz8
8lordgod
8loquear?
8lop45
8loodz
8lood2
8longie
8lonelydays
8lomond
8lomejor
8lollipop
8lokon3
8locos85
8locks
8locate77
8loca*
8lmffo
8lluvia
8llert
8lky4pjm
8lkiu7k
8lizette
8live4ever
8littles
8little
8lisaout
8lions7
8lionheart
8linh4ever
8lindsaylou
8lilylulu8
8lilprinces
8lilmama2
8lililili
8lilebby
8lilced
8lilalu8
8lijnjudcarith8
8lightning
8ligan
8life8
8lido705
8libelula27
8libby8
8liane8
8li52gh37t4
8lhifs
8lexus
8lewisrd
8leung8
8letmein8
8letasha
8let029
8leslie13
8lesha8
8lephant
8leona28
8lenny8
8len9bus
8lemonade2
8lele2
8leighton8
8legna
8leggedfreaks
8legacy8
8lebron
8leann
8le6rr54
8le4chy
8ldaf*+-
8lcsoccer8
8lb930
8lb1oz
8lazybug
8laz4t
8laviya8
8lauren102*
8laura8
8latrice
8lashannon
8larida2
8lapins
8laolao
8langgafrd
8lance88
8lancasterclose
8lan424
8lampard11
8lambcyan9
8lakersnba
8laker
8lahby
8lagrimas
8ladytroy
8ladyrider
8ladybryant
8ladodgers
8lad1ng
8lackdevil
8labicha
8lOYNfp6
8l9resco
8l99ey
8l8376br2c5
8l7ZwS6g
8l6u1c2y9
8l6e5n
8l4ckh4wk
8l3ach93nps
8l2p1erd5
8l2087
8l1nkibz
8l0w!h3l10
8l0gp1xs52
8kylie
8kx6q9h
8kx565
8kwesi
8kvbomlihvp
8kusjes9
8kuki2
8ku_jayhawk_10*
8ktg2srt
8kta5h7v
8ksbtqju
8kristina7
8kristhian
8kriblo7
8kreyol
8krazy8
8krallen
8kr7dxbv
8kr14!
8kpvv
8kpA55
8kotow
8kortyn
8kookies
8kong9
8koberules
8kobebryant
8kobe8
8kob8iko
8knight3
8kmm81h8
8klauklau
8kkjjwy2
8kjm82km
8kjL080104
8kiweli8
8kittycats
8kitties
8kisukona
8kissy8
8kisses8
8kiriana
8kinky8
8kings
8kimkim
8kilmo
8kill2zone
8kiki8
8kik[u007
8kidzz8
8kids*10
8kiddies
8kibbles
8kiara5
8ki92noko6
8khirdeon
8khairi
8kh99sa
8kgrofos
8kg,tsy;d],
8kfwmj57\\'
8kfh43km
8kfgfkpkd3
8kfgfk\\\\\\'jkp
8kfgfk'jkp
8kevins
8kevhanigreenaway
8kerrygold8
8kernen
8kered
8kendricks
8kellya
8kelley65
8keion06
8keeks
8keanes
8kcd60
8kbeth8
8kb12281
8kaylacox
8kax1Prl
8katshub
8katorse2004
8katie12
8kathryn
8kate88
8kasumi
8kassidy
8kashton
8karolyn8
8karma8
8karen*max
8kapre
8kapatids
8kanjani8
8kandy8
8kama8
8kaleidostar1993
8kaiz5
8kaitlin8
8kaida
8kahulu
8kafrank
8kadidi
8kadence8
8kaa2l9jmv05
8k]ugoH9l6fg]ba
8kFmibvb9F9h
8kEfrda
8k9k4g
8k8k=b
8k7m2c
8k714b25v9m
8k6k2txm-z
8k6i89m
8k66PFee
8k62637NTXL
8k4zo4
8k4hbn
8k42a
8k3br9n9
8k33n85
8k30g6
8k2ozoobling
8k25a77t
8k2179m22p
8k1989t8
8k1015
8k,6pojkiyd
8jyc82mt
8jy30!xg6p?gb
8jwebster
8jw8vwza
8jw0lujdz8ss
8juvynhel
8juumli8
8justin8
8justforyou5
8juran8
8junior93
8junioalex20
8junio90
8junio2005
8juni93
8juni2001
8juni1987
8junho
8june`19758
8june93
8june1997
8june
8jun89
8jun1996
8jun1993
8jun00
8july96
8july1991
8julio91
8julio77
8julio1992
8julio1986
8julio1978
8juli92
8juli2003
8juli
8jul82
8juicy8
8judo8
8juan*
8jsk6el8b2
8jrfrogs
8jrb98
8jppaezsector
8joyfc
8joyce
8josue032988)
8joshua4
8josel
8jose06
8jorge9
8jonjen
8jones
8jolin
8joice
8john8
8john13
8joey13
8joepadill
8joe1096a
8joanthan
8jo8jo8
8jo119
8jnsnl
8jnm2387
8jnd89
8jmpcs
8jmoydad2hearts
8jmarie
8jm#csi1
8jltbj
8jking
8jk9dtN
8jjasd34
8jj2aqzm
8jin1
8jimengib
8jhya11
8jhforever
8jhaye
8jfhl8
8jesuschrist=
8jesuis585
8jessie8
8jessen
8jessa31
8jerry9
8jeramiah
8jenson8
8jenny
8jemmay
8jelithza9
8jeffhardy
8jeans2006
8jean-luc8
8jcjlj
8jcGRdce
8jberry
8jazzy
8jaysam
8jaymi8
8jayah.
8jaxy878
8jawsdirt0
8jasper8
8jaret3brenda
8january5
8january2004
8january/1990
8jansnak
8janlo628
8janine8
8jan1996
8jan1994
8jan1985
8jameson8
8jamban
8jake8
8jahaad
8jadesmomm
8jacquelinekay
8jacnjo
8jackrussell8
8jackie8
8jackass0
8jack31claus
8jacinto8
8ja68be2
8jRG9taz
8j8o8e
8j8g3wx4
8j7o1a0n
8j6esus
8j6b0af
8j4a7e
8j342rc4
8j2o3s
8j29p31m
8j1uk4ee49
8j1977
8j15r54
8j-m1-a1994
8izenuff
8iyiqff
8ix1umn
8iv[8iy;9y;fe
8iv[8iy;8i60b9
8iunie
8iuialgi
8iu,ojkiyd0y\\\\\\'g]p
8iu,gv'
8iu,3337
8itch3s
8itall2
8itachi
8it3mya55
8isxyc
8isquick
8islands
8iskarma
8isgr8
8isenufff
8isenoff
8iscool8
8isblue
8isaiah
8isGREAT!
8irving
8irvdog8
8irkla8d
8iriem72
8irds9ed
8iqxz25q
8iphhmxe
8iop5wernmjh
8inzagui
8insert95
8inover
8inmortales
8inkied00
8ines8
8indick
8independent
8inchpenis
8inchmate(Y)
8inchdikk
8inchcock
8inarow
8in1abdoo
8imsofast
8imonmyway
8iminlove
8imew7rn
8imaninaim
8ilyj*
8iluvryan8
8iluvmarquel
8ilstars8
8ilovewayn
8iloveulot
8iloveu247
8iloveripjoe
8ilovepink
8ilovemymom
8iloveme8
8ilovelala
8ilovejosh
8iloveguys
8ilovegreen
8ilove
8illyria58
8illy1ou
8iller
8ilegends
8ilagam
8ikpgoujp
8ikmki8
8iking
8ikanasin
8ik;6,b
8ik8ik
8ik,9ol.
8ik,.lo9
8ijkkk
8ijc47w5
8iiyama8
8iii265639
8ihgeepf0z
8igshow
8ightball
8igduh
8ifhBLgq
8id0nth4v315
8icnttng
8icedhissy
8ibravsronaldo7
8iblojkiyd
8iblf9gavin-wimn
8ibl,kl7526
8ibblewobble
8ib9tb
8iatch!
8ianame
8i^go9imikp
8i^Fl4k6
8iD2CL6k
8i9o0p-[
8i9j11aa
8i8zrbj
8i8slide
8i89mcapdu
8i83h93k1l
8i79kg8n
8i6esa
8i5vapsj
8i2b3a3n
8i0nfz
8i050c925e433
8hyper8
8hylagj5n33
8hybrid
8hxd1542
8hx27j5l
8hvbr5kx
8huslers
8hurtz
8hurley8
8hunter2
8hunter
8hunny8
8hundred11
8humberto8ojeda
8hudnext
8huberline
8htvY
8hsmssin=
8hsb22
8hrocks
8hq71f
8hpjkfcr
8howard8
8hours
8hotwater
8hottie$
8hotrod0
8hotfan8
8hotcocoa
8hooters
8hooligan7
8honeybil
8homero9
8holycow
8holmsyo8
8holidays
8hokake
8hockey92
8hocinah
8hobie8
8hnm758G
8hlb2f
8hkkek9b
8hiv2fkxyz
8hippo
8hillary8
8highgaara8
8hi94ekk
8hh8x40
8hgnk4vyy
8hg34
8het6tuk
8herout
8hercules1
8henevertalkstome
8helmut
8helloj
8hello
8helivs
8helena
8heather8
8heartbreaker
8healed8
8hdm85
8hdcod
8hbhlts
8hazelwood
8hayser8
8hawaii5
8havendivers
8hatejose
8harrypotter
8harrison8
8harmoni8`
8hardlove
8harceharce
8har(oh)kt
8happyfeet
8hantell
8hankins
8hanawaz6
8hamtaro8
8hammy8
8hamilton
8halloween
8hal08
8hainault
8hahanson
8hackerass
8ha4ha8
8h93bjue9
8h8hd4d4
8h8a8w8k8
8h7g6f5e4d3c2b1a
8h6yhh8e
8h5a5r3r6i2e1t
8h2ooOD
8h26f1l8
8h1e3p4
8gz72826
8gyvcu
8gypsie
8gxu57hf
8gwens8
8gvEdUgv8
8gurlz
8gurl8
8guitar
8guapo7
8guajardo
8guadalupe
8gt7k37d
8gsp410
8gro7co
8grig8flor250ra2
8griffithave
8griffin2
8greyteam8
8grenada
8gregory8
8greenoranges
8greenday
8green87
8green13
8great
8grbs05
8grapes.
8grape
8granhijadelsol
8grandkids06
8grandbabs
8graecie8
8graders
8graden
8grade2008
8graceaus8
8gr33nco4t
8goumbaro
8gothic5
8gorgeous
8goprm1n
8google
8goni8
8goldschmidt
8goldfish
8golden7
8godzillaz
8godsgirl8
8godalejr8
8gobblin
8gnbueh6
8gm3721gr8
8glovek
8glenrose
8glenclose
8glass
8gladiolas
8gkxak
8gjxup6gjm6
8gizzard
8girlteen8
8girlsff
8girlie
8girl!
8ginger8
8gilani890
8gibo8
8ghbx78
8ggxrvdr
8ggirl
8gggggggggggggggggggggggggggggggg
8ggarf
8gf4on
8getalife
8gerrard.
8gerlinde8
8georgia
8genmmy
8genevieve7
8gemma8
8gefe2
8geac9j
8gdei0yete
8gd23qc
8gbk1996
8gbMhcNI
8gazru938
8gawb9q
8gattuso.
8gastro
8garydrive
8garsey
8garner9
8gardencity
8garcia
8ganie22
8game8
8galua8
8gaffwind
8gabriel
8gabiocho8
8gabbhosch
8g8mail8
8g743eif
8g6390
8g5m2hhz
8g4l2c10s
8g3atmxk
8g2dnu1972
8g096030ng
8fy62c9i
8funny8
8fullhouse
8fuis3
8fucku8
8fuckoffbitch9
8fuck8
8ftwave
8fssuascompa
8fsa87no20
8frogs8
8froggy8
8fro8ggy8
8frifri
8friends8
8friend
8freunde
8freeelli6
8freddie
8fr36Ya
8four87
8four1two
8format
8foreaces7
8footy8
8football8
8follyfoot8
8focuses
8foca8
8fn%yscj
8fm4tf
8fluff8
8florida9
8flitter8
8flight5
8flddd8
8flamingo
8fja;fj
8fixcars
8fiskar
8fishes
8fireboi
8finleyst
8fingers
8finan
8file2
8field
8ficariti8
8fhbb9
8fgfgyzrvfp0
8fg2ak2e
8ffc744a
8ff423d2
8ff17801
8fezesc
8fevrier
8fev94
8ferocity8
8ferdinand
8feht4qs
8fee*br@8
8fed44ed
8febu54
8february76
8februarie
8febbraio
8feb92
8feb90
8feb1984
8feature
8fe6297b778
8fdm8
8fca3
8fb6a556ca
8fazzy
8fattyfag5
8fatima
8fatcats
8farmhouse
8fansdie
8faith:)
8faith
8fairy
8fagget
8fabulus
8fSDcd
8f9xb1b
8f9a550911
8f950s
8f8k1b1h2o8d
8f731395
8f6xn4
8f66duedqn08PKCAm0tcmtb
8f54d
8f4333
8f3fwhczp
8f35f71a
8f2222
8f1qc4
8f1990
8f096030bd
8ezmeralda
8eyeshadow
8eybecrv
8exping
8exercito
8ex-9k
8ewojkiUkd
8evon8
8everton
8everest
8euk68ph
8etundra
8etteyafal
8etre5
8etiel6
8ethany
8ethan6
8eteadil
8et1ll0
8estrellas
8estefany
8esmh2tj
8eskcres
8escli123
8ertett
8errance
8eronika
8erin8
8ergKamp
8erdwas3
8er8y6uq
8epsyy
8epHucHa
8eosm7gr
8eodotos
8eodorosxristos
8enz4s88
8ens0n
8enhu3r
8england8
8enero88ccc
8enero2007
8enero1987daniel
8enchanted9
8emznki1ojfa
8empathy
8emo0kosdf3
8emmie8
8emirze
8emilyhigh
8emeoor4
8em3bm
8elysekrnew8
8elwtontapa
8elwnaerwteutw
8elswickstreett
8elofagito
8elnwein
8elmo7
8ellyse
8elley
8elizabeth
8elisa
8elijah
8elephants
8eleos
8elana12
8ekjc3mv
8ejwarrior
8ejiugnhet03
8einahpets
8eighty2
8eights
8eightdale
8eight2
8egvup007
8eggsl
8effena
8eeyore8
8eeyore3
8eerised2
8eenused
8eed481e191
8edv76qk
8edr1705
8edision
8eddy8
8edarha3
8ecxubc8
8ecuador9
8economia
8ecloikf
8eckdan
8eccless
8ebony
8ebbpshrd
8eb51d
8eb15c7496
8eatrina
8eastlawn
8earnhart
8earnhardt
8ear8ear
8ear5andcu85
8eamonkey
8eagles
8eadqu33n
8eac040c
8ea3rra025t
8e;jkiyd.o.0gik
8e9xo3mu
8e9v[-v'sy;.0
8e9hv'shk,
8e94ueegen34
8e8e1271
8e839400
8e7e082e
8e66wk7i
8e5k,mujw,j,u8e9v[
8e5k,F'jq
8e5b47ac
8e4uty&the8e45t
8e40236
8e350025
8e24e257
8e1dmm
8e1RockYou
8e12n5u
8e0d0ra
8e054a12c4
8dznsism
8dy9d2uh
8dx1544275
8dw480
8dvap
8dutyfree
8durva8
8durb26
8duquette
8dunluv8
8dumeng
8dukes
8dudelove
8duckys
8duck4dinner
8dsy9dj
8ds4DY
8drums8
8drpepper
8dreaming
8drdw79e
8drayton
8dragon64
8drag85
8dr.phil
8douchaa!!8
8dopey8
8doors
8dontam
8dolphin9
8dolly
8dollar8
8dokfe
8doggy
8dodie8
8doctor
8do8loves
8dnfkwgd
8dmj21
8dmatt
8djunior
8djowen
8djil1
8dizzo8
8dixie
8disa9
8dirtbiker
8dipper4
8dioses
8dinero
8dimples6
8dimitris
8dillon
8dietcoke
8diesel
8diegoceci
8dickies
8dickieboys8
8dickerson
8diciembre1990
8diccembre
8dic2006
8dias
8diana8
8diamanten
8di@woodcote
8dhyosa
8dhoms
8dh$wlz3
8dfrn0rek
8dfed4f2@
8df353
8dexter
8devonshire
8devin
8devil8
8det38
8destiny8
8desteny
8desmond1
8deseptimbre
8desember100
8des1t
8deramrzo
8depaul
8deoctubrede1991
8deoctubre81
8dentr08
8denoviembrede1994
8denovembrodesol
8dennishicale1989
8denise
8demayomony
8demayode1991
8demayo1999
8demayito
8demarzode19922
8demarzo2006
8delfin
8del1985
8dejunio_88
8dejunio.*
8dejuliode1995
8dejuliode1990
8dejuliode1988
8dejuliode1986
8dejulio1995
8dejr8
8dej88
8degrees
8defebrerodel84
8defebrero57
8def8eat
8deenerto
8deenerodel2003
8deenerode1995
8deenero87
8dedicdel2007
8decembrie
8dec92
8debora9/
8death8
8deante
8deagostodel2006
8deagosto1995
8deadboys
8deabrilde1997
8deabrilbad3
8dea1th8
8de8del1992
8de2n8y
8de1992
8ddf5085bc
8dd833
8dcdef
8dbk37
8dbd369f16
8dazombie
8dayspass8
8daysb4jenna
8daygreen
8dawg0
8david4
8dates
8dasgkg8
8darwin
8darthmaul
8dare6devil
8danyboy
8dannii1238
8danielradcliffe8
8danielle7
8daniel9
8daniel
8daniaty7
8dangit
8danes
8dance1
8danabu8
8damian
8damaris8
8daman
8dalghatam
8dalejr9
8dalehottie
8dale88
8dale3
8dale.jr.bud
8daisy8
8dahv7
8dagreat
8dadysgirl
8dablues
8daank
8d9pj7
8d998d99
8d94x1e
8d8ps2
8d8d81
8d87j112
8d8600k
8d7olphin
8d6a4v
8d62WjiCc5wS
8d4wjczrp
8d4h67
8d43104
8d3b5zvo
8d301
8d23a67n
8d1d7d4d5d
8czw70hh
8cyndi
8cyca8
8cvu8cee
8cutencool8
8cute8
8cuppycake
8cupcake
8cuevas8
8cuba dive1
8ctkxd9f
8ct1mg
8csmokey
8cscz7dgmx
8cs10v
8cruzazul
8crushedonyou
8crules
8crl95
8cristian8
8crgh5
8creeprh
8crazypeople
8crazynigh
8crazybtch
8crazy8s
8crackle8
8cpaguio
8cows?
8cowboy
8courage8
8cougars4u
8corvette0
8coroll
8corey
8corbin8
8coral8
8cooter
8cookies@
8conomovement
8confettis
8concepcion
8comadreja8
8colombia9
8colaer
8cokvg
8cokan3
8cody9
8codes
8cocojj
8cobra21
8cnsebck
8cmrrg8
8cm9e21h
8clown
8clov8
8clide8
8clevedon
8claypit
8claudinE8
8claudia
8clara8
8claire8
8cjt7fzy
8cj6ba3y
8cisneros
8cirilo8
8cintaku
8cincy8
8cihparg
8ciaitkfsb
8chwyfetis
8chupacabra8
8chunkee9
8chuckie
8chu4dinner
8christchild8
8chrisbrown
8chonutmedo
8chochos
8chisygarabis8
8chiquita7
8chipmonks
8chino
8ching
8chime-killa8
8chicles
8chickles
8chicken
8chic83
8chi8kt8
8chester8
8chesser
8chemir8
8chellewin
8cheesecake
8cheer44
8cheeky
8chav3z
8chase1
8charmie
8characters
8channel
8chang
8chandler
8chamoy
8chalous
8chacha8
8ch4me
8ch0w06
8cf6bb54
8cesar
8cero9
8cenicienta4
8celyna
8celsior
8cdjsk0e
8cdevgjlsfppkas
8cd97a
8cc1d21674
8cbtde
8cbest
8cavernicola
8caveiras
8catts
8catshit
8catheri
8cat18
8castigo13
8casiopeas
8carz8
8cartoon
8carrocks
8carol
8carmen
8carlos
8carla
8carissa7
8careless
8carebear8
8caranguejo8
8caracoles
8car8car
8capone
8canterwood
8candy8hot.
8candles
8candiece31
8cancer
8camille
8camaro
8callme
8calix12
8caitlin8
8cadenas
8cachimal
8cabinteely
8ca8te8r
8ca31z
8cDgfndi
8c9hain
8c8c8c=
8c85461e1c
8c82r443fa28bk
8c7s19tx5
8c778m
8c6ruclianghanru
8c6r8i8f
8c6973e7
8c5xuet
8c46p30
8c3Vs4nk**
8c30007
8c2o1o7n
8c21555y
8c1508
8c1234
8c10a13j
8byf2y
8bxu7jpj
8bwiw9kq
8buzzi8
8buva1ev
8butterflies
8butnut
8burntbroom
8burger
8bunuvew
8bunnies!
8bunit
8bullets
8bugz8
8buggy
8buggaboo
8buffy88
8budweiser8
8buckinghamcrescent
8buckeye8
8bucaramanga
8bubbley
8bubblegum
8bubble
8bslld
8bsaseas
8bs767ua
8bs357
8bryce29
8bryant0
8bry298
8brother
8brooksrd8
8broncoorange
8brokenbones8
8brodie8
8brk2d10
8brite8
8brissenden8
8briarrose8
8briana8
8brewer
8bremor8
8bree8
8bravo39
8bratch8
8brandon
8brand
8braiden8
8bradley18
8bra9\\'\\'
8boystatus
8bowling8
8boubou8
8bootylicious
8boomers
8booger8
8boobs
8bonnie8
8bonita
8boni_
8bonc
8bologna8
8bogz5
8boftvb0b
8bo3ys1
8bn2reloki
8bluesclues
8bluefin
8bluediamond
8blue$59
8blooskiz
8blood
8blokk
8blokbh
8blok-g
8blockgoon
8blobby8
8blessed
8blaze
8blanquita
8blakers8
8blake94
8blake.l
8blackstock
8bkrich
8bk687ga
8bjwk
8bjm511
8bj70624
8bitlover
8bitch8
8biscuit8
8billy1
8bigtackles
8bigones
8bigapple
8bichis29cep
8bhabyko8
8bh4419
8bgqzqmo
8bfw,jvvdvjk
8bfw,jvvdF;hp
8bfvvdc]h;
8bfree8
8bfiydspd
8bfdjvoot
8bf[;dm6dmk'
8bf5n446
8bf57\\\\\\'mu,
8bf57\\\\\\'
8bf57\\'mujl6fg]p
8bf57\\'gmv
8bf57\\'c[\\'8n
8bf57\\'c,j
8bf57\\'8jt
8bf57\\',kdot
8bf57'vv0y'
8bf57'out
8bf57'grnjvom6d8o
8bf57'g9hp0y'
8bf57'cd0y'
8bf57']^d,kdqg]p
8bf57'[hko
8bf57'8jt
8bf57'.301
8bf.o.0
8bf,kd2534
8bever
8betterthanu
8betita.lokita
8bethany
8bestfrien
8berrys8
8berry4
8berdeen
8bemcx123
8bellaboo
8belas
8behay
8begaria
8beer2
8beckside
8beba8
8beaufort
8beatleshh
8beans8
8beangr8
8beacon88
8bea7b11
8bdhdbdedrd5
8bct47
8bcc92sonia2
8bc37mhg
8bbwin
8bbqq8
8bbeans
8bayoe
8bayfj4r
8batch
8bassantota
8basketbal
8barkada
8bargas8
8banking
8bandiera
8bananapancakes
8bambinos
8bam8jenn8
8balsaran
8ballz89
8ballxxboners
8ballw.s.c
8ballss
8ballrollin
8ballphatZ
8ballofshit
8balln
8ballmama
8ballloco
8ballking
8balljunky
8ballismyg
8ballhit
8balled
8ballcyrus
8ballcruz
8ballcr4ckp1p3
8ballc
8ballandmjg
8ballakrew
8ball916
8ball713
8ball7
8ball5827
8ball420
8ball349
8ball3
8ball213
8ball14
8ball013
8ball&mjg
8baldwin
8balblud8258
8bailey8
8bags8
8badboy1
8badass
8backstroke
8back3drop=
8babykui
8babygurl
8babygirl698
8babydoll
8babycakes
8babyblue
8baby66
8baby1
8babetz
8b[v,ojkiyd
8bO0gZUH
8bGTDziE
8b;iydfb;
8b;gxbf
8b9l1u9e66
8b99uhojkiyd
8b99uh
8b8qrq+
8b8795
8b81e2
8b65e581
8b6113
8b56e65c
8b4seven
8b4is
8b475ff5
8b45azx12
8b3qrm0b
8b3e8b
8b31f89
8b2ded6
8b27i80m20isa
8b199413
8b121c
8b,vu0u
8b,syo9N
8b,gi;u
8b,Vu=v]
8b,0v'V6o
8b#a2f@y&pjk
8azd84)
8az7vh
8aytpg5d
8ayl03
8ayh7b24
8ayala
8axe4373
8awgizmo
8avswac8
8avril1986
8avondale
8avian
8av3-16
8australia
8austin24
8ausie
8aurecia
8aunutulmaz
8august93
8august8
8august2
8august1994
8aug8ghie
8aug85
8aug1994
8atv14
8atomicber
8atiana
8athena8
8ateamo
8asyik
8astmf9
8asshole3
8assford
8aspen8
8asketball
8asisdabest
8asil123
8ashraff
8ashlandviking
8ash1r
8ase8all
8asalt5160
8as7e12
8art0l0m3
8arsenal
8aroxx
8army854
8armani
8arisaig
8ariana
8argh!mf
8arellano8
8are8ack
8ardcoillte
8arc1ays
8araN1KaS
8ar8ara88
8aquafina8
8aqp6yy5
8aq3uh
8aprilie2007
8aprile
8april91
8april73
8april1998
8apr2007
8applepie
8applebluecheese
8apple2
8apologize
8apmr2007
8apmr
8aparra
8anything
8antonio
8anthony5
8answer8
8anoulis
8anos4ever
8annfield
8ankle
8anime8
8animals
8animal
8angora11288
8angjerry
8angie
8angelwyatt
8angelnic
8angelbaby
8angel18
8andz8
8andy
8andreea
8andrea6
8andit
8andahalf
8and943
8anch0ry
8anashs
8analfuks
8anairda8
8an8vk8p
8an158
8amoutaklasisflwre
8amores
8amonkey
8amn6k9f
8amigas
8amgirl
8american
8amen8
8ameer
8amazon
8amarjeddah
8amanda8
8amagana
8amaawallie
8am800zl3d
8alyana
8alwaysdre
8alterna
8alshelp
8alomejor
8allyson
8allie
8allen
8allebabe8
8alitlove
8alina
8alicia
8alexius8
8alexander8
8aldoynapr
8alcazar
8alasses
8alanis06
8alabama
8al91294319
8akuseruxrokusasu13
8akiw9wc
8aju8aru
8ajkl5
8ajejes4
8aiyana8
8airpark
8aimski8
8aidan28
8ahevener
8agustus88
8aguilas
8agostosirl
8agosto87
8agosto2008
8agosto1997
8agosto1986
8agosto1936
8agost6
8agnesi8
8aggies!
8ag7peg3
8africanstar
8afamily
8aero814
8aelmejor2008
8ae7fe21ce
8adriana
8adjmbc6
8adhfm
8ademond
8addm5
8adcockroad
8adb17spooky
8adamovic5
8ad955c4
8ad596
8acorn
8ack!n8lack
8acht8
8ach06r3mal0
8acarrot
8acake
8abylaw8
8abyTaco
8abril93*
8abril89
8abriil
8abqz8
8abooger
8abfwbtp2b
8abcdefgh
8abby6
8abb0203
8abagel
8aaronjah
8aandcaste
8aamerica
8aadoruvx
8aa762bb++--++
8aa52880a
8a9f4c2b
8a9a2a
8a900902
8a8yliss
8a8yl0n
8a8ygurl
8a8ygal
8a8yaj*
8a8y80y!!
8a8k8g8
8a8eeS78
8a8d8a8m8e8k
8a890bamb
8a86292
8a7sfr
8a7jK
8a7d2l4v
8a7b6c
8a6bbe29
8a63hk
8a6162
8a5fc9s3
8a5aaeaad86d
8a5716sam
8a52c7485653
8a4l8f
8a4caa
8a3d2l3jp
8a2n9c
8a2dxmfb
8a2480
8a2009
8a19989.
8a1700
8a15d0c
8a14sk
8a113n
8a1121
8a04168130600
8_segundos
8_rrs*0
8_pares
8_march
8_jate
8_hamsters
8_eight
8_britto
8_ball_rollin
8_Sm00th
8_8_8_8
8_3546825entre
8_1993
8_15_04_86
8^)Opal
8]y[[b;
8]kpg8iupf
8]bdc8,xN
8\\\\\\'0tw,ji^hvudot;jk
8\\'ry<oN
8\\'=k9iu
8[;469
8ZiumMin
8Zander89
8Z7Kyxbp
8YmtSM
8Ykx]v[Fpo
8YUKDb
8YOusuck
8YEJR41U
8XiumMin
8XcRocks07
8X95wpW5
8WsZ9tHZ
8Wh0opy8
8WayS2gEthere
8WSMOOTH
8WORKIT
8WITME
8WILLI
8WESTHAM2
8WAzVutakqing93
8WANTAY6
8VbfNc21
8VEGETA8
8UoGcb2)!r
8UUAEmU
8URPHY
8ULOOKIN
8UDGwBrE14
8U8U9I9I
8U47CAIQ
8Tyasvbyu
8Tweaker8
8Toyota!
8ThongDee
8Tarzan&Jane
8Tal8sat
8Ta1Wn87
8TUTAKI
8TRULUV
8TREERUST
8TORRES8
8THWARDNIGGIA
8THWAR
8THSTREET
8TGFEB
8TERNITY
8TEAMO9
8TC4Life
8TAVOA
8TACK8
8Su07k2y
8StArS88
8SpicesOfAdh--8
8Solrac*
8Sintei4
8Shelbug
8School8
8SURXIII/SP9
8STEVEN8
8SSYg04k
8SOFTBALL
8SISTERS
8SILENT
8SICWITIT
8SHEILEY
8SEXIMEXI8
8SEASON
8SAUL4
8SASBHSZMK
8RyeburnClose
8RockYou8
8Remember
8RapaNt5
8RPI-2K5
8ROWDY
8ROMAAVE8
8RNURSING
8RHPgelxurZTG8
8REYNA11
8REDCAR13
8R3N8F3RN8ND8
8R15#1
8Qnb2pu
8QRULE
8Q5S4E
8Pussie
8Pr3act
8Plastik
8Pinehurst
8Penmore
8PaGPaPaHaLaGa2
8POTBURNZ
8POOHB
8POINT
8PINK3
8PHIB01431
8PDXSC
8PASSWORD!
8PARE8
8Onthebreak
8October06!
8Oct2006AD
8OWEN8
8OUNCY
8OSBABY
8OLIVER
8OCT1922
8O*cYoA8mDWH666
8Nos*ral
8Nicaragua
8NUHCX-2
8NT6SJ9
8NOV91
8NIZAM530
8NIKKI8
8NICOLAS
8NFfELD8
8NDSsha
8NASCAR
8MoonGod
8Mo5R6v9A4N1n7i30
8Missy9
8Mileraod7
8Mile16
8Mickey
8Mensuck
8Marie3185!
8March87
8Maiden
8MZV7
8MUNOZ
8MR3boy
8MORENITA8
8MONKIES
8MO8E467P4
8MIMI8
8MILLAS
8MEXICAN6
8MCCAR26
8MAYUR
8MARIPEREZ2
8MANZU6
8M9wR5Ry
8M4A1B9E9L6
8M24Ckx
8Love8
8LiverpooL
8LisarK325
8Leviathan9Mafia
8Lesbians
8Latina8
8Lampard26Terry
8LY8YF$Kagl
8LUCYANN
8LOVEhurts8burux
8LLOYD
8LJ7CGQL
8LIVERPOOL
8LILPLAYA
8LEJ8PETE
8LB4OCES
8LANICE
8LAKALE3
8L4CKR0S3
8L0odB6tH
8KneEna7
8Kitties
8Kisses!
8Kidney
8KarthyP7
8KTqJivA
8KMT52
8KHALIB
8KAYLEN
8K8h8Y8
8K531792Alpena
8Juni07
8JosseTTe8
8Jimmy22
8JeDeas1
8Jan2005
8Jackson
8JZM2Q2
8JUNE1980
8JRMMJEAN8
8JKL3OHJN5
8JG8401
8JEROME
8JENEZIAH
8JEN97
8JAZMINE8
8JAMARIUS
8J4R7wr9aua!
8IyD{k8
8Iloveyouforever
8Ikiy9oN
8Ichthus
8IcOnOcLaStA7
8IVAN8
8ISMYLIMIT
8INDIE12
8IMASTARBITCH
8ILOVENIKKI
8IK,9OL.
8I6FOVBA
8Hippy9chevin
8Hase89
8Harriet
8HZ8VVLUCEYW
8HYPE07
8HUMANBODY
8HONEY
8HJCOREV
8HELLO
8HEADS
8HATERS
8Grocks
8Gordini
8Gerrard8
8GX7TTJSVDWA
8GF1MG
8GA165
8Franklampard
8Fq4q7jc
8Flyers8
8FdG52605
8Fairies
8FWnYf5d
8FQZL261
8FNydY
8FIXCARS
8FF8SX
8FEBRERO
8FAITH
8F4922EB65
8Eighty9
8Eight8
8EUSTOLIA
8ESALIA
8EODOSIA
8ELIZJAH
8EIGHT
8EDGARIN
8EAEVA
8Dsetiembre
8Dmh8Q
8Diabolus8
8Der762
8Deionna
8Dalejr8
8DUSTIN
8DRAGONS778
8DIMOND*
8DEXTER
8DEREK8
8DEFEBRERO
8DEE88
8DAVIS
8DANNY8
8D9475CDB9
8D46638CCC
8D02BD2AF4
8Cparaplu8C
8CiumMin
8ChIvAs9
8Celtic8
8Camels!
8CRAWLEYST
8COOKIE
8CN5ML4K
8CHOCOLATE
8CHILDS
8CELKhEad1gt8
8CANDY8HOT
8CALORINA4
8CABROGAL
8Burgmann
8Bunnies
8Bommel
8Bluebell
8BhasH$ilhM
8Babygurl7
8B_Hf3_R
8BRYANT
8BITCH8
8BITCH
8BF34dfg
8BEACH
8BARNEY8
8BALLS
8BALL63
8BABYGURL
8B0625
8Aspmr07
8April75
8Apat8998
8America6
8Alli8
8Alexander
8Ag90i1p6079
8A_a-3fR
8AUG1985GOD
8ART%imp%on
8ARCELONA
8APRIL06
8AORTEGA
8ANGELITO
8AMAMXC
8ALYAANI8
8ALAMEIN
8AJ4ZE
8AHTIBAT
8AELX3
8ADAJAB
8A9s3h0
8A7I$7@
8A2007
8A1212
8@n@to$
8@m8ol@19b1
8@d}u}u
8@9sopoo0nu
8@3243
8@11@21
8?12?89
8=softbal
8=plo-8
8=ko^oroylLydfbn
8=Dixon
8=====D
8;pwivjt
8;pwi;t33
8;psohksulyf
8;piypvjt
8;pgvhp
8;pgsvt
8;pg5vtlyf
8;p[7h,
8;p8;p8;p01
8;p.spj
8;kpwmp
8;kps,kfe
8;kpruitg=K{N
8;kpmujF\\'j,kd
8;kpgojk
8;kpg<jk
8;kp8jt
8;kp0y\\'
8;k,z6dryo
8;k,ojkiydgikw,j
8;k,mi\\\\\\'0elu0k\\\\\\'
8;k,mi\\'0e-v\\'Cyo
8;k,mi'0elu0k'
8;k,lk,ki5thekop
8;k,l;p2538
8;k,l6-
8;k,iydmujg-hk.0
8;k,iydlf.l
8;k,iyd97136845
8;k,iyd19Lu]5
8;k,iyd0869474638
8;k,iyd-v'8o28o
8;k,gxHo8;k,9kp
8;k,g];8;k,fu
8;k,g0h[x;f
8;k,c8ho
8;k,]y[l6fpvf
8;k,]y[c9d:tc]h;
8;k,]k;
8;k,FdiT
8;k,8bf57\\\\\\'
8;k,8bf57'
8;[86,l,v'
89zule
89zoso64
89zki14
89zhicai
89zfe2
89zara
89z6j5ee3ua13
89yurihwa
89yqx9bU
89yoma
89ymbi
89yewberry
89yellow
89yana
89xradio
89xl883
89xash26
89x237
89wyvern1221
89wstripes
89wowwob89
89wood
89wolves
89wkplmw
89winston89
89whiwhi
89wellcarr
89wallae
89wOhOOx_x
89vizion
89vision
89vietnam
89vert
89vell
89vball
89vanessa89
89uy7
89uster
89urano11
89ulises89
89uickh
89udgriffey
89tyro
89ty34jksd
89twll
89tweety
89tumi1105
89true
89trey
89trell
89totti89
89torres
89toral
89tom89
89tmtjs
89tinder
89thpola612
89themoat
89thea89
89tgpb
89tern23
89tentacle
89tempo
89tech07
89teamO
89tbird
89tarzan
89taahir
89syukur
89swine
89swift
89suprata
89superman$
89sucks
89substance
89stop
89stkingz
89stcroix
89star
89stang50
89st16gt
89spudgun45
89spp06
89spass
89spam
89some
89sofresh
89sodapopb
89soccer-
89snuggles
89smokey.
89slow
89skegby
89singers
89shxm8f
89sheila
89sharpie
89shanna33
89sgirl
89seytanztyle-+
89sep29
89selena88
89sear
89sdime
89scrapp
89schumi
89scary
89sbear
89saudia
89sassygirl
89sapolonia
89sangap
89sacha
89s27227d3
89s11
89ruval
89rudyh85
89ruben
89rozi
89rosmy89
89rose24
89rosapao
89roosi
89rogers1378
89rockimfe
89rick
89revolutie
89rescue72
89rempit
89redrose
89red26
89rb11.
89ratones
89rascals
89rang45
89rachelle
89quocos
89qkqh17
89puma0709
89puff293
89princess3
89prevost
89pq52ff
89power55
89porn89
89poly
89pokemon
89playboy
89pingas__bb89
89pimp
89pickle$
89pglew94
89pesos
89pepper
89penguin
89pecas
89peach
89pasword
89password
89parks89
89panther11
89pRECIOSA
89ou812
89oranges
89onelove9
89ondeck
89oliver
89ol123
89of2c
89october23
89o8po
89o5o4
89o1662B
89november27
89none57
89noahlove
89nike89
89nicole
89ni.cOle
89newyork
89ndfmji
89nd1779199017'
89myspace
89mustanglx
89musica19q
89mubin
89moreno
89morales
89moon89
89monimo
89mojica
89mmac
89misty
89miranda
89mine
89mili
89milay
89mikepai
89mich89
89mhLL88
89mfss
89mes
89merc
89mennosd
89menard
89meka
89meanddan
89mdgrg99
89mbi0689mbi06mbimbi
89maxiyjesi
89matt
89marisol
89manu89
89mamaquieroadmr
89mahe11
89ma13257
89m90l92d
89m68a65d
89lzxevi
89lypt
89lycela89
89luxury
89lup!t@_07
89luna@
89lucky
89lp63
89loveyou
89lovesue
89loves65
89loved89
89love23
89loops
89lomejorcito
89lobito89
89lizzy08
89liverpoolrule89
89lilmaceo
89lieya
89leopard
89lellebel
89led60.
89lc13
89lax07
89laurie
89laura06minda25/
89latin
89laptop89
89lance
89lakeer89
89l91l
89kvv43
89kotanger
89km4999
89klm19
89klau12
89kiwii
89kitty09
89king
89kick
89keltoy
89ke3275
89kawa89dj
89karleen
89kandace
89k512
89jy08
89justin
89junio13
89june4
89jtmoney
89joshua0
89joseph
89joker6
89joal1
89jmae27
89jflo1786
89jetta
89jes26
89jen89
89jdmcrx
89jc_lin
89jazz
89janice
89jajz
89jag1
89izzy89
89isthekewlestnu
89ismine
89isfine
89isab22
89irock
89ire28
89iori
89iokl
89io*(IOkl
89internet
89in67
89id368
89ic48
89hurston
89hrky4
89hottie
89hoss
89hope
89hookerheels89
89hl01
89highway892538
89hgme
89heritage
89he03rm89
89hazard
89harry potter
89hal
89gwcg63
89gumgum
