5428604
54284784
54281568
542804
54278627
54278
5427703
54275119
5427509
542727
5427246
542717
54270890
5427
5426932
5426869
542681
542678
54267363
542666
54266075
542658
5426462
5426380
5426337
54263193
54263
542625
54262
54261523
542612
5426044demilhouse
54260056
542589
54258823
542579
542563
542554
54255
5425466
542545
54254
5425322
54253
5425285
5425252
542523
542516
542510
542490
542484
54248
542474
5424690
5424682
542464
5424534
5424515
5424456
5424281
54242675
5424160
54240
54239673
5423867
542377
542363
542347
54233542
542333
54232695
5423262
5423168
54231
542302
542296
5422873
5422819
5422712
5422622
5422562274
5422499
5422442
54224123
5422325
542229
542228
54222
54221789
542213
542200
542195
542190
5421872
542177
54217147
54216
5421507
54214493
5421411
5421303
542122
542118
542112
542107
542106
54210469
5421007
5420clc
5420972
5420689
5420573
54205525
5420537
542047
5420408
542034b
54202960
5420281
5420181
5420139
5420052
5420022
541zzz
5419876
5419834
541971
541968
541962
5419572
5419320
5419288
541903
54189
541882
5418546
5418472
5418354
5418327
5418181
541814
541788
5417814
541772
541752509207630314
5417469
5417318
541724262
5417221
541720
5417084
541706
5417052
541700
5416987
541682
5416749
5416509
5416489
5416370
5416335
541627
5416163
541607
5415ss
5415974
54158939
541578
5415688
541555
5415488
541525
541517
541516
541515
5414995
541491
5414844
5414758
54147
5414668568
5414648
5414630
54145929
5414398
5414368
541433
541425
541416
5414092k
541403
5413joy
541385
541367
5413544
54134041
541333
541325fa
541313
5413046
541303
5412845
541277836
5412753
541258
541243
5412369874
5412351
541229
541221
541219
5412141
541207
5412051
541200196
541196
541188
5411654
541157
5411367
541126
541125
5411234
54112
541116
5411149
54111
5411004
5410996
541094
541078
54106668
541061
5410564
541054
5410512
5410426
541038
5410364
541020301
54101988
541014
54101025683215
541008
5410046
54100000
5409964
5409856
540971
540961
5409387
5409005
54089
540889
5408731
54086511
54085
540831580
540811
540808
5408
5407839
540777
54077
540743
540732
540714
540710
540708
540700
540653679885
540634
540622
540618
540610
540603
5405sig
540587
5405457
540530
540519
5405044
5404946
5404911
5404789
540471
5404625
5404156
54040filipe
540404
540396m
540382
5403587
540336
540324
5403119
540302
5403
5402851
5402614
540259
540254
540251
5402315
54022
5402133
54021
540205
540196
5401914t
54017sucks
5401663
5401604
540140
540125
540123
5401130
5401111
540101
5400723
5400647
5400486
5400423
540023108341
540007
53xy91RL
53strathmore
53shelby
53nn433r
53manny
53imboss
53fourth
53dj16
53cr3t
53baby
53_00jj
539iron
5399abcd
5399931
53999
53997912
539974
53994541
539916
539900
5398846
5398816657
539834
539831
539811
5398
5397875912
53975969
5397094
5397020
53968220
5396502
5396299
539612
5395712
5395451
539528
5395211
5394ra
539494
5394861
5394708
53945394
5394459
5394389
53942404
539412
5393902
539379
539338
539328
5393203
539314
53930rt
5392582
539251
5392402
53919942
5391936
5391638
53916078
53915740
53914519juanalberto
53914310
539136
5391218
5391131
5390ditto
5390896
539079
5390561
5390411
539012
5390047
538jas
538_824
5389871
5389787
538976
53896009
5389440
538911
538897
5388895*****
53887685
5388739
538862
53884252
538835
538827
53880549
538800
538796
538789
5387557
538723
5387143
538703
53869172
53868173
5386741
5386614
538658
5386204
5386111
538610
538605
5385921
538586
53855
5385332
538516
538503
5384adnl
5384965
5384831
53847
53846291
5384474824
538426
538422
538411
53837464
538355
53833
538324
538308
538288
538276
538268133
53825382
538251
53824211
538224197
538211
538209
5382022
538174
5381563
538152138
538128
538125
5381136
5380980
5380368
5380233
538021
538000
5379912
5379392a
53790528
537900
537890
537878
537874
53787000
537845
537838
5378250758160440
537821
5377rr
53779j
537796
537777
537766
537745
537740000
5377377
53773642
5377253
53772
537714
537707
537698
5376860
537648
53762463
5376141
537576
537555
537552
537537537
53750
537460
537445
537427
537412
53740
537363
537355
5373431
537333
537331
537317
5373102
5372971
537275
5372618
537253
537241
5372299h
537214912
5371cba
537187
53716
5371469
537129
537085
5370694
53704
537014
5370
536vea
536r266s0725
5369741
536966
536951
5369367
5369340
536922
536911
53690396
536874b
536858
536837
5368264
536807
536802
536794
536791
53677d
5367679
536743
5367381
53672455
53671kp3
53671777
536715
536709
53670
536691019
5366859
5366712
53664596143
536632a
536623
536618
5366051
53659612
5365931
53658581
5365806
5365788
5365488
53653768
536517m
53651399
5365
53649
536482
536472
5364611
5364337
536422
53641992
5364130
536411
536407
5364045
5363920
5363840gabriela
536379
53636511
536358
53634854
536342
5363357
5363268
536325
536319
53631593
536303
536300
5362878
536285
53627c22
536271
5362687
5362533
5362373bi
5362246
53621719
5362146655
53621122
5361se
536187
536184
5361643
5361572330
536153
5361508
536148
5361322
536124
53611793princesscarla
536111
5361055
5360917
53607651018
5360586
53603005jz
536022
5360009
535b32
535984
53596058
5359313
535920
5359138
535885
535859
5358483
5358419
5358010
535797
53578
535754
535737
535717
5357
5356906
535679
535653
5356368
535634
535626
53561779
535611
5355n26
535599
535595
535588
535557
535543
5355400
535534
5355216
535518
5355029
5354936
53547788
535467
5354649
5354558
5354314
535415
535411
535402
5353892
535380
535369
5353638
535362
535360
535358
535353535
5353493
535343
535336
535324
53531860
5353123
5353088
5352818
53527266
5352633
535254
5352476
5352360726
53522903
535216
535212
535200
535194622
5351891
535180
5351659
535151500
535123
535115265
535113
535105
535100
535076
5350721
5350619
5350487901U
5350452
5350443
535027
535017
535000
5349sp
5349636j
534945
5349193
534910
5348vanl
5348cm
53486760
5348141
534811
5347946
534789
5347708
53475347
5347264
5347229
53471320
534712
53470
5346906
5346769
5346720619
53466794
5346520
5346298
5346127
5346000
534598
5345575
53455302009
534541
534537
534525
534519
5344862
53445344
53444
534431212243
534428
534422
534412
5344
53438020
5343551
53433c
534330
53432392
53431
5342922
5342738
5342686
5342607
53425564
5342479164
5342234
534210
5342035
5341851
53418477
534175
5341686
5341650rsm
534161
53415899
5341422
5341408
5341288
534123
534119093S
534112
534092
534076
5340615
5340525
534049
5340138
5340016
533k15
533988
5339807
5339724
53395285
533911
533902
5338939
5338675
533831
5337jeep
533791
5337685208
5337607
5337541
533752
533748
53374
5337195a
5337105
5336843
533666
533651975
533627
533610
5335991
533595
5335716
5335678
5335619
533551262
533550
533545
5335431
533536
5335014
5334897
5334654
533455
533450
53344236
5334410
5334326678
533419
5334133
533402
53337766
533356
5333381
5333374
533329
533326
533323165
5333188
5333084
5333
533276
533259
533235963
5332353
5332231
5332105
5332088q
5331964
533182
5331537
53315221
53314
5331233
5331153
5331013
533100a
5330711
5330621
53305330
5330249
5330232
5330216
5330133
53300
532vista
532999
5329965
53298198
532914
532911
5328sal
532891
532887
532879
532859
532850
532838
532826
532800363530
5327872
5327599
5327493
532739
532717kk
53270911
532706
5327026
532697
532686
5326845
53268174
5326730
5326528
5326376
5326337
532629
5326210
532618
532600
5325953l
532584
532578
5325725
53256057
53256
5325567
532544
532537
53253211
532531
53252525
532509
5324969
5324784
5324619
5324357
5324253
53242
5324119
532401
5323953
532380
53237
532361
532353
532344
53232740
532318
532313
532312
5323113
5323009s
5322BITCH
532274
5322667
532257
532237
53223311
532229
53222
532214
5322103
5322009
5321pk
532190
5321880
53218153
532179
5321736
532164
53216
532156
53215
532142
53214
532115
5321115
5321
53209484D
5320863
5320832
532055
5320419
532024
532014
532004
532001
531s7605
5319eands
531971
531968
53196
531954
531948
531941
5319346
531933
53192
53190965
53190
53187may
53187
531862562187
5318423
531831
531824
53182
5318174
53181
531802
5318-11-pivi
531799
5317768
531755
531750624
531744
531732
531726
5317205
531716
5317046
5316mrblue5366nursing
531695
531689
531685
53166408
53166
5316517
5316436
531637925
5316265
53162136
53161
5316063
5316035
5316
531591
531557
5315564
531555
5315524
5315312
5315233
5315215
5315101
5314doug
5314921
5314913
531486
531468
53145
531443
53143720
531430
531423
5314147
5314092
531406
531395
531375
5313717
53136362
5313609
531356
5313554
531354
531352
53134
5313257
5313240
53130817
5313033
531286
5312836
531268
5312571
531252
531246wow
5312419
5312343
531231
5312251
531222
53121fal
531210
5312053120
5312003
5311Daily
5311991
53118506
531183
53116
53115311aabb
531142
53112888
531126
531120
53111712537
531109
531104
5311010902
531099
5310733
5310691
5310612
5310577
531056
5310477
531030
531027
531024
5310177
53100hard
5310043
530cali
530americus0279
5309900061436
53097611
5309710l
53095309
53095
53093421
53092326
530918126
530901
53090
53089
530882
53086
53085
53081vmc
5308089
5308007pj
530791
530749
5307357
53072614
5307064
530683
53068
5306744
53066410
530643
530635
530622
530615677
530606
5306017
53059765644442
5305711
530566
530557
53054tad
5305452
53053565
530522
530514
530510
53049346
530484
530468701
5304502
530436
5304333
530412
530402
5303814
530368
530355980
53035
530338
5303325
530331
53031876
5303080625
5303054
530303
530253
5302465
530241
5302239
530213
530202
5302010628
53020
5301991
5301987
5301982
5301974
53019059
530188
53018504
530178
5301600018881
5301488
5301328
530126
5301220
5301179
5301147
530106
5301046
5300boy
5300984
5300928
53008381
53006989
53006
53005141
5300441
53003320
53002k
530023
5300190
530001
53-13-ht
52written48
52wafiq88
52u81v4co
52solrac
52paradise
52newman
52mommie
52mas10igual60
52m68a84r00c
52k958m008gm
52hoovacrip
52ford
52dimosbb
52delta
52crown
52cent
52as4852as48
52ab663
52Ccyc
529hc1cr
529flor
5299eee
529992
5299786
52995
52993
529922
529911
5299052
5299
5298909
52988
52987347
529854022
5298434
529834
52981
52979674
52979
5297816
5297577
52975297
529736
529733840
529710
529700
5297
529683a
529645255
52963
5296219
5295987
529591
5295800
529539
5295315
529527
529524
5294958
5294709
5294522
5294473
5294185
529396
529380
52936730
529364
529311
5292984
5292961
5292888
529283
52927
529266
529235
529218
52921403
5292084
5292004
5291aa
5291989
5291985
5291980
529191
529190
52917936
5291454
529132
5291309
529119
5291132
529111
52911
5290810
529072
5290641
529049
529041
529016
529009
529-6275
528anna
52899
5289893a
528977
5289723
52896349
5289468
5289247
5289186
528913
528904
528897
5288776
5288480
5288212
528817
528810
5287loophole
528787
528781
5287539k
528744
5287313
5287243
528716
528707
528697
52868542
528677
528637
5286100
528600
5285821
528564
5285625
5285466
528527
528522
5285179
528513
528499
5284856
5284842
5284796
528468
528467
5284605
52845494
528452
528437463
528432
528426
5284183
528416
5284050
528402
5284
528369
528361251164
52835663
528337
52833004
528323
52831
528272
528265
528251
528249
528228
5282131
528201
528200
5281997
5281982
52819261
528180
528164
5281596
5281481
5281410
528123
528117
5281088
528107
52810281
528095
528091
528069
5280600
528042
528028
528020
5280133
5280
527hayabusa
527allday
527993
527987
527983
52797464
52797
5279658
5279431
52793
5279213
527916
5279018
5279
527890
52788gal
527877
527867
5278600
52785
527845
5278421
527839
52782565
52781s
527812
52779l
5277777
5277551
527752
527743
52774
527736
5277138
52770645
5276josh
5276843165
527672
527667
52766328
5276554
52765
527636
527622
5275953
5275885
527567
527546
527543
5275271
527520
527510
527505
527495
5274913
527489
527486
5274674
527459
52743888
527424
527421111
52741973
5274119
527406
52739285
52737906
52736852
527365454161
5273559
527339
52733
527326
52731
527292
527281005
527265
527254
527236
5272274
527220
52721212
52720589
5272008
5271997
5271988
5271981
5271971l
52718973
527168
527164cd
52715909
5271428
527127
527114
527102
5271
5270996
527093
52708
5270641
5270481
5270426
527011
526hama
526987
52697415
5269600
5269545
52694hi
526934
526913
5269102
526903
526899
526886
5268566
52684933
526841397
52684
526834
526824
526821
526801504
52680
52679
526777
52676
526742
5267399447
526727
52672215
526714
526711
526700
5266965
526690
5266747
5266665NC
5266635
526652
5266455
526642
52663j
5266266
5266261
526622
52660ljd
52660
5265jgxkh
52659
5265785
526546
5265339
52652601
5265222r
526515aje
5265086
5264jkp
526488
526482
526468
526463niemad
526442
526432
526419
526410
526396
5263820
526380
5263748
526359
52635
526344z
526333
526326
5263238
526317
526308
526300
5262841
5262812
52627
526264
5262527
526233
526232
526230
526225
526211
5262005
5261996
526199
5261966
526192
526188
5261784858671242
52616
526140
5261350
526123
52611123
526103
52608jon
526076
526056
526053
52605
5260191j
526004
525qor
525honeybunch
525circus
525990
5259842
52597
52596471
525942
52594
525934
52592
52591
52590829
5259040
5258how
525898
5258939
525888
5258856
525878
525872
525871
5258644
52585654
525852
5258333
5258301
525820
525817373
5258125
5258007
525791
525785
525774
525758
525752
525748
525731
525719
525715
525701
5256ah
525688
525683
525677
525661
52565458
52565306
525649
5256365
525633
525628
525626
525625
525622
5256190
525611
525609
525600min
52559
525588
5255823
52556905bill
5255241
525521
525518
5255065
5254vrl
5254rv
5254rhap07
5254kevin
5254johnpaul
5254jay
5254ever
5254bhie
5254ansano
52549717
52549369
5254868
52547878
5254762
5254737
52545654
5254516
5254473
525439
5254346
525433040
5254321
525429
5254269
5254226
5254185
525414313
52541005
525401
52539638
525387
525385
525376
525363
52534001
52533521
52532683
52532480
52532155
525319
52530m
525305
52530
5252dah
5252JCtash
5252941
5252938
5252852
52527729
5252744
52527
525264
5252585
525252k
5252456
525242
52523535
52523452
52522525
52521905gs
52521314
525209
52520491
525202
5252006
5251tl
5251976
5251911
52518381
5251767
525165
5251601
5251546
525151
5251398
5251342
525127
525123
52512
5251123
5251110
525101
52509942
525095
5250931
525088
5250855
5250843
52508
5250700
5250548
52505250
52504510
5250437
52503
5250236
5250177
52501483
525014
5250123
525004
5249pl
52499
52498
524948
524941
524936
52493229
52493
5249128
5249010
52489t
5248795956728707
5248708
524863
524848
5248426
524834
52482
524815
524797
5247847
524766
524763
524753
52475
5247449
52474
524726
524722
52471314
524711
5246genya
524689
524687
524684
524678
52466168
52465723
52465355
524646
5246403
524612
524605r
524598690
524578478
524563
52455
524542
5245269
524524524
52452
52451
52449763
5244862000
524452
524444120
5244348
524424
5244185
524406
5243931
5243767
5243604
524352
52432smo
524310
5243019
52430
524294
524288
524282
52426946
5242678
5242658
5242630
524262
5242589
5242555
524254
52425*9152
5242424
52424125544001
5242235
5242126
5242007
5241985e
52419797
524196
52418679
5241761
52416379
524152
5241476
524142547
52414
524136
524118
5241034
5241+dear
5240854an
524083
5240665
524059812
524053
524052
52404
5240322
5240283
524012
5240054
523vr991
523mkznr54
523lovers
523kbf
523holzm
5239lady
523999
523990
52397511
523974
523970
52394
523918
52391314
523911
5239088
523901
5238909
52388j
5238820
52387
52386
5238507
52384
52383
523819
5238159
5237985
523789
523783
52378
52376943
5237476
523722
523717
523703
5236jaq
5236LR
523691478
523671
523666
52366325
52366166
5236451
523636
5236260
52362326
52362035291678/
523617
523612
5236063
523599
523585
5235825
5235661
52355741
523553
52354mw
5235455
52353873
5235143121
523511
5234869
5234701
523467
5234523
523437
5234310
523417152
52341
523400
5234
523390
523380
523372
5233606
52335464
523347
523343
523322
523317
523312
523307
523303
5232963
52329
523285
52328
523276
5232663
52326
523255
5232410
523235
523231
5232269
52322
523214
523211
523205aa
5232012
5232
5231trv
523199
5231983
5231978
5231974
5231943
5231925
523189
523180
5231792
523164
523162
5231485
52313801
5231304
5231245
5231134
52311164
5231088
523105005083
523102529
5231010
5230HolyZi
523088
5230843
523071
523068
5230562
52305233
523043
5230400001330
523036
523032
5230238
5230215
523016
5230100034712
522russell
522aven
5229675
522962
52295071
52294469
522933
52292463
522911
5229016luv
522900
52289n
5228957
522884
522861
522842
522824
52282222
52282
522817
5228054
5228001
522794
522790
5227869
5227805333
52277
522764
522756
5227474
52273995
522733
522712
5227086
522706
5226filla
522689411
522664
5226598
5226519
5226331
5226177
522610
5226036
5225989
522588
522582m
522570
5225642
5225542
5225485
5225452
522530
522528
5225252
52252022
5225185
5225139
5225084
522507
5224rt
522494
5224711
522467
522458
52245
52244
5224184
52240300
5223skj
522385
522378
522355189
52235223
52235
5223412
5223305
5223254
522316
522314
5223
522286
5222697
52226
522256
52225
522244
522239
522228
52222
5222150
522212
522207
5221997
5221993
5221981
5221975g
522193
522186
5221835p
522179
5221619
5221535
522153
52215
522144
5221407
5221352
522134
522125
522121
522114
522105
5220mpsv
5220837
5220802
5220788
522055
5220520
52204
522021442
5220131
522004
52200162rain
521skeza
521chloe!
521P66254
52199212
52198
521973
5219701
521964
521962
521960
521957
52194
52192522
521916043
521913
521910
521901
5218909
521881492k
52186475
521852
5218486
5218309
521828
521826
5218196
52181
52180385
5218000
52180
52179rmg
521792
52179
5217818
521776
52177125
521769
5217627
521756
5217273bn
521714
521710
521704
5216andi
521690
521670
521661
5216535
52163
521626
52162333
521611
5215teca
521593022
5215909
521580
521570
52156896
5215566
521538
521528
5215215
521515
5215131
5215059
5214nigger
5214862
5214789630
521469
52146110
5214512
521451
5214399
521436
52143494
521431
52142270
521418
521417
521412018
52140mr
5214044
52139
521387
521380
521366
5213537
52135213
521346596
521345
521340
521334
521324
5213174
521311
5213084
5213015
5213008456
521289
5212634
52125379
5212521
521249
5212452708
521238
52123498
52123219
521227
52122580111
5212185
5212161
52121314
52121
521208
521202
5211999
5211992
5211984
5211975
5211971
521179
521168
521160
52115302h
521152
521142
5211406821
521132
52113149370090jj
521131
521126
5211254
521121
52111314
521112
52111
521107
5211022
521100
5210kklp
521098
5210888
5210731944
5210708
52107
5210629
5210579
521050
521044
52104
52103
521022
52102
521018
521013
521012141
5210078
5210014
520sean
520mmm
520lynn
520lin
520laogong
520jojo
520iwannafly
520e97
520cdb
520baoru
520aes85
52099a
520991314
52098
520963
520947
520935
5209304
520923
520909
520903
520900
520897a
520895
52089
520881
520874
52087
520861
520852
5208364253
520828
52082
520819
520817
5208104310
52080101015
520799
52078sd
5207802
5207788
520771
520769
52076
520758
520748
520741
520729
520723
520717
5207111
520707
5206e19
520688
5206602k
52064
520631
520627
520617
520614
520610
520607
520605
5206005
5205986
5205890
5205645
5205548
520543
520529874
520521522
52052000
52052
520519
520517
5205148
52051314
52050456321
520504
520490
520487
520475
5204501
520430t
520423
520414
520411pink
52040231
5203939889
5203906
520373
520355
5203506
520343
5203352
52033441314
5203282
520326
520322
520315
520310
5203066692126
520304
520302
520301
520300
52029488
5202854
52028
520271
520265
520258
520252025202
5202502
520229
520225
520220
520214
520204
5202002
5201998
5201991
5201983
520197
520187
520178000
520159
520157j
520156
5201452014
52014
520133
5201314q
5201314l
5201314ed
520131499
520131420060127
520131411
5201313
52013016204974
5201224
5201210
5201205
520115
5201106
5201026
52010116098
5200ike-b
5200993
5200924
5200916
5200811klb
520079
5200697
520061acp
5200600045136
5200600
52005a
5200480
5200444
5200407
52004
5200331
52003
5200224
5200218
5200209
5200123
5200120
520008
5200079
520005
520001
520/16
51yeong
51tango
51stars
51santi
51r47ul
51pitchfast
51militia
51liffeypark
51larry
51haras
51gg95
51football
51dd1q1
51cent
51area
519happy
519999
519974
5199583
5199311
519913807
51990023987
519898
5198966
5198789
519865
519850
5198332
5198254677
519807
5198.vic
5197663
51975
5197333
519727
519705
51968536
519642
5196-ffd
519591
519569
519563
519537
519535
519521
519512100
519497
519481
5194512
519421
5194123
5194056
5194004
519375
519330
519296019
51927934
519267
519254
51925192
519251
5192480
519232
519229
51921
519203
5192005
5192000
5191jj
5191991
5191985
5191974
5191917
519190
519151
51913lisa
5191195
519101
519098
519080621
5190559
519050
51904angela
519037
519021
519015
519004
518nana
518fran518
518eightyfive
518975
51895m
51894d
5189401
518932
51893
518923
518906
518900
5188fishes
51888046r
5188592
518854
518849
5188448
51883
5188189
51878m
51878
518777
518769
51874160
518712
518709
518678
518675
518617
518608
518586
51857
51855185
518530
518523
51849806
518496
518480
518473
51844pink
51844894039793
518432
518421
518408
518384
5183758
51835183
518321
5183103
518298753276010/
518287
518265
518245
518236
5182327
518220
518206
518201
51820
5181986
5181962
5181881
5181758
518166
5181359
5181314
518130182
518124
51812
518117
5181118
5180991
5180826361983
518078
51807
5180556
518045
5180231
5180100
518003
517msk
517ilKJ93
517ajk
5179862
517981
5179437
517925
5179138301
517901
517898
517896
5178721
5178572605
51783240
5178269t
51782
51781
51778
517766
51775154
5177408
517737
517730
5177241
517720
5177173
5177051
51769
5176650
517651
517619
5175671
51755
5175403
517535
517519
5175175
517511
517474
517444
5174347
5173657
5173534
517286
5172736
517264
517244
5172414
517240
517214
51721
5172002
5171992
5171977
5171968
517194212
517185
517182628
5171792
5171687
517163
51714
517131
517127
517120
517112
51710462
51708224
5170800
5170727
51704me2
5170381
517029
5170174
51700
517
516nyc
516kiln
51698
51696
516945951
516910
516880
516874
51686
51685
5168283
516821
516819
516811
516806
5167mj
516788
516760
5167533m
5167480
516730
516719
516703
516670
516649
516630
516622
51661968
51660
516590
5165850
5165602
5165586
5165517139
516523
51652122
516516516
5164978
5164847
5164733
516455
51645
516429
516427
51641234
516402
516394
516378
51635163
5163136
516311
516300
516290
516271217
5162571romero
5162432
51624153
516233
516229
516225
516211
5162000
5161999
5161983
5161978
5161970
5161940
516183
516173
51616907
516151
516137
516132
5161246
516121
51611
516103
51610019
5160laf
516094
516083
51607
51604pp
516033
516032
5160160
51601
5160
515wendy
515t3r
515paola
515karla
515car
515baby
515ana
515a25
5159947
515991
515985045
51598115
515972
51597
51595amc
51595
5159338
515918387
515915
515900
51589503
515888
515877
515875
515871
51586
51584alw
515829
515823
515818
515803
515800
51579jcs
51579
515785
515777
51577484
5157664
5157620
51575
515736
5157193
5157077
5157032
5157007
515695
51568910
515682
5156641
51565bg
515652
515636
5156300
5156287asa
515622
51560275
5155steph
515592
5155859
515581
51555564
515545
515535
515522
5155155
5155103
51550
5154917
5154723
5154541519
515439
5154367serch
5154222
5154152
5154149
5154041
5153scf
5153967
515373
515360
515350
5153369
515322
5153197
5152gjc
5152959
5152845
515283
5152786
51526168317
5152570
5152510
515247
515233121
5152280
5152189
515205
5152002
5151991
5151971
515196
51519
515182
515172
515164
5151511
5151436
515141
51513046
515124
5151205
515118
515114
515110
5150zxcv
5150me
5150love
5150js
5150jay
5150emt
5150dana
5150aa
5150HOE
515099
515093
515088
515078
5150604
51505al
515056
51505150j
5150502
515049
51504
5150329
5150277
5150204
515018
5150126
51501067
5150060
51500000
514cutiie
514_shuji
514996
514994
5149889
514980542
514979
514974
5149546
514949
514945727
51490j
5149013
514892499
5148822s
51487
514859
514849231
514833
514810
514801
51478
51477
514754
51475147
5147260
514714
514700022
5146em
514696
514666
5146542
514646
514637
5146297
5146215082krc
5146124
51460533
51458
514576
514569
5145605
514556243
514553
514533
514516
5145059
51450
514478
514469
514460
5144540
5144328539nN
5144278016
514406
514383
514366
5143501
514349
5143439
514335
514325
5143203
5143080
514291+26
51429
514286
514269116
514268
514261
51426
514244
514237
5142351423
514233
5142301
514221
514208
5142003
5141978
514188
514179
5141746=
5141644
514160
5141425
514136
514132
51412cs
51411386
514104
5140luv
5140995
514090
514078928
5140742
51406
5140514
51404j
514041
5140360
514025495
514022
5140179
5140100
5140086
5140-1
513natti
513darius
513balla
513993
513984
513980
513977
51396
5139566051395660
513946287
513937
513927
5139237
513914
513903
513887097
5138839
51387ms
513855
5138487
51382764
513824
513815w
513811
5138
513784
5137802
51377
513729
513722
513718
513713
5137
5136961
5136871
513680
51366823
5136445
5136230j
51362
513606
5135ag
5135913
513579
513577
513566
5135567
51355
513537
5135315
513525
51352426
513502
513499
513444
5134320
5134270
513425
51341492
5134080
513402
513394
5133896513
513362
5133443
513333
5133308
5133269
513315
513314
5133103
5133
51329
51328
513254
513250
513247
513226
513223
513216
513211
513209
5132040051
51320212324
5132003
5131988
5131977
5131965
51318579
5131751
5131711
5131607777
5131601427
51315318
51315059
513133228
51313
513125
5131223
513117
5131121
51311
513103
513098
513065
513060002
5130579
51305
5130456
5130422
5130391
513038
51303
513015
513011
513003
512suki919
512joshe
512ee268
512austin
512999
512993
51298416
51297386
51297
5129624
51295t
51295
512934
512922
512919
512917
512901
512890
512889
512872s
5128611
512856
512850
512842000
5128229
512820
512816
512804
5127925
5127734e
51276
51275
512733
512727
51271521
5127010022
512679
5126681
51265162
512645
51263619
512633
512629
512624
512619
51261104
5125909
512581
51257399
512569
512559
5125512
512543
5125367
5125292
512527
5125210
51251
512506
5124eva
512485
512478
512473
512463
5124544
512450
5124405097
512437
5124336
512431
5124297
5124213
512420
5124120
5124
512391
51239
5123850
512369874
5123688
51236
512357
5123557
51234735
512342103
512331
512328
512321
512315
512311
512299
5122902
512270
512253512666
5122529
5122521
51222764
512220
51221597
5122020
5122010151
5122005
5121pp
5121994h
5121984c
5121977
5121960
512190
512183
512172
51217009
512166
512162
5121562
5121490
512145
512141
51213308
512131
512129
51212540
512124
512121
512119
512118
51211090
512109
5121060033
5121040058
5121040
5121031
51210008
51208mitch
5120789
512075
51207301
51206zs
51206811
51206697
51206660071
5120607213
51206
51204791
512044
51203647
5120306
51202253
512018
51201314
5120120a
512009
512/149
512
511love
51199
5119869761987
511982b
511976
511970
511965
511960
511957
51195119
51194348
51193035
5119288
511922
51191020237au
51190r
511906675O
5119029
5119011
5118kelly
511898
511885
511875
51187239
511870
5118608
511857
5118545
51185118
511841
5118392
51183
5118212
5118198
51181607
5118108
511801
511789
511778
51177017
511760
511747
511744
51173a
511737112
51173442
511729
511726
511718
51171065
511706
511702
5117
5116937
51168yt
511686
51167103
51167
5116646
511656
511648
511633
511627
511624
511616
511613
511610021
511586
511570
511562
511553
51153709
511531
511530
511522533
511519
511515
51151219
5115041
511490
511473068
511459
51145514
51145267v
5114474
5114442900
5114397
5114260
5114163
51141112
5114059
51139075
511377
511366
5113547
51135113
51135
51134245
511333
51133146
511330
511312
51131
5112970
5112851128
51128
511275
511260
5112534bee
5112529
5112527
5112520
511249
511246
511239
51123403020
5112289
5112269
51121314
511211
51121
5112062225
5112058
511202
5112006
5112
511199
5111980
5111971
511190
511180
51117441994
511167
511159
511151
5111486
511135
511128
511123363512
511121
51111910
51110963
5111068
5110988
511069
511050
511045
511036
5110300017642
511022
511019
51101755
51101454
51100mf
511007
5110056
51100140139
510sweet
510northoakland
510namnn12
510maliki
510jay123
510hwd
510freaks
510eugene
510darich
510bay
510995
510983
510978
51095ctc
510925
510920
510915
510908
5109014
5108985
5108824
510862
5108545
510853
510843678
510820
510811
5107penn
510789
510775
51077
510759
510744
510724
510722315
510711
51070
510693
5106557777
510625
510623
5106101069
5105mitulile
5105940
510565
510560
5105506
510546
51054
510521
510515
510510510
5105085
51050401100
510500cc
510481
5104766
51047455
51046550001
5104473
51043560
510429
510425
510420
510417014
510415
510407
510401
510389
5103691
5103573
510353
510333
510327
510322
5103020
5102trob
510295
510288
510274
51026791
510263
5102598
5102523
51025102
5102495
510247
510241123
510234
51023
510222220525
5102180069
510210
51020377
51020205
5102005
5101994mene
510198
5101918
510189478
510158
5101527330
510152025303540
51015201016
510146
510136
510124
5101204158
51011811086
51011324057
51011225019
510111
51011011472
510110
51010971251
5101097
510107464
510105
51010301124
5101020
5101009701
5100brian
51009239
5100893
5100762
510072
510054
51005118
51004ajs
5100480
5100352
510029909772
510023h
510021661
510019
510014
510011
5100045
50theone
50sucks
50special
50shorty
50scalpay
50popo
50pimp
50percent
50oomeiggam
50nutz
50nigga
50miles
50mar90
50maki
50logan
50kitten
50jaar
50ishot
50indahouse
50gunner
50fuck
50firstdate
50f58f52
50eswoeh
50em50fab
50doowop
50dolares
50dates
50daddy
50ctbt
50chev
50chester
50cet
50centtlv
50centsux
50centsgu
50centroxs
50centrk
50centr
50centmty
50centkaka99
50centisgreat
50centgangster
50centcool
50centakon
50cent=kkk
50cent9
50cent60
50cent420
50cent18
50cent10
50cent0
50cent-gunit
50cent$$
50cend
50cemt
50cc3r
50c3nt
50bent
50angely00
50_CENT
50WORTH
50NY4786a
50MMLOS
50Drumwhinny
509sexy
509e177
509danny
509boy
509ams
5099956
509961m
50995099
50994
509928118
509925
50991me
509910
5098v1234
5098694
50985
509812899
509800
50979712
5096970
50966
509630
5095870
5095500
509510
5094freesilver
509460
509452
50943812
5093959
5093613699
509356
5093398
509273814
50923
50921694
5092007
509193
5091723
5091510
50915
509131
509128
5091079
5091019
509090
509088
509085
509073
509050
5090409110
509033
5090229
5090086
508xm617
508holly
5089669
5089352
508931
50891
508896
50884790398143
5088180
5088
508777111
5087344
508716
508699
50865086
508636
50862363
5086067
508600
50859112
508564
5085238
508515125410
5084sg
508478
50845704
50844
50842751
508400
508388
50834u
5083148
5083038
5082939a
5082664
5082558
5082367914
5082232
508213
5082007
5081995
5081984
508187
5081544
5081400185
5081151989
508114
5080905
508079
5080722
50805_wk
50805
50800794
5080026
507Flaco
5079581
507945
507929
50790
50789
507873
507854
50784842
50775110
50773
507712
507701
5076969
507686
5076741
50765070
507637
50760516
50755075
507521a
507507507
507503
507496
5074861630
507470
5074633
50741007
507392
5073883
507348m
5073381717
507312
507304
5073
507261
5072387
5072125861
5071kc
5071930
507175
507121
50710787
50708
507066
5070596
5070312
5070237
507000
5069692
5069686
50695069
506950
506903
5069025
5068furlong
50687459
506863
506810
5067708
50672782025
5067083
506686
506656
5066391
5066306
50662297882
5066200
50661010
506588459
506585
506555
506507
5064987
5064883
506473
5064532
506440
5064304
506412954
506400
5064
506382
5063511
506345
5063289
50631519
506314
506281017
506278
506268
5062604
5062538
50625062
50623889
506229
506219
506212
506210028
506205
5062++
506195
506186
5061776
5061717
506147
506122
5061204082
506114946
50610692
5061004
506093
506089
50608
506078
50607
506051
50604010
506025
5060141
5060123
506011
505tanai
505rocks
505flirty
505DEMING
50596671
505957
50595059
5059202
505894
505854
505830
5058055
5057cd
50579
50578253210
50577
505756wob
505721
505702
505688
505650
505632
505627
505613
505612
50557463
5055408
505523
5054life
5054555
5054119
50540
505388
505380
5053670
5053590
50535
505329
505313
505299
505282020
505253
50523401021
505226
50521206064-2
505207
50520
505199
5051986
50518135055669
505173
505159
50515253
505145
505132
505120
505112029
50511
505103
50510072
5050camaro
505098
505088
505081
505075
505074
5050709
50506
505057
505052362
505050505050
5050488
5050443
505040
505032
5050285
505021
5050150063
5050132
5050104
505008
504tiff
504tee
504npp
504moncy
504man
504gblazer
504ever
504chick
504boyy
504HOTBOI
504Boy
5049990
5049595
504954
5049240
5048795
5048696
504822
5047884
5047366
5047123
504702109
5047
504687
5046723
504652
504623
504611
504607
504591
50456066
50455
504546
5045395
504521
504504504
504494
5044823
5044671
504451
50443406248
5044228
50441129
504379
5043712336
50435043
50433
504325080
504323
5043199442
504314
504312106
5043097
504301010
5042ljy
504292
504270
5042609748
50425060
504250
50422
504210144
5042000
5041995
5041985
504197
504179265
50417
504124
5041213
504112
5041010058
5040wani
504080
50406R4G2R
5040619
5040540345
5040504
5040467
504040
5040306214
504027
50402025
504012
5040110322
5040039
50400
504.COM
503nhg
503huff
503fullerton
503976
503925e
5039223
503920
503910
503900694
503888
503864
503856
5038384403
503820
503811
503789
5037404
5037266
5037201
503700121
50368ss
503680
5036572556
5036391024
5036198
503610
503606
503604
503587
503580
503551
5035484
503533
503530
503512
503501
503487
503467
503455
50344815tym
503434
503429
503424
50341817357
5034111
5034031656009725
5033tt04
5033870
503361
5033368
5033252
50332
503312
503300j
5032FvO
5032923
5032632berkan
503255652
503245
5032382
5032307894
503225
503222
5032191
50321034
503208
5032051
5032041701
5032040015
5032010070
50320
5031996
5031986
5031901055
503180
503157
5031514
503143456
503139
503126
503123
5031203040
503117
5031100728
5031100001
50310556
503105
5031040013
5031011
5031006092
503096
503090
503054
503044
503039
5030385
503030
503024
5030203183
5030201864
503011
50300888
5030010950
502wmz
5029846
50298
502953
502939
5029138005003
502911
50291
5028960
502882
502863oo
502833
502811
50280
502799
5027652
5027551
502725
50271741
502702
5026wren
5026815
502652
50265
502644
502633
5026166
50260572
5026049
50260282
5025lexie
5025922
502566
50254790328
502540
502516
50250160
50249917
502484
502456sh
502454
5024490
50243567
5024319
50242549
5024249450242254
502405
502402
5023700
502368
502353
50233132
502322
50231121
5023074
5023000
502294
50229
502285
502276
5022536
502250
50224526
50224
50223679
502222
5022103
502201075
5022010476
5022010278
5022010205
5022010108
5022010100
5022010033
5022010009
50220
5021985
5021920
502180
50216915
5021688
502163
502133kill
5021310090
502127
5021246038
502123
502118
502109
50210590
5021040233
5021040110
5021040094
5021040059
5021020028
502100661
502098
502090
502089
502076
502070
50206133
502060
5020510012
502046
502040
5020364
5020301046
502024
5020210704
50201825
502015
5020136
50201110
502008
502005
50200
501jss
501boyz
501999
501976
5019544
501946
501939
501906
5019032
5018973
501887
501875
50187
5018562300
5018247
501822
50180
5017955
5017903
5017850406
501781124
50176986
501759clb
5017482
501736
501725133
5017174
501714
501708108
50170403
5016996
50168
501671
501654
501630
501624
501620
501613pimp
50160
501597
50158793016
501570084
501565
501555
501550106
501544
50154
50152980149
50152
501508
5015050
501501564
501500
5014983
5014886
501483
5014641004
501450
501433
50142403
50142
5014100176
5014004
5013963
50138707
50138552
501378
501371
50136739
501359
5013555
501331028
501326
501320109
5013148
501310340
5013071018
50130005
5013
50129sco
501282
50128
50125ia
5012538
50124043
50123579
50123330404
50123200103
50123139
501231003
50122808
50122096
5012120
501206+
501201
5011nash
5011991
5011983
501193
5011863
5011748
50116990008
50115492
50114701
5011453
5011410699
50113elyk
50113927
501137133
501133
5011301509
501129
501128
50112774001
501126
501123631
501122356
501122005
5011210076
5011200171
50111972
50111574
50111418
50111307
50111128
501110
5011072
50110376
50110189
5011010855
501100358275
5010tank
5010968575
501093
501090
501084
5010810
501079
5010759040
501071379
501069
501066
501062
5010580
5010548070
5010533
5010515032
50104010283
501039
50103572
50103010058
5010256
501024
5010210138
50101STUNT
5010123301062
501011858
501011
5010054
50100157
500state
500monkeys
500mob
500grand
500blk
500_500
500999
50099
5009808
5009615484
500951
500934
5009201
50090216
500862
5008584
50085424v
500829
5008113325
5007hj
500789
500781
50075007
500731
500725
5007118
5007051
5007012
5006day
500690
500682
500658
5006400
500622
50062
5006126659
500610693
5006104346
5006012
500593
500585
500567
50056007
500559
50055
500543
5005377
500532
500527
5005130
5005109
5005101426
500508
500506
5005026251
5005020012
500501470087
5005005005
500493
500474
50046789
50045858
50045580116
500445kr
50043590141
5004300602
5004104304
500410182
50040501332
50040332123
500403
500395
500391
50037860
50037
500365
500355
5003510871
500335
50032014
500317
5003088
5003034633
500300
500295
500285
50027625
5002669143
50025140
5002499
50024414
500238
50023518
5002306
5002237
500218
50021652
500210171
500209
500199
50019477
500189
500183
500180
500166
5001619
500153
500150
5001424
50014022
500133
5001300048
5001264
50012109
50011313146
50011228
50011210068
5001102455
50011010912
50011010770
50010919757
50010914137
50010814028
5001057
5001051037
500104
5001033006
50010312061
50010215596
50010210615
50010108
50010019
5000ones
5000gst
500097
500090
5000641
5000615
500058
500053
500038
500030
500016
50000psi
500007
500004
500002
50-cent-2
50-CENT
50%angel
5/9/1995
5/6/2004
5/5/89
5/14ken
5/11/89
5/10/94
5/10/1967
5.furr0V
5.56mm
5.12.95
5.0mustang
5-mileboy
5-kids
5-5-07
5-4-89
5-2hoova
5-23-1983a
5,2,1994
5*11*32*nutt
5'1112amu
5 letras
5 155
5
4zdtdxx1
4z5999
4yqynkawev
4yourglory
4youonly
4you2nv
4you2me
4you1
4yny8z
4ymi;iiI
4ymi4i
4ygilfach
4yf1m38hfb
4yankees
4yIRbik
4xxxx
4xmama
4xbubbl3gumx5
4x4lover
4x4evo
4x4dakota
4x4boy
4x1t8ina
4wujddvrui
4wrangler
4women
4wmn168
4wishes
4wings
4wiljes
4widget
4wheeler95
4whbb2
4wh33l3r
4westacres
4weezer
4waw495
4watch
4wandoo
4walana
4w3l4pw1
4vvjtr
4vrteamo
4vrjgr521919jmi
4volleyball
4virginia
4vintage
4vikings
4veronica
4velvet
4vampires
4v@ns1981
4v1i4c3t4o8r
4us3..
4urmamaz
4ur73y999
4untame
4unity
4umamasita
4ujaanm
4uitgelt
4uilive
4ug0a2b6
4udr3y
4ubarry
4u55443
4u4umqvka
4u2pn2
4u2nvcmd
4u2nv0
4u2jock
4u2feepy
4u2c&nv
4u2amin
4tysen
4tynights
4tyler
4tussy
4tuning
4tune81
4tucker
4troubles
4tripp
4trenton
4trance
4track
4toris
4tooktah
4tommy
4to4ljay
4tnax3j7
4tmefhjnc6
4tknox
4tj7lj2
4tissimo
4tinn
4timothy
4timbo
4tijuana
4tigger2
4tiempo
4thward31
4thtime
4thplatoon
4thofapril
4thmay
4thman
4thjune
4thgirls
4thgeneration
4thfebruary
4thesims
4therese
4thepunks
4themusic
4theluvof2ns
4thefunofit
4theblood
4thebetter
4theband
4thdec
4thbaby
4th5dihi
4th3lov3ofmysons
4tesoros
4teresa
4teens
4teddy
4tay15tay
4tattoo
4tanya
4taniyah
4taipin
4tacos
4t3nz0n
4sybnero
4swimming
4sweetness
4surely
4sure
4sunrise
4sunday
4stuff
4stree
4storm
4stkms
4steve
4stephanie
4stayoutt4
4starrynight
4starling
4spunky4
4spree
4spongebob
4speech
4spada
4songbirds
4sockadoo
4snowy
4snksnk
4sneakers
4smw23
4slipknot
4skin2k8
4sindicate
4silence
4showa
4shorec
4shomynizzle
4sho00
4shizle
4shits
4shhhh
4sherrod
4shells
4shawnee
4shandon
4shadmoss
4sexxya
4sergio
4sep95
4sep1991
4sebass
4sdneirf
4scots
4scarlet
4sammys
4samara
4sam22
4salitrem4
4sahabat
4sache
4sa7ya
4ryan4
4ruthie
4runner7
4runner17
4runner01
4ruatahuna
4rsenal
4rr2brn
4rozen
4rosie
4rosebud
4roolf
4rollie
4rodrigo
4rocku
4robinson
4rmme2u
4rm4ndo
4rk4rn4ku6174
4rita4
4rfvcde3
4rfvbgt5
4rfv6yhn
4reyna
4rene4
4regit2
4reggie
4recovery
4realz#
4realiluvhim
4reala
4rch13
4ransom
4rabbi
4r8ywscl
4r3v4l0
4qv2bee8zd
4quatre4
4pussy08
4puppy
4punkrockers
4pudding
4proudmom
4precious4
4pq1644vbn
4pp4a9hp
4potter
4potato
4postal
4pongebob
4pm9jrwx
4play4me
4play012
4pjej2
4pinkroses
4pinkgirl
4pineapple
4piglet
4pietyrule
4phillip
4peresona
4penella
4peasinapod
4pdm526
4patas
4pasosalaluna
4parker
4pantera
4pandas
4paintball
4pac4pac
4outlaw
4otto4
4orion
4oranges
4one12
4ojos
4ofus1
4oct1993
4nton1o
4nth0n1
4nskmr
4north
4nomore
4nodrama
4no12no
4nn3tt3
4nine8five
4nieces
4nichole
4nht456
4ngabumz
4ng3l5
4ng3l0wnsc0rps3
4nextstep
4nevaeh
4nessa
4nelly
4ndrew
4ndr3s
4ndr3
4nd4kr1r1c
4native
4natalia
4nando
4nadine
4n964
4n4kr1n43
4n1m4l
4mysweet
4myspace2
4myself2
4myrover
4myrock
4mypix
4mynum1
4mymoney
4mymercy
4mymail
4mylattie2
4mylabs
4mykids2
4myjesus
4myhunny
4myhero
4mygirlz
4myfam
4mydogs
4mydog
4mybuddie
4mybabys
4mya24
4my2girls
4mxs2t545
4mustang
4mountain
4mosquitos
4morox4
4morjo
4more2go
4monkees
4money$
4mlral
4mjnkayne
4mista
4minnie
4minariley
4millers
4mike
4midori4
4micahb
4metotell
4metosee
4meses
4meonly1
4menyou
4menu
4menot4you
4menmyles
4melons
4mei2006
4media
4meand4you
4me4you
4me2talk
4me2play
4me2n0
4me2know!
4mctm05
4mccorkle
4may92
4mauichck26
4mas69
4maryjane
4martina
4marmite
4marines
4march
4malte2003
4malaikat
4maio1992
4magnum
4mackenzie
4m3tffhm
4m3r1c4
4m22kjrz
4m0rnunc4m4s
4lyss4
4lverez
4luvos
4lushus
4luke5
4loveu
4loveonme2
4lovelove
4lovebugs
4love6
4love!
4lolita
4logan
4locobitch
4lloydj
4littlegirls
4lindsay
4lin444
4lilys47
4lilly
4lilflip
4lilangels
4lifez
4lifem8t
4lifeelfo
4life7
4lies
4libby
4lfr3d0
4lfclover
4lexie
4letterlie
4leinaala
4legal
4leafs
4leafclover1
4ldsue8crux5
4lc4984lc498
4latijn4
4lastmin
4lana4
4lala4
4lacey
4l7t9258
4l3x4ndru
4l3x4nd3r
4l3x14rojo
4l3csx1s
4kuk3c3w47
4ksa633
4kr];\\'9k
4kookoo
4kittynv
4kitten
4kirsty
4kingz
4kinging
4kimora
4kimmy
4killer
4kiki
4kidz
4kidsnow
4kidsallgirls
4kids5
4kids1962
4kids*
4kidos
4keyshi
4kenzie
4kennedy
4ken9dit06
4katy2use
4katies
4kathryn
4karen
4kaonohi
4kalee
4kaitlan
4kI6r\\'KN
4k8975
4jzf53
4justine
4junio1986
4july88
4july
4julio90
4judson7
4jtbrum
4jordyn
4jonathan
4johnrg
4joanne
4jmike
4jjjs200
4jigs
4jessica4
4jeremy4
4jenni
4jenifer
4jehovah
4jazzy4
4jazmyn
4jayjay
4jasper
4jarett
4jan90
4jan1997
4jaime
4jaheim
4jackie
4j33es57
4itall
4it2was
4islucky
4isenough
4innocent
4infinity
4inchmike
4inall
4ilovegod
4ignacio
4iINmbrpN
4hyypia
4hshooting
4hottie4
4hotgirl
4horsemama
4honesty
4homey
4hobbits
4hispower
4him4him
4hijas
4hgirl
4heronwalk
4hermanas
4hello
4heisgr8t
4heartland
4head14
4hclub
4hawthorn
4happyness
4halloween
4h5x91
4h4ever
4gymnast
4gucci
4gstatus
4greenkt2314
4greatkids
4grandprix
4gotton
4gotten1
4got2set1
4goldie
4godss
4godslove
4gobilam5
4gnm91104
4giyani
4givemeGOD
4girls4fun
4girls10grands
4ginger4
4gigolo
4ghiordan
4getyou!
4getmoney
4getem
4gerard
4gehrung
4gavj21z
4gabrielle
4gabriel
4gabb1hohn
4g63evo
4g2b4us
4g0t1t
4fw2fh8eth1q
4fuzzbutts
4funonly
4funcme
4fuckoff
4fucker
4froglegs
4friendsonly
4frends
4frank
4fqtxf3wdn
4football4
4fneg9y35g3w
4five89
4fiona
4filhos
4fiddy
4fg0010844gek
4februarie
4fatcats
4fantasticas
4family1
4falcons
4faces
4f5g6h
4ex4ex4ex
4evrluv
4evrhis!
4evr21
4everztar
4everyourz07
4everyouandme
4everwden
4evertruely
4evertodd
4everteamare
4evertan
4everstar
4eversmile
4eversam
4everred
4everpunk
4everprincess
4everone
4evernumb
4evernite
4evernarusaku
4evernalways
4evermp
4evermin
4evermichael
4evermee
4evermay
4evermarine
4everluvu
4everlovingu
4everlovehim
4everlove1
4everlouie
4everlie
4everlastin9
4everkings
4everkalen
4everjerry
4everjeff
4everinlovewithu
4everiluvu
4everilove
4everhon
4everhart
4evergirl
4evergal
4everfrens
4everfanha*ash
4evered
4evereal
4everdrews
4everdream
4evercolby
4evercats
4everbojan
4everblonde
4everbil
4everbeto
4everbabes
4everand
4everacook
4everLove
4ever94
4ever88
4ever78
4ever4wt
4ever44
4ever2be
4ever27xyz
4ever22
4ever1luv
4ever159874
4ever1017
4ever.
4ever#7
4evea73
4evawifey
4evatwins
4evasweet
4evasufc
4evasican
4evarusty
4evapiglet
4evamonkies
4evamanutd
4evalovin
4evalala
4evajj
4evagirl
4evafresh
4evafree
4evadd
4evaconfused!
4evablue
4evabg
4evaanevabab
4evaandalways
4eva44
4eva&eva
4eva!
4ev@inlove
4esz$ESZ
4escde
4erinb
4epotter
4england
4emt29
4elvis
4elaine
4eight15
4edwards
4eddie
4ebxarsj
4eatmypussy
4e67uthebest1wm7
4e5uxuxmpi3
4e2dasjk
4dx266
4dukes
4duchess
4duc3ma
4dtorres
4drynight
4dreamers
4dr1an
4dowlers
4dominicans
4dollars
4doglover
4doggies
4dodges
4dn3vev8
4dluvofpan
4djuliod93
4dipset1405
4digimon
4diana
4dheyton
4desiree
4denner
4delkids
4degete
4deep
4dedos
4dec69
4deanski
4dd1ct3d
4daw/nd!
4davis
4dapunx
4dancecarvidalos
4dan1886
4dallas
4dakids
4dagr8trgood
4daffy
4dafamily
4daddy2
4daboys
4d88606c
4d5e6f
4d5b6b
4d444ddd
4d3d2d1d
4cuties
4cullen
4cross
4crentme
4crackers
4cpsghszjszas
4corvette
4cooter
4confused
4colts
4colecisco1
4coffee
4cocacola4
4cmll4
4claudia
4chustler
4chuckles
4christine
4chrismich
4chinks
4chico
4chelsea
4cheetah
4charmed4
4chapman
4changos
4challday
4cempaka
4cc0rdprinting
4cats4
4cast
4casagrande
4carmille
4cappy
4cancer81
4camels
4calistar
4c8lin
4byfour
4buttercup
4burgers
4bunnies
4buggie4
4bueno
4buddy95
4bubbas
4brooks
4brittanyp
4brent
4bree4
4breajah
4brasos
4boys4girls
4boys2love
4boyon
4bothofus
4booker
4boobs
4bonnie
4boltmain
4boboy0
4bmes
4blues
4bluegal
4blondes
4bliss
4blindmice
4blcbeb
4bladder
4black74
4bistro
4bigup
4bigfeet
4biddenlove
4bichv
4bhslove
4better
4bentley
4becky
4bebes
4beaches
4bchapellcross
4batman
4baker
4badkids
4babyvamp
4babygurl
4babyboys
4baby2gurl0
4babies4
4b3au42
4avril
4august1987
4atencion9
4assholes
4ashton
4ashcrash$
4arrambide
4arJiF-f
4aprilie
4april1991
4antoinette4
4annabelle
4anime
4angelus
4angelitos
4anf782
4andrea
4anb3rd0
4ammertime
4amforever
4amarine
4amari
4allmylife
4allison
4allan
4alcmsra
4akira
4agze
4agatha
4africa
4adidas20
4achange
4ac4ab4aa
4abigail
4ab9b17407
4a9a1588
4a8b8c9d
4a6l9s9
4a3b2c1d
4a0125
4_EVER
4^ib=PNiyL,u
4]b9kmujiyd
4Willy
4WHEELING
4UIWILL
4UHATERS
4Tyler
4TM43SSR
4THWARD
4TASTE
4SUCCESS
4Rlady
4RMNANA
4REALZ
4PinkFloyd
4Packers
4PASSION
4NORTE
4Myspace
4Metoknow
4MYSELF
4MYHOES
4MEONLY
4ME2NO
4LWinky4
4LILBOYZ
4LIFE
4L.I.F.E
4KARRADARLYEN
4Jesus2
4Jasm1ne
4JOSEPH
4JAYNEANDMEGAN09
4IMANI
4GsltwJ316
4GJPGR60
4Funstuff
4Freedom
4Family
4FOURdollarz
4FAVRE
4FAG9AD
4EvErLoVe
4EcTEU
4EVERYOUNG
4EVERLOVEU
4EVAURS1
4Duke340
4DERRELL
4DEFEBRERO
4Claire
4C3106
4BRANDON
4Animal
4Amigas
4ARMITAGE
4AMIGOS
4ABAGAIL
4:20boom
49yasmine1990
49stanalane
49rdhoff
49nk3q8
49neol
49kp7zz1
49kings
49jez94
49hunt24
49heaven
49erz
49ers4
49ers14
49ers101
49ers#1fan
49erman
49erchik
49er!123
49di697
49c4u2un2m
49bitch
49b28742
49aromin
49Rd0g67
49ERSROK
49A102077
499djhcm52
499978
4999489
4998dolores
499881213
499842021
499806044
4997858
49978033
499755l
499705
499689
4996582
499624
499567
49953646
499499
4994167
4994098
4993929
499342
49931
4992981892
499280
4992710
499255
4992287
49916080
499138
499126
49911925
499114l
499100
499089702
499050
4990191
4990060
4990016406
498playboy
4989357
498910
4988yeye
4988798
49884988
498819
4987rsx
4987877
498765
4987625313
498753
498728
498711
4986420
498598
498575
4985700
498539
498522
498513
49849
4984805
498440
4984256
4984221
498405
49840078
49837858
498311
498300
498290
4982818
498272
49821s
4982148
4982
498178
49816107
498155
498123
498102106
498070
498031
498023
4980064
4979835a
49794979
4979116
4978826
497856
497847
4978437
497801
497796274
497741
49768516111
497633
49762538
49761
4976006
4975397
497534
49752
4975148
4974837
497477
497431
4974157
4973402
497321
4972822
497240
4972366
4972058
497160831846
497123
497100
4970770
497052
497029
497026
4970019
496stroker
496989
496954
4969326
4969122
496852
496845
496833
4967angel
496785
49674967
496742636
496723
4967031
496666
496616
4966132
4965637
49654965
4965087
496482
4964275
496418
496379
4963628
496356
496339
496318
4962bank
496267813
496245
49623
496220
496172
4961646
496139
496135
496121
49611
4961016
4960754
4960519
49602naz00
4960200
495lua
495980
495977
4959567
495926
495912
495858
495843
495840861
4958321
4957844
49577
49574957
495711
495700
495687666
4956781
4956647
495656
49564
495631
49561t
495581
495571
495567
495557
49553340
495501
4954859
49544954
4954277590
495420201
495412
4954022033
4954
495389
495384
4953761
4953578
495351
4953316
495324
495321386758
495312
495288
495284
4952816Y
495269531
495262
495251v
4952375
495231
49522885
49521339
495211
495208
4952
495185
495169
495143
495132
495126
495118
4951122yu
49511007
495108
4951
495085
495076
4950605
495049
495028592
495025
495023
495(hr15+1n3
4949la
4949aknp
4949695
4949494
494911
4949013
494900
494875
494854943432543
4948122
494761
49474947
494701232
4946900
494676
494642
4945963
4945527
49452112120
494509101
494503RR
49449
494467
494445
494427
494414
494403055
494400
49436130036
49434943
49434284
494327030
4943203
494307
4943006
4942998
4942915
494275023
494275013
49424942
49424501
49424201023
494231
4942278
494220
494215
494205
49420
494176
494149
494135004
4941163075
494110041
494100389
4940701629
494057
49404940
4940401153
494038
4940301126
4940241
4940207543
4940111353
494008
4940017
493gd465
49399694
4939871
4939666
493917
493893
493733
49371354
4937018259
4936878
49361286
493586
4935630
493535
493528
49352056
4934laurel
493488
4934203
4934149a
493392
49336331
493354
493345
4933340
4933159
493271
493254
4932400007
493234110153
493211
4932040068
4932023067
4932002
4931dyopkpo
4931802048
4931751
493160037-9
49313500j
493128
4931234
4931228
49312051
49310rj
4931050009
4931050
4931040013
49310152
4930902045
493056
49304930
493038
4930162
4930123102686
4930103355
492k7ey510
49295824
492929
49291234
49290136
4928osborne
49284928
492847
492836
492823
4928132
492784
492762
4927505
492728
4927207
492714
49270313
4926810
49262980
49262157
4926088
4925porum
492576
492562
492540
492531
492519
492507
492489
4924700752
492441009
49242777
49241342
492400
49236136
4923304
49232773098
492320
49231511
49231231
492302
4922vkcl
492271314
4922352
4922261
4922231
492214
4922102116
49220234
4922012108
4922010487
4922010382
4922010304
4922010277
4922010230
4922010160
4922010132
4922010112
4922010025
4922010010
492191
492186
49216111
492145
4921408321
4921408136
4921321054
49213024
4921215005
4921210040
492120
492112058
4921108010
492107
4921040280
4921040125
4921040067
4921040033
4921020007
4921010053
49210
492099
49208119
4920750207
4920531
49204920
492039
492034
4920210664
492018
492009
49200624
492001
491edadz
491999
491997
491989908
491976
491973
491963
49196
49194919
4919186
491910119
491899
491863
49184918
49184545
4918301
4918203
491810
4918069
4918034
491798244
491792014
4917900tk
491783
4917739
491763
491741058
4917383
4917290
491722
49172111
49171830
491704
491700
4916998
4916910
491689
49168043100
491654
4916453
49162202
491614
491605
49160069
49160
4915908k
4915859
4915658
491550338
49154129
491532
4915309
4915220
491515
491510018
491500
49149249
491481
49148
491463236
491463125
491455
49145031
49143x
49141467
4914111
49140430
491394
491376
491370532
4913650008
491350006
49134070225
491340
4913301024
49132793098
491305
4912dez
491291
491285
491284
491277
491270170
49125180218
49124956
49124220
491241027
491238
4912334106
491233
49123250123
4912323
491231025
491229
4912263
4912252218
4912235
491220809
491220301
49121247
49121064
49120755
49120110
49120069
4911sin
4911foot
49119910
4911911
4911710-6
491169
49116740004
4911631
491161038
491156
491153107
491151
491147_tx
4911439
4911419861
4911410164
4911401125
4911350038
4911316992
4911305123
49112550031
4911200758
4911188ajr
491116021
491112
4911108040
491110
4911051
4911029
491091
491090023
49108772
491076
49107008
491066880
49106020
49106
491055
4910520
49105026
4910410012
4910368
491032
491030108
4910218
4910210531
491020
491015
4910123418028
491011299
491009797
4910088
49100100
4909933
490949
490940
49091140d
490901
4908479
490827
490819
490815
4908106316
4908090
4907794
4907577
490741011
4907205
490705
4906927k
490676
490662
4906541190
490631104
490624
4906112968
4906104356
4906103193
4906100094
4906044740
4905785
490574
490569
490541009
490527
4905193
49051282
4905106017
49051
490505
4905000107
49049692
490475
490468
4904572
4904490177
4904432
490437
4904137
4904105008
490410
490404462990
4904007921
4904000629
4903908
4903700
490364
490353
490351
49033869
49033031
49032422
49032059
490312
4903100009
490310
490306462489
490303
4903013078
4903006577
4902888
49027541
49026202
490256
490250508817948561283
49024430
4902321
4902276
490212
4902105248
490210005
490208052
4902049958
49020108
4901780536320
49015632
490156
490150
4901417909
490133
490132030
49013144
49012626
490122
49011611
49011310089
4901107150
4901106050
4901103044
49011010363
49011010174
4901100538
490110
49010970713
49010914483
490107463825
49010701
490105367685
490105267865
490104
49010286
49010210879
490101
4900ee
490082
49005829
490051
4900475
490040
4900334102
490032
4900122
49000000
48valley
48ud030
48rules
48regenboog
48nayr02
48n3123
48miner
48markwillis
48kroger
48kang
48jimmie
48g68y9
48fan
48d1089
48cheese
48b748b7
489ruby
489liasc
489985
4899520
48994335
489924
4899085
4898834
489837thug
489816
4897785
489764
48974897
48972
4896782
4896744
4896322
489627
489608
4895LB
4895845
489561
489493
4894589
4894393
489416
4893oo
489350Rg
48934893
489343
489337
489323
4892813
4892711
48926
489227
489222
489205
4891er
4891825
489177ns
4891717
48916
489125
489121
489109799
489101
489069306
48904699
489024
4890042205
4890027
489000
48898797031
4889747
488948561
488911
4888786
4888314
4887jb
4887856
48876955
488733
4886106
488586
488577
488567
4885578rox
4885485
488532
4885232
4884994664
4884953
488472
4884488
4884415
488412303
488411
4884049
48840
4883907
48834883
488328
4883143
48830719
488254
488242Wz
488228
488170
488163
4881337
4881172j
4881123023
488100
4880697
4880615
488053
488006
487carlton
4879895
4879772
4879422
487930d
48791359
4878mwlh_
4878966
4878788
48787104740
4878498
4878307
487828
4877881
4877356ry
487726
487690
4876520
487625
4875dios
4875968
4875852
487569
487563
48754200
487530
487512
4874670
48744861fl
4874292
4874043ES
48738
487266
4872525
487244009
4872115
4872056
4871865
4871580
487117
4871101
487106
487075
487072304
4870313
4870181
487001
486dx50
486anthony
48699775
486987
486977
48696428
486955
486927877
486921
486920
486917
486910
486901
486884
4868675
486856
48684868
4868411
486832
486816
486792
48679
4867590
486737
4867251
486718
486674
486646
48663421
486624456a
4866213
486616
486600
486598
486590
486582
486555
486538
4865225
4865164
4865072023
4865000
4864934
486471k
4864409
486436
4864281
48642655
4863386
486321
486314
486300
486298
48629173
48627951
48627931
4862789
4862714557399
4862603
4862581991
48625597
486255555
4862551379
486251357950
486249
486246
48623
4862262641332165
486219
48621530
486211419V
48621
486205
4861814
486153jaydan
4861496
486145
486135538
48612308
486118
4861053
4860kw
486055
4860378
48603
486017
486001
485kadazzle
48599584
4859808
485967
48596491236
485961
4859448
485922
4858968
4858877
485870
485868152535
485860
485844
4858296
485805
4858004
485782
4857538
485724
4857123
4857074123
48566063
485648
485621
485610
485602
4855505
485548
48554252
4855158
485497
48549
485488
4854851
4854812649
4854709
4854627
48544854
4854412
4854182
485410
4854033940
485391
485376
4853574
4853391
485333
485312
48529
485282
4852745
485246
4852369
4852327aa
485226
4852222
485216
48520708
48517910
485174
4851632
485130
48512
4851134
485107
4850a475
485068
4850571
485039
485031
4850225
4850194
48501
4850032
4849um
48499
484970
48496611
484959
484948
4849426
48492
48491265
48489
4848730
4848647
48485002
4848484
484844
48482729
484821
48481519
484804
484790
48478
48475115369
48473130027
4847196
484708
4846923
4846763735
4846630
48464846*
48464490
484640
48461
484600
4845981
4845838
484577
4845758
484555
4845495
4845448
4845294
484525
4845139
48450255
4844793
4844688
484434
484415
48440004
4844
484388
484385
4843510727
48434172
48433020075
484327133
4843202
484316032
484308
484283115
484279008
484276
484264
484256
484249131
484246
4842425
4842413
48422912
48422010153
48422
484200
484187
484180306
484152
4841215egy
4841179
48410252
484101129
48410029
484100
484097
484095
4840903
48408-1s
484063525
48405150
484046
484040
4840373
484031
4840228
4840072120
4840054
483993
483963
483952
483921
483879
483837
4838120
4837sml
4837943
483780
483760
483737
4837143
4837032
483687
4836828
4836522
48365026
4836412148
4836348
48362995
483624
483615
483609j
4836
483593
4835803
4835419
4835312EMBC
48350830904707
4834838
4834784
48347251
4834250
483413
48340
483366
4833301175
483314
483311
48330178
48330105
4832me
483297
4832953
483286331
483264
4832415
48323289
483230
4832207
4832144
4832105533
48320452
4832040015
48320076j
4831783
4831638
4831442
4831306004
48312781017
4831217
4831131
483111
4831100002
4831
483091
48308111
48307
483060
48304830
48304112
483037
483028025
4830260
4830200654
483009
4830040
4829990
482990
4829743
482962
4829499
4829295
48290789
4829
482888
4828584e
4828534
4828408
482829
4828149
482808
4827ec
482788
482743
4827341
48272011
482705
4826zguam
4826et382061807
4826930
4826922514
4826826
4826714
482651
48264927
4826446848
4826375
4826341
482625
4826123
482608
48260
4825986
482571
482567
48255789
48255
482548
482536
482533
4825318
482529
482518
482514
482511
482497
482487
482485
4824700274
482460f
48244826
482441
482428
48242510219
482420
4824191
4824127
48241038
4823988
482378
482367
4823320
48233027
48232760000
482325201
482323
482319
4823005
4822958
4822800025
4822693
482250
482232
482213
48221044
482203
4822010481
4822010207
4821ls
4821954
4821907
4821867woo
482178894
4821725
48215451
482150
48214407
4821338015
4821319395
482129
48212337
48212181
4821207046
48211408
4821067
4821060113
4821040335
4821040218
4821040176
4821040134
4821040125
4821040096
4821040050
4821040038
48210304
48210236
4821020152
4821020042
482102
4821004
4821000321
48207054
4820684
48206404
4820612
482049674
4820486
4820214
4820179
482007
482000km
4819bg
481992j
481970
481955
48194819
481922
4819177
4818mlo
481879232
481848
4818331
4818323
4818276
48181480116
481811
4817912a
481781105
481780102
48176559
4817597
481753002
481741042
48173979
481731
48170817
481702041
4816597
48165731
481642
48162227
48162003
4816129
481612
481599
481592637
48159
48158793050
4815877
4815748
4815675
4815473
481543
481538
481531
4815287
481522
48151642
4815144
4815110
4815077
4815050
4815015781
481500
4814920
481487016
4814795
481478
481472445
481457072
4814543
4814518
4814421004
4814413
48143716
4814294
481423005
481420242
48141813
4814112054
481410
48140247
481398
4813786
481361
4813557
481352
481349
4813317
48132793009
4813233
481320617
481320104
48132
481310128
48130145
4812sw3rdst
48128888
4812762
481270155
4812659
4812607
481254
48124mi
48124652
4812392
48123150149
481230
481226
4812179
48121500GB
48121328
4812119
48121139
48121085
481210301152
4812075
4812051023
481201063
481201007
48120
48119458
4811907
48118001
48117949
48117104
4811708176
4811701051
48116150
4811578
4811513318
48115118
48115051
48114S
4811449
4811410034
48113252086
481129
481128
48112669
481125
481123
48112272
481122127
4811221005
48112166
4811188
48111612
481116
4811128
481112
481110061
481107863
48110489
48110328
4810ppp
4810boxer
4810857
4810754
48107255
481063
481060088
48105552
4810524
48105
481045
4810363475
481031255
4810301007
4810263089
4810254
481022
481021089
4810125414042
4810124309033
4810122518091
48101010336
4810086
4810029
48100080
48100028
481-1384
480aaa4552
4809ks
48094809
480940
48091777
480912
4809054
4808997675
4808880
480874
480865
48084808
480837
4808250
480811
480777
4807575
48075
48072227
4807063
4807011285
480700
48067
4806512580056z
4806401226
48063
480615
4806117448
4806032563
48060
4805936
480559
48055310
4805214al
48050581
480501
480481
48046366
480451
4804451
480444
4804403220
48043610274
48043351
480430169
4804234112
48042
480411
4804080
480407
4804044
4804017103
48040164
4804003
4803994
48037850
4803756
480347
480334
480326
480324
4803100
480309
4803023730
480300
480297
480284
480273
4802673
48025983
480255
4802522
4802510070hu
48024178
480218
4802110052
4802059859
4802016297
480199201
480192
4801786
4801692400
4801642624
48016346
480162
4801592pendeja
4801540858
4801530876
4801518087
4801498427
4801495161
4801490385
48014591
480144
4801426278
48014012
4801394689
4801378762
4801339239
480132
48012796
4801270
48012422
48012301
48012234
48011869
48011530
48011458
48011320561
48011243
4801115840
480110014
48010913899
48010912219
48010853
480108
48010648
48010520048
48010511851
48010510439
48010437
4801038
4801023
4801020316
48010111230
4801001mod
480097
4800941
480082
48007562
48007517
4800698
480063
4800450
48003610
480029
480023
480019
480016
480012
4800109
48/196180
47years
47thedowns
47southgate
47ronin
47mobldg
47love
47happy48
47g7k2f
47footer
47dude
47TheLeys
47MaTTcs
479bjlct
479969
479911
479898
4798626
47984798*
479800
4797865
47972991356
4797198442
4797
479692
47967964
4796405
479617
4795lena
479543
47953
479521308
4795086
479400
4793553
47932125
479298
4792647
4792067r
479184
479142
479133
4791228
479110
479107
4791
479094
4790623
479048972
4790219
4790
4789jlo
478991
4789810
4789651
47895123
47894
478919
47891423
47890
478896
478891
4788893
478872
4788280
478815
478805
478794
478758
47874248
4787376
4787228
478711
478672605g
47863864
478628
478596321
4785678
478546pjd
47852369
4785096
478478454
4784642
47843123
47842136
478323
4783170497
4783170137
4783080152
478267
478235
47819836
478156
4781411
478135408
4781294
478122
4781
4780891
4780844
47808
47804780
478024
4780105
4780052
4779983
477972
47795800
47795
477912
477896
477866
47784778
4777986lina
4777848
477771
47777
47773273
4777107
477692
4776809868
4776642
4776566
477632
4775kb
477579
4775657
477547
4775390
477514
477500
477498
4774774
477424
4774113
477406
4774
47735j
4773333
477325
4773111
4772904
477277
4772520
477235
47722
4772011
477187
4771797
477143
4771350
477120
477108
4770850
4770603
4770369
4770132
4770023
477000
476rade
476audrey476476
4769585
4769432652
476916
476911
4769057
4768620
4768554
476847266sspsp
4768
4767752
47677
476745
476700
4766973
476689
476666
4766517
476634
4766264
476606
4765monika
47655674
476543
4765
47648000
4764651
4764403
476438
4764307
47641cat02
476401
47636999
4763561528
47630106
4762815
4762739
476244
4762071
4761jimc
4761853
476150036
4761410
47612300
47612103
4761110139
47610060
4760622
4760348
4760151
475marc
475989
4759740
475968142635
4759388
475912
475902
47587viet
475861
47585237
4758246
4757ryr
475796
475760
4757301
4757182
4757
4756859
475652
475631
475622
4756100
475530
475510
4755080
475480
475476
475454
475442
475437
47542961
4754247542
4754050
4753908
475385
475377
4753687
475333
475320
4753174
4753041
4752966
4752891
475274
4752519
475242
475222
475213
47520978
4751952
4751879isme
47517884a
4751375
475128369278
475117
4751055
4750803
4750410
4750327
4750273
475010
4750025
474ever
474993
47499
474972
474911
474897
4748658
474845
474843
47481991
4748
4747beth
474793
474781254
474747d
474744
474736
474714
4747090
4747046
4747-hjk
474685
47464746
474622
474591
474580
474566
4745542
474553135
4745409
474526
474518
47451398
4744788
47444744
4744258
4744010612528
4743804
4743665
474350
4743300017
474315057
47431044
47430806
47430250
4742wfwcg
474282
474278
474271047
474255048
474253008
474249133
474244125
474244003
474241
4742290085
4742265031
4742162
474210
4742007
4741889
474184
4741565
474148
4741110042
4741050
47410016
4740939
474075
4740562204
4740508
4740480
4740369394
47403441
47401454
47400474
473_703
4739784
473955
47394739
473945247
473921k
473900
4738888
4738215
4738071
4737gp
47374
4737371882
47372792040
473700177
473700088
4736966
473670
47364
47363692
4736185
473606
4735DE
473578
4735652
4735416
47353693
47353115
47352299
473512
473489
473474
4734591
4734018494
473386j
4733597
47334733
4733183
4733128
473311
473308229
473300mc
4732887
473276
47324732
473242
47323275
473223
473215
4732103768
473210
4732040013
4732011
473176
473174
4731600979
4731504530
4731360030
4731342
4731203021
473120
473110615
47310792
4731050056
4731044
4730840
4730625
4730411173
4730404451
47303047ta
473026
4730078
47300017
4730-240
4729flh
4729854
472946a
4729273
47291866
4729098
4729040
4728893
4728865
472881
4728786
472862
4728295
4728244
472815
4728062
472800
472769696
47274727
472732
4727028
4726986
472675
472663
4726513
472630
47262822
472618
47260674
4725gnarly
4725777
472572109206143986
4725664
4725620
472537
472532
472522
472518
472507
472503
472477
4724573
47243316
47242979
47242510225
4724210081
47241419
47240718
47240189
4723831
472348851
4723420
4723396
4723373
47232790003
4723231
4723126
4723091
47230047
4722HR
472283
4722770
4722767
472273
4722611
4722590
4722506
47224220250
472237
472232
472230
47222
4722053
4722030282
4722010554
4722010336
4722010212
4722010046
4722
4721898
472184
4721674
47214664721466
4721405089
4721377
472135
4721321086
4721316160
4721308007
4721258
472124
472121
4721178
4721145
4721109032
47210695
4721060101
4721050622
4721040255
4721040172
4721040121
4721040106
4721040026
4721030066
4721025
4721017226
4721010032
4721010015
47210055
472100
4720768
4720673
47206578
47206403
472060
4720565700635
4720530
4720480
47204720
47203419
472033
4720256
472022
4720134
47200498
4720021
471989103
471974
471970
471969
4719664
4719613
4719580
4719479
471947
471909
4718992
4718829
4718587
47185
4718329
47182770598
471821
4718086
4718034
471800
4718
471796
471789
471773
47177
471757104
471741115
471731051
47170923
4717065
4717041038
4716livie
471691
4716716
47167024
4716606
4716473
4716459
4716389
471622109
47161317
47160429
471600
4715645
471552
471550164
47154421
471540
47153038
4715260
4715241
47152074
47152007
471518
471515
4715090
4714972365
471489
471478004
4714744
4714597
471447676
471433
471426
471423
471421
4714172
4714110005
47141040109
4714013
4713970
471394
471393
47138242
471371
4713602
471356
4713492
47133500
471331
47132792211
471319
471315
4713123
471310406
471310012
471309
47128049
4712732715
4712683
471262
471258
47125349
47124534
47124054
47124
4712362001
47123330315
47123040117
47122760376
471225
47122095
4712110
4712072
4712055
4711l
4711943
471194
471182850
471179
4711749
47116820
47116699
4711579
471153193
47115038
471148274
471147
47114410
47114
471136
471131
47113022
47112853
471126
4711234
4711210303
471121006
47112067
4711185414
47111510
4711111
4711101003
47111
4711058
471105110
4711043
4711020015
47110069
47110
47109gm
471085357
47107511
4710722
4710629
471055
47105212
471050017
471045
4710401025
471039
4710363211
471033
471031
471030155
4710234
4710231
4710205
4710192
4710160
4710148129
471013
47101076
4710102
47100474
471002367
470995
470964
4709615787
4709105
470909
4708andrew
470896
470884032
470869
47085555
470831
47080833
4707nw
470773
470771266
47074707
4707000388
4706erestos
470677
4706520329
470647
4706380
470615
470613
47061023
47060827AA
4706043074
470604
4706003664
470599
470566
47055413
4705439
470541043
47051736
47051164
4705034
4705027
4705010082
470500
4704782
470462
47045078
47044493143
470440183
470440069
47043431142
470430389
470424
47041731590
470406301024
4704042
47040110
470373
47035930
470355
47035386
470337
470327
47031898
470314
47031020159
470308
47030644
470303
4703006686
47029467
470276
47026291
47024700
4702404
470237
470231
4702257
470222
470212342
4702110045
4702075930
4702052624
4702038326
470203
4702015175
4702011006
4702007925
470199
470190
47016758
47015892
4701536
47014854
47014614
47013929
470130dc
470130034
47012322
47012193
47012124
470120
470114
47011270
47011110134
47011029
47010913032
47010848
4701073670
470105456037
4701026135
470102024
47010110405
470101
4701000
4700tobin
4700LALA
470093
4700876
470074
4700692
47003212
470025
4700190
470018
470015
4700130
46years
46rosco46
46malice
46kinder91
46ishott
46emma
46buddy
46asdb0280
46angels
46QPNX71D
4699945
4699912
4699716
469964
469946
4699338
46992
469914
46989K
4698786
46986isaac
46985271
4698083
46975a
469713
4697
469612
4695974
469566
469551
46953124
469487
469471tj
4694533
469406
4693kaye
469381
46934693
469314
4692838
469273
469270
469256
469234
4691rose
469176
469150571
46914587
46912025
4691114
46911
4690785
469056
46902108
468icma64
468982
46894517
4689077
468900
468888
46887799
46886
468852
468818
4688
46878746
468742
4687368
468725
468689
468666
46864686
4686335
468602
4685cleo
468592
4685501
468535
4685300
46846846
46844684
4684313
468418
46837inter
468369
4683651
4683456
4683220
4682877
468282
4682623
468253
4682468
468246
4682367
468231975
46821379
4682123
468211j
468201
468190
4681854
468170
4681554
4681382
468130365
4681220
468111112
46811
46810796hi
46810260
4681
468090
4680843
468080
46804680
468015
468011
46800
468.221
467985
4679678
4679175
467899455523
46789
467887
4678775
467862
4678363
4678048
467795
467764
467746
4677372f
467714
4677
467669
46766175
467653
467643
4676322
4675884
467555
4675430
46753457
467501
467497
46748
467463
4674287
467399
467391
46738291
46736357990
4673376
467327
467323
4673024
467288
46727c
467231203
4671mv
467192
4671804
467123
46710049
4670950
467039
467-36
466igjag
466JZ430
4669612k7311910
466927
4669251
466905
466889
466868
4668557
4668457
4668
4667803
4667199
4666877
466676
4666664
466655444
4666407
4666332
46661567
4666086
4665490
466528
46652034665203
4665152
4664884
4664624
466454
466421
466400
46639629
4663872
466363
4663438
466329
46629cckyq
4662884
466282
4662591
466240
46622166
466210
4661953
4661865
466182
466127
466116
4661035
466028
466012
4660046
465love
465989654chaparr@
4659777
46595698
46594995632
4659230
46591504882262
465900
465899877
4658973
465897
4658811
4658755
46586264
465852010206
465842
465821
465814208
4658
4657885
46578284561
46578
4657784
465751
465745
465725702
465704
46570
465697675
46567
465659
465648
465645
465637
4656235
465610
4656
465599
465574
46556755
46552790
465501
465497
465479
46546370
465454
4654405
465435
46541926
4654163
4654143
4654021
46540
4653955
465381
465369
465346
465321
465317
465312
46530358
465293963
465289
465285
4652801
465269
46525410
465253
4652503
4652380
46523235
4652232
465220315
465215
465208
46519546
465190
4651868
465173
4651573
46515029
465146
465132798
465122
465116
465113
4651042085
4651013
46510005
4650926
4650778miracles
4650612
465058
465046504650
46504
465021
4650008784
4650
464jer
4649964
4649733m
4649646496
46494975
4649206q
4649165
4648LYA***
464885
464869
4648557
4648480
464845
464825
464774
464759
464750
464746
464733310
464710
464703
4646mm
464681
4646785
464667
464655
46464546
464639
4646301
46461678
464610
4645781
464573
464554
4645422
4645333
464525536191201
46452547
4645077
46450000
46446
46445201
464446
46443828
4644021
4643955
464371
4643470056
46434643
46434
464330
4643284
464323
4643170266
4643150r
464309
464302006
464300
4642jsq
464256042
46424201011
464241
464230315
464203897
464200
464192
464182
464164hw
46414641
464143
464130
4641215
464114
46411170
46411039
4641008597
4640773
46405
464024
4640138
4639667
46394370
4639363
4638996
463877
463867
463813
4637lov
463790
463780
4637671
4637446
4637360274
46371642
4637060
463700
463636218
463633
46362772
46360947
4635jj
4635895
4635608
4635147
463478
463456
46344634
46344122
463435
4634036
4633710
4633615
4633444
4633410014
463333
46330098
463281
463275
4632657
4632548139
463246
463245
46321546
4632103092
4632044
46320099
46317951988alen
463152
463144
46314218
4631393
463138
4631306
4631205078
4631203075
4631174
46311171
463110367
4631050089
4631015
463057
463045
4630303858
463009
463004
462castles
462997
462989
462960
462951
46291138
4629103
46290420
4629
46288122
462876788
462859
462855310
462845
462819
462812
462790
46278
4627714
462746
462731
462705
46270102
462661
4626526
462634207
462625652614
462616
462606
4625pics
462592
4625802
46256k
4625538
462546
462534
462528
462525
462513
462506
46250
462453154
46244624
462433
46242540118
462411
462406
46239
462356
46233706
46232765
46232760353
46231509
46231223
462309
46230017
4622858
46224622
462236
46223287
4622162
46221
4622010107
4621914
4621698
462163
462150
4621480
462145
46213928
46213377
4621317
4621301426
46211834
4621123
46211
462107
4621040182
4621040087
46210375
4621020141
4621020021
4621019161
46210116
4621010048
46210080
46210053
462088
462081
462064
46204659
4620258
46202490142
4620148
462010
4620042
462002
461pink
461mg7575
461999
46199
461969
461962
46196.
4619591
461956
461937978264
461927
461923
461915034
461906
461904
4618889
461877
461862
4618422
461834
46183239
461818339
46180
461792112
461786
461775
46176brm
4617498
4617451019
4617411043
461725
4617184
461713
461706
4616907
461659131
4616557
46164312
4616282
461622116
4616194
46161741
4616127710
461604
461587
461569
461560
461546
46152677
46152515
461520
4615137
461511
4615082
461499
4614666
461463150
4614571
46144614
461436
46143252032
4614175602
461414
461407
4614035
461397
4613882
461382
461379
4613740
461345
4613314
46131702
461315
461297
46128724
461282
46126605
4612625
461260
46124454612445
461239
4612374
46122861
46122840109
461222
46122124
46121870119
461217
46121610
46121223
4612110087
4612074
4612046
461200
4611lb
4611784
4611739
461160012
46115628
46115324
46115047
46115002
4611491
461146
46113163
4611288
461122620
4611210003
461114
46111089
4611081
461106570
46110510
461104536
4611010123
461097
4610961
461091160
461084
461080
4610753
4610665
4610613145
4610528
4610468
461041160
4610354
461031114
461030
461021495
461017
46101580
4610128
461011062
461007
4610
460K62
460988b
4609543
460930
46090379
460881
460862
4608498
460833243
4608277
4608245
4608119
46081154
460808
460769
4607521
4607448
460723p
460719
4607079
46070074
460699141
460662
4606344
46062510
4606171470
4606146
4606122
4606114652
46061
460606
460602566
460602
4605967
4605777
4605594jr
4605509
4605464
4605225
460516
4605015058
4604vernon
46049030
460489
46046830102
460464
460460322
4604527
4604407104
46043610161
460430274b
46042970107
460422
46041540117
46040917
4604022980
46040111
460390
460359066
460356
460327
46031971
46031250
4603011
4602855
460276
460264
46024602
46024115
46023465
46023352
4602149660
460213
460212
46021
46020593
460204
4602030
4602013700
46020019
4601843
46017564
460168
460156
460147
46012711
4601188
4601176227
4601156989
46011456
46011261
460110
46010758taepw422
46010479
4601044
460102003
4601014
4600blk
460097
46007727
460074
460063
460061
460027
460021
460018
4600153
460012
45yikloh
45trip
45teamo
45t9ngqa()
45steven
45soldier
45rusty
45rtfgvb
45others
45minutes
45manaboi
45ll17
45king
45kick
45johan64
45happy
45gretta
45gfccripz
45forever
45english
45dm.z
45cutie
45cornell45
45cdorm
45cal.
45brat
45blok
45belonging
45baller
45andy
45adam
45AnDrEs90
45999954
45999
4599766
4599707
4599477
4599145
459909
45990
4598847
4598728
45987
4598527
4598424
4598352
459805
4598030
459797
4597891546
45977edwar
45977
459754093
459729
459716905
4597
459693
4596795
4596418855
4596402
459628
459614
45960
459597
459572
45955
459510
459479
4594599
459450
459438633
4594248
4593955
459365
459345
459335
459332120
45932559
4593000
459282
4592620
4592525
459236a
4592292c
459223
459222
459214
459206
4591ha
459142
4591306
4591297
45912538QQ
45911778
459114
4591123
459109
4590yy
4590994
4590812
45906054
459053
45904
4590331
459026
459005
4590005320
458fly
458Roya
458999
4589924
458972
458965
4589632
458954
458949
4589416
4589396
4589213
458919
458918
4589123
458907av
4589052
4588968
4588927
458882
4588734
4588679
458866me
4588588
458855
4588539
45884755
458842
458833
4588238
4588226
4588139
458808
45879663
4587925
458791
458789
45877r
4587702
4587669
458762
4587611
458752
4587512
4587319
458720
4587186
458714
45871
458697
458669
4586464
4586416
458632000
458619
458602
4585972
4585945
458578073
4585692c
4585578
4585554
45855
458532
45850817
4584aac
4584812
458473
458463
458458458456
4584513
4584259
458419
4584110
45840940
4584
4583992
458381
45834583
45833455005
458323
4583150010
458300
4582980
458279
458271394
4582613
4582582
4582523
4582278
4582022
458199
458198
4581751
4581636
4581511
458129
4581223
4581203j
4581169
458114
4580999
458095123
4580892
4580786
458063
4580456
4580352
4580321
4580193
458011
4580041
4579994
457990
457978
457966
457953m
457946lw
457945
457938
457920
457899
457896123
45789455
457890
4578771
4578669
457863
457851505
45784
457831
4578281
457821963
45781245
45781
4577987
4577856545
45776076german
4577581
457746
45774110
457733822
4577066
457695
457689
4576837
457659
457639243
457621
457614
4576049
4576000
457597
457595
457585
457576
457568
4575574
45753386
4575224
4575028
457490547
457441
4574259
457418
457379
45737
45735424652
457332
457310
457300353123
457287
457242621
457232
45721
4572005
457199
457189
45716562
4571508
4571457
4571445
4571437
4571245
457115
457101
4570956
457090
4570642
457035
4570052
457
456ubitch
456the
456smokey-
456princess1
456nour789
456mimi456
456linda
456irvgabisa
456hjk
456dj
456cute
456bitches
456a456
456Cai
4569bug
4569965
4569939
45699
456987kob
45698722
45698712
456981
456971
456968574lalo!
4569632581
4569621
456951753
456936
4569314
4569249
4569147
456909
45690
4568ty
4568invest
4568980
4568921
4568855
4568832
45687
456855
45685279
456852258
4568521793
456852159
4568521230
4568422
4568396853662
4568388274
4568384
45683723
45683686
45683637646
4568357
456835
4568324747
45683
4568279
45682456
45682123
4568200
4568090
456806
4568
456799
4567913
4567910519
45679
456789k
456789cw
45678978
456789456789
45678920
45678912300
4567890123
456789.
456788
456784
4567812
456777
456775r
4567716
456768
456765
4567591
4567558
45675
45674421
45674
456737
456724
456718
45671649mary
4567110
4566997
456689
4566821
4566796
456671
4566637
456654b
456654852
4566541
456646
4566285
4566211
4566185
456613
45661022
456595
45659
456588
456587
4565750
456574
456570
4565656
4565645
4565638
4565556
4565522
4565489
4565467
456545654
456532
456523
456513
4565101
456508
4565039
456501
45649
456465
45645jk
4564583
456457
45645678
4564564560
4564563
456456000
4564560
4564546
456445
45644
456435
456427
4564259
4564255
456412568
4564
4563995
456384
4563825
456379
456377
456366
4563636
45636
456345343
45634
4563365
456335
456330
45632741
4563258
4563244
456321p
456321852
4563215632156
456321456321
45630498
4563
4562960
456290
456287
4562863
456282
456277
4562589
4562587913
456258123
4562513
456246
456241
456233
45622941hakden
456222
45622029
456219
4562125
4562100087
45621
456206
456201
4561911
456173
45617
456153945
45614789
456136
4561309
45612533
456123s
456123k
456123jaw
456123c
45612389
456123654
456123456123
4561233
4561231
4561230456
4561230+
4561213
456118
4561092778
4561054
4561000
4560jakeatroad
4560CRAIG
456077
456065
4560596
4560550
4560492bc
4560410
456022
456012
456010
456002
456.com
456+789
456++
455n01e
455h0l3
455BARBIE
4559896
4559688600155013
455937189
4559268
455899755
455893695
4558790
4558645
455847
45584
4558271
455820
4558080a
4557send
455782
455756
4557362
4557110
4557064
455697
4556789
4556711
4556691z
455655
455653567
455646
455638
4556295k
4556258
455616
455610
45560211
4555717
45556258
4555463
45554
455514
4555034
4554xxxx
4554957
4554862
4554847
4554749
4554554
4554540
455446
455440
455421
455417
455411
4554
455395
4553929
4553924
4553825
455379
4553731
455369
4553656
4553440
455318
455315
455305
4552pb
455293
455279
455274
4552680
4552568
4552527
455229
4552234
4552149
4552130
455211
45520194
4551db
4551920
455170
4551638
45515981
455156
455150
4551295
4551271
45512067
45511
4551045
4551002
4550744
455066
4550515w
4550364
45503066
455022
455012
455-5586
454ever
454bb
4549924
4549892
4549732
454957
4549533
4549432
45493521
454926
4549162
4549052
4548jfu
454890
454886
454873
4548632000
454845
4548271980
454817442
454811
454799230504
4547896
4547878
454786
4547845478
4547766
4547559
45474500
4547315
4547275
4547189
4547084
4547034
4547
4546903
4546813
454678
454673
4546673
454665
45466
4546527
454647484950
45464342
454642
45463020104
454619
4546078
4545yy
4545love
4545a48456
454593
454589
4545836
45457878
454576123
454568
4545650
454561
454558
4545518
454549
454545l
454545j
454545A
454545454
4545450
454544
454541
454534
454528
4545225
45452121
4545186
454515256787848
454513
45451213
45449738
454483
454476
4544683786
4544641
454450
45444545
454444
454438
454426
4544236
454417
454412
4543893
4543835
4543738
454369
4543646
4543486
4543445
45434
454335
454327
454321
454313
454312
45430red
454302041
454300
4542904
454270136
4542553
4542530010
4542525
4542481
4542474
45424512
454240035
4542302030
454229
454216
4542119
4542065
4542046
4541992
454198
45417l
45417461
4541666
4541545
4541489
454143
454141
454131
454123
4541163
45410191
4541009
454092_amber
454090
454079
4540650
45405
45404504a
454040
4540328
4540189
454016mybm
454012
4540083
4540041
453rafts
453983
453959920
453932046
453921
453919609
453896136
45389
4538791
453869
4538487mog
4538160
45381
4538024
453790
4537862
4537751
4537704
4537656
4537492
453726
4537126
4537011
453698
4536815
453678
4536724
4536678
4536659
453647
4536283
453609
4536045
4536006
45359
453565
45356
4535504
453536
4535315
4535153
4535092
4534905
4534787
4534651
453457
453448147
45344
4534369
4534258
453407
453378
453372
4533408
45333333
453326560
4533205
453315
4533045330
453300
4532@lamex5987
4532931
453291
4532819
453277
453269
453265
4532566
4532525
4532452
45324
4532342
45323
453217
45321535
453212
453200
453198
4531888
4531800365
453176
453169
45315
4531407
4531302
4531266
4531199
45311040
4531006013
453087
453059
453050
453044
4530366123456988
4530339
453031
4530272
4530175
453014
453013
4530108
453009
4530057878
4530000026
452fez
4529851
4529771
45294529
4529386
452919
45290505
4528ash
452894723
4528905
4528821
4528619
452856
452833
45282b
452822
452814
4527919
4527832
4527588
4527288
452717146
452714
45269r
4526931870
4526889
452666333
45265989
452650f
4526385
452636
452631
452630
452615
452610
45260175
45260093
452588
45257
45256699
4525628
4525587
452554
452547
4525422
452538
452530
452527
452517
452515
452512
452510
4525056
4525011
4524971lo
452482
452472782M
452468
452462
45245245
45245100
452431
452428
45242387
4524163
452411
4523972983
45239
452386
4523827
452378
452362
4523483
45234072
45233440124
45233254
452329
452323
452321
452320
452318051
452316
45231331002
452312
452306
452301048
452301
4522keilor
452288
45227600
45226815
4522615
4522512
452242
452233
45222399
4522132
4522107
452208
452201
4521rome
4521jose
4521841
45217890
4521685462
452166
4521639
4521584
452154
4521494
452142
452140
452138
45213468
452133
452129030
4521220
45211830
452117
4521125
45210945
452106210
45210473
4521040209
4521040079
452104
4521010021
45210024
45210
452099
4520869
452077
452075
4520659
45206380
452051
452045
45203829
452036
4520270
452026
4520218
452020
45201413
452012
4520080
452005
45200010
451lion
451anadela.com
45199000
4519673
451946
4519342
451922
4518hm
4518925
4518852
4518714
4518577
451845
4518406
4518319
4518204
451812
45180584
4518
451797140
4517936
451789
451773m1
4517642
4517623
451752
45174265
451723009
4517161
45171
4517053
4517020
4516946
4516813
451666
451663
451652
45165
45164516
