5012654
50122
50120
501122760
501102
501021
501000
500cash
50095009
500800
500612
500555
500505
500322
500200
50015001
500110
5000watts
500010
4ymikri
4x4truck
4x4chevy
4victory
4vetc5qt4
4urlove
4umylove
4u2conly
4twins
4truluv
4today
4tigers
4thstreet
4therock
4thefun
4t9ers
4sublime
4stroke
4skylarose
4serenity
4secret
4savannah
4runners
4rocky
4rfvVFR$
4reallove
4rainbows
4prolife
4player
4pirates
4password4
4orange
4oblinas
4newyork
4ndr34
4myslides
4mypeople
4myhubby
4mycat
4my3boys
4morgan
4monique
4missy
4melissa
4me2cu
4master
4magic
4lk4line
4life4
4life2
4laughs
4kidactors
4keith
4jordan4
4jamie
4jackass
4isaac
4ilovemykids
4horse
4him4ever
4gunit
4grandma
4givin
4give4get
4getu2
4gamers
4forest
4febrero
4everwithu
4eversingle
4evernaday
4everlovers
4everlife
4everjustin
4evergone
4everdemi
4everb
4everandaday
4ever4you
4ever28
4ever14
4ever..
4evaangel
4estrellas
4element
4drew4
4doorsdown
4devil
4dediciembre
4danielle
4cowboys
4college
4christmas
4chickens
4change
4butterflies
4buddy
4britt
4boyle
4blackie
4beauty
4beatles
4barrel
4babydoll
4autumn
4areason
4antonio
4alwayz
4allofmylife
4agustus
4addison
4_ever
4JESUS
4EVERMINE
4BLOCK
49panhead
49erssf
49ers16
4992612
49894989
4986
498100
4973519246
4969141
496617
49621602
49610116
495959
495949
495020
49444944
493515
493333
4930356212
492848163
492528
492492
49224922
4921168
492101068
491981
491978
491823
4916857
4915370
49136356
491304
491145
491135
4911124
4911010123
491024
4908523
49049733
49034903
49015014
49000
48999
489748
4891544
4891
4887
488272
48774877
487123
486837
486520
486279
4862579
4862159
4861170
485963
485888
48564856
485320
485252
485200
48514851
484888
484827
48454845
484110258
483972
48354835
4832045
4831386
48305610
48294829
482600
482531
482526
482473
48224822
482200
482192
482003
481969
48174817
481700
481526
481234
481212
481190
48112204
481111
481012
4808165
480433
480237
48014598
480080
480065
4797007
4789652
478951
478747
4786455
47854785
477777
4771412
476083
47600
47584758
475836
475555
475420101
47504750
47494749
474880
474711
474547
474444
4740086
4737378
473232
47304730
472632
472538
472534
4723985
472144
472001
471980
471975
4719203
471805
471582693
471323
47131110
471221
471127
471112
471021
4710071
470588
4703026a
47004700
470000
46944694
4690669
46894689
46884688
46874687
4683968
4682dp
46827391
468000
467917
466974
46664666
4664
4662069
4658024
465426
465351
465288
465200
465123
4650291
464900
464846
464748
4646464646
46444644
464341
46385477
46374637
463463
463100
462800
46262
462405
462308
4621040198
462004
461961
46164616
46135
46123
46115168
46114611
461103
460852
460587
460355
460311
460200
46000
45dlp24
459911
459817130
45934593
459200
4590
458713
458700
458665
458600
45854585
458458a
458388
4582770
458228
458200
457951
457889
457862
45777
45751422
45724572
457076
4569977897
4569871
456922
456910
4568382
456789r
4567898
45677654
456731
456700
456688
456666
4566544
456645
456585
456565
4564990
456456789
456448
456345
456262
456238
456129
456123p
456123b
456101
4560000
455678
45566
4556
455545
4554232
45534553
455200
455113
4550152
454959592
454849
4547880
45469
454599
45455656
4545527
454400
4542424654
454206
4541541
45384538
453621
4535531
4533221
453213
453101
452845
452611
452300
4521LM
452136
452118
452085
4520520
452002
4519987
451975
451970
451920
4518262
451525
45144514
451425
451293
451279
4512250
451217
4511811
45111
451006
45094509
450400
45031986
450202
45014051
450028
44star
44mags
44caliber
4499121
44984498
449552
449449
448833
448542
448484
44844484
448428
44804480
4478358
447777
4475girl
4475
4474
447344
4468456
446783
446633
446540
4463979
4463577
446219
4461109
445917
445687
4456462
445569
44556612
445466
445444
4452378
445144
444962
444556
4445555
4444aa
44446666
4444445
444444444444
444418
44441
44364436
4434666
443420
443311
4431584
442536
442524
442352
442299
4422224
442156
44194419
4417398
4415bj
441515
4413716
441287
441234
441210
441177
441044
44100
4409111
44064406
440305
4400blk
440041
439649
4389mz
438872280
438637
438200
4378054
437626
437040
436891
43641
43624362
435990
435799
435645
435528
43534353
435312
435119
435000
4346147
4345006
43424342
434158
433333
433020
432737e
4325
432324
43220
4321dcba
432186
432123
432105
431972
4318802
4317856
43174317
43164316
431356
431339
431100
431092
430klchin14
43090
430857
430730
4306023
43034303
430300
4301993
430189
4300742
430048
430034
42o42o
429913
429465
429244
4291995
4291991
4290327
42893
428900
42880
4284312
4284
428301
4281996
4281988
42799
42795
42786
42734273
427286
4271993
4269ntn
42687913123
426850
4266458
42647
426295
4262479021
4261992
426142
425kailua
425883
42584258
425713
425678
425472
425446
42533
425310
425285
4252003
4251986
42488
4247hair
424651
424546
424469
424411
42434445
424256
4242014
4241986
4241015
423999
423655
423526
423439
423405
423342
423265
4232005
4231996
4231992
4231987
4231
42304
422maria
42298050n
42295
42281jlb
4227133
422635
42254225
422526
4224328
422400
422369
4222165
4222020020
4221994
42217
4221560
422124
422115
422061
42202
421997
421972
421958
421885
42177
4216854
421627
421570
421446
421421421
42135
421328
421311
421228
421213
4211996
4211984
421108
42104
420queen
420now
420fuckyou
420dope
420chronic
420alltheway
420999
42089
4207329
4207036
420525
420422
420420k
420379
42024
4202004
4201989
420168
420125
420102
42009
42008
420042
42002
419932
41991
4197919
41972
4191994
418914
4186628
41844
418236
4182004
41804180
41784178
417528
417400
41689
41674167
416705
4165084
41621585
4161990
41593
415900
41584158
41574
4155076
415334
4152005
4151991
4151986
415141
4151219
414952
4148602612
4147
41450
414417
414292
41424
4142008
41420
414114
41404
4139518
413915
413710
4136514
4134231411
413376
413256
4131996
4131094
41307
413057
412965
412712
4126603
412586
412541
412522
412513
412413
412408
41236
412312
4122001
412132
4121212
412112
4121091
41208
4120403
412016
412006
412001
411982
411976
411972
41196
411844
411811
411610
41154690
411491
411367
411294
4112529
411240
411208
4111989
4111981
411192
411133888
41109
41101
41089
41085
410660
410562
410500
41024102
410214
4102005
4101997
410123
41005
40licks
40cal
409000
408bay
40858748
408086
4076215
40704070
406911
406080
4060054
4055991
4054566
40534511
405123
405111
405020
404850
404707
404512
40444
404241
404140
404099
40405
404020
40394039
40364036
403329976
40324032
403090
403064
403000
402788
402600
402380
402126
402023
401k401k
40193
401500
401120
400meter
4009003
40064006
400500600
400404
400323
4001413
400123
3zebras
3yellow3
3yankees
3william
3whatever
3wade3
3ua8ws5x
3times3
3tigger
3sweetpea
3street
3sports
3spinoza
3smiles
3sixmafia
3shoes
3sexygirls
3school
3rules
3rdtime
3rdoctober
3rdgirl
3rdeyeblind
3puppy
3pirates
3orange
3nvym3
3noviembre
3nitario
3niggas
3nascar8
3munchkins
3michelle
3marty
3m3rald
3lucky3
3love
3lilkids
3lilbears
3lFed3f5402858
3kidzz
3kidsmom
3kevin
3kamsbigtrucks
3justin
3jongens
3itlog
3hotdogs
3hillview
3hawks
3gr8kids
3gkids
3foryou
3extreme
3dwade
3duardo
3drsdwn
3devin
3daisy
3crosses
3clipse
3ciclo
3chicas
3brooklyn
3boys3
3bigboys
3baseball
3babies3
3alleniverson
3a5t5id3
3MLDPSYO
39owen
39943994
399339
399059
398987
39863986
3983
398260
39796
397797
397171
39693969
396641
3961021
395000
394041
393900
393672727
393459
393300
392919
3924050
391970
391834
39170
391333
391112
3909900201015
3904646
38super
38love
3896545
389562
38921
389191
389120
3889
388399
388300
388100
388009
3872066
387007
386385
386226
3854335
384756
3840pro
38347985
383388
382844
382532
382519
382110
382002
381979
381810
3815622
3813861
381111
381010
38003800
37993799
37933793
3776583
3776066
377377
37693769
37621
37543754
3751950
3750788
3748FGH$@#
3743637
37423742
374002
373717
3734108
372722
372531
372185
372004
372000
371979
37193719
371707
37140428
3714
371221
371111
371010
370370
36star
369thegoose
369bbb
369945
3698741025
3698
3697415
369696
3696369
369547
369528
3694400
36936900
3693232
3692580
369236
3692218
3691234
3691
368912
368863
368412597
368286
367763
36743674
367336
366964
366900
366736
366539
366403
366363
366253
366177
36613661
366022
365800
365373taeko
365236
365122
3650266
364806
364543
36453645
364183
36393639
363749
36365
3636031
363521
363436
36337
363302
3632247
363000
362612
362521
3624536
36243
362400
36213621
362002
361978
361970
36173617
361630
361404kd
361212
36118866
361132
36111
361020
360strong
360kickflip
3607279
360606
36043604
360201
360107
359953
35953
359192
3587905
358555
358200
358123
357960
357788
35753575
35743574
357312
35711388
35710
356999
35693569
356666
356640
356298
3560902
35593559
355786
35547747
3554622
355404
355313
355263
354870
354635
354512
354099
353965
35383538
353781190
353635
353611
353525
353433
353324
35303530
352800
352536
352525
352471
35231283524897
352295
352046
352020
352004
3519542bb
35173517
351629
351520
35143514
351300
351229
351200
351125
35108
3510483
351000
350751
35073507
350710
350533
350454
35033503
350157
350119
3500wat
34erdf
349191
348829
348700
34843484
34825
347999
347626
3474409
34708
346874
346627
3465210789
346500
34643464
346312
345tdten
34573457
345679
345612abc
34548747
34534
345312
34521
34493449
34463446
3441400
3436831
343543
343524
343421
34333433
342996
3429045
342811
34266312
3426124
34257
342531
342501
342356
3423434234
34223422
342007
342002
341997
341971
34173417
341687
34153415
341527
3415
34129
341218
341203
3411234
341062
341010
340906
34073407
34063406
3405091
340421
340300
340216
340017
33three
33love33
33999
339733
339465
339224
338vxyrx26
338877
338822
3387
33833383
338193
3378
337777
337755
337666
3375509
337487
337390
337333
33713371
3366998877
336690
33636
336339
336223
336000
335858
33558851
335445
33513351
3349420
334837
334488
334422
334400
334242
33415
3340123
333rrr
333999666
33399
3339
33369
3336669
3336540077
333555999
33350771
33343334
333432
33335555
33333r
33333j
333339
333337
333333t
333324
333312
333250
33313
333023
3329797
332870
332537
332529
3325
332398
332334
332314
332310
3322110
332145
33213
3320335
332008
332000
331972
33195
33191
331833
33170
331609
33153315
331521
331515
3314636
331433
331416
331328
331245
33122755
331200
3311993
331179
33110
3310803
331008
33093309
330606
33033
3302520
3301990
3301981
330125
330072
330022
32tango
32forever
3299403
32989
32987
329400
329311
32923292
3291982
32913291
329108
32908
3290
32892
32888
32881
328666
328611
328433
328432
328400
32833283
3282004
327957
32791
327845
327766
32771
32765
327591
327411
32725472
3271984
32705
32698
326889
326810
32673267
326646
326626
32658
3265137
3264
326323
3262940
3261970
326110
326005
325ibmw
325914
32585
325789
325678
325627
325567
325517
325419
325335
325310
32524
3252000
3251993
32510
32504
32491
32483248
324744
324567
324561
324513
324334
32423242
324202
3241989
324156
324111
324056
324007
323love
32390
32383238
323813
323718
323629
323615
3235564865
323548
323450
323435702
3234161
323352
3233213
323312
3232323
32321
3231987
32311
323052
32293
322846
32273227
322638
322610
322548
322528
3224652
32243224
322326
322311
322223
3221994
3221991
322141
322112
32209
321kid
321a123
321974
321952
32189
321818
321789456
321688
321639
32156
321555
321548
32154
321509
321502
321489
3214554
321436
321400
32133194
321321123
321240
321224
321217
3211997
3211986
321197
321167
32112
321077
321021
320927
32078
320689
32053205
320520
32037
320325
32023202
320214
320200
3201984
320159
320111
320033
320001
31prince
31jenny
319bitch
319918
31983198
31973197
319520
319300
3191992
319185
319000
31891
31877
318418
318400
318223
3182002
3181948
31813181
31805
318005
317988
31781
317715
317700
31762689
317465
3173454
317328
317314
317308
31721353
3172002
3171986
317171
31694
31658398
316510
316369
316247
3161990
31607
31605
315999
31596
315920
3157960
31579
315731
315610
315513
315472556
315385
315318
3152523
315212
3152002
31520
3151986
3151983
314life
31490
314829
314611
314542
314486
314413
314363
31425364
314221
3141995
314159265359
31415
313shady
313king
313888
31375
313613
3135134
313489
313456
313420
313312
313248
313231
3132003
3131mim
3131981
313191
313131a
313123
313111
313101
313064
31306
313017
312987
31296
312905
31288080
31283
312811
312809
312803
312799
31275jse
31273
312715
312709
312629
312623
312579
31255
31254
312508
312407
3124
312376
312328
312319
312308
312303
31229
31228
3122535
3122501195
312209
312200
312168
312160
31213
312117
312105
312100
3120825
31204
312015
312009
311day
311968
31193119
311909
31187
311828
31181215
311712
311710
311700
31168
311628
311624
311587
311550
311523
311505
311445
311423
311389
311374
3113192931
311317
31131
31128
311263
3112551
3112527
3112525
31122521
3112211299
31121975
311216
3112007
3111fran
3111985
311143
311124
311117
311105
311059
31102008
31101975
311011
310987
31093109
310918
310912
31090
310838
31082537
31082008
31081980
310819
310811
31078
310768
310725
31072008
31071964
310714
310670
31063106
310600
3105871
310572
31052528
310521
310512
31050
310431
310404
310371
310365
31033
31032527
31031977
31031968
310316
310291
3102529
310220
310217
310202
3101986
310172
3101500788493
31014
310126
31012533
310124
31011973
3100
30secondtomars
30maret
30june
30diciembre
30days
30cent
309654
3092532
3092006
3091988
3091976
308811
30853085
308411
308309
3082006
3081966
30809
3076507
307125194
306dturbo
30692
30683068
3062604
3061996
3061984
30613061
306080829
30603060
3060120
305nigga
305boi
305MIAMI
305831
30563056
305530
305457
305296
3052006
305122
305082
305060
304boyz
30491
304508
30433043
30423042
3041996
3041975
304004
30392
3037603
303589
30353035
303437
303330
303311
303237
3032000
3031402
303131907
303129
303113
303089
30307
303060
303036
303027
303021
303012
303009
302boss
302927
30288
302826
302817
302806
3027bc
302717
30271
302633
302608
302603
302516
30251
302501
302430
302418
302410
302323
302300
302214
302207
302135
302121
302111
302065
302051
302026
302019
302005
302001
301969
301958
30194
301925
301906
30188
301816
301808
3017718
301622
301605
301597
301566
301530
301518
3014644599
301414
30132014
301303
301263
301253
301220
30121999
30121976
301216
3012008
301172
301137
30112537
30112520
30112003
30111977
30111
30109
301064
30102550
30101975
301014
30101
300wsm
300spartan
300blk
300966
300931
30092523
30091998
30091974
300870
300862
30082535
30082531
30082522
30081977
30081973
300774
3007621
300758
30072536
300725
300721
30072006
30071978
300709
300698
300657
30062537
300620
300617
300565
300555
300539
30052537
300525
300520
300452
30042538
30042532
30042519
30041974
300399
30032536
30032525
30032518
30031979
300213
300208
300205
300199
300169
300154
30012531
300123681
30011980
300111
300043
30001
3.12.89
2zebravirgin
2yummy
2wsxXSW@
2worship
2witch
2wendy
2wecan
2w3e4r5t6y
2twosons
2twins2
2true4u
2toomany
2tinker
2tiger
2thousand
2thgirl
2the1ilove
2teardrops
2talented
2surfers
2steppin
2starz
2speed
2snoopy
2smoke
2smiley
2slyfox
2sleepy
2sick4u
2sharp
2sexy4myshirt
2seven
2septiembre
2s3xy4u
2ruc2rd
2rotten
2rocku
2robert
2redhot
2redfish
2rainbow
2qwert
2quick
2qt4u2
2q3w4e
2q2bstr8
2puppy
2points
2pissedoff
2pikachu
2percent
2pepper
2pencil
2peachy
2panic
2pacisalive
2pacfan
2pac1990
2pac10
2pac01
2old4this
2o4e8694
2newlife
2ndmarch
2ndbest
2n5okas
2myangels
2muchtime
2much2do
2mouse
2morow
2momma
2model
2minikna
2millie
2mean4u
2maryjane
2marie2
2marcus
2manypets
2manyhoes
2luvbugs
2loving
2lovely4u
2loved
2lollypop
2littlekittens
2linda
2lil2late
2lakers
2ladybug
2kinderen
2kidsnow
2kidos
2k6-2k7
2k2k2k
2joker
2jayden
2january
2imagine
2idiots
2hrd24get
2hott4you
2hotgirl
2hot2swim
2hot2be
2heather
2harris
2h0t4u
2gracie
2goofy2
2good2b
2gloria
2georgia
2gateway
2gangster
2funkiss5
2freaky4u
2foxy4u
2for69
2filipino
2feet
2feather
2farout
2ez4me
2ethan
2eakids
2dylan
2dreams
2donovan
2dollarbill
2dnoodle
2dildos
2die4me
2delicious
2darling
2dangerous
2damnfly
2cutes
2cute4U
2cute2b4gotten
2cute08
2crunk4u
2corazon
2cold4u
2clock
2christian
2child
2chicas
2cheesy
2cheeky
2changos
2change
2cats31
2carter
2carnie
2canchew
2butthead
2buddy
2bryan
2broke
2boycrazy
2bootylicious
2boonies
2bones
2bollocks
2blue2
2blind
2bigears
2bereal
2belove
2beef16
2beautiful4u
2be1ask1
2bboys
2bamaster
2baller
2badass
2b1ask1
2auburn
2amigas
2alyssa
2a2a2a
2REBELDE
2PASSWORD
2Hot4u
2GUNZUP
2Cute4U
2Blessed
2BITCHES
2Angels
29sept
29juli
29forever
2999999
29992999
2999
29981
299630
2992532
2992
2991922
299185
29893306
298911
298906
298300
2982008
2981994
29812981
298064
29737
2972007
2971996
2971986
29692969
2968442
2961996
2961993
296102
295983
29567
295550
295432159
295297
2952532
2951986
29512951
295024
294800
294743a
294610
294512
2943310
2942535
2941995
2941990
2941983
29408
29395
29388
293806
29352935
293333
29329
293210
2931987
293137
293117
29303132
293010
293007
293000
292988
29295
292911
292905
29288
292819
292807
292729
292716
292710
292704
292541
29252925
292510
292500
292414
292327
292310
292217
2921825
292121
292112
292099
291967
291961
2919014
291870
291810
291712
291705
291640
291613
29160
29153
291518
291512
291505
291502
291496
291437
291429
291419
291404
291308
291302
291266
291260
291251
29122523
29122003
29121998
291209
2912
2911994
291172
291160
29115
29112536
29112003
29111974
291115
2911106
291050
291028
29102520
29101999
291018
29099
29092534
29092518
29091976
290868
290838
29082539
29082522
29082006
290798
290774
290771
290769
290761
29072536
29072522
29071975
290717
290673
290653
29062519
29062005
29061979
290612
290568
290565
290524
29052008
29051979
29051973
290517
290471
290460
29042537
29042526
29041979
290365
290328
29032525
290321
29032005
29031998
29031972
290311
29022527
29022000
290211
290161
29012535
29012520
29011977
290011
29/9/1992
28maret
28juni
28iulie
28dogs
28aprilie
28MAYO1990
289150
289102
288902
2887645
288600
288517
288383
288300
2882535
2882
2881986
28805
287950
28793
287846
287654
28742430
2872524
2871993
2871982
287010
286700
2866
286441
286412
28632863
286254
2862006
2861987
286060
285963
28590
285555
285465
2853401
28522852
2851989
2851979
2851935
28512851
2850202
28495
284828
284673
28460
28442844
2841995
2841985
284177
2840499
283962
283832
2837739
283402
2832738chi
28321
2831987
283188
28312831
283112
283103
283022
283015
283004
282989
28297
282963
28292
282913
282908
282891
282883
282877
28287
28286
282825
282807
282692
282631
282624
282516
282443
282430
282425
282406
282382
282328
282323
282319
282310
2822740504
2822535
282217
282206
2821989
282120
282111
28208
282019
28200
281961
281928
28192
281912
281900
281878
281817
281813
281811
2817590
281726
281712
281674
281609
281567
281530
28152463
281512
28145359
281432
281416
281401
281313
281309
28130
281270
281265
281260
281238
28122525
281220
281214
2811991
2811985
281136
28112537
28112520
281125
28111976
28111972
281118
281109
281065
281046
28102526
28101973
280975
280963
280934
28092535
28092
28091973
280911
280909
280869
28084
280835
28082526
28081976
2808124
2807988
280773
280757
28072550
280725
28072004
28071999
28062536
28062524
280625
280621
28061978
28061973
280598
280570
28052536
280524
28052003
28051979
28051975
28051
280464
28042537
28042532
28042005
28042001
280416
28034
280336
28032523
280321
28031970
28030
280261
280244
280227
28022524
28022007
28021972
280217
280210
28019
280169
280161
280137
28012526
280121
28011998
28011972
280094
28.12.1990
27years
27oktober
27julio1990
27ianuarie
27bitch
27angel
27ag9u
2799019
27982798
2796563
27952795
279411
27932793
279230
2791992
2791984
279127
279003
278919
278908
27887
278805
278762
278620
278500
2784
27832783
278287
2781994
278010
277800
27732773
277299
27725dj
2772
2771983
27712771
276762
276434712
2763055
2761983
27614289
276000
275943
27582
275501
275445
2753862
275300
2752539
2751988
274BGD
27489
274787
274700
274528
274266
274211
274078
27389
27372737
27352735
273344
273313
2731997
2731987
273122m
273100
273029
273012
273000
272989
272979
272906
27289
272869
272831
272817
272815
272811
272800
272799
272785
27272728
27272525
272717
272634
27252725
272507
272504
27244
272423
272421
272415
272400
27234
272315
272228
272219
272214
272210
2721996
2721993
2721327
272119
272111
272102
272020
272013
271965
271931
271928
271916
271907
271827
271816
271809
271804
271711
271703
271603
271590
27152715
271511
271502
271429
271416
271388
271329
271260
271237
27121979
27121967
271210
271171
271160
271153
27112525
27111998
271116
271067
271053
271048
27102527
271016
270972
27092526
27092521
270921
27092005
27092000
270918
27091
270898rc
270863
270860
27082523
270801
270773
270755
27072526
270721
27071977
270718
270712
270670
270638
27062536
27062003
27062000
27061997
27061975
270611
27058
270566
27052533
27052523
27052005
27051979
270501
270475
270459
270437
27042521
270422
27042001
27041998
27041974
270419
270365
270360
27032538
27032524
27032521
270322
27031982
270319
27028
270269
27022702
27022529
27022005
27021976
270214
270168
270138
27012528
270125
27012005
27011978
270114
270086
27002700
26september
26may1994
26maria
26june92
26februari
26983
269640
2695130
269411
26922692
2691985
269191
2689MVL
268953
2689
268862
2688
268710
268628
2686
268572
2684lord
268451
26842
268413
2682276
2681987
268102
2678573
267800
267500
267426
267327
2672532
2671990
2671984
267113
26706
26691
2667696
266643
26652665
26642664
266414
266326
2662802
266200
2661985
266193
26607
26594
26571998
265699
265626
265511
26544
26542654
265341
265309
265251
2652170
265111
265100
265088
265010
264965
26492
264844
264810
2646210
264582
264486
264359
2643537
264312
26426
26404614
2639
26364
263611
263542
263535
2634
263322
263289
263226
2631982
263126
263090
263019
263003
262983
262914
262908
2629
26287
262821
262800l
262718
262713
2627081
262704
262685
262644
2626269
262621
262613
262596
262541
262505
26246
262428
262416
262413
262402
262330
262315
262290
2622539
262205
2621959
262162
262113
262111
26205
262022
262019
261969
26194
261922
261918
261910
261898
26186
261819
26181
261805
261802
261732
261693
261638
261617
261581
261548
261528
261523
261519
261510
261505
261485
261433
261424
261402
261328
261307
261268
2612529
2612305
26122519
26122001
26121999
26121975
2611996
2611994
2611987
261175
261162
261138
26112535
26112519
26112002
26111977
26111974
261118
261112
261060
26102534
26102519
26102001
26101997
261019
260998
260971
260959
26092535
26092533
26092527
260925
26092002
26091972
260912
260909
260865
260853
260813
260809
260771
26075
260734
26072537
26072527
26072007
26071997
260719
260710
260673
260666
260652
260627
260623
26062008
26062002
260571
260538
26052538
260523
26051999
26051972
2605001
260471
260469
260448
26042529
26042521
26042000
26041976
26041
260362
26033
26032538
26032527
26032522
260321
26031974
260316
26027
260239
26022531
26021973
260218
260174
260152
26012538
260125
26011999
26011971
260114
26003
26.11.95
25tigger
25roses
25miguel
25juni
25deseptiembre
25basketball
25angel
25TOLIFE
25996
25987
259765
259758
259695
259351
25932593
25930
2592005
259121
25905tkm
259017
258976
2589630
258937
258906
25888
2588167
2587968
258789852123
258749
25874100
258647
258643
25863
2585188
258501
258466
25845613
2584560
2583blue
258302
258271991
2581986
2581871
258144
258134679
25811
258090
258088
25808
258069
25801993
2580000
25792
257892531
257772668
257725
2577
257623
2575200
257400
25732573
2572534
2571986
2571980
257156
256983
256932
256897
256710
25663
256552
256534
256511
256431
256355
25634
256211
2561990
2561987
2561515
256123
256105
25596
255911
25588
255858
255669
25552555
255485
255408
2553865
255291
255288
2552535
25525
255231
25520
2551980
255110
25507
254989
25492006
25491122
25489
2548652
2548453
254833
254818
254766
254695
254680
254633
254625
254612
254569
254556
254513
254444
254413
2543370
25429471
254254254
2541993
254136
254109
254040
254011
253966
253928
253926
253915
253829
253825382538
253789
253755
253741
253698
253645
25364
253631
25362534
25362
253616
253611
2535alvar
253555
253538
253520
253513
25345
253431
25341234
253402
253352
253331
25332551
25332528
253324
253308
253289
2532531
253234
25321234
253201
253199
253191
253160
253147
253132
25312009
25310000
2530999
253066
253055
253033
253026
2530253
25302499
25302
2530009
252978
252946
25292550
252924
252904
25287
252865
252855
252844
252836
252834
25282520
252804
2527884
252744
252733
25272522
2527123
252690
2526789
2526678
252636
25262522
2526000
252584
25257
25256565
25255252
252543
25252727
2525256
25252549
25252517
25252499
2525123
252478
252455
25242548
25242533
25242522
25239999
252373
252336
252328
252325232523
2523235
252317
252284
2522525
252245
25222549
25222529
25222520
252202
252190
25212528
25211252
252069
252033
252026
25202525
2520000
251964
251933
251926
25191999
251886
251877
25185
251832
251829
25182522
25182
2518114
25180640
251788
25177
251729
25172539
251707
251705
251699
251686
25164
25162519
251623
251621
251612
251604
251598
251535
2515301
25152518
251513
251481
25147
25142538
251424
251421
251413
251329
251322
25131708
2512hakunamatata
251271
251261
251250
25122538
25122523
25122
25121974
25119
251151
251147
25112527
251122
25109
25105
25103
25102002
25101998
25101975
25101950
251013
25099jg
250974
250962
250937
25092536
25092522
25091997
25091978
250919
250915
250870
250865
250862
25082521
25081974
250757
25071974
25071969
25070
250668
250665
25062537
25062525
25061973
25061625
2506
250567
250564
25052520
25052004
25051974
250515
250467
250460
250439
25042537
25042523
25041979
250412
250409
250336
25032524
25032522
25031998
25031968
250301
250298
250267
250255
250228
25022536
25022524
25022009
25021981
25021972
25021966
250216
250169
250167
250160
250136
25012535
250121
25011979
250110
25005487
25002
250001
25/8/89
24tweety
24themoney
24real
24novembre
24matthew
24kobe24
24june84
24football
24desetiembre
24charlie
24austin
24angels
249950
24994
249930
24992524
24992500
249911
249550
24941
249300
2491996
248924
248901
24889
248787
24872
248679
2486357
2486258
248622
248617
2486142
248612
248521
248499
24840
2483
24827100
2482535
248250
2481994
2481985
248122
2480nds
247blood
24792
24785962
247802
247600
247522
247500
2474
24721
247124
2471
246912
246900
2468pb
2468lol
2468953
2468951
246879513
246866
2468524685
246842
246835
246828
246821
2468159
246810e
246810c
246810abc
24681012a
246807
2468012
246791
246779
2467584
24672467
246666
24658
24652465
246499
24639
24633
246324
246316
2462526
246247
24624
246199
2461988
2461982
2461977
246146
246100
246051
2459950
24595
245900
245896
245876
245847
245810
2455972
24558
245467
245454
245282
245246
2451984
245089
244a244a
24480
244721
2446403
244600
24451
244476
24442444
244347
244336
244322
244262
244182
244103
2440535
243933
24391
24383
243648
243608
243544
243482802131988
243456
243412
243297
243264
243222
2431997
243151
24315
243132
243124
243111
243103
243031
243011
243003
242989
242951
242922
242913
242878
242830
24280
242787
2427537
242731
24272
242705
24270
242678
242656
242618
242606
242587
242581
242559
242526k
24250
242497
242480
24247377
24244
242429
242424t
242424c
242418
242402
242350
242312
242302
2422799
242246
242243
242232
24222
242214
2422117
2421997
2421993
2421982
242122
242106
242084
242021
2420
241999
241962
241945
241931
24192419
241913
241906
24190
241856
241813
241786
241731
241728
241725
241717
24169
241658
241623
241617
241607
241591
241584
241528
241515j
241507
241505
24145
241434
241412
241407
24140
241338
241318
241298
24127
241264
241256
241245
24122538
24122004
24122000
24121975
24121970
241211
2411986
24118
241171
241162
24112550
24112523
24112520
24112514
24112001
24111999
241112
241062
24105
241037
24102517
24102008
241016
240sxse
240967
240922
24092006
24091980
240915
240912
240873
240852
240823
24081977
24081975
240817
240814
24078
240766
24072540
24072006
24072000
24071976
240717
2406853
240657
240637
24062531
240625
24061998
24061977
240618
240576
240566
240555
24052527
24052000
24051977
240514
240465
240449
240426
240422
24042002
24041971
240414
240376
240365
24035
24032537
24032006
24032000
24031975
240318
240312
240274
240271
240242
240226
24022525
240225
24021999
24021977
240175
240165
240154
240145
24012538
24012520
24012005
24011998
23stars
23softball
23qwerty
23novembro
23michael
23kitty
23kaykay
23isme
23flowers
23david
23bebe
23angels
239999
23992
23989
23984
239778
239701
23952395
23933
239312
239239239
2391994
2391985
239068
238987
238938
238920
238800
2387710
238710
238607
238600
238511
23835211
238300
2381997
2381986
23802380
237986
23793
237923
237878
237856
237546
237412
23732373
237265
2371984
2370773
236981
236953
23692
236760
236728
236654
236617
236547
236540
23652646
23652
236481
2364631630
236415
236262
2362531
236235
236223
2361989
236148
236100
23603099
235987
23590
2358795
235842
23582358
235813
235766
235741
2356897410
235679
235631
2356128
235569
235566
235456
235445
235420
2354134
23541
23533
235269
2352530
2351997
2351979
235178
235165
2350813
235043
235011
234922
234892
23484
23478
234765
23472347
234699
234666
23465
234615
234598
234568
234545
234533
23452
23432
2342532
2342155
2341997
2341983
23417
234123
2340873
233pbs
233978
2338717
233742
2336018
23355
233516
23344
23335
233323
233255
2332523
233230
233218
233201
2331986
233188
233131
233111
233101
233089
233031
233029
233025
233012
233009
232994
232964
232932
232916
23291
232905
2328902
232889
23287
232826
232819
232812
232804
232754
232731
232719
232717
232712
23271
232706
232703
232688
232663
232626
232604
232570
232534
232507
232489
232469
23243
232409
232398556c
232392
232389
232358
23235656
232354
23234545
232323p
232321407
232309
232302
232253
232244
23221
232203
23220
232187
2321712
232151
232120
23211
232105
232102
23208
232027
232023
23202
23201
231957
231955
231940
231926
23192
231912
231909
231905
231887
231841
231823
231804
231800
231784
231730
231712
231689
231625
231612
231599
23156
23154
231533
231512
231502
231478
231459
23144
231429
231413
231395
2313866
231347
231327
231322
23132
231305
231266
23122521
231225
23121974
23121
2311995
2311985
23118
231166
231164
231157
231153
231150
231114
23108
231060
23103
23102516
23101955
23097
230963
230946
23092537
23092521
230921
23091977
2309
230868
230864
230850
230824
23081979
230819
23078
230770
230722
23072008
230719
2307140803
230668
230637
230626
23062002
230618
230570
230555
23052537
23052523
230521
23052002
23051998
230515
23051
23048
230473
230467
230462
230449
230435
23042
230412
23039
23032525
23032000
23031975
230317
23028
230265
23022525
23022005
23021999
230214
230164
230138
23012537
23012524
23012007
23012001
23011970
230067
22tigger
22soccer
22rules
22rin
22nigga
22may94
22lovers
22horses
22fish
22easy
22coco
22chicken
22bitches
22angel22
22CUTE
229944
22991
229714215
229702
2297
229359
2291995
229191
22906
22895
22892289
228912
22886
228813
22880
22869932
228612
22851
228484
228455
228400
228339
228301
228282
228256
22824
2281998
2281979
22813
228112
22804
22786
227801
227787
227700
22769
227560
227503
227424
227333
2272530
227218
2272002
2271980
22710
22702270
22695
226900
226877
226743
226643
226611
226577
226533
226488
2264553
226425
226252
226229
226227
2262
2261986
2261978
226117
22603
225999
22596
22593
225896
225858
22583
22580
225728
225688
225676
225631
225604
2255889
225579
22556688
22552299
22552266
225520
22551199
225480
225445
225422
2254
22532
225300
22529
22526
225226
225225225
2252
2251848
225123
22510327
225057
225039
224968
224950
22489
22485
224789
2246822468
22466
224622
224611
22460
2245658
224539
224496
224476
224463
224437
224420
224369
224324
224262
224244
224216
2242004
2241979
224191
224145
22412241
224100
224022
22389
223743
2236918212
223658
223633
223615
22358
223517
223444
2233797
223352
223344556677
223332
223317
223306
2232533
223232
2231982
22317712l
223160
223151
223128
223116
223107
2231
223080
22304
223018
2230158
223002
222bbb
22297
22293
222921
222917
222907
222881
22285
222825
22280
222790
222716
222624
222621
222610
2225eric
222550
22253
222505
222494
222478
22246
22244
22242628
222419
222417
222405
222402
222399
222387
22237
222352
2223334
222332
22232
222307
22230
222290
222283
222279
22227
22226
2222533
222242
222230
22222d
2222255
222222q
2222223
22222227
222208
222204
2221982
222185
222158
222143
222127
222117
222111333
222093
222011
221shaggy1
221966
22196
221950
221924
221913
221907
221899
221892
221886
22187
221844
2218181
221815
221810
221806
221784
22175
221728
221716
221708
221629
221606
221603
221586
22151972
221512
221487
221466
221434
221431
221413
221405
221402
221382
221350
221345
221331
221325
221317
221302
221300
221270
221263
221255
221244
221238
22122612
22122008
22122000
22121970
221217
2212123123
2212004
2211red
221147
221139
2211269
2211231
22112005
22111973
22109
221064
221055
221038
221021
22101977
22101964
22100
220964
220938
22092537
220920
22091997
220917
220899
220858
220836
22082521
22081975
22081970
220815
220772
220736
220721
220712
220665
220660
220638
22062525
22061998
22058
220564
22056
220552
220527
22052519
220525
22051999
22051972
22051965
220512
220468
220464
220450
22042533
22041977
22041965
220399
220358
22032536
22032531
220324
22032007
22032002
22031972
220314
220299
22026
220250
220238
220236
22022526
22022004
220215
2201987
220164
22015
220120
22011974
220116
22010
220035
220012
21yearsold
21racing
21pink
21oktober
21melissa
21may1991
21maart
21john
21hottie
21february
21dolphins
21bitches
21basketball
21999
21996
21984
219780
2195005
219307
21922192
21920
2191978
21904
21893
218911
218901
218876
218806
218709
218619
218584
218512
218322
2182532
2181997
2181994
2181977
218141
21805
21800
217991
217890
21785
217755
217549
217511
21750
217333
217289
217224
217165
21712171
217111
2171
217015
21696
21694
216932
216620
216587
21642164
2162519
21622162
2162005
2161982
216126
216070
21598
21586
215838
21582158
215704
215516
21551
215478
215400
215321
215300
215257
215232
2151998
215152
21513
2150123
214girl
214882
21478
214758
214716
21468
214606
214588
21454
21450
214400
214322
214311
214263
2142527
214223
214215216
2142002
2141985
2141980
2141973
214177
2141390
214099
214077
213948
213888
213821
21374
2136972
213665
21365
213611
213571
213564
213535
213521
213511
213500
213425
213401
213360
213316
213289
21325465
213232
213221
213214
2132006
2132002
2131977
213188
213171
213136
213125
213115
213089
213082
21305
2130306
213029
213009
212piru
212993
212979
212950
212920
212905
2128916
212861
212831
21281811
21281
212806
21277
212717
212714
212683
21264
212625
212622
212613
212601
2126
21259
212579
2125666
212539
21253
212509
212502
212474
21244
212431
212411
212395
2123780409519826
21232425
212302
212277
212220
212212212
2122006
2121977
2121965
212191
212177
212150
212134
212129
212119
212105
212099
212035
212010
21200
211966
211929
211919
211914
211909
211899
2118756
211817
211804
21179
211725
211716
211712
211703
211688
211629
211622
211617
211613
211608
211600
211585
211520
21151213
211503
211463
21143
211409
2114
211386
211370
211355
2113211
21131
211263
211257
2112524
211248
211241
211239
21122522
21121997
211217
21118586
211160
21113
21112537
21111978
21111973
21111966
21111112
21110011
2111
211062
211060
211053
211035
21102524
211013
2110105
210blue
21099
210961
210943
210926
21092002
210919
2109
21083
21081975
210818
210799
21078
21072526
21072003
21071982
21071973
21069
210672
210666
21062536
21062522
210622
21061998
21061403
21057
210559
210547
21052537
21052530
210512
210456
210438
21042524
21042518
21042000
21041970
210418
210362
210343
21033
21032523
21032001
21031978
21031965
210272
210268
2102534
2102527
210236
21022524
21022520
210225
21022005
21021975
210213
2102004
2101979
210174
2101547
210137
21012538
21012535
21012000
21012
21011976
21011969
21010
210072
21004
210007
21/1/93
21
20thjuly
20sismai88
20noiembrie
20grad06
20dediciembre
20DEOCTUBRE
209abc
20996
20993
2096029E
209512
209307
2091996
2091983
20911aj
209100
20902090
20899dh
2089
20882088
20862086
20860
20842084
20835
2082536
2081996
2081981
208089
208040
208011
2080
20787
20786
207731
207615
207600
2072535
207193
20694
206888
20675
20662375
20654674
206335
206322
206307
2061996
2061986
206087
206005
206000
20592
20572057
205600
205555
2054586
205264
205207
2051996
20512051
205117
20507
205025
205000
204854
204638
204600
2045604
204423
204378
204206
204204204
204157
204113
204104
204079
204055
20405
20402
203929k
20391
203848
203611
203512
203477
203391
203325
203291
2032534
203204
2031987
203164
20313
203092
203080
203068
2030405060
203024
202973
20293
202926
202912
202909
202906
202880
20285
20282145
202813
202790
202737
202727
202717
202708
202688
202614
2026
202551
202539
202514
202510
202503
20250
202490
20244
20242528
202421
202411
202405
2024
202368
202355
20232
20231
202255
202236
202230
202218
20221
2021996
2021992
202188
202116
202108
202104
202092
202060
20203
202019
201969
201964
201930
201925
201917
201891
20187
20184
201826
201805
201801
201790
201725
201723
201714
201709
201689
201676
201621
201607
201588
201582
201551
201508
201494
201478
201450
201430
201424
201417
201405
2013rocks
201388
201348
201329
201310
201298
201267
201264
201252
201248
201242
20124
20122534
201222
20121957
2011969
201170
201142
20112536
20112524
20112000
20111972
201116
2010roxs
20109
201051
2010253604292
20102
20101975
20101973
200pounds
2009diva
200966
200958
200955
20093
20092533
200922
20092004
20092
20090101
20087
200851
200845
200838
200820092010
20082002
20081975
2007sucks
2007excalibur
20077002
2007666
20072530
20072523
20072003
20072001
20071997
20071972
20070907
20070214
2006m
2006cbr
2006a
200672
20066002
200634
20062534
20062010
20061999
20061975
20061331
2006115
20060308
2005wl
2005primary
2005love
2005champions
200571
200559
200548
200544
20054
20052548
20052535
20052522
20051977
20051201
20051018
20050117
2005007
2004yamaha
2004redsox
2004love
2004bmw
20049
200462
20042538
20042534
20042002
20041998
20041980
20041970
20040607
2003ub313
2003grad
200371
200361k
200356
20032534
20032524
20032
20031972
20030810
2002mazda
2002jeep
2002civic
200257
200242
200236
200220022002
200213
20021123
2001neon
2001jeep
2001civic
200164
200153
200144383
20014001
200134
20012525
20011976
200110
2000gtp
2000dodge
200079
200069
200039
200028
200022
20002003
200018
20001000
20/12/1991
2/8/1994yg
2-pac
2 cute
1ziggy
1zackary
1yourself
1yeshua
1yaself
1yahweh
1wrangler
1wookie
1wolfie
1william1
1wicked
1whitey
1whale
1weeds
1weather
1waters
1warriors
1wally
1waffle
1w2w3w4w
1vladimir
1violentj
1verson
1velvet
1usarmy
1unity
1uniden
1ulove
1twister
1turtles
1trublu
1tristin
1tricia
1trevon
1trell
1trapstar
1tracey
1toocute
1tomak
1titans
1tinky
1times
1timber
1tightpuss
1tiburon
1thursday
1thirteen3
1theend
1thang
1teddie
1teacher1
1tatter
1tara
1tango
1sylvie
1swim4u2b2
1sweeti
1survivor
1supergirl
1sunny1
1summerfun
1sugars
1stward
1stress
1stormy
1stofmay
1stlover
1stladi
1stfirst
1stevie
1stepup
1steelers1
1stargazer
1star
1standing
1stacie
1spursfan
1speed
1specialk
1spazz
1southside3
1south3
1sosweet
1sooty
1sonic
1softball1
1socks
1snyder1
1snowbunny
1smudge
1smash
1slandgirl
1skyblue
1sista
1sincere
1simple
1signature
1shotta
1sherrie
1sheldon
1shedevil
1shay
1shasta
1shadmoss
1sexyg
1sexyangel
1sexigurl
1service
1secrets
1scrapbook
1sbaby
1sarajevo
1sandra1
1sampai9
1samoa
1sambo
1salinas
1saharra
1runescape
1roxygirl
1rookie
1rogers
1rocky2
1roberta
1rickyboy
1renegade
1redtruck
1redman
1redfish
1rebels
1reagan
1razzle
1raptor
1qw23er45t
1quinton
1qazxsw23e
1qazqaz
1qaz23
1qaz0plm
1qa2ws3ed4rf
1q2w3e4r5t6z
1q2w3e3e
1puppydog
1punker
1pumas
1puffy
1producer
1prettybird
1pppppp
1potato2
1porsche
1pookey
1polarbear
1podnano
1playgurl
1plastic
1pittbull
1pirates
1pinkrose
1pimpdaddy
1pierce
1pickle1
1pepper2
1peachy
1pavilion
1passwords
1passion1
1parsons
1pandas
1paine
1oxford
1oossikmar
1oneone
1olive
1ocean
1number1
1ntrepid
1nsan1ty
1norma
1nolimit
1nintendo
1nikkie
1nick1
1niceday
1newme
1newark
1network
1nerak2
1negra
1ndonly
1naughtygirl
1napoleon
1nancy
1n_rys0
1mustlove
1munchie
1mount
1moroleon
1morechance
1monty1
1monkeybutt
1monica1
1momof4
1molly1
1mobile
1misfits
1minnie1
1milton
1military
1miguelito
1micky
1mfresh
1metalhead
1mercy
1menhim
1member
1medina
1mean3loveu
1mcgrady
1may2003
1mathew
1mark1
1manwoman
1manson
1mancity
1mallard
1mailman
1madonna
1macdre
1m1m1m
1luvsteven
1luvraul
1luvnate
1luvlife
1luvhurts
1luvdrew
1luvdaddy
1luv4lyfe
1luv1life
1luther
1lucymar
1lprox223
1lovuoye
1lovinlife
1loveyou!
1loveubaby
1lovetasha
1lovesu
1lovesos
1lovesexy
1loverocky
1lovenikki
1lovemel
1lovemario
1lovemac
1lovelouis
1lovell
1lovela
1lovekate
1lovejoey
1lovejared
1lovehope
1loveg
1lovedogs
1lovedaniel
1lovecats
1lovecarlos
1lovebugs
1lovebobby
1lovebabe
1loveallan
1loveadam
1love4ya
1love2hate
1love08
1love04
1loser1
1loner
1login
1livestrong
1lipstick
1limegreen
1lilbrat
1likeyou
1liger
1lifelove
1lexmark
1lesley
1leland
1leanne
1latin
1lanell
1lalita
1lagrima
1ladyluck
1ladydog
1lacey
1l0v3r3x
1kuuipo
1kissmyass
1kissass
1killing
1killerb
1killah
1kilivia
1kiera
1kickflip
1khmer
1kerryn
1kennyfan
1keebler
1kate1
1karla
1kappa
1k2k3k4k
1julian1
1jovanni
1josie
1josh
1jordyn
1jordan1
1jonathon
1jonas
1johnnie
1joejoe
1jjjjj
1jimmie
1jetta
1jesus2
1jennifer1
1jenkins
1jazmen
1jaybaby
1jarhead
1jamie1
1jaleesa
1jacobs
1jacky
1jack1
1ivette
1irish80
1innocent
1infantry
1imsofly
1ilovemyself
1idontcare
1iamsexy
1hunglow
1hudson
1hottie1
1hotstud
1hotpussy
1hotmess
1hotlover
1hotie
1hotgrl
1hotdiva
1hotboyz
1horny
1hopper
1hoodnigga
1homerun
1holman
1hobos
1hippy
1hellokitt
1heaven1
1hearts
1health
1headache
1hayley
1hatey0u
1harley2
1hairdress
1gymnastics
1guana
1greens
1greenbean
1grandam
1gorda
1goodsex
1goodbye
1goliath
1godschild
1god1love
1glamorous
1gizmos
1girl
1giant
1gerald
1gameboy
1fusion
1funkymonkey
1fuckthis
1fucked
1fresita
1freedom1
1freddie
1frankiej
1fordman
1football1
1flyboy
1flight
1flaquito
1fishy
1fisherman
1favorite
1fatfat
1fanofrbd
1family1
1extreme
1everythin
1escape
1enrique
1england1
1emogirl
1emachines
1elocin
1elleinad
1elena
1elcangri
1eight7
1efrain
1ebony
1easter
1dutch1
1dumbhoe
1dragon1
1dougie
1dooper49
1doodlebug
1donte
1donni
1domino
1dollars
1dogcat
1dog2many
1dodger
1diva1
1dionne
1dildo
1dianne
1diamond2
1devonte
1derick
1denice
1delicious
1delarosa
1deerhunter
1deaddog
1dayatatim
1daryl
1darnell
1darkness
1dante
1damon
1dahlia
1cutey
1cutebitch
1cristal
1cream
1crazyme
1cousin
1cornell
1corin13
1coolness
1cookie2
1control
1comfort
1colors
1colin
1coldplay
1clueless
1clock
1clifton
1civic
1chuckie
1chris2
1chocha
1chinker
1children
1chicka
1chelsey
1cheeto
1charmaine
1chapstick
1chabela
1cerveza
1cbj2kjj
1castle
1carpenter
1carolina1
1carly
1cardinal
1camera
1cabron
1butters
1bunny1
1buffy
1buddy2
1buddie
1bubble1
1bruce
1brownsuga
1browndog
1brina
1breonna
1brady
1boyssuck
1boy3girls
1bowling
1bootsy
1bookworm
1bonkers
1bolton
1blueboy
1blacks
1blackie
1blackdog
1bigsister
1bigmamma
1bighug
1bigdawg
1bigbrat
1betty1
1besito
1bennett
1bengals
1beezy
1beebee
1bbgirl
1basketball1
1banjo
1bangbang
1bambino
1balls
1badday
1badbytch
1babypooh
1babyk
1author
1asswipe
1ashanti
1asdasd
1arsenal1
1arianna
1araceli
1antoine
1anne1
1aniyah
1angellove
1angel3
1andrea1
1amylee
1amores
1amigo
1alondra
1allegra1!
1alexa
1airforce
1adams
1abercrombie
1abcd
1aaaaaaaa
1aa2bb3cc
1a1b1c1d
1Wrestling
1Unamor
1THUGLIFE
1SUMMER
1SOWHAT
1SILVA$
1SEXYGIRL
1ROCKY
1Q2W3E4R5T6Y
1POTHEAD
1PEEWEE
1OFAKIND
1NEWYORK
1Monkey
1MORENA
1LOVETONY
1LOVEHURTS
1Kathleen
1Joshua
1JAMES
1ILOVEU
1HOODRICH
1HEART
1GOODGIRL
1FUCKOFF
1FATHER
1FASHION
1EASTSIDE
1Chance
1COMPUTER
1CHRIST
1CARROT
1CANDY
1BROTHER
1BLAZEIT
1BITCH1
1BIGASS
1BEAUTIFUL
1BABYMAMA
1AARON
19tgp68
19oktober
19may2001
19maio
19june
19eighty
19david
19brit93
19b04a07x
1999love
1999honda
1999glam
1999bb
19999999
199968
199917
19990329
1998jeep
1998ford
199889
199831
19982009
1998123
199803
1997chris
199783
199772
19975
199730
19972006
19971208
19970101
1996sh
1996babe
199686
199669
199661
199647
199619951994
19961224
19961103
19960903
19960610
19960529
19960429
19960202
1995pintas3d
1995neon
1995marzo
1995kr
1995kd
1995gmc
199594
199578
199558
199542
199533
1995224
199512345
19951228
19951219
1995118
19951122
19951028
19950823
19950726
19950628
19950505
19950330
19950324
19950218
19950101
1995000
1994yo
1994tc
1994sp
1994jm
1994chevy
1994ar
199498
199465
199462
19945678
199441
1994313
1994228
19942002
19941991
19941972
19941960
1994127
19941223
19941216
19941206
19941129
1994111
19941024
19940926
19940907
19940829
19940722
19940714
19940710
19940614
19940505
19940410
19940327
19940308
19940304
19940219
19940215
19940205
19940112
1994007
1994-2007
1993pic
1993mg
1993jt
1993jeep
1993aw
1993923
19939
1993821
1993619
1993525
199346
199343
199339
19932707
1993254
19932011
19932000
19931965
1993143
1993127
19931230
19931221
19931211
19931201
1993118
1993113
19931111
19931103
19931023
19931010
19931005
19931003
19930927
19930911
19930824
19930715
19930608
19930606
19930428
19930415
19930405
19930217
19930123
19930109
1993-2007
1992r
1992mm
1992jm
1992girl
1992alex
1992a
1992822
199281
199275
1992717
1992666
199257
1992537
199251
1992410
199238
1992318
19922809
1992207
19921997
1992199
19921925
19921708
1992135
1992124
19921222
19921215
19921201
1992115
19921121
19921118
19921113
19921111
19921029
19920918
19920911
19920904
19920823
19920808
19920805
19920716
19920703
19920620
19920528
19920513
19920426
19920410
19920403
19920325
19920305
19920221
19920212
19920203
19920125
19920101
1991sc
1991ok
1991kc
1991chevy
1991a
199195
199187
1991789
199174
1991718
199167
199156
1991525
1991510
1991329
19913105
1991234
1991227
19912209
19912121
19912004
19911996
19911983
19911925
1991127
19911227
19911213
19911202
1991115
19911126
19911117
19911027
19911019
19911017
19911004
19910919
19910905
19910824
19910813
19910804
19910718
19910626
19910528
19910516
19910502
19910419
19910415
19910401
19910321
19910318
19910309
19910226
19910215
19910210
19910207
19910119
19910104
1991007
1990ss
1990ranger
1990mc
1990kc
1990927
199084
1990821
1990812
199067
1990618
1990526
1990520
199050
1990427
199035
1990322
19902711
1990258
19902209
19902010
19901925
19901610
19901226
19901211
19901127
1990111
19901104
19901024
19901019
19901014
19901006
19900926
19900826
19900820
19900813
19900711
19900704
19900628
19900611
19900528
19900519
19900513
19900419
19900416
19900406
19900324
19900315
19900309
19900307
19900301
19900227
19900220
19900211
19900207
19900106
19900101
1989honda
1989as
1989930
1989888
1989811
198978
198972
1989666
1989625
1989620
198959
1989523
198952
1989511
198945
198942
1989328
1989315
19892000
19891924
19891226
1989122
19891217
19891201
19891128
19891123
19891119
19891113
1989108
19891020
19890923
19890917
19890905
19890831
19890818
19890803
19890729
19890714
19890619
19890612
19890605
19890519
19890505
19890421
19890408
19890406
19890320
19890304
19890110
19890106
1988jose
1988923
1988821
198876
1988726
1988711
198861
198857
1988520
1988315
1988214
19881994
19881978
19881229
19881216
1988116
19881127
19881112
1988105
19881026
19881011
19881004
19880926
19880912
19880907
19880904
19880803
19880727
19880707
19880701
19880626
19880624
19880616
19880606
19880601
19880528
19880523
19880518
19880429
19880330
19880321
19880306
19880223
19880210
19880125
19880117
19880114
1987np
1987jan
1987dj
1987agosto
198796
1987825
198782
1987728
1987718
198771
1987624
198759
198748
1987419
198736
1987323
19871980
19871421
19871211
19871205
19871127
19871107
19871024
19870930
19870922
19870910
19870825
19870823
19870817
19870813
19870731
19870721
19870717
19870710
19870630
19870617
19870607
19870522
19870518
19870505
19870423
19870414
19870410
19870319
19870312
19870227
19870221
19870218
19870212
19870112
19870103
1986sm
1986ja
1986chevy
198696
1986770
1986666
198657
1986512
198646
198639
1986218
19861979
1986124
19861226
19861221
19861215
19861118
19861106
19861031
19861026
19861019
19860929
19860919
19860915
19860905
19860816
19860722
19860703
19860617
19860515
19860509
19860503
19860424
19860329
19860319
19860227
19860219
19860208
19860119
19860113
19860101
1985r
198591
198578
198572
198558
1985520
198546
19854
19852000
19851234
19851227
19851224
19851214
19851207
19851202
19851126
19851031
19851021
19851011
1985101
19851007
19850926
19850825
19850812
19850723
19850707
19850630
19850531
19850514
19850509
19850430
19850421
19850328
19850322
19850211
19850208
19850127
1984love
1984ford
198498
198490
198472
198467
198450
198438
19841980
19841964
1984180932
19841223
19841213
19841209
19841203
19841125
19841120
19841117
19841113
1984111
19841103
19841101
19841025
19841012
19841005
19840914
19840823
19840807
19840612
19840525
19840516
19840504
19840401
19840320
19840208
19840104
1983aa
198390
198378
198365
198362
198350
198346
1983210
19831208
19831130
19831121
19831115
19831010
19830922
198309088023
19830808
19830714
19830511
19830303
19830107
1982sa
19828
198267
198264
198250
198241
198235
1982213
19821988
19821234
19821226
19821208
19821203
19821125
19821109
19821105
19821022
19821001
19820915
19820625
19820329
19820311
19820212
19820103
1981june
198193
19817
198159
198145
198131
19812003
19811987
19811031
19811008
19810809
19810513
19810309
19810303
19810121
198083
19808
198065
19801989
19801218
19801127
19801108
19800702
19800101
197986
197966
19795
1979219
19792008
19791984
19791503
1979118
19791109
19790707
19790425
1979007
197887
197876
197867
19785
19781998
19781988
19781224
19781209
19780629
19780122
1977db
197791
197778
19777777
197772
197744
19772007
19771973
19770130
197677
197654
197621
19762
19761975
19760517
1975angel
197587
197579
19757
19754
19751993
19751980
19751978
19751
197499
197468
197432
19742000
197419741974
19740512
1973akp
197377
197348625
197326r
19732
19730726
1972ss
197269
19722
197218
19721234
197204
197201202006
1971997
197175
197142
197125
19711972
197107
1970chevy
197079
197060
197020
19701275
197005
1969love
1969chevy
196972l
196946
196936
196925
19691981
1968mustang
196855
196834
196824
19681986
19681228
196805
1967shelby
196789
196777
196741
196737
196734
196722
19671975
19671970
196719
196712
1966nova
19668964
196671
196641
196630
196530
19651971
19651
1964nova
196488
196441
19641966
196404
196329
19631992
196285
196269
19621964
196210
196206
1961992
196131
196124
19610
196075
196041
196023
196019
1959900157729
195973
195923
1959
195888
195876
195825
19581985
1957ford
195780
195721
19571983
195647
19561960
195610
195582
195501
195483
195412
19531
195256
195215
195200
1951984
19511
19510
19501
19491
194818
19478
194706
194589
194545
194505
1944
1943
194204
1941989
1941982
194017
19399
19391939
19391
193782465
193659
193529
193456
193300
193230
193200
193111
193081
193027
193004
1930
192923
192920
192905
192869
192855
192837465k
192816
192809
192807
192805
192803
19277
192731
192713
192708
192662
192625
192613
192606
192602
19260
192582
192555
19252008
192488
192456
192419
19241
192404
192387
192328h
192318
192302
19230
192282
192217
192213
1922005
19216821
192130
192109
192034
192015
19200
191york
1919365/5
191925
191907
191901
191825
19182
191813
191804
191800
191728
191707
1917
191680
191610
191562
191513
191508
191500
191488
19145
191429
191424
191414
191407
191403
1913dst
191391
191330
191322
191311
191304
19129
191265
191263
191257
1912531
19122001
19121998
191213
191198
191173
191165
19112536
19111998
19111974
19111970
1911191
191113
191076
191039
19102521
19102001
191016
190970
190965
190956
19092519
19092003
19091961
1909
19089
190870
19082536
19081981
190814
190812
19077
19072538
19072527
19072008
19071980
19071974
19071969
19070000
19068
190671
19062536
19062514
19061979
190612
1905galatasaray
190567
190544
19052524
19052003
190515
190465
19042527
19042523
190420
190416
190410
19039
190363
190347
19032537
19032526
19032520
19032004
190317
19030
19028
190270
190259
19022534
19022524
190222
19021980
19021973
190173
190168
190166
190138
19012539
190125
19012004
19012001
19011976
190117
19005
190021
1900190011
190015
19001
18stars
18smiley90
18purple
18oktober
18monkeys
18maret
18lover
18jesus
18hmfc74
18football
18februari
18cool
18angels
18alex
18992
189918
189818
189618
189502
1892533
189211
1891994
189152
189120
189055
189013
188828
18852709
1884
1882532
1881996
1881990
1881980
18813
187redrum
187mobsta
187homicide
18791
18778
1877
18761876
187501
18731
187212
1871986
18711
18697
186622
186287
1861988
18591859
18588
185811
185624
185357
1852531
1851984
1851695
18511851
184786
184567
184518
184100
18372946
183621
183546
18346279
1834615
183318
183279
1832322
183200
1831990
18314
183121
183086
183025
183008
18300
182986
182955
182924
182920
182912
182909
182894
182869
182827
182821
182813
18278
182733
182708
182702
18267
182636
182620
182605
182586
182539
1825114
182494
182475
18242529
182416
182386
182333
182301
182279
182246
182230
18222431
18222
182205
1821997
1821990
1821986
182185
182179
182136
18211993
18211983
182104
18201
181971
181958
181915
18191
181903
181883
18188
18186
181822
181818m
181815
181790
181724
181712
181695
18161
181608
1816
181507
181485
181428
181420
181413
181411
181399
181330
181318
181310
181302
181273
181250
181239
18122000
18121969
18121963
18121218
1811989
181173
181163
181149
18113619
18112536
18112522
18111976
181116
181110
181069
181039
18103
18102520
18102002
18101969
181019
181010
180998
180961
18092527
18092522
180922
18092002
18091976
18091
180870
180863
180841
180833
18082524
18081977
18081969
180813
180770
180734
180726
18072537
18072524
18072003
18071975
18071973
180671
180637
18062536
18062526
18062007
180619
180612
180570
180527
18052526
18051971
180471
18042535
180424
18041997
18041978
18040
180371
180364
180356
18033
18032534
18032518
18032005
18031975
180317
18031141
180256
18024
180227
18022525
18022523
18022003
18021998
180217
180199
180168
180160
180127
18012528
18012520
18012000
18012
180119
1800kissmyass
1800block
1800bitch
180014
17years
17roses
17money
17manny
17jess
17hottie
17ef32k0
17dead
17crazy
17andrew
17alex
179971
17991
179357
17932
1791988
1791984
178926
178902
1789
17889
17887
17884503
17871787
1787
178512
1785
17841784
178239456
178112
178007
17789
177771
177652
17754
17733733620
1772007
1771985
177100
1770177
17691769
176825
17646323
17632
1761982
176100
176000
175911
17584817458951
175800
17561756
175500
17541443
175304
1751997
1751989
1751982
175175175
17501998
17489
174747
174622
174525
17431743
174300
1741994
1741985
174141
17401740
173950
173900
173800
173636
17357
173249
1731988
173121
173086
173027
173022
173006
172921
172906
17287
172836
172825
172805
1728012536
172726
17271508
172710
172704
172631
172624
172620
172614
172612
172606
17257
172510
172484
172421
172418
172413
1724058639
172390
17234
172331
172322
172310
172231
172219
172209
172201
1721996
172199
1721986
172196
172160
1721232708
172112
172103
172099
172086
172031
172016
171999
1719900
171959
17195
171907
171892
1718688292
171816
17181
171789
171787
171764
171746
171744
171728
171710
17168
171627
171612
171604
171600
171536
171528
171522
171517
171506
171486
171427
171424
171412
171405
171400
171322
171318
171303
17128
171257
171252
17122537
17122521
17122008
17121974
171212
171155
1711536
17115
17112908
17112536
17112518
171121
17112003
171112
171063
17102540
17102008
17102000
17101998
17101975
17101969
171013
170965
17092519
170923
170920
17091974
170917
170899
170871
170839
17082524
17082003
17082
17081981
170819
170811
170773
170769
17072538
17072525
170725
17071966
170714
17071
17065
17062519
17062007
17062000
17061977
170614
170610
1706
170559
170538
17052521
17052004
170519
170472
170459
170440
17042538
17042536
17042524
17041997
17041961
1704
170334
17032520
17032000
17031976
170314
17022535
170224
17022002
17021978
170218
1701a
170173
170160
17015602
17012538
17012524
17011982
17011972
170114
17010
17.01.90
16sexy
16ortiz
16octubre
16loveme
16kisses
16december
16ashley
16aprilie
16999
169930
16987
16951695
169500
169303
16921692
169200
1691988
1691981
169107
169010
169006
1690
1689
168826
168525
168321
1681984
168100
16806
1679430
16791679
16785
16771677
16751675
16731673
1671998
167183
1670300167051
167000
16663
166563
166234
166199
1661971
166066
165990
16593348
16591
16589
16581658
1652535
165243
16521652
16514
16502
16494
164765
164461
164374
1642533
164200
164141
16399
163900
16384
163800
16361636
163344
163211
1631991
163186
163122
163018
16301
16300
162934
162925
162920
162900
162832
162811
16280
162789
162719
162710
1626937
16262411
162622
162618
162610
162608
162590
162587
16250
162435
162432
162419
162404
162381
16232316
16230
162245am
162222
162218
1622071459
1621995
162177
162169
162121
162109
162104
16205
162042
162011
16200
16199
161960
1619544
161927
161910
161885
161834
161810
161793
161737
161717
161712
161692
161661
161630
16161993
1616161
161604
161589
161512
161502
161488
161411
161388
161321
161273
161266
161254
161245
16122534
16122519
16122
16121977
16121973
161209
1611989
161173
161171
161155
161139
161122
16112
16111951
16111
161070
161063
161049
16102522
161022
16101975
160999
16094
16092008
160920
16091999
16091997
16091977
16091969
160909
160872
160837
160827
160823
16082003
16081972
160814
160776
160771
160762
16072528
16072524
160724
16071998
16071977
160698
160662
16062009
16062004
16061982
16061971
160617
1605deep
16057
160566
160540
16052528
16052009
16051974
160518
160514
160472
160435
160431
16042525
16041999
16041977
160417
160411
1604
160383lima
160360
16032527
16032009
16031977
160227
16022527
160221
16021974
16018
16016
160150
160128
16012535
16012006
160119
160111
160081
160072
160026
15tink
15teamo
15stars
15rhack1
15oktober
15nathan
15melan
15maria
15jannin
15hottie
15forever
15duce
15carlos
15angels
15MAYRA
159951a
1599513
15993577
159878
1598753123
159852741
15984
159785
159753m
159753c
1597538426987412
1597536482
15975324862
159753147258369
15975305
159752
159734
159688
159645
1596324
15963210
15957535
159507
159482637
159372468
159360
15935784265
15935765
159357123456789
159312
159300
159275
159234
1591jh
1591980
1591599
159125
159100
15906
15904
159022
159010202
15901
15899
15875
15874
1584
158303
158215
1581986
1581977
158115
157prelude157
15793
157920
1578954
15785
157812
157721
157670
15766
15742
15740
157300
157130
15702319356
156959
15692
15690
156803
15672
15659
156489
1563
156245
156237
156206
15620
156196
15613
155999
15592
15582123
1556837
15551555
155242
1551964
155173
155154
155125
155110
155037
155015
154978
154878
1547284788
15462
154575
15441544
154287
15426378
1542005
154166
154011
153770
153624153624
15359575
15355
153525
15350
153426987
153412
153346
153315
153299
153248
1531994
1531981
153154
153120
153115
153109
153094
153090
153026
153016
153010
1530
152988
152925
152920
152915
152909
152904
152896
152817
152810
152742
152720
152714
152666
15264
152633
152618
152616
152596
152580
152565
152546
152513
152487
152454
15244
152416
152413
15240o
152385
152357002
152332
15231
152292
152282
152277
152214
152210mel
1522
1521985
1521972
152182
15216
152147
152131
152113
15205
152033
15201
151969
151965
151962
151937
15192
151910
151908
15188
15187
15186
15182
151812
151809
151778
151753
151689
151677
1516171819
151603
15159
151576
151533
151529
15152323
15151717
151507
151501
151462
151424
151406
15136
151328
15132
151300
151267
15126
1512535
151247
15124
15122536
15122519
15122003
15121999
15118
15116
151139
15112538
15112008
15111977
15111965
15110
151066
151060
151056
15102008
15101975
151014
1510111
15100
150961
150935
15092008
150920
15091975
150914
150909
150866
150835
15082521
15082005
15081975
150819
150809
150771
150765
150747
150734
15072537
15072522
15072006
15071976
150710
15070
150669
150667
150652
15062522
15062008
15061999
15061970
150571
150531
15051973
150510
150464
150438
15042532
15042525
150423
15041973
150417
150368
150350
15032522
15032002
15031970
15031208
150310
1503
150272
150264
150256
150239
15022538
15022524
150222
15021978
15021
150170
150140
15012529
150124
150121
15011121
1500block
1500330699
1500
14yearsold
14willow26
14tommy
14teamo
14star
14sep1993
14rocks
14peter
14password
14nikki
14myname
14megan
14martie
14kgold
14juju
14john
14jenny
14hottie
14hannah
14forever
14feb04
14dolphins
14danny
14buster
14brandon
14blue
14aprilie
14all41
14994
14991499
149825
149570
149339
14931
14930
14925
149220
149214
1492007
1491993
1491
149014
14900
14893
1488666
148801
148717
14866
14852
148400
1482529
14820
1481991
14807
14800
14796325
147896352
1478952
147891
147852s
147852369963258741
147852369*
147850
147801
147788
147619
147600
1475953
14758
147562
14755
147525963
147523
147414
14728369
147258h
147258bb
147258369147258
14725836900
14724566
147228
1471981
147143
147117
14711
147099
1470
146979
146799
146734
146637
146530
146312
146298
146285
1462525
146242
146216
14620
1461990
146154
146145
146120
146011
145977
145943
145876
1458563
145833
145823
145800
145791
145777
145710
1456KLnm
1456978523
1456974563
145694
145682
145669
145658
145599
145563
145520
145514
145481
145468
145431
145413
145394
145370
145364
145345
145331
145322
14531989
145304
145295
145280
145264
145212
14521
1452000
1451995
1451987
145174
145166
145129
145112
145108
145063
145020
14501450
1449369123
14487
144666
14455
144501
144457
14421
1441ro
1441992
1441984
144100
144050
143wes
143vinny
143troy
143sweet
143stanley
143sonny
143sky
143shaun
143ryoma
143romeo
143rj
143rey
143ren
143raul
143philip
143papi
143oscar
143nikko
143nate
143myfamily
143music
143more
143misty
143mickey
143micah
143mason
143marines
143man
143lucy
143louie
143liz
143len
143lane
143kimo
143karen
143justine
143jew
143jenny
143jamie
143jacob
143ivy
143irene
143hannah
143gel
143gal
143gabe
143erika
143ellen
143doug
143desirae
143dale
143cookie
143cindy
143carl
143cam
143bugz
143bsb
143brett
143boys
143bhez
143belle
143bear
143art
143andy
143ali
143MIGUEL
143BABY
14399
143967
143929
143917
14387
143829
14382
143795
143776
143767
1437520
143741
143729
143725
143719
1436vince
143665
143654
143645
143618
1435jh
143584
143554
14353
143525456
14352541
143516
143508
143504
1434life
143476
143464
143454
14344jc
143448885254
14344666
14344444
1434431
1434417
143437
143424
143404
143386
143337
1432los
1432727
1432632
14325846
1432567
1432539
143251
14321986
1432187
1432006
1431978
143189
143163
143149
1431435
1431433
14314314
1431313
1431212
143119
143080
143050
143031
143021
143006
142985
142922
14292
142899
142838
142825
142817
1428000
14278
14276
142727
142724
142717
14270508
14269
142632
142615
142602
142592
142582
142578
142569
142543
14253689
142517
142491
14247961
142444
14242414
142406
14239
14236
142330
142316
142306
14229
14225
142201
1422006
1421992
142162
142143
142135
142120
142117
14209
142017
141983wm
141952
141941
141918
14191
141906
141891
141856
141816
1418
141790
141785
141744
141691
141683
141609
141601
141593
141587
141515
141505
141487
141474
141430
14141515
1414114
141404
141356
141328
141322
141316
141304
141264
141259
141236
141214122
1411997
1411983
141157
141148
1411400151311
14113
14112520
14112002
14112000
14111961
141109
14107
14104
14102523
14102002
14101968
141017
14098
140969
140966
14096
140938
14092529
14092
140915
140912
14089
140846
14082520
14082002
14081969
14081
140770
140736
14072532
14072004
14071999
14071975
14071973
140711
14070
140669
140665
140640
14062522
14062009
14062000
14061979
140615
140573
140568
14052540
14052524
14052006
14051975
14051971
140517
140466
140461
140436
14042518
14042006
14042000
14041978
14041973
14041912
140375
140337
14032530
140323
14032001
14031977
140316
140248
14022537
14022517
1401english
14015
140137
14012521
140124
14012003
14011983
14011977
1400block
140051
140028
140012
14/10/92
13wolves
13trece
13surside
13street
13sep95
13rose
13pooh
13nash
13michelle
13marino
13maret
13lucky
13leonardo
13kitties
13junho
13itches
13iscool
13giggles
13feb95
13deseptiembre
13david
13cutie
13black
13bananas
13baby
13adam
139chicks
13993h
139900
13989
139750
13971
139612
139564
13932296
1391996
1391985
13901390
13893
1389
138803
138799
138664
138513
13841384
138313
1381993
1381979
138168
13811381
138100
1379kacu
137985246
137963
137946852
137924
137915
1379
13784
13775
1377
137599
137550
137412
137242
1371986
1371984
13699
136963
136915
136901
13686
136565
136537
136425
136413
1364
13636
13631130521
13626
1361983
136173
136112
1361
136000
135piru
135983
13596
135913
13587952
135845
135810
13579z
13579c
1357951
135781
1357463
13571
135656
13565
135490
13545258
13539255885
135323
135300
135278
135254
135241
135218
1351696
135134
135082
135046
13500
13499
13492
134800
134771
134723
134704
134679m
134679852k
13467913
134678
1345679
13455
134492
134331
1341984
13417
13411
134071
13405
1340
133945
133900
1337h4x
133749472035a13
133670
133579
133377
13333333
133308
1332535
133221333123111
133213
13314
133125
133119
133090
13305
133031
13302530
133006
132990
132930
132924
132922
132904
1329
132866
132825
132803
132777
132725
132723
132681
132631
132608
132600
132587
13250817
132503
1324ever
132493
132476
132468
132455
1324354
132410
132393
132346
132322
132306
132301
132288
132244
132225
132219
13221
132203
132189
132165
132150
132116
132098
13206
13203
132014
131967
13196
131958
131950
131936
131892
131830
131815
131791
131774
131730
131702
131687
131642
13161821
131603
131601
131567
13155
13151719
131501
13149124
1314888
13147
1314522
13143399
13141994
1314151617
1313love
131394
131363
131330
13132525
13131414
131313l
13131331
131313131313
13131010
13127
131262
131257
1312538
13125
13122537
13121996
13121970
13121964
1312000
1311980
131173
13115
13114
13112516
13111978
13111969
1311132
13107
131049
13102524
13102004
13102000
13101917
1310
130966
130960
130935
13092004
13088
13087
130863
130852
130848
13083
13082529
13081979
130816
130773
130755
130737
13072536
13072522
13071980
13071972
130709
130670
13062537
13062535
13061998
13061973
13061
13059
130567
130558
13055
130536
13052537
130525
13052000
130512
130474
130470
13044
130422
130416
130375
130351
130340
130338
1303354
13032521
13032009
13032002
13031999
13031972
13031
130260
130259
130251
13025
130224
13022000
13021976
130215
1302012906
1301994
130174
130165
130156
13012536
13011998
13011975
13010
1300busa
130068
130027
130016
12yummy
12wq!@WQ
12weed
12water
12ward
12w345
12trey
12times
12super
12street
12states
12shoe
12shane
12sara
12qwertyu
12qwaszx34erdfcv
12qazwsx
12point
12pares
12one12
12nick12
12nene
12mylove
12moons
12me34
12may62
12manu
12lynn
12lucy12
12lover
12lindsay
12kyle
12justin
12jessica
12inchcock
12hello12
12genius
12ford
12flowers
12dumb03
12dozen
12dani
12carmen
12candles
12brady
12blue12
12beers
12banana
12babyblue
12anos
12andrew
12a345
12BABY
12997
129920810
12991
12986
129800
12968
129623
12955
129508
129400
129312
129212
1291984
129129129
129108
12910
12903
1289807654
12895
128905
128890
128877
12880
12879
128712
128640
12861
128547
128522
128501
128467
1284
12835
128309
128256
128203
1282005
1281979
128177
128141
128121
128100
12800
127944thug52
127922
12791
127886
12781
12777
12775
1277
12761276
127520
127411
127272
127238
127211
1271983
12712
12709
127014
1270
126984
12697
126926
126904
126900
126822
126810
126757
126717
126684
12657
12652
12643
126384
126324
126295
126230
1262006
1261997
126191
126133
12609
12605
12604
125loljnt154
125985
125911
12590
12589654
125889
125886
125878
125856
125842
125834
125818
125804
125760
125728
125711
1257
125674
12563478
125609
125599
125588
12558
125526
125520
125517
125496
125488
1254789
125470
125464
125438
125423
12540
125368
1253456
125337628
125317
125304
125286
125231
125222
125216
1252004
125193
125160
125112
12508
125055
125047
125028
1250100254213
12501
12497
124930
124919
124868
12474
12469
124678
12465
124578m
12457890
124567890
124545
124520
124510
12448
12440
124396
1243568790
12432
12428271
1242537
124242
12420potat
1242
12418
124163
124111
124040
124001
123zxcvb
123zoe123
123zaq
123yourmom
123y2j
123xtc
123wild
123wendy
123wasd
123vane
123tra
123tom123
123tina
123tiki
123tig
123teddy
123tara
123swim
123sun
123stop
123stef
123ss
123sonny
123son
123smelly
123sing
123sexi
123s123s
123romi
123rob123
123ready
123rapid
123rac
123qwe-
123qwe!@#
123queen
123qaz123
123puma
123pop123
123poi
123piglet
123pet
123penny
123peewee
123peanut
123pcd
123patrick
123pas
123p456
123onetwothree
123ola
123nigger
123nay
123mouse
123mon
123momdad
123mn
123me456
123master
123magic
123mag
123lynn
123lucas
123lov
123lisa
123lex
123leo123
123lang
123l456
123kim123
123kayla
123k321
123jets
123jas
123ihateu
123iamme
123hop
123hit
123heart
123harvey
123gome
123gigi
123gal
123funny
123fly
123flor
123esb
123er45
123emi
123ellie
123done
123diva
123def
123dallas
123d456
123cream
123cole
123chicken
123chels
123cat123
123carla
123cal
123butterfly
123bryan
123booboo
123bom
123blah
123beth
123bell
123barbie
123banana
123ball
123b123
123avon
123asap
123arb
123anna
123andrew
123and4
123amigas
123alyssa
123allen
123ako
123ada
123abv
123abcdef
123abcA
123abc321
123abc/
123abbc
123_321
123QWEASD
123ABc
123ABCab
123ABC123
123=abc
123980
123915
1238989
12385dt
123823
123812
123809
123804
123795
123789k
123789741
12378955
1237894
123789123789
123785
12375
1237000
12369874p
1236987458
12369874123
123668
1236598
123654u
123654k
123654c
123654789z
123654789+
1236543
12365410
1236456789
12363
12362
123613
1235897
1235869
1235741
1235679
123559
12354a
12353264
123529
1235254
123512
123504
1234xxxx
1234tyler
1234tj
1234sm
1234sh
1234sara
1234rty
1234rfv
1234qwerasdfzxcv
1234punk
1234pr
1234poop
1234nikki
1234ms
1234mode
1234mj
1234luv
1234loveme
1234ll
1234kp
1234kitty
1234kay
1234john
1234jd
1234isabel
1234iloveme
1234fs
1234fart
1234et
1234eb
1234door
1234dl
1234dash
1234cute
1234cm
1234ch
1234br
1234bm
1234asa
1234amor
1234abcde
1234aaa
12349999
123497
1234856
123475
123465a
1234654
12345zx
12345the
12345ra
12345mp
12345mel
12345ll
12345kg
12345karen
12345jas
12345girl
12345dj
12345df
12345bowwow
12345ash
12345abcdef
12345^
12345AB
1234599
1234577
123456zz
123456ys
123456we
123456tj
123456sw
123456sg
123456rr
123456rj
123456rb
123456qaz
123456pk
123456mw
123456mj
123456lo
123456laura
123456ks
123456kp
123456kb
123456jeff
123456hp
123456haha
123456dh
123456cs
123456cg
123456cat
123456bm
123456aq
123456ak
123456JM
123456AB
123456999
12345697
1234567x
1234567kk
1234567P
1234567J
1234567989
12345678tt
12345678g
123456789zxc
123456789teamo
123456789mj
123456789laura
123456789js
123456789diana
123456789carlos
123456789andrea
123456789aleja
123456789K
123456789E
123456789?
123456789741
123456789369
1234567891995
1234567891990
1234567890z
1234567890qwer
1234567890l
1234567890098765
1234567890-=\\
123456789*/
123456767
1234564789
12345636
12345628
123456123789
12345602
123456+-
123455a
123454321a
1234530
1234512121
1234500000
12344567890
123443211234
12343990
1234321q
12342534
12342522
12342499
12341992
1234156789
123413
123393
123360
123341
123321w
123321r
123321654
123274
1232548
1232533
1232524
123245678
1232321
1232312323
123224
12321456
1232123212
1231999
1231979
1231974
1231968
123187dt
123166
123159951
123149
123146
12314014
123137
12312q
123123w
123123qwe
12312356
1231234a
123123321321
12312313
1231212
12311996
12311985
12311974
1231123
1230am
1230789
1230654
1230546999
123040
123032
12301979
12301971
1230147
1230012
123-qwe
123,abc
123$$$
123 abc
1229js
12298
122932
122920
12291980
12291975
122917
122864
122856
122844
122834
122822
12282006
12281986
122753
122742
12274
122725
12272001
12271974
122717
12266
122652
12262004
12261994
12261983
122617
12258806
122553
122543
12251989
12251973
122508tlc
12247
122459
12244221
122430
12241978
12241975
1223ac
12234as
12234338
122333221
12232000
12231981
122265
122252
12222006
12222001
12221983
12221974
122209
1222006
1221985
12219
122163
122160
122145
12211996
12211979
12211975
1221117
12210831
122057
1220462
12201970
122013
12197
121936
12192008
12192000
12191981
12191978
12190921
121859
121844
121836
12182002
12181975
121791k
12171997
12171976
12171973
12167
121654
121650
12163
12161996
12161970
12158
121546
121536
12152000
12151991
12151957
1215121
121467
1214361241
121435
12142000
12141977
1213de
12139
121357
12134567
121334
12131417
1212turtle
1212love
1212912129
121241
12123456789
12123123412
12122538
12122520
12121a
12121314
1212125
12121181
12120909
12120606
1212000
1211997
1211981
121152
121145
12113
12112527
1211219mac
12111974
121093k
121053
121037
12102524
1210064
120962
120959
120954
120935
12092538
12092524
12092008
12092000
120917
1209114
1208betty
120843
12082539
12082522
12082519
12081973
12081968
12081966
12081808
120762
120754
120752
12072526
12072004
12071973
120713
12071
1206da
120661
120651
12062522
12061971
120606a
12056
120558
120548
120540
12052907
12052004
12052000
12051974
12051970
120514
1204882004
12046
120456sp
12042538
12042523
12042000
120418
12040
120354
120348
12032524
1203212032
12031975
12031957
120311
1202731
120254
120251
12022527
120225
12021998
12021971
120210
12020
1201992
120164
120159
12015
12012528
12012520
12011978
12011974
12011962
1200mics
120061
120016
120003
11yearsold
11thomas
11stephybaybe
11smile
11septiembre
11rosa
11pass
11nov91
11nov1995
11mari
11junio
11juan
11iunie
11girl
11fob6
11feb2006
11diciembre
11blue11
11a22b33c
11997799
11996
11993377
119919
11990
119862
11980
11963
11957
119529
119310
119223
11921
119200
1191983
1191981
1191978
119133
119121
119114
119105
119010
11893
11892
118883
118812
118804
11876
118728
1186572
1186
118511
118422
118404
1182a8563
1181998
1181979
118151
118129
118111
11808
118011
11794c
117821
117800
11777
11773399
117727
117666
11756
11752
117500
11745
11731173
117309
1172536
1172007
1171998
1171955
11716
117107
117000
11699
11695
116903351
116879
116856
11681168
116725
116718
1166
11641164
116300
1162532
116226
116211
1161976
116171
11614
116117
115990
115984
11598
115927
115810
115694
115689
115654
11561
115587
115542
1155111
115490
115471
115460
11545
115421
1154
115368
115339
115326
115310
115258
115225
115205
1152006
1151998
115178
115149
115147
115129
115121225
115046
11503310
11502
115008
114990
11495
114933
11491150
114890
11481148
114771
114569
114500
11447799
11444
114396
114380rr
114348
114314
114256
11421
1141982
11418
11416
1141232
1140278
114010
113998800
113903
113860
113804
11375
113715
11369
11359141
113525
1135067
113502
113420
113405
11336
113354
113345
113326
11331188
113286
1132533
113242
113216
1131978
113125
113108
113100
11306
113045
113022
11302005
11301979
113019
113009
112cupid
112989h
112939
112924
11292006
11292003
112912
11288211
112859
112846
112824
11281981
11281
112763
112758
112726
11272000
11271989
112715
11270000
112665
112653
11265
112644
11262007
11262001
112610
11257
112549
112541
11252007
11252000
11249
112461
112453
112445
11241997
11241981
112376ab
112359
112346
11234456
11233455
1123132
11229
1122536
1122527
1122519191
1122456
112233p
112233ab
112233669
11223333
11222529
11221999
11221975
11221144
1122005
1121999
1121977
112193smd
11219
112160
11212321
1121231234
11212006
112120
11211989
11211972
112060
112048
11201983
1120150
111ttt
111jen
111993a
11197
111949
111936
111931
11191992
11191976
111918
111864
111859
11182005
11182
11181982
11181976
111817
111806b
111766
111760
111736
111732
11172004
11171989
111714
11166
11165
111620
11161982
11161
111589dlw
111532
1115227
11152005
11151981
11151978
1115
11147
11146
111433
11141981
111402ly
11138
111365
111354
11132003
11131998
11131975
11130102
111261
111259
1112538
111246
11122537
11122533
111222555
111211427
1111978
1111968
1111920
11112536
11112233
11111A
11111972
11111969
111111p
111111h
1111111s
11111113
111111112
111111111111111111111111111111111111
11111111111111111111111111111
11111111111111111111111111
11109
111047
111020
11101971
111018
1110003
11099
110950
110937
11092521
11091978
110912
110862
110840
110834
11082526
11082001
1107br
110753
110738
110736
11072000
11071971
11070109
110652
11065
11062522
11061999
11060829
110533
11052534
110460
110456
110439
11042535
11041999
11041971
11040506
110366
110359
110356
110350
110340
11031998
110314
110284lee
110261
110256
1102533
110252
110243
110224
11021974
11021971
1102006
1102001141
1101999
1101975
11016
110158
110143
11012537
11012529
11012001
110113
1101001
110086
11006600
110043
1100400534565
110030
110024
110020
110012
11/30/96
11/12/91
11/11/93
10young
10thward
10taz89
10seconds
10pennies
10nh74
10michelle
10lizzy
10januari
10incher
10hotdogs
10forever
10dediciembre
10days
10cool
10chick
10besos
10apples
10andrea
109999
10991
1098765432
109710
10963
109411
109402
109334025190
109310
109212
109210
1092006
10911091
10902
1090
10897
10893
108913
10886
108825
108799
1087547465
108700
10861086
108511
108488
108405
108298
108251
1082002
108143
108121
108099
10808010
108003
107906
107875
10787
107800
107700
10742red
107309
1072001
1071983
1071980
107088
10706
10704
10701070
107000
106npark
106924
106910
10690
10687
106789
106700
106666
106614
106565
106532
106363
106302
1062005
1061983
106182
106101
1060943667
106088
10602
106012
105988
105952
10592
1058951kp
10586
10585
105787
105666
105623
105600
105592
105498
105421
105389
105349
10531053
105296
105262
105247
105211
105199
1051976
10515
105139
105124
10511051
105102
105052
105016
105012
104piru
10493
10487
1048141985
1047east
104754
10467
104622
104603
104567
104522
104454
1044
104351
10425
10418
10412
104104104
104090
104051
104032
104023
104020
104005
103champ
103987
10387
103684
103645
103618
103509
1034490
103411
103333
103313
103285
10327
103256
10325
103218
1032
1031991
1031980
1031966
103164
103148
10314
103126
10312007
10311989
10311976
10311970
103103103
1030rm
1030778
103048
103033
10301993
10301988
10301972
103015
10299
102968
102959
102957
1029384
102925
10292006
10291983
102862
102855
102838
102826
10282007
102815
102763
102723
10272005
10271997
10271974
10271972
102717
102713
1026991
102660
102624
10262006
10261989
10261977
102611
102609
102548
102545
102540
102533162530
10251977
10251969
1024mom
10247
1024588
102453
10242003
10241979
102417
10239
10236
102347
102337
10232001a
10231986
10226200
102251
10225
102242
102232
10221995
1022006
102167
102136
1021293
1021216
10211994
102113
10209
1020518
102042
102035
102030456
10201987m
101skate
101mama
101chocolate
101992j
101954
101937
10192004
10191997
101864
101858
101844
