44991155
4499109
4499087
449908
4499070
4499050
4499036
4499006
449900449900
4499001
44990000
4498zswqb
4498jb
4498am
4498995
4498987
44989568
4498939
449892672
449888
4498871
4498836
4498806
44987gpjvv
44987901
449874536
449872000
449870941
449869
4498683
4498619
44986116
449858736
4498552
449853326
4498524
44985049
449850
4498468
449846
4498413
44984
4498398
449838
4498352
4498325
449831
44982ejdoc
449828
4498261mariaca
4498249
44982
44981979
449817538
449815no
4498141
4498123
4498105
449809jpx
4498077773
4498036175
449802
4498014
4498001
4497obie
4497hmtk
4497act
449799
449796124
4497925
449792090
449790516
44978783
4497866
449783a
44978287
449782
449779165
449778
449775
4497747daniela28
4497711
449769
449764
4497625km
44976
449759
4497585
44975457237
4497541628
4497532h
449751677
449750337
449750149
449747
44974296
44974
449739725
4497386
4497366
449734932
4497329271
4497309
4497293
4497267
4497243
44972
449716341
4497140
44971140T
449710571356
44971
4497071
449706
4496sj
4496dqe
4496SJ
4496956
4496952
44969431wmr
449692727s
4496904r
44968798paty
4496873
44968
4496786
44967667
4496748
4496705
4496699
449668
449662
449659626
449655891
4496545
44965311
449652620
449650
4496466
44964436
4496437
449642
4496384o2
4496383
4496318
449625
4496226
4496188
44961780
4496144961
449614
44961316
4496123
449610616l
449609
4496053
449603
4496001175
4495rr
4495mck
4495bp
449599
44959109
4495904
4495895ge
4495879
449584
449583
449580
449578320
4495740
4495734
449568602
449562
44955977
44955574
4495521j
4495512
449550
4495464
4495422
44954012345678
44953385
4495307J
449525814
4495235
449522
44952063
4495188
4495137
449512
44951
4495092
449508207
449506
4495041
4495022ph
44950195
4494um
4494sam
4494nan
4494bb
449498894
449498
449495
449490
449482
4494786
449474
4494732
449471
44946694
44946401
4494609
4494606862
4494595
449454
4494526
4494517
44944m
4494483212
4494474555
4494444
4494431
4494408
4494357
4494348
4494318
449424
4494227
4494214
44942
44941994
4494187414121987
4494178
44941528
4494141
44941081
44940637
449400403
4493x13
4493qw
4493fxpr
4493989
449393
44939262
4493894
4493865
449386
4493828
4493803
449374home
4493710jaz
44936lonely0300
44936eva_
4493692367258
449368487
44936616
4493648
44936317
449360329
44935886
449356654
44935397
4493470shane16
4493424
449340
4493392
4493364
449330
4493291
449327
4493267
449324
449321z
449318
4493127
44931217
44930618591
4493047
4493018
4492sh
4492m2
4492fk
4492eal
4492996
44929844
449297
4492965
44928603z
449285
449284
449281d
4492771
4492765
44927603_celi
449273kl
44927265
449270
449267749394
44926609
4492635
44926
44925816831563
4492544
449251pa
4492502
4492480
44924488
449244
4492379
4492346
449234
449233
44923121
449230
449229
4492283
4492260
4492239
449222
44921994
44921892490489
449218
4492156
44921539e
44921316
449212
4492118
4492095
44920802463
4492062
449205518
4492041a
4492033
449201929
449201
4492
4491sk
4491joselyn
4491av
4491971025
449196
4491924
4491901a
449187
4491851
449184
4491832422
4491818370
4491794024
4491773
4491732
4491709
4491680
4491628
4491591
449157
4491559874
4491541
4491525
449152
4491510
4491487
4491459
449142803262277
4491411
4491400
4491388554
4491382
4491326
449130
4491299
4491289
4491266
4491247
44912407.2730re
44912104
44912001
4491193
449118643
4491177
44911560
4491138
449112
4491101
44910776
449107
4491059
449102t
449102
44910163
4491005abe
4491000
4490wofaq
4490sue
4490revelation
4490jm
449099855
449099
4490960582852
4490945
4490930
449091
4490896
4490871
4490832
449079
449078
449076
4490706hc
4490700335
449069
4490665
4490627bulutsnak
4490615
44905rcdmq
4490544
4490529
4490527
4490504
4490502236
4490493
4490469
4490429
4490416
449040
4490357
449034
4490301
44902dt
449026
4490235
449022003
4490201557
4490201094
4490200336
4490199
4490181
449017
4490130
449011SD
449011
44901034490103
4490101807
44901010
449010
4490088rk
449006
4490059f
4490051bernal
4490046
4490019
4490007806
449-81-1870
449-0047
449!4ever
448tnz
448serenityyendimion
448rrock9ero
448mar05
448love
448glee908
448dianaPA
448ant85
448a174a
448Ama028
4489nnn
4489kp
4489cw
4489asia
448999
4489948
448990
448989796
448988
448986470
4489859
4489844
448984
448982
4489815
448980258
4489788
44897251
448971105
448969118
44896706
4489667
4489609h
4489601
4489592
448956lm
4489551
448950
44894nnc
448949277
448948796
44894590
4489441
4489431
44894240
4489418busy
44894080
4489391
4489388
4489364241
4489348
44893281
4489318
448930019yh,
44893
4489278
448922375
4489221
448921
4489200
448918
448914247
44891271
44891156.-net
44891
44890cool
4489076
448906970
448906
448904
4489034
44890
4488w45
4488oat
4488lc
4488jg
4488jaog
4488ic
4488gitarista
4488df
4488dan
4488baby_yen
44889m
44889944
448898308
448897
448895301699727
4488952
4488902
4488898
44888844
448888018
448886ER
448886000m
448884
4488811
44887830
44887755
4488762
448875cf
44887266
448872
4488709
448869
448866990022
44886659
44886633
44886322
448861046
44886
44885dzcxh
448859152
448858a
4488576
44885698
4488562ljd
4488559966
4488556ww
44885545
4488543
448853814143
44885263
448851
44885
448848c
4488482
448846663
4488457
448844cn
448844564
4488443
44884400
44884390
4488431
448842
44884121241616420
4488377
4488353
4488343
44883366
4488321
44883104
448829**
44882609
448826
4488248rj
4488244882
4488237130887
4488231
4488229
44882266
44882211
44882200
4488210
44882006
44881992
4488188
4488185-bcolombia
448818
4488176
448816163232
4488149
44881392
4488123456
448811788
4488105
448809
4488069
448805
44880365nalou
448801
4488004613
44880
4487renata03
4487notorious
4487hgb9
4487cc05
44879dedff
44879918638744
448797
44879680
44879457
44879116
4487904jordan13
448790
448788
4487870
448786
448785
4487817
4487813
44878047
4487796
448779
4487764
448775
44877467
44877343
44877192
448769h
4487680
448766
4487599
4487585
4487577c
4487550780
448755
448754
4487519
4487513
44875031789
448749mari
4487480
448747
448745975
448745318
44874487j
4487446
448740
4487387
448735set
448735
4487292
4487288fa
4487271
448724
4487221
448721603
448718
4487164
448716
44871351
4487123J
448712
44871
448705624153
4487048
4487031
4487008751
448700223
4486sandi!
4486bees
4486990
448696
4486947
4486935
448692543
4486911
4486903
4486875
4486865
4486855
448684
448680le
44867787
44867596
44867520
4486740
4486722aa
4486722382
4486717
44866781z
448667
44866461198822
44866444
4486627
4486620
4486581
448656alo
4486541b
44865321
44865241
448652
44865121
44864917
4486463011
4486458
448642m
4486420
448641
4486400
4486382
4486363
4486335
448632
4486295
4486289
4486281
4486276
4486237
4486226844
4486223
4486210
44861912416
448619
4486174100
448615
4486132
44861190jn
44861060
4486064
4486057
4486046
4486028
4486
4485mc
4485jb
4485girl
4485bo
4485Jeep
448599
448598
448596
4485904
448587
4485854
4485851
4485844
448583
4485815
448579852499
4485788
4485770
4485756
4485739
44857170
4485712
44856gsigh
4485686
44856621235
44856576
4485657
448565
4485623
448561
4485577
44855611
4485539
44855180
4485512
448550
44854a
4485470
44854485t
44854266teiubesc
44854262
44854125
448538
4485357
448535
4485325
4485302
44852934485293
44852705
4485254
4485236
448523
448521f
4485210
4485207
4485199
44851979
448517
44851453md
448514
44851300
44851223
448512
44851073
4485094
4485093
4485084
44850554
4485043
4485021
4485
4484vkc
4484ti
4484pq
4484luz
4484g
4484chas
448498
4484969
448495
4484934
4484882
4484871
448486
44848484
4484834
4484808
448480
4484779
44847551
4484738
448472902
448471
4484691
4484685
448468
44846655
448466
44846430
4484634
448462
448460
44845b
44845693
448453
44845
448447pn
4484458
44844484ty+
448444
4484429
4484422b
44844123
4484399
4484368
44843570
4484314
4484308
4484266jm
4484234
44842246
448420
4484194
4484166
4484156
4484149
448414
4484120
448410427098
44840903
448403
44840241
4484013
448400
4483jw
4483etis
4483GRD
448399kr
44839894
4483946JOSE
4483916
4483897
448387
448385
4483821
448380
4483780
4483770
448370
4483692
44836670
4483637
448363
4483627
4483613285707
448360
4483542
44834pro
44834904
448349
44834483
44834.LOLITA
448335
44833377
4483320
4483302023
44833
44832949
4483290064kogepan
4483284
4483273
4483268
4483243
44832365
4483222
4483200022
448317l
4483175
4483170891
448317037
4483170181
448317
44831558
4483150022
4483137
4483132
4483112
448310
4483080117
4483058
448302
44830055
4482ri
4482iznxd
4482alex
4482988
44829685524079
4482931
4482915
4482896
4482879456
448285
448284
4482822
448278020
448278
44827614445112
448276
4482735
448273
44826959
44826677
448264
44826258
4482620
4482613
44826
4482581
4482542
4482529
4482511
4482502522
448250
4482491pacho
44824682
4482459bardips
44824548
44824492
4482440154
44824221
44824145
4482403
44823912
448237
4482335
4482326
4482311
448230012
4482290171
4482262
448224
4482236
4482220
448221103456
448220957
44822
44821821
4482155
44821442
448212
44821154
4482102
44820b
448207k
44820545
448205
4482037
4482021
4482009
4481sa
44819kc
448199
4481963
4481954
4481944a
44819084522274
448190
44818791062
448186414
4481808
44817816251287
448177
448175
4481719
448170
4481682
4481672
4481660
44816227
4481581
44815542
448155
448152
448150
44814jerm
4481480
448146
4481440045
44814350
4481419
44813ppg
44813677
4481355
4481332
44813143340804
44813
44812957-7
448128n
4481282
448128
44812604
4481251
4481240
4481236
4481232
448123
4481216
4481201
448119
4481179
4481167
44811522
4481144
448113
4481123281
448112002549
44811111
4481082
4481050638
4481044
4481037900
448103
44810168
44810065
4481000167
4481
4480pa
4480loy
4480jd
4480gst3
4480felix
4480cmw
448096
4480952hr
4480948
44809242
4480860
4480831
44807908LOKITA
448078
4480747
4480737
4480710
448069
4480687
4480682
4480674
448066
4480634
4480610
4480551
4480547
44805424
4480507
4480481
4480478
44804755
4480454
44804405
4480437
4480424
4480419
4480404
4480375
448034
448031
448025314789635
448023522
4480224
448021575
4480202029
4480201203
44801p
4480194
448019
4480167
4480154
4480139
4480112
448010
4480098
4480095
448007
4480063
4480058
4480048471
4480036
4480025669
4480008412
448000
447ycsfl68
447x3303
447w447w
447s7h8
447pappy1336loveyou
447nntad38
447mel442
447gam+++
447donella
447bri
447abcde91
447QUINCE
4479p[assword
4479bglp
4479994
4479906
44799
4479891l
447984713
447983
447982327
447980556
4479796
447977
4479722
4479709
44796984
4479621sm
4479610
4479596av
4479568
44795433
447954
447953
447949039606
447945817
447945001
4479443
4479419
447941394
4479405
44794020
44793852
4479378
44793235
44793
4479268
447926
447921766570
4479207
447916
44791346
4479060
447904016
447901246
4478vi
4478sk
4478iysis
4478billioaK
4478a3
4478Delta
4478936
4478910
447888e
4478871
4478839
4478822
44788
44787876
4478751
44787478
4478718
44786am
44786937
4478676
4478672
44786698
4478654
447862484
447862211
4478589
4478561
4478547
44785327809
4478521
44785
4478489
44784701
44784651
4478456
44784480
447843j
44784314
447842625
4478404
4478391
4478348
447833
4478318
4478296
447826
447824
4478222
44782113
4478196
447818424358
447817850
4478132
4478101d
4478068
44780575
4478042jel
4478029
447800
4478
4477vlr
4477smile
4477on
4477jam
4477dv
4477chris
4477aaa
4477HiPs
44779V
4477996
4477979
447793
447792282870
44779192dnilvm
44778rzdgi
44778895ke
44778844115599
447785938k
447785
447782
44778055
447779
447776
4477754
447774447
4477699
447769
4477674
4477664
4477660
44776505
4477640
4477621
4477614
4477599
4477586
4477561
4477556
4477549
4477535dj
4477525
44775
4477497
44774825
44774747361571
4477470
447745c2
4477447
4477441723
44774287
4477393
4477384
4477381
4477352
4477341
4477334
447730M
4477307
44773055442
44772904
4477286
4477261
44772263
447721
44771984
4477166
4477148
4477142
44771122
4477099J
4477088
4477072
4477051
447703
4477002t
4476tyrell
4476hiro
4476coke
4476976
4476957
4476919
447686
4476847
4476835
4476817
4476787
447675t
44767506
4476725
4476719
4476705
44766zwove
4476695
4476679
44766319
44766071
44766
4476578
4476561
44765357412-h
44765006
4476484
447647
4476465
44764476
4476440
4476421dan
447641419
4476409
44763565
447633
4476315
447629_123
4476294
4476280
447626
447623
4476214
4476195
4476176
44761171
4476108
44761
447606nt
4476039
4476030crl
4475vnqnh
4475redman
4475kia
4475gavin
4475BENGY
447599
4475966
4475951
4475945
4475931
44759217
4475905
447590
447588
4475860
4475851
4475845
4475839
4475828
44758093
4475793l
44757802
447577jcB
4475769123
44757544
44757512
44757349
4475718
4475696325
4475689
4475678
447566o
4475648love
4475647love
4475641
44756347
447561$$$$gug
44755856
4475554a
447554
4475515
4475506
44754lestat44754
447547
4475462019
44754544
4475447
447542
4475400
4475382j
4475371
447535
4475342
447533ab
4475328
44752905
4475278
4475259
4475237
447522
44752005
44752
44751564
447513531103
447513
447510
44750856
4475071
447506
44750236
4475019c
447500
4474yjod
4474fly
4474bf74
44749952j
4474983
4474960
44749350laura
4474907a
4474901
4474873
4474852maypinga
4474841
4474824
4474816
4474810cat
44747ynrdj
4474747
447474
447471372
4474692
4474674?
44746712
4474648
44746332
4474614
44746071p
44745j
4474588
4474570
4474564
447455
447452286459173
44745212886484
447451
447448
447447447
447444
4474424
4474414
44744
447438
4474360
4474346
4474327
44742932
44742878
44742810
4474269
44742612
4474232
4474215
44741989
44741776
4474173
44741434
44741263
4474119
44740891231
4474087
44740681
447404
4474021
4474008
4474000
4473klr
4473alex
4473MVI
4473AM
44739662
4473930
4473917
447391
4473894
447386
447384
4473825360
4473806
4473788
4473765
4473742428
447374
447373442809
447372dp
4473717
447370
4473677
4473647
4473645a
4473621
44735ciagc
4473589
4473571
44735678
4473553g
4473550
44735377
4473529445gcr
4473505lic
447349
44734691
447346
44734472
4473439
447342
4473373
4473352
4473342
4473321
44733124473312
44733
4473296
44732764
4473269
4473262
4473250
4473237
4473234s
4473227
4473194
4473178122
4473173
44731594
447315061
4473149
447313
4473111
4473092
4473062580
447304
447301s
4473003
4472sunshine
4472mendoza
4472gira
4472ax
44729poop
4472993RRR
447297
4472949
4472944
4472933
447291
4472900
4472891
4472880
44728610916
447285
4472830
4472821
447281
447280
4472799
4472770
44727474158730
447274
447272a
4472718jesse
44726997
447269
4472652
447263a
447263
447262
4472607
44726
4472589
4472577
4472563
4472549
4472534
447253
4472528aaa
447252
4472508
4472503
4472500k
447248464
4472468/
4472466
44724472j
4472446
447243e
447242
44723592amor
4472340
44723399
44723152
4472313
447230k
4472281
447224
447223
447220
44721993
4472187
44721812
4472172
4472163
4472158j
447215513
4472149
4472145
44721359
4472129
4472120
4472110017
4472103
44720vycoj
4472088
447208
4472059
447205
4472035
4472029
447200
4472
4471dereverza
44719911
4471985
4471975
4471969
44719541
447195
4471916
4471902
4471894
44718838
4471869
44718471
447184
4471789
44717633
4471729
447169
4471658
447165
447162278r
447161
447159531215
44715899
4471570
4471557
4471532
447151a
4471513
4471480
447147
44714523q
447144z
447144
4471428
447141
44714010
4471390
447138
4471352
4471347
4471334
4471324315
447131
4471277
4471269
4471251
447123
4471217
4471200247
447117sp
4471157
4471153
4471123
447112
4471111
4471098
447108
447107543152.vin
4471058
4471020
4471006041
4471004
447100
4470rube
4470quillin
4470jj
447099sr
44709690
4470955
447093141
4470924h
4470902
4470881
44708120059
447080619262341
447080
4470776
4470757
4470735ap
447072
4470714
4470692
447069
447068118
447067046
447064.0
4470629l
447062458
447062
447061
447060
44705795
4470541
447051
4470470
4470454
4470447
4470408
44704
4470382
4470368
4470345
4470339
4470316
4470300034
4470283
447027
4470252
4470238
4470226
4470223
4470195
447017
44701629
4470126
447012
4470107
4470101876
4470101173
44700yvwjz
4470073
447007007026
44700531
4470038
4470018
44700102
44700
447-1497
446uqqbb
446stacey
446ros
446o369
446juancarlos
446hal
446enhxe
446brena
446EQ64516
4469x1987
4469stoli
4469pcsbn
4469baby
4469ao
44699haya
44699477
446989061
4469883
4469858
4469844
4469823j
44698002
4469765
4469746
4469722
44697
446969
44696565
446963646
446960324
4469571
4469541
4469520
446949646
44694774
446944694469
446941497
44693m
4469352gitana
446933a
4469326
446932
446929sm
4469253
446922
446921
446920392
44691w
4469181
4469156
4469114
44691
4469079
446904697
44690064
44690
4468manerz
4468gb
4468aek
4468996
4468989
4468982
446895
446893lg
4468909
4468873121986
44688479p
44688163
44688
44687416948
4468727
4468704
4468681
4468675
446867
4468637
446862640
446862309
4468537
4468517
446850
446848546
44684682
4468446798
44684123
44683xpzno
4468397
4468393
446838
446836
446835200
44683235683
4468297310
446827
44682664gpj
44682664
4468262
4468237
4468212
446820503
44682
4468188
4468181
446817
4468143
4468131
4468120
4468085
4468071
446805
44680357201
446800
4468
4467ig
4467essie
4467989
446796
446794
446792
44679123
446790401930415
4467884
446787327
4467867
4467823
446779
4467777
446776
44677438
4467736
446773
4467706
4467698_90
4467687
4467674
4467646s
4467637
446761
44675home
4467557
446750
44674811
446744262
44674081
4467397
4467361
44673514
446732
44672986
44672785
446724ar
44672194
446721
4467208
44672
4467181
4467159
44671360blk182
44671
44670958
446707899
4467060
4467036
446702
44670.159
4467
4466loveit
4466kiko
4466jake
4466MAH
44669efxdo
446698907
4466978
446695
4466928
4466912
446689
446688224ever
44668818
4466857
446685
44668356
446683
4466825
4466804
44667814
44667799
4466778822
4466772
4466759
446675
4466740
4466735
44667196
4466714
446670l
4466689
4466678017
446667
44666666
4466646
446663
4466622255
446659
4466581
4466559
446655332200
4466552
4466546
446654
4466529
4466521
4466513
446650
4466486
44664795ginis
44664639
4466454
44664482
4466441
44664334
446642
4466400
44663798881999
4466348036
44663401242524
44663112
44663
4466279
446627012720
44662684
4466265789
44662601994416
446625879130031
4466254
4466251
4466232
44662255
446621466
44661n
44661705
4466164
4466160209
4466150
4466143
44661403
4466139
44661338
4466128
4466116am
44661
44660769
44660637
44660439
4466033
446603
4466022
4466020
4466015
446601
4465pmc
4465hamed
4465esA
4465casa
446599
4465984
4465969
4465963
4465915
446590
4465890
4465882
446586
4465846
4465827
4465783247
4465712
44656sla
446568
4465655
4465648
44656204993784
4465613
446560
4465573
446556
446555
4465547
4465545
4465534
4465507
4465488
446547648
4465464
446544a
446543
446540J
4465397000
4465385
4465363
4465351267
446532
4465317
4465296
4465290
4465276
4465263
4465253
4465241
446523
4465216
44651974
44651881
4465171
4465160
44651581
4465146
4465136
4465082
44650671993
446504
44650015
4464pitts
4464mm62442
4464bitch
446499
44649798
446493
446491
4464886
4464853
446482
44647et
446477
44647415
4464725
446472
44647016956357
4464687
4464666
446466
4464600
4464582
4464567891
44645540yahoo
4464547
446454
4464524
4464520096
4464477
4464469
44644598
446445
44644181
44644000
44643MAM
446437657
4464360
4464354
44643459pa
4464340
44643376
4464335
4464322D
4464300091940637755
4464297
4464288
4464265
4464255
44642527
4464248
44642455
4464236
4464224adr
44642129+
44642
4464175
4464165
4464158
4464128
4464125
44641122
44641089
4464097
44640851275564
446407
4464036
446402
4463tall
4463moli
4463jj
4463der
4463andrew
4463950
4463919
446390
4463894
4463884746388
4463878c
4463868
4463832
44638
4463771
4463766
446372
4463701
4463682
4463668
4463643
4463631
4463612
446361
44636032
4463557
4463535
44635128
44635
4463498
4463464
446344
446343
44634167
446339
44633616
446334681604
446333
44633278
446331
4463289
4463276tc
4463275
446326
4463246
4463215m
4463199
4463173
4463168
4463142
4463135
44630c
446309
44630800
44630760
4463044630
4463034
4463015
4462tay5
4462rr
4462me
4462lee
4462gs
4462RUGG
4462991
4462960
4462922
446291407
4462889
446287lanz
4462864
44628554462855
446284
4462822
4462819
4462809
4462804
446279132
44627613
44627291
44626811
4462668
4462661
4462655
446265105
446264200
446264
44626340
446261
4462602
4462598
4462596
446258
4462544625
446254
4462536
446253022
4462526
4462521
446251
446248231
446247
446243326
4462423
446241271
44624007028
44623idokn
4462398
4462386
446236
4462356
4462344
4462331
4462324a
446228444818
4462266
4462246
4462234
4462210
44622099
446220
4462196
4462177
4462162
4462144
446214
4462129
446212
4462114
4462105
44621
44620823280827
4462078
446207
4462042
44620222
446201
4461rn
4461bw
4461992201502
4461952
4461924
4461903
4461892
4461874
446184
4461830
4461827
4461822
4461812
4461800
4461791
446177
446172803
44617209w
4461711
4461690005
4461688
44616611
446166
446164
4461632
4461610.
446155sarimah
44615441
4461535
446152123789
4461512JND
4461492home
4461455
44614403
44614123
4461387
44613699
4461332
44613308
4461322
4461305
44613002
4461296
446129
4461267
4461256
4461222
446121989
4461208530
4461204
44612024
4461187
4461181
4461171
446115614926
4461133
4461128
44611069
44611019
4461100429158
4461100079
4461086
4461072
4461042
4461017
44610042
446100
4460jlw
4460fedsy
4460991
4460987
446098
4460965
4460934
4460923
4460903
44608tuqfy
4460880
4460863
4460844
446080
44607944
446070
4460698
446066
4460654
44606252
44606100
446060
4460583
44605716
4460567
44605451
4460535
4460532
4460529
446048
446045lr
4460447
4460446
4460430
4460390
446035
4460307
4460294
4460275
446022230
4460218
4460214
4460200613
446020
4460184
446015241
4460133
446012
4460103
4460100599
4460064
4460060
4460047
4460040
446003350
44600300
4460011
4460!!85
446.317
446-7617
445zamvj87
445xiplus
445txy#
445sary
445ringo
445pot
445matt
445kawaii
445hul12
445fulya
445fac7d
445efa
445dan
445charlie
445blp72
445BR7486
4459mnh1206
4459fran
4459adk
445999
4459950
445993
4459912
445989698
4459877
445986618
4459817
4459790
4459766
4459732m
445970
44596941005915
445967
445966
445965310
445962621
445961
4459594
4459584
445957
4459569
4459561...
4459537
445952
44595052
44594envmx
4459488
445944123
4459441
44594337m
4459421
44593h
4459376
445936jb
445933
4459309
44592827
4459276
44592724n
4459250yok
445924141104
4459221
4459144
4459121
4459110
4459089
4459072
445906
4459024
445902
445900645a
445900
4458pw
4458nel
4458l546
4458c2
4458TS1
4458991
4458964
44589260LQ
4458925
44589119
44589027
4458899
445888
445887
445885466
4458826382
44588238
445880119
44588
4458778
4458758
4458739
445873
4458712
44587
4458686
445867
44586579
4458635
4458626t
4458623
44585yizsh
4458587
4458578
44585648
4458557
4458554
44585495
445852
445850881987
4458490a
44584864
4458450
44584154
4458402
44583ywagx
4458384
445836627
445834216
4458324
44583123
4458302
445830
4458289
44582820
445826023485348
445824j
4458244
445824
4458222
44582112
4458198
44581689
4458161f
445816
4458152
445813
4458118
445811
445808831
4458082
445806656
4458059
4458042
4457west23rdpl
4457cafepl.
4457996
445797
44579559
44579388y
44579296
4457924
445791
44579
44578895mm
445786
4457835
44578200
4457811
4457795
4457768arf
4457759
4457751
4457736
44577
4457698
445765
445761S
4457602
445759TJ
4457587
445757460
445756mili
4457563
4457529
445750
445747mevale
4457475
4457458
4457452
445744sa
4457434
44574149
44573thai
4457380
4457367
445736
445734
4457320
4457289
4457259
4457240
4457215sexy
4457206
445716789
4457159
44571453
445712ca
4457108
44570tvxqz
4457097
4457080a
4457069
4457057
445703.84
4457021crp
4457000
4456v2abbz
4456slut
4456sad
4456man
4456bms
4456FM
445699
44569732
445696
445692102k
4456915
4456905
44568927
44568737
4456862
4456855
4456847ibrahim
4456833
445680Roxana
445679
44567891
44567777e
4456766
4456739
44566lor
4456699
445669654432
445669
44566869
44566789
4456671
4456661
44566545
44566309
44566071
44566010
4456598
445659
4456578
445656work
4456561
445655a
4456547
4456530
44565155
4456505
4456502
44564je
4456473
4456470
4456454
445645
44564495
4456440
4456418k
44564037
4456378
445634
4456336
445633
44563111
4456301712
445629982
4456290
4456277
4456263
4456262
445625rhayane
44562552
445624
4456237
44562250
4456218
4456208
445619071j
4456174
445614
445613
4456110
445609
4456075
4456071
44560340
4456027
4456019
4456007
44560036
44560025
44560
4455twin
4455teddy
4455sa.05
4455q8
4455op
4455mjm
4455jeed
4455hill
4455ford
4455dyanna@
4455cc
4455_82rua
4455@gk.4455
44559911
4455983
4455963
44559518
44559427
445593560
44559331
44559247
445590uvmlve
4455904
445588C
44558866
44558855
44558811002288
4455876sammyboy
4455873
4455869
4455850
4455849
445584
4455838
4455830
4455824
4455809
44557877
445578563
4455768
445576
44557406
445572
44556n
4455693
44556875
4455683
445568
445566re
445566kj
445566_
445566F
445566AA
44556699123
44556688522
44556678
44556677889900
44556666
44556655
4455662200
44556620
4455661
445566008866
445566..
4455659
4455655
44556496
445562
4455608
44555666
4455565
4455550
4455532
4455523
4455514
445550
4455496
445545aa
4455450
445544ab2
4455448
44554455a
4455444
44554361
445541
44554004
44554
4455399
44553911/rzl
44553813
4455363
445535702
44553482
44553409
4455336
44553311
445533*
445532
445530lp
44553020
445527jb
445526534265
445526
44552524
44552426
445523ES
4455233
44552255
44552233
445522112010
44552003
44551991405
44551972000__
4455184
4455167
4455164
4455155a
445515
4455147
44551412
445514
4455132
44551245
44551233
4455122533
44551155
445511230
4455111
445510eb
44551078
44551
445509081230.i
445507
445506
4455036
4455026
44550242
44550088
44550033
445500177
44550
4454wh
4454sr
4454db
4454bhs
44549946021
4454972
445496
4454945
44549422
4454925l
44549043
44548wbwhq
4454887
4454877
4454865
445486
445485
4454845428
4454819
4454801
4454781
4454776
4454755m
4454752
4454739
4454728
4454709
44547021
44547
445469j
4454687
4454670
4454664
4454660r
445464roskita
4454645
4454640
4454627
4454623
4454612
4454603
44545uhu
445459
4454584
445457604
4454572
4454567
44545646
44545543
44545522
4454546
4454541
4454537
44545174
4454517
4454510
4454501
44544pdeay
4454481
445448
445447
44544645
4454454826
4454442
4454431
4454405
4454397
4454372
4454363
445435
4454322
4454300
445429*243
445427
4454249213
4454241m
445424
4454230
445422
445421
44541a
4454187
445418
4454152663
44541411ggggme
445414
4454127
445412462732t
44541059
445410186289
4454095
4454068
4454061
4454034
4454030929
4454014
445400
4453ta27
4453kapichufa
4453_lc
4453961
4453930
445392
44538991
4453874
4453843
44538091
4453799
445379
44537614l**??
44537466
445370
44536800
445367911
4453666
445365
445362
4453613JHONNY
44536
4453576
4453568
4453552
4453536
4453523
44534955
445347
445345
445344
4453435
4453410011
4453391
445337
445336
445335697975784
4453348
445332296623908
4453308
4453293l
445328
44532786b
4453243
4453229
4453215j
44532131
445318449
4453176
4453170353
445314
44531291695
4453124
44531213
44531050
4453087
445308
4453058
4453030
4453011
4453007
4452vv
4452secret
4452kck
4452ert
4452ch
4452995
4452964
4452953
4452911
445290
4452896
4452887
445288
4452872
445285
4452844
4452836
445281
44527933
445278
445277
4452753
4452740
4452685
44526780
445266akinto
4452656
445262
4452619
445261
4452608
44525816
4452575
44525511
4452534
445251552
4452511
4452505
44524854
4452458
445245563570
44524452kk
4452434
4452415
445241006
4452410
44524
4452392
4452378c
44523786
4452375
4452363
4452353
4452348
44523351
4452321
44523133d
44523029
445230
44522@hotmail.com
44522965
4452288
44522744433
44522527
4452236
4452221
445220768
44522
44521974
44521898Ac
445216
445214779033
4452146hbm
4452136
445213
4452114
445211
445210
4452092
445208
4452073
4452069
44520666
4452060
4452052006123456
4452025
4452013
4452000
4451tan
4451m4h
4451bh
4451987
445198
4451955
4451946293
445190
445189
445188
4451875
4451851
4451848
4451841
4451838
44518189311
4451812
4451792
44517882317
4451762
4451756
445172
4451713
4451684
4451683
4451679
4451653d
4451648
4451639
44516072
445158m
445158
445156a
445156
445155
4451544dr
44515394
4451508carlos-
4451501198
4451500
445146
4451445b
445144254
4451421
44514145
44514081
445140
445137
4451366
44513606
4451344
4451333
44513202cin*
4451316
445131054
445130861
4451292
4451276
4451268
445125
4451236
4451219
44512026
445119jr
44511929ry
4451189
4451174755
445113a
4451128418
4451121
4451112058
4451105068
4451103
4451082
445108
4451069_nanny
44510404
44510351
4451022
44510200
44510139
4451001624
4451000282
4450home
4450austin
4450YIKIU
44509js
4450974
445096
4450911
445089
4450871
4450812
44507876
445078
4450770
44507534040
4450728
44507125
445070
4450687
4450683
4450665
445066
4450640
4450611anerthorn
445059
445057
4450563
4450559
4450527
44505
4450499
44504701
4450445
4450407
4450395
4450382
4450376
445036
4450353
4450315
4450301m
44502928
4450290
44502839auk1
44502609pp
4450253
445024011
4450235
445022471l
445021052
4450207131
4450206117
4450205150
4450204328
44502035699
4450201456
44502003
44502
445018601068083014420182
4450140
4450122
4450108
4450102332
4450101326
44500933
445008993879782
445008
4450051
445003
44500206644258
4450019.36.3
44500
445-4009j
444z666z
444y8u66i2
444wtma
444wardmandem
444vic
444tys
444tt
444tkd
444thm
444spree
444snottub
444sjr
444shan44
444sexy
444rtb
444rox
444rolly
444rob444
444rey444
444red
444raghh
444puppy
444points
444ool
444moo444
444mike427
444me
444manakamana
444lulu444
444love
444lolies
444kung
444khushboo888
444justin
444javonna
444ing!
444idonnijah
444hgnry98
444h444
444goldfish
444ggg
444fuckoff123
444flz
444farve
444evermore
444espada
444e555
444dopms
444daijames444
444cwd
444cpuay48
444civil
444cc
444brujita
444blu
444babydoll
444add
444a7o
444SSS
444IlovePICS
4449west
444999a
444999555
4449989
444998
444997
4449927
4449912
44498sex75333
4449888
4449878
444986329
4449852k
444984
4449786
4449767
44497292
44497132
444969033
4449680
444965113
4449642
444961322
444958rds
444958231
44495551
4449543
4449531
444949701
4449494999
4449468
444946211
44494449
4449429
444941113
444940525
44494
4449367
4449337
444932
444929445
444928
444927342
44492684
444925
444922077
444920120
444920
4449181
4449163j
4449151617
4449146
444911991
4449110
44490790
4449055
444902946
4449002
4449
444899v@
4448980
4448979
44489626j
44489387G
444890355
444888lk
444888555
444888444
4448882662
444887487
4448847
44488440088
444883523
444882563
444881438
4448801
44487990
44487830
44487577
4448730
4448703
44487
444868344
444866790
4448661
4448642
444862857
44485cg
444857
44485385
4448521
4448496269
444845j-c
444844353j
444842632
444840
44483925
44483400
4448301
444824
4448215804yunus
444818
44481633
44481304
444810
444808
4448074
4448018
4447sykbu
4447au
444798D
444797
444795
444794217
444790328
44479
4447876
44478239
444781212
4447801
444777Zack
444777666
444777222
44477697
4447757
44477256
444772212
44477
4447690
4447624
44476117
4447579
444756lol
44475146
4447454
4447448
4447435
4447421
44474112
444735e
4447314186
4447270
44472630
4447225032500
44472022
4447191
4447170
4447159
44471374
4447062
4447041
444703
44470144
4446uduhr
4446j73
4446DEB
4446997
4446979
444696
444693
4446912k
44469
444688
44468644
4446833
444682
4446798
444678
444677
4446760
4446751q
4446749
444673
444669933
444668love
4446670
444666555
4446665
4446662
444665a
4446639
4446623
444662
4446588
4446570a
444654
4446528
4446511
4446494
444649
4446478
4446469
444646
4446444
444641820
444641
444640
44463811
4446379
4446362
4446343
4446333
4446281
44462603034
4446244
444624
444623
444621njy
4446217
4446202210
4446191
4446185
444617
4446155
444613
4446118
44461095
44460rsmqz
44460863
44460574
44460467
44460312
444602
444601
4446005
4446000
4445opac
4445jade
4445eiw
4445996
4445963
4445940
444591
44459
44458889
444587
444586
444584jibran
44458361
44458
4445786
444577joao
4445769
4445752
44456993
4445694
4445688
4445676
4445666
4445656_alaa
444565
4445635
444560
44455dd
4445580
4445571
44455683lg
4445562
444555th
444555mh
444555hah00
444555A
444555666999888
444555666777
444555444555
4445554
44455522
4445552
44455481234
4445538
4445502
4445480
4445473
4445448
44454446
44454444
4445437b
4445434
4445433
4445425
4445420
44454110023
4445358
4445338
444532
4445310
4445293
4445288e
444527d
444527
4445263
444525
4445231
4445213
444521
444520
4445193
4445153
4445128
4445119a
4445112
44451
4445077k
44450568
444505422
444503g
4445012
4445005
4444xx
4444wamashorouk
4444vi
4444tyb
4444tj
4444td
4444summer
4444softball
4444smb
4444sharon
4444sesroh
4444sarah
4444roy
4444ri
4444reds
4444quetzal
4444pprr
4444pm
4444otop4444
4444noviembre
4444neco
4444naruto
4444mw
4444mooze
4444me
4444mang
4444lyon
4444lucky
4444love
4444llllaaaa
4444life
4444la
4444kris
4444korn
4444kk
4444kfinw
4444jj
4444jcs
4444imnotj
4444hu
4444horsesrule44
4444h2
4444getit
4444gary
4444foz
4444ffff
4444engel
4444ej
4444ee
4444ec
4444dw
4444dollars
4444dj
4444dear
4444dare
4444d
4444chops!
4444chicho
4444ch
4444cd
4444cat
4444buddy
4444bfly
4444bb
4444baker
4444assilem4444
4444asd
4444art
4444am
4444ale
4444aj
4444abc
4444aaaa
4444a444
4444SDL
4444PrU34444
4444LIFE
4444JP
4444HEATHE
4444Emma
4444CAT
44449999j
4444999999999
444499076
44449882
44449677
4444966
4444950
4444931
444490
4444891
444488888888
4444854
44448080
4444789
44447777j
44447777777
44447707
444475453b
4444744
44447370
44447289
444472
44447132002
4444703
4444692
444468
444467
4444666666
44446607
444465
444463250
444460
44445g
444458
4444576
444456789
4444564
444455a
444455555a
444455550
44445422
4444536
44445248
4444502602
44444z
44444t
44444senna44444
44444n
44444l
44444h
44444fine
44444ari
44444V
44444L
44444ANN
4444488
4444473t
444447
44444662
4444456
4444455
44444523
444444toto
444444rb
444444mariana
444444leh
444444k
444444ff
444444b
444444D
44444491alb
4444447777
444444666666
444444555
4444444s
4444444p
4444444h
4444444a
44444445
44444444mares
44444444b
4444444454
444444444t
444444444b
4444444444lalv
44444444444444444444444444444444444444444444444
444444444444444444444444444
4444444444***
444444441111
44444422
4444441
44444350
4444431
44444254
4444420
44444191
4444413
4444411
44443814152034
44443515
444433666
4444333343
444433
44443211
4444303
4444300395
44443
44442971
4444290
44442788
4444260
44442523
4444250110
44442458
444423801
444422bb
4444224
444422225555
444421521395646
444419al
4444198913
44441968
4444192516
4444182
44441724
444417
44441574
4444145
4444142
4444127a
44441234
4444122
44441207
444412
44441118
44441064
44441009
4444091
444408dj
444408
4444063
4444038
444402
44440101
44440
4444////
4444.low
4444-2016
4444++++$$$$okan
4444****
4443bri
444397
444396
444393
44439220
4443901
44438923
4443872960Bee
4443846
4443830
4443802
4443785g
44437725
44437695
44437510
44437159
4443710011
4443698727
44436850
4443674
4443660
4443634
444363
4443601990
4443592827
4443565nat
444355
4443545
44435188
4443511
444349111
4443477
444346
4443453
444343
4443424
444340
4443399
4443391
4443379
444337
4443366
44433448
444334
444333J
4443337
4443333
444333131
444332c
444331may
4443303
44433
444329036
4443290125
444328004
4443272824391
444327036
444327
44432520
444322le
444322
444321mn
4443213
4443211j
44432
4443184
4443176
4443170280
4443170106
444316062
44431516
444315035
44431500078
444315
444314
4443129
444311141
44431004
44430H
4443082
4443080090
4443067
444305
444304025
444303
444302103
4443020030
4443000
4443+23564
4442www
4442bnrkh
44429rogpa
4442999
4442956
4442932
444292
444291
4442906734
444288
4442872326
44428455
44428072
4442801
444280028
444278
4442772
444275041
444275
444274
444272022
444271029
44426825
444267
44426669
4442651
4442622
444262
444261
4442598
444259018
4442577
444257
4442551
4442530009
4442526
444252
4442500
444249a
4442483
4442462
444245231
444245
444244037
444244011
4442440056
4442440019
444243030
4442425711304
4442424
444240133
444240
444237
4442357
4442349
44423303
44423296
4442321
444231
444230484
4442301022
444230026
4442298
4442276020
4442272007
444227
4442261169R
4442255
4442251
4442242
44422320
4442230talet
444223
4442226
4442212
444220
4442194
4442179
4442172
4442159
4442146
4442145
4442121
4442097
4442071
4442050
44420378
4442008
444200
4441didi
4441994
4441986
444192
444191
4441902143
444189m
4441898
4441885
44418806
4441849
4441833
444183003
4441824
444182
4441816
444180
4441786041
4441772189
4441765
4441739092
444172
4441717chau
444171233
4441697984
4441681
4441618
444160
44416
44415900
44415864
4441563047
4441558
444154
44415365
444152100
44415117
44415087
4441497
44414830
444148115
444147
44414556
44414441
444144113
444144012
444144
4441432
444143002
444142101
4441415
4441411
444141
4441405
44414045
44414
444139
44413673
4441350
4441338
44413236
4441317
44413026
4441287
4441276
444126
44412522
444123Fox
4441232
4441213
4441212
444120
4441189
4441170
4441168
4441150
4441133
444112g
44411202
444111a
444111234
4441111
4441108
44411030
4441102
44411010
44410ac
44410778
4441074
44410534
4441050007
44410448
44410399
44410391
44410372
44410354
4441031
444103020
4441027e
444102205
444102025
44410152210
44410143
44410130
44410111
44410089
44410056
44410019
4441
4440oyihv
4440fortune
4440999
444099
444097
4440923
4440910
44408wm
444089
4440868
4440841
444080
4440771
4440722
444067282
4440664h
4440638
44406127406
44405804532467
44405716
4440562sev
4440554113
444055
4440535
4440522
444051
4440506
444050
444049730
444049404
4440485
4440475
4440463448
4440451
444044841
44404430
4440441
444042863
4440423
44404156
4440400366
4440395
4440387
4440375
444036
444034amw
4440346
4440333
444032
44403165
4440271
444026306
4440252
44402451
4440242
4440240051
444022
4440210
4440206888
4440203414
444019
444018
4440162206
4440154
44401480
44401406
4440132
4440110
4440102376
4440099
4440074A
444005
4440044
4440031
4440027kit
4440020101122
44400000000
444/44
444/-33
444-888
444-50-28
444-32-31
444-2636
444+++---
443qqcom
443pcnzk45
443lincolnroad
443kamagong
443justin
443fuck.me
443d15
443a5b82
443Jtb
4439xiang
4439kr
4439ap
443999
443996c
4439933h
4439906
4439886
443987
4439865
4439856
443985276
4439813
443979jb
44397589841
443971
443969991
443969
443966380
4439648
4439635
443961566
443960
4439595
4439483
4439455
443944394439
4439440743
4439425
4439408
44394
4439398431
4439394
443936
443932
4439294kev
4439286662
4439282
443926543
4439228
4439211
443919YO
4439178
443914
4439135
4439128
44391224
443911
443909660
4439091412
443907584
443903781
4439027
443902
443901
4439000iloveu
4438lovers
4438951
4438943
4438936
4438931
4438899
4438882
4438876
443886815
4438843
443882
4438801682
443877654
44387715
4438734402
443869960
44386691
443865430
44386343
443861213
44386
443858
44385422
443853
4438513
4438510
443848
4438475
4438462112
443846
4438448
4438418
44383cyj
443837
4438360
4438344
4438303
4438279a
4438261986
443824a
4438246
4438243
4438229974
44382
44381981
4438170noe
443816
4438145
4438121300
44381157
4438106
44380921
44380896
443803
4438022503
4437zz
4437cr
4437arbors
4437984802
44379621
4437955
44379279
44379
44378958
4437892
443785
44378320
4437811443
4437777
443776
4437741asa
4437724
44376j
443767
4437637
4437626
4437622
443761
4437605
44375qvspz
4437576LingkailL
4437569545
4437539x
4437518
443751
4437495
4437477
4437458
443744l
443742S
443740
4437396393
44373886
4437368
443736466
4437343
443730163
4437292
443729
4437268
443724
4437231
44371853
443718
44371557
4437114
4437086
4437078
4437068
4437060207
44370120
4436bj
44369972
443698
4436940
44369185
44369
4436889h
443686
4436826
44368103
44367cvwpc
443679
443677liya
4436763
4436748
4436728
4436712
44366crip213321@
4436699
4436683
4436669999
4436666
4436642
443663650
44366294
44366229
4436612
4436602
44365955
4436571
44365456
4436542
443651988
443650
443649
443648
44364513
443644
443641
443637
44363368
4436316lomas
4436293
4436290
4436281
4436275
4436258
44362529peru
4436240
44362358
4436224334n
44362234
443621hc1
4436214
44362
443618
443617
4436156
44361421210
4436123512
44361136
44361100
4436094
4436088
443606
44360535
443603sceb
44360329
44360154
4436000
4435reno
4435dos
4435bmming
4435Patton
4435996
4435989
44359693
4435941
443593
4435909
4435904
4435899
4435883
44358575857
4435822
44357oppmu
4435772
4435750
4435726
4435678
4435658
4435654
4435651
4435644
4435634
44356262
4435609
4435587
443558
4435572
4435562
4435554
4435541
4435526
4435516
4435477
44354559
4435445
4435419
4435410086
4435410017
443539
4435379
4435374
4435355
443533660
44353217
443530
443529
4435272
4435263
4435254
443524da
4435235152
4435221
4435219237
4435211
443520037
443520014
4435182
44351700ma
4435158
4435120
44350dez
4435092
4435066
443506
4435055
44350170
4435009
4434rrer=
4434la
4434jo
4434clover
4434Ze
4434993
4434987
4434970
443489rudy
4434895
44348744
443485
4434826
4434812
4434795
4434777
4434764
443474
4434736
44347288
4434718
443470
4434689
4434665427
443464
4434615
443460599970259
4434599
4434597
4434582284
4434580
44345781
4434552
4434536
443450917042
44344ac*
4434489
44344739
4434453
443444r
4434443
4434433
4434423
4434411
4434406
443439
443437
44343672
4434351310
4434346
443433r
443432418060805
443432
4434266
4434264
443424K
4434239786
443423
4434217
443421
44341984
443416m
443416
443414
4434131312
4434122
4434100908
44341001
443408
44340634
4434047573
4434015
44340123
4434002
4433wife
4433rd
4433nm
4433lapeke
4433htm
4433977
4433968
443395363
4433946
4433931
4433929
4433924
4433904
44339
443388143
44338796012
443387
4433862
44338
443378997
4433772
4433768
443375
443373
443369
4433681
443365678206
4433652
4433633
4433607
4433591
443355b
4433541
4433519
4433494
4433490g
4433482
44334771katy
4433466
4433461
443345
4433443344
443343ej
44334343
44334162
4433412
44333hilton
44333891
443337
4433356
44333521
4433337
44333327
4433321tyh
443331039
4433309
4433300
44332AAmm123
4433275
4433273
4433261236
4433257
44332414_071797EDY
4433230879
4433229
4433222
44332211qq
4433221100
44332148
44331a1a
443319
4433160222
44331575a
443315
4433135
4433128931
4433123
44331100
44331
4433080159
4433066149
4433049
4433030
44330091
44330
4432jeff
4432drew
4432d
4432agpkp
4432ANT
443298
4432971
443295
443294
44329384432938hbkhbk
443292f
4432912
44328834
4432877
443285
4432811
44328
4432795
4432781868
443277
44327613
44327252
4432713
44327000
4432685
443268
4432679
4432666
44326513971
443265
4432639
4432633
4432621718
44326142
44326070
4432596
4432589
44325861
4432553775
4432539
4432514teamo
4432504
443250
443247
44324599
443245131
443244099
4432440071pbk
443243
4432410
44324.
4432398ua1992.
4432396
4432386
4432368
4432363711
4432343
4432332
44323247alfredo
44323144
4432303
443230121-6
4432300951
4432300024
4432297
4432292723
4432287623
44322749
443227
44322661
4432260310
4432258
4432251
44322378
44322344t
4432231990
443222k
44322104
4432202776
4432199
44321882
4432185386
443217
4432159
44321556a
4432140
44321305
4432123
4432118
4432112
44321073
4432105034
44321034
4432101616
4432100822
44320976
44320835
4432080
4432065284
4432063a
44320620
443204917346
4432042
4432040041
4432032
44320281
4432021
44320125
4432009
44320034
44320009
44320
4431misi
4431jac1
4431bama
4431985
4431971756paleta
4431960
4431947
443194
4431926fsdh
4431895liz
4431880
443185mm
44318548
443184
4431827004arte21
4431801247
4431800704
443178id
4431767
443175emma
4431748974chin
4431732617
4431725
44317100
4431676088
44316680033
4431658
443165
4431644
443163
443162
443161
443160002-3
4431590
44315881
443157
4431560095
44315304457698
4431509
4431504
44314luna
4431493
4431478
4431467
4431459
44314582
4431453773
44314516
443143575
44314235
44314143
4431412514
4431412
443141
443140
4431382385
4431376
4431360116
4431354234
44313493213
44313344
4431328
4431324
443132
4431312107
4431311
4431301039
4431295
443126
4431250
44312423
44312319900
4431225
4431221
4431215
443121
44312072
44312031
44311tvm
4431191
4431184
4431176R
4431173473
44311546
4431145520
4431143
443114
44311141
44311108
44311095
44311066
4431104116
4431103267
443110134-6
443110042
44310span
44310902
44310681
44310621
443105255
4431051
44310501
4431050024
4431050008
4431047
4431040064
4431040047
4431040007
44310365
44310301
4431028
44310217
4431020025
4431016
44310132
44310128
44310118
4431010010
4431006027
44310044
44310000
4430v
4430tg
4430ms
4430coco
4430997
44309836
4430971
4430970053
443092
44309070
4430898
4430880
443085933
4430824
4430802452
4430801040
443080001k
443078
4430745570r
4430736
4430722
4430712
4430707
4430701321
4430686
4430657
44306444
443063342
4430622
4430618
4430606521
443060562030658
443060
44305tqca
4430559
4430538
4430524
4430517165
44304925LUIs
4430472
4430460
443044103
4430422891
4430410580
4430407082
4430404
44304031691232
443036mp
4430343311
44303425
4430332
4430321
443031
4430300476
443029
443026
44302456/12355*
4430240285
443022630
4430222184
443021417
44302041332126
4430202929
4430202
443020172
4430201212
443020079-9
44301906
4430189
4430180
443015
44301422
4430127
4430115
4430106
443010527
4430098875
4430083
4430068116
4430059
4430044
443004
4430032
44300258
4430020736
4430016
443001
4430-111
443/11/2
442ylb
442w22nd
442tpkft35
442sweetandsour24
442srock
442soi40
442shirleymanor
442s4956
442nsf
442mb
442ldykd97
442jackson
442goon
442elmer
442bamme
442_4266_
4429toccoa
4429razx
4429la
4429994
442998073
4429959
442994
4429925
442988
442986455
442985
44298449
442984
442983144
442981820
4429783gw
44297748
4429752
442972
4429701
442969178
442966
4429638
4429610
44295827
4429487
4429475007
442946431987
442944
4429410
44293jnb
442937
4429344
442933
442929004
4429287
4429263
44292510
44292243
44292100
44292050
44291821
4429176
442917
44291644
44290v
442906408
4429053
44290294
44290211
442901121a
4429007
44290019
4428yuli
4428es
4428devo
4428andy
4428999
4428993
4428977v
4428962
4428932
442892
4428909
44288945632103
442887
44288472
442883728
4428815
4428782
442878/2
4428763
442875
4428717
4428707
4428690
44286883
44286691
44286442
442864
4428623
442861
4428598
4428575
44285494
4428505
442850
4428487
442847094
4428450
4428431
44284049
442839ws
44283968
44283852
4428363
442835433
442834734
442829100
442829
4428282
44282765
44282604
44282523
4428242
4428234
4428224
442821610
442819
4428180
4428155
442815
442812
44281095
4428084
442807
442806
4428048920
44280236
442801507
4428009
44280
4427napier
4427jay
4427christ
442797
4427943
4427937
442792
442791
4427896
442788
4427866
4427855
442783368
4427800
44278
442778
4427746
442773
4427698
442767
4427633985587
44276179
4427600
44275882
442755131879285006595
44274942
44274769
4427471
44274488
44274269
4427412
4427400
4427399
442737
4427350
44273317
44273134
442730
4427296
44272912
44272800367787804444
442727
442725
442724
442723
4427210
44272085
44271942
442718060
44271587
44271278
44271
44270924
44270825
44270742
4427062rp
4427042
4427024
4427002
4426war
4426mca
4426kc
4426intio
4426as
4426_y
4426949
4426921
4426909
442688a
442686f
442686
44268530
442684
4426812
44268022
44267938
4426776p
442677
4426753
4426702
44266999
4426684
4426676123
4426666
4426648
442664
44266244
44266138
44265q
442658444
44265822
4426569
4426558
44265452
4426522
44265023
44265
44264950
44264745
44264612
4426444
44264426g
4426442
44264380
4426423j
44264141
44263986
44263742
442637
442635
4426345
4426337
4426319
4426304
442628
44262644
44262527
44262441130
44262220
4426207
442619
4426183
44261774
4426156th
44261527
44261501
44261410
44261311
44261247
4426111
442608
44260497
4426030
44260271
44260133
44260073
4426003
4425jf
4425_2811
4425EA
4425998
4425986
4425965
4425933r
4425919
4425907
442588265440287
4425869
442586
442584
442582
4425815v
442579
4425777
44257589
4425733
44256oeswo
44256985
4425645
4425640dh
4425625
44256
44255908
442558
4425571
442556821
4425553123
4425537
442552662
4425525
4425506
44254aa1
442546
4425453
442545
4425429
442541junjoyjit
4425413
4425393
442538
4425355j
44253494
442533442533
442533
442532FBBabyboo
44253246
44253234
4425318
44253081994
44252941
442529
4425276569
4425261
44252582
4425244252
442519720610773
442519
442517378
442517
4425159
4425134
44251299
4425121
44251118
4425103
4425096
44250815
442508
4425069
442506
4425050
4425036
4425021
442502
442500
4424rachel
4424h4424
4424dms
4424dac
4424993
442499
4424980
4424919
4424903
44248l
44248a
442489
4424885
4424877
442486
4424850
4424820
44248023marzo
4424778
44247424
4424737
4424735
442472421
4424722
442470559
44247005
4424700054
4424687
4424680i
4424677
44246555
44246406
4424625
4424592
442458
4424570
4424556648c
44245535
442453ae
442453002
442452
4424515
4424512072
4424511094
4424507g
4424505
4424501
4424494
4424481
442445698456
4424451
4424441
4424434
44244244
4424420
4424404
4424394
442438
44243655
442436
4424327
442429
442428
4424265384
44242511
44242510116
4424251
442425
44242442
4424238928135
44242318085
442422
442419m
4424196336
4424188
44241755
44241736
4424156
4424154
4424143313
4424126
442412
44240mfjdm
4424096
44240819
442407
4424066
4424062
44240526
442405
442403
4424020
4423south
4423rm
4423jesus
4423dmhdy
4423bb
4423993
442396
442394
4423925
4423906
4423883
442387
4423851
4423847
442384299
442384
442382
44238125brunner
44237VERDD
442379
4423777
4423756
44237451
4423704
44236926
442366
4423643
4423618737
4423602760
442359
44235532
4423545
4423531a
442352451
4423515
44235044
44235002
4423486
4423473875gustavo
4423461273
4423456
442345
442344423
44234423YG
4423433
442343
442341337
442341205
44234035
44234
44233vzmth
4423394117
4423389
4423360432
4423354
4423339795
4423336230
44233244
44233136
4423308
44233030
442330
4423295
44232917
4423287
442328
4423275575
44232608
4423256
4423247045
44232452
44232412
44232409
442323578
4423231181
4423223281
44232
442319890
44231980
4423189277
442318027
44231744
4423163
4423158
442315018
44231331012
442313001
4423124
44231221
4423118837
442311
44231013
442310
442309
4423057651
44230449
442303beti
4423033010
4423015
44230084521908
442300321664
4422sex
4422rbd
4422ph
4422ms
4422jeab
4422eam
4422dd
4422abby
4422PAUL
44229911
44229876
442297
442294
4422926
442291
4422886655
4422880
4422864983diablos
4422860
4422852
4422848
44228325
442283
442280
44227920.
4422784
4422778
4422771727
44227588
4422744227
4422741
4422727
4422722
4422712
44227
4422688
4422679
4422677
442266m
44226688
4422663
44226600
4422649
4422639915@loren
44226142
442260
44225972
4422581
4422569
4422559
44225541
4422553311
4422522
44225-3
4422490015
44224851
4422477
4422470
4422454
4422450
4422445541
4422444
4422441
4422424
44224224
442242
44224122
44224
442239
442238
44223551
442234255_14
4422331668
4422324
44223130112
4422302039
442229001
44222745
4422262809
4422244047
44222318
4422225
442222010
442221005
44222
4422185832
442217
44221679
4422165
442216
4422143
442213988
4422134
4422132
44221212023
44221182
44221033
44220978
44220887
442208
44220713
4422064
442206
442205
4422032
442202721437454d
4422023
4422019
4422012113
4422010517
4422010408
4422010312
4422010231
4422010195
4422010071
4422010041
4422010
442200b
4422009743
44220081993
442200426
44220011llooll
4422.
4421xx
4421sexii
4421mike
4421cult
4421VAL
4421960
4421959477vr
4421946869
4421942
44219312
4421918133
4421912
4421904
4421896
442188
4421873196
4421859665
4421853549
4421852903
4421842
44218378
44218-98728
44217982
4421777
4421771401gaby
4421770
442175
4421741343
442173
4421715113
442171
4421704073
4421701
4421698
4421694
442169
4421686
442165a
442165171
442164
4421630
44216
442159583
4421578
4421569
44215612
44215577j
44215511j
442154
4421533s
4421521
4421514
44215113
4421501
4421488
4421476300
4421469877
442146
44214530
44214520
4421446
4421439
4421436
4421428162
44214243
44214226
44214214
44214162
4421414
442141189nungza
4421399758121092
44213990
44213984
44213973
4421394016
4421389018
44213688
4421368
44213641
44213630
4421360
4421344213
442134
44213376
442133010
442132klaa
4421311
4421303
442130079
44212962
442129037
4421285355
4421279pb
4421266880856
44212582
44212463
44212418
4421239
4421235944
4421233100
4421231
442122w
44212137
4421210sef
4421210loco
442121032
4421201134
44212
44211978
4421189
44211803
442118
442117037224421
4421161
442116
44211520
4421138266
4421130
44211270
44211234anab
44211208
4421119
44211104
44211085
44211059
44211029
44211001
4421100007
44210966
44210926
44210911
4421090042
44210866
44210842
4421080025
44210762
44210720
44210672355
44210643
4421060064
4421060013
4421057036
44210503
4421050090
4421050078
4421050075
4421050072
4421050048
4421050042
442105003396
4421050027
4421050020
4421050018
4421050010
44210500
442104763565
4421042oli
44210405
4421040080
4421040036
4421040033
4421040024
4421040011
4421040003
4421038
44210352
442103423
44210299
44210226
4421020029
44210166
442101033
4421010095
4421010077
4421010037
4421010015
44210084
44210044
44210032
44210007
4421*dj
4420tc
4420sprau
4420rbz11
4420mimi
4420k610
4420b
442097
4420949
44209322
44209017
44208k
44208909
442088406529
44208804
442087493090djdj
442087
4420852
44208425
442084
442083
4420814
442080poter
4420795
4420776
44207664
4420750038
44207446
44207427
442073
4420721
4420711
44207013
44206925
442069
442067
44206650017
4420662r
4420647943
44206453
44206430
4420621
4420615gg
4420613
442060
442058rg
44205789
4420554456
44205438
44205412
4420533
4420510
44205
44204kw
4420495
44204803
4420478
4420473
4420461
4420458
44204442
442042s
44204261
442042021
4420415
442040442040
44203958
4420378
4420372
44203552
4420350
4420340350
442032hw
44203115
4420303027
44202l
44202893
4420281314
4420261051
442025
4420238251
442023236
44202320
442023
44202204
44202109
4420202337
4420184
4420182
4420176
4420167
442016
44201504
44201451
4420143
4420138love
44201245
442012
44201124
4420105472
44201028
442010099
4420096
4420093
442007557khj
44200632
4420046
4420035
4420020059
44200100
442/969
442-94
441ydaq
441silvia
441nuke
441n12thave
441htmskrb
441fuprhs8mx
441claudia
441bitch
441OO4
441BYTCH
4419newman
4419ems
4419998
44199837
441997comel
44199634
441995nina
4419958
441995291
44199413
441993liz
441993_phillian
441992brandy
441991j
4419911958
441990g
4419900
441988t
4419889
441987441987
441986miel
441986441
441985april
44198474
4419830011
4419815www
441980166
441978s
441978.ag
441974bindi
441974
4419685
441966
441965217
4419647
441964
441962w
441962ann
4419616
441961002
441960mst
4419566
4419561
44195433
44195293
4419522
4419512500
4419496
4419488
441947108
44194651
44194537
441944003
44194399
4419420
441941560
441940618
44194
44193735
441936
441934912
4419320
44193156
44193060
4419300364
4419290
4419278
4419269aku
441926
44192530104
44192480237
4419237
441922
4419179
441915
4419133
441913
441912
4419111
44191095
44190942523
441908
441907665
4419055
441904
441901
44190015
4418u2zgz_92
4418ds650
44189816231742
4418961
441894146
4418926
4418913
441890k
4418908
441889
441888
441887
4418837
441881574
44187718
4418742
4418736
441869
4418671
4418667
441864595
441862412
441861460
441861
4418580
44185662
441855
4418533221673
4418527
441852
4418498
4418485
4418479
4418468
44184573
441844165171!2w
44184260
441841
44183970
4418370
441835
441834
4418311
4418300
44182plusblink
44182773316
44182773239
44182773074
44182771303
44182771134
44182771055
441826670
4418262
441826
4418251
4418244
441823010
4418221
44182
441819
4418178
4418155
441815
4418128
441812
4418102
4418090s
441807
44180644
44180545
441804Bbg
44180313
4418028
4418010
44180016
4418
4417neal
4417je+ni3381kaJ
4417GRAPEfruit4
441797
4417955
44179516
441793
4417920r
441791122
441790126
441789
44178628
441785
4417845
441783j
441783254
4417813
441781129
441781115
4417811
44178
4417789
441777berl
44177543
441774
441773
441772143
441772
441770674
441770112
4417696
441768
441767106
4417641
441762
44176172528
4417613
4417609
441759
441755
4417520
4417507
441746
4417448
4417442003
4417425
441741115
441741103
4417406
4417395
441738425t
4417375
44173621
44173584413975
441734A
4417345
4417331
441731
4417304
44172952
441727
441725130
441725
441724
44172284
4417224
4417214
441719AE*
44171960
4417185
4417155
441715
4417149
4417140
4417123k
44171088
441710
4417080
44170437
4417021
4417010773
441701
44170043779440
4416x
4416mst
4416kelsie
4416gotsex
4416CC
441697
4416966
44169491
441693
441691
441690
441689
4416843
441681130
4416801e
4416778
441677
441674
44167091
441666953
4416648
4416644
4416633bowser
441662
44166
4416591
441654ck
441654
4416538
441652003
441651138
441650
44164900
4416462
4416452r
4416428
441642101
441639
4416383
4416364
4416350
441634204
441632
4416312
4416299
441629
4416284
441628
441627
44162537
4416237
4416229
441622125
441621
4416208
44162030
44161n
441618
441614114
441612lu
44161233
44161200
44161186
4416106
441610
44160992
441609
44160844
44160778
4416072004
441606574
44160551
44160398
44160237
4416022
44160133
4416010
4416000
4416*k
4415ts
4415pink!
4415davis
4415bk
4415arnold
4415996
44159919
441597L
44159530
44159473
44159341
4415926
44159189
441590
44158jazz
441589466
441588123
44158580
44158321456789
4415828m
441579
441577734
441576
441575
4415742
4415738
44157349
4415716
441570
4415689203689
44156789
441567
4415659
441564
4415638
44156236
4415622
4415606
441559039
4415578
4415572
4415570
44155678
441555
4415549
44155436w
441553
4415526
441551H
4415509
441548nine
4415476
4415462
4415452
441543007
4415424
441541
441540
4415399
4415382
441538
4415357
44153456
4415321
441532
44153089
4415306
44152nm
4415284j
4415273
44152688
441526398
4415255
44152470200
44152470
4415236
4415219
4415214
44152012
4415188
4415185
44151702@jesus
4415146
4415135
441513
441512
44151014
441510
441509
4415058
44150363
44150233
441501353436441501353436
44150123561
4415003369
4414tweetybird
4414ks
4414july
4414chata
4414brevard
4414997
4414982
4414972
441493ad
4414925
4414911
44149
4414891
441484
44148344
4414823
44148090
44148
4414770
4414767
441474113
4414727
44147166
4414703
44147
4414691
4414683054321
44146756
4414640
44146338
441463207
4414617
44146
4414570k
441454xyl
441453a
441452
4414516
441449
4414485
4414463
44144556
4414444
4414438
441442616
441442
44144
4414387
441438111
44143723
4414366
44143544
441434
44143340674
4414327
4414315
44142gab
4414281
44142537
4414245
441424091990
4414232
441423
441420
441418789
44141677
441416
4414143
4414141
44141370
44141113
44141015
44140939
4414081y
4414074
44140605
4414049
4414038
44140337
441403
4414024
4414011032
4414008
4414005
4414003
44140
4413mc
4413bp
4413_dipo
4413993
4413970
4413965
4413933
44139228
44138j
441389
44138522
441383
4413823
44138118
4413797
441376
4413731
4413702
4413688
4413670
4413655
4413635
44136337
4413625555
4413610199
4413600
4413594
4413581
44135700
4413561
44135546
44135348
44135252
4413510
4413508
4413473
4413459
441344685
4413434
441342778
4413415
4413396
4413382
441334
441333
44133210149
4413317
441330309
4413298
4413296
4413285376
44132810244
44132790915
44132790597
44132790323
44132790
4413276
44132633
441324782
441324
441323
4413226150
441322131
4413220
4413218
441321
44132016aracely@
441320103
4413197
4413176
44131717
44131544
4413151
441314bp
4413147
44131457
44131338
4413133
441313
441312
44131132
441311
44131030
4413100035
44130914
4413088
44130544
4413037
4413034
44130297
4413028
4413025331
4413021
441302
44130139
4413011069
44130108
4413009
441300006
4413!
4412thorr1986
4412ivey
4412gary
4412acl
441299vicki
4412968
44129591hds
4412937
44129205eminem
4412904
44129010
44128jESTER
4412896
44128913
4412883
44128495
4412837
4412826
44128139
4412806
4412781
441277110
441276tb
44127521
441273
441271
4412681
4412649
44126439
4412616b
44126155390496
4412610778
4412610323
441261
44126054m
4412598
441259
4412588
44125854
44125755
441256441
4412550
4412545
44125342
4412526
44125172
44124jasmine
44124842
44124768
44124600
44124543school
44124500
44124418
44124404
4412434
44124328
441242894
44124243
44124217
44124196
44124140
44124124
441240455
44124023
4412400
44123857
44123787
441237109
44123675
44123662
44123551
44123487
44123456
4412345
441233r
44123383
44123328
44123303
44123260123
44123223
44123220109
44123180142
4412311
44123078
44123054
4412296
44122940
44122901
44122885
44122825
44122733
441226imed
4412261227
4412260077
44122503
44122500121
4412244122
44122420241
44122420112
44122374
4412231800
44122211
4412213
441221229
44122104
441221001
4412208600
441220521
44122045
44122014
4412200022
44121hbt
4412193
4412190022
4412182
4412175833
4412170
44121694
44121686
44121565
4412154
44121517
441215
44121455
44121440127
44121440102
44121425
44121421
44121402
44121373
44121357
44121314
4412131
44121271
44121263
44121244
441212089
44121203
4412118
44121138
44121130
44121079
44121044
4412100
4412099
4412090
44120896907
4412083
4412079c
4412073
441206love
44120669
44120632
4412060
44120509
4412049100
4412048
44120442
4412041
4412029
4412026
441201mm
44120152
44120119
441201
44120079
4412003
4412-0510CASTgar
4411rl
4411n10085
4411iapo1
4411gb
4411delmar
4411dana
4411;bmpk
441199654
44119933
44119922
441198
4411958
441194
4411933
4411921
4411919
4411911
4411899
44118866
44118840
4411872
441185
44118412
4411834
441183
4411818
44118009
4411797
44117799
44117788
441176308
4411761
4411727
4411715
44117049
44117031
441170
44116nfc
44116740135
44116720111
44116670125
44116466286943
44116325
441162984
441162
441161134
4411604047
4411599
4411585
441157894
4411569
4411565
441155mp
4411555
4411551
4411547
4411541
44115354
44115237
4411522
44115213
441151001
441150123
441150013
44115
4411490
4411481
441147
441146
4411454e5
441144111
44114335
441142947
4411422022
44114114
4411410026
44114016
44114001
4411392NY
4411386
4411379
4411369a
441136
44113377
4411330
44113221
4411321
4411317
4411310
44113051
44113047
4411304030
441130010
44112te
44112944
441128m
44112878
44112760866
44112760642
44112760511
44112760338
44112760236
44112760121
4411273411
441127
441126114
4411259
44112520109
44112495
44112460005
4411240
44112351
441123204
441122h
441122330
4411221144
4411219
44112158
44112136
44112112
44112109
441121072
441121013
441120821
441120724
441120702
44112063
4411205018
4411204015
44112021
441120132
44111966
44111923
441118
4411171
44111651
4411158
44111562
44111527
4411150154
4411147
4411140
44111315
44111274
44111264
44111225
44111218
44111215
44111209
44111196
44111170
4411116
44111110
441111014
44111063
4411103
441110136
44111003
4411093098
441109
4411084
44110773
44110742
44110698
44110677
44110666
44110651
44110637
441104613
44110407
44110389
44110349
4411031
44110259
4411020121
4411020010
441102
44110195
4411018605
441101180
441101054
441101
441100724
441100245
4410vine
4410mm
4410lane
4410jg
4410drsa
4410bra
4410997
4410991
441098
441097250
4410971099
4410970156
441096
4410935
4410916
441091244
441091228
441091172
441091037
441091
44109080
441089117
44108801
44108512
441084
4410820019
4410810083
4410810067
44108089
4410801034
44107dog
44107S.O
4410781
4410778
4410772
44107524
4410750386
44107417
44107357
441071088
441071019
44107100391
441071
4410695
44106912
4410665795767
4410662
4410651
4410648
441064
4410628a
4410620107
4410620056
4410615
44106130
44106110
4410610254
4410610200
4410610066
44106078
4410598
44105948
4410588
44105720
4410551590miniu
441053555+
4410525
441051234
441051123
4410511
441051061
4410507945
4410501
44105
44104933
44104833
4410472
441046
44104545
4410454152630
4410453
44104477
441044104410
44104263
44104180
441041124
441041087
441041008
4410410
4410400
4410386
44103778
441037521
4410371
44103671
4410363792
4410362
4410359
44103572
44103521
441035
441034488
44103424
44103405
44103373
4410336337
4410334
44103292849
44103234
44103181
44103137
441031175
441031114
4410310108
4410310054
44103074410307
44103011
44102987
44102937
441028800
44102722
4410264230
4410261350
4410251
4410246
441024459mf
44102420
441023
4410227
4410215
441021438
441021359
441021260
441021239
441021210
441021177
441021136
441021054
4410210241
4410210125
4410210007
4410204012
44102002
441019
4410180
44101731
44101703
4410167
44101621
4410160255
44101520
441015
44101440
4410137
44101333
4410129
4410128
4410124
44101221
4410120001
441011409
441011352
441011210
441011189
441011150
4410111024
441011095
441011076
441011054
4410110154
4410110113
441010k
44101068
44101038
4410100
4410097
4410088
44100836
4410078
4410071833
4410069
44100527
4410047
4410045
4410033011
44100253
4410019880
4410018
441001441001
4410012
441-270583-0008T
440xcr
440volt
440sunny
440s8thave
440punk
440pink
440magnum
440lmstip
440lee
440keys440
440ironw
440hoodst
440green
440feicht
440dodge
440brie
440badass
440Spring
440SIXPACK
440@.COM
4409tp
4409sct
4409dmp
4409cl
4409996
440997
44099439
4409901520
440987027
440986838
440984
4409833
4409811
440980
44097863
440978
4409770
4409764
4409716
440966
44096447
440963920
440962754
4409613447
4409613371
4409610989
4409610757
440961
440960
440959
44095760
440954
4409521
4409520154
4409505
440949
440947912
44094560
4409452
44094407
440943597
4409395
4409387
4409379
44093607gogo
440931
4409301
4409295
44092654teti
44092532
440925
440923
44092126
44091dino
440918
4409174
440917
4409169
4409150nsb
440913636
4409106
440909
44090888
440907568
44090619
4409060201
4409057
440903
44090124
44090
4408zkrdm
4408stoop.com
4408n61
4408josh
4408first
4408baby
4408aaf
4408988
4408967
4408948
4408907
440888
440886362
440886
4408844
440884033
440884
4408826
440877714
440876
440872j
4408703
44086966
4408667
44086578
440864520
4408618
4408611
4408610030
4408600@com
44085954
44085822
4408562
44085511
4408526
4408520015
44084941
4408483
44084603
440844t
4408435
4408411
44084
4408376
4408361
440836
440835
4408338
4408315
4408297
44082691
4408264
44082532
4408246
440823j
44082211007
440820a
4408202
44081986
4408193
4408180
4408156
4408149
4408143
440813
440811
440809
4408080
4408077
4408064
4408049
4408032
44080262
44080208
4408019
4408001A
4407wsc
4407naja
4407kylesimon+-*/
4407991
4407973
440791
440787
440784
440782
4407803
4407774092
440774
440772279MAIRONJ
440770
440768
440766
4407620014
44076108
4407608
440760
4407585
440755
4407520032
4407513
440750
440749
4407482
44074594
4407424
4407402180
4407390
440737421376200
4407371
440735
44073329_ji
44073
4407297
44072740
4407266
4407246
44072
440717ice
440717
4407126
44071147
4407113
4407100
440709639
44070879
4407075
4407058
44070476
4407034
44070223
4407012311
4407007634
44070000
4406salah
4406kc
44069vtwyh
4406997
4406977p
440694
440692
44068vkyvu
44068777
4406855
4406830
4406820
440680
4406791
4406775
4406764
4406759
4406738
44067077
44067
4406697
440667595m
44066705
44066434
440662
4406613861
4406612707
440661205
4406611410
4406610420
44065sns
4406580
4406559
44065445
440652
4406515
4406470401106205
4406462
440645
44064406a
44064339
44064270
4406416
440639s
4406375425
44063710
44063493
4406337
44063329
440632
44063064
44063020
4406301mrry
4406296
44062917
440628
440627
4406261305
4406253999
440625
4406241481
4406233
4406219180
44062124
4406204
440620
4406196834
4406185t
4406180739
440617
4406164774
44061611
4406150
4406136251
4406134
4406121550
44061107
44061081
4406101172
4406099
44060952
4406094
4406078
4406075
4406071458
4406069
4406064255
44060581
4406051153
4406044
4406039380
4406032
4406029167
4406028961
4406025
4406021321
440602004
4406020
44060172
44060167
44060124866
4406006637
4405yo
4405nj
4405amar
4405973
44059688
44059539fcrt
4405902
44059
4405888forme
4405850
44058261
4405800
44057938tg
4405790
440576
4405740
4405720700
4405706
4405699g
44056908maggie
44056830
4405680119
4405678224
44056737
4405669
4405665
4405631
4405611049
4405610793
4405610157
4405574
4405520042
4405518
4405515
4405506140
4405504152
4405493
4405476
440546
44054412
440541a
440541
44053940
440539
44053628
44053533
4405319
4405309m
4405305
4405303
440529Kv
44052969
4405269
440526
4405252
4405231
4405221517
44052167
4405212145
440520
4405196
440519
44051795
440517
44051590
440514198
440513555
4405130
440511nor
44051051
44051001
4405090
440508b
44050870
440507
4405063
44050411481126
4405039019
4405035884
4405033509
4405032840
4405031743
4405029184
44050276
4405026455
4405024342
4405023609
44050209
440501985
4405018575
44050176
4405013394
4405012370
4405010
4405008857
440500598
4405003445
44050028
440500224
4405001910
4405001811-44
440500074
4404sj
4404joelford
4404hope
4404god
4404da
4404barry
4404anewme
4404956
440495
4404925
4404904
440490
4404882
4404846
440480062
44047m
4404797/m
4404773shaun
44047629
4404737
440470913579
440470016
44046kb
44046841237
440467
440463
440462015
440461108
440460364
44046023401
4404576
440457
44045607
4404559
4404553
440454
440452681584
4404520134
4404508
440450007
44045
44044743215
44044678ricardotamo
4404453
44044480
4404444
44044363candy
4404429A
440442
44044113
4404407075
440440187
440439966
440439
4404368jimmia
4404362139
44043612
44043571129
44043537
44043491125air
44043471124
440434-mimanita
4404336
44043333
4404332
4404323
440430goga
4404303
440430265
440430
44042941125
4404284
44042808
44042790103
4404274101
4404273
440426dcp
44042661
440425k
44042580140
44042565
4404254
440425
4404249322
4404242115
440424
4404222
440422
44042059
4404199
4404188
4404173
440415
4404147
4404144111
440414
4404133191
4404129
44041205
4404113890703
44041128j
44041033
4404098
44040919
44040913
440408mail
44040875
44040808
4404077
4404072
44040590
44040484
44040380
44040299
4404027668
44040254
4404020929
44040160
44040135
44040122
4404010656
44040067
44040051
4404004
4404000939
4404000178
4404(!!
4403jr
4403bdc
4403999
4403962
4403935414
4403925
4403912
4403867
4403864
4403838
440381
4403783h
440378
440377
44037542
440372
4403712
4403697
4403669801
4403632022
4403621
440362
4403610407
4403610241
44035jpw
440358
4403577
440357
4403565
440356
4403544
44035388
4403526108
4403520085
4403516976
4403509492
4403508924
440350666408408822
4403503297
44034boston
44034786
4403466
44034580
44034487
4403422
440341
4403407
44033921
440337
44033596
4403350
4403344033
4403331
4403327
440330ln
44033044vert
44032959
4403276
4403259
4403242
440323
44032134
44032001
44031943
44031938
440317
4403165angelito
44031548md
4403147
4403140850
4403139357
4403135
4403131727
4403125877
440312
4403116009
4403112990
4403109798
4403103130
4403101290
44030993
4403095
4403092838
4403089
4403084512
4403083969
440308
4403078530
4403073077
440307199208508
440307
44030686
4403066
4403061569
4403057203
4403052543
4403051925
4403042692
4403040431
4403036769
4403034871
4403032222
44030240051
4403020128
440301hill
440301986
4403018635
4403015524
4403014121
4403012000
44030102
4403008404
4403007125
4403005061
4403003934
4402nxii
440299
4402961
440295
4402919
4402916
4402911
44029042140985
4402902
4402854
4402835
44028251
4402809
4402806
4402785
44027653
440276
4402748501
4402733
440271314
4402668
44026521
440265
440264
4402612842
4402611968
4402610234
440261
44025958
4402587
440258
44025585
4402556
4402536
4402524427
44025169
440251
4402502456
440250
44024am
4402487
44024826
44024756238
4402442a
44024173p
4402406
44023l
4402355
4402348999
44023412
440233
4402324
4402322058
440232
4402310007
4402283
4402279r
4402270
4402246
4402221180
4402218
4402215638790
4402214193
4402210316
44022071
44022031
4402201
44021984
4402191011
4402187744
440218040
4402177028
44021711
44021654
4402163tik
4402163291
4402159612
4402156121
44021497
44021442
4402138905
4402134714
4402131
4402128
44021250
4402122602
440212059
4402104774
44021003824
44021
44020968899
4402094488
4402078440
4402077988
4402076
4402073045
4402072
4402068151
4402065
4402062717
440206122207
44020480
44020477kelvin
4402046686
4402043736k
4402041406
4402039004
4402035
440203345
4402030
4402025557
44020232
4402022471
4402021580
440202012
4402013744
4402011
44020083
44020039
4402003687
4402002
4401uscg
4401rr
4401law
4401i769
4401cc
4401IKE
4401997
4401968
4401959
440192037
4401911
440189
440187
44018424
44018391
440182
4401814
4401800
4401791010
4401790013
44017890559225
440177l
4401766
4401754031
4401741015
440173
4401723
440171453067338
440170007
4401672
440165
4401644016
440163
440162
4401611829
4401611134
44015964
44015899
44015811
4401579
4401571697381754
44015588
44015384may
4401532918
4401531
4401520285
4401518
44015122
4401500832
44014966
44014633
4401463062
44014599
44014579
4401454
44014448
4401442
4401439
4401432
44014294
440142061
44014197
4401417
4401413
44014069
440140
44013994
440139
44013710
44013579
44013513
44013352
44013310
4401329
44013118
4401301
4401299
4401292
44012855
44012823
4401278
44012760
440127122999
44012591
4401251
4401243
44012337
440123
4401227
440122
44012173
44012132
440121277
4401204
440119a
44011980
4401194198
4401193
4401184070
440118
4401174240
4401169703
44011686
4401167
44011638
4401154878
4401150109
4401148384
4401146
44011425
4401137007
44011368
4401133527
4401128055
4401127014
4401120649
440111
4401108404
4401104791
440110278934
440110099
440110010
4401098076
4401086
4401080652
44010759
44010728
4401070
4401066834
4401064417
4401058
44010569
4401055761
440105446938
4401054244
44010539
4401051982
4401050358
4401047206
4401044757
4401042538
4401040516
4401040
4401034907
4401033776
4401032
44010307
4401027745
44010265
4401023561
4401022
4401021524
44010208
4401020063aaa
4401020029
440101985
4401018181
4401016
4401014131
4401013075
4401011851
4401011400
4401008851
4401006624
4401004074
4401001229
4400yuio
4400wo
4400vh
4400todomundo??
4400st
4400nk
4400jon
4400elam
4400colpi
4400Soca
4400Code
4400ACT
440099
440098
440094
440092
44009050
44009
4400888
4400879
440086
440083
4400810010
4400804
4400776
4400758
4400754010
4400748
44007436
440073
44007224
4400721
4400708
440069371985
4400687
44006744
4400653
440063885
4400620591
4400600
4400595
440059
44005787
4400570
4400567
4400552
4400544005
440053
44005249
44005213
4400511921
440051008hai
44005085a
4400500335017
44004964
440049
4400486
44004845
44004820
4400474
44004679
4400463016
4400454
440044g
4400447
440043501
4400430
4400429boy
4400428
440041644
4400401
440034CBH
4400338
44003341014
4400320
44003171008
440031305
44003031
4400288
4400282
4400264163
4400256
44002409s
4400210330
4400207
4400201
44001880
440016
440014
44001243
44001155
4400113
440010591
4400101
440009
4400076a
440006#
44000441
4400038
4400032
440002
44000141
440/48/05
440-8804.
44/8[2732]
44/12*mk
44.hexenclub
44-ks-704
44-ever
44-95-rr
44-44-1993
44-30-20
44-22-103b
44,.azrail
44+19*63
44+12+3+598
44*15*843
44$hi83
44  KG
43zid2Aj
43z5e2gn
43you
43ymlap
43y53
43xym3
43xxagij
43xhn28k3
43x4nd3r
43wxgygq
43wp33
43winner8
43wildcat
43white43
43weilave
43ways2fly
43waller
43vr1nst1l3
43vollyb
43vitaamvacin
43vera
43ver
43vatruth
43vaprend
43v@w!tu
43v3rurlov3
43v3rmine
43v3rkiss
43v3rj4d355
43v3rghost
43v3rblu3
43v3rand3v3r
43v3a
43universe52
43ucy21
43tyler12
43turner
43trish
43tprules
43times
43things
43tg75g
43tenet43
43tdaann
43tanucher
43summer
43stream42
43steo
43steeler
43spring
43southernway
43something
43snowman
43smokey
43slimer
43sirinun
43sicnarf
43shooshoo
43shellie44
43sexy1
43sddks
43santy77
43sandfordwood
43ryne
43roxi43
43robert70
43robb52
43rl07u2
43rjs89
43renee
43reed
43rdnigga
43rdlang
43rdboys
43rd23
43rayray
43racing
43r8734
43r0xy
43r0p0st4l3gio
43quanna
43q4340
43puchung7
43polyis
43piuky
43piru
43peginka
43paz8
43past74
43paige
43orli34
43oo31
43nry_7622
43noiram
43nnewton
43nk1986
43newydd
43newark0ohio55
43nanttalwg
43n131
43myles
43muzaqii
43muit34
43msbruno13
43moon34
43monkey
43mondesi
43mntg
43missy
43millie
43mgymja
43mazan
43mayfieldroad
43marleinaieti
43mariam
43marcus
43mandy43
43m875
43m3539
43lovers
43love43
43lookgood
43lol43
43lmao
43ll3rCHE
43lingmoor
43lbpc
43laure
43lasrastrilleras
43labonte
43kya43
43knon
43kirai21
43kenny
43katie43
43k10j834
43juan43
43joy43
43joanie
43jldirt
43jk43jk
43jesus
43jenks
43jeep
43jasam23
43jaf4322
43jacent
43j3a3b2
43iw21
43ishot
43implode76
43iianne
43hwh4k2
43hunter
43hotkev
43honore
43hojan1
43hoes43
43highfield
43haters
43hardrock
43gy35
43griffin131
43goti17
43goons
43glentain
43getatme
43gcloqe
43gangsta@aol.com
43g7i6
43fuccyou
43frosty07
43frogs
43foxi80
43forestave
43food27
43flex
43fish
43finalex
43faithful
43f-squadron
43esrar43
43eraera43
43enuriye
43em21
43elmdrive
43ecrew
43eb8767
43du114h
43drahcir97
43douglas
43dogies
43dltj
43dick
43delta
43debbie43
43d88b2c
43crew
43cqe4n3
43copies77
43come
43cola
43ckrsbt
43chibi40
43checg3
43chair28
43candy
43cabbage
43c2b1a
43bwomp
43bullldog
43buffalo
43braves
43brat
43bolenler
43bnr6a
43blaise
43bitch!
43bella8306
43basketball
43ball
43ba21
43at43r83773
43asdb1220
43arctic
43anuar
43angel
43amber
43alwe
43allendrive
43allah
43ale
43ajbpnt
43aintree
43ag7k9b
43active
43aadl
43a1985b
43_OSCA
43VAE4
43TMDH
43Steele
43SDjl21
43NightmarE43
43Ma/34Am
43J55NV
43Hallo43
43GanGsta
43Fm686
43FU43
43FDss12
43E&a00!
43DOTFB95
43Cheerios
43Bergan
43A4343
439thom
439socute
439p7
439nik1758
439liza
439jules00
439invu
439court
439biri4259
4399jm
43999972
439996131xD
439995
4399940
43999067
43998582
439983*
439981
439979130gunay
43997712
439974
4399723045
43996914418787
4399655
4399649
4399618
439958Sm
4399524nm
439950809912681
43995
4399463
4399448
4399424
4399414
4399403
43993381
439931562
4399288
43992159
439921
43992004
439919
4399166j
4399151
439912215585985
439910
4399070
439906
439903
43990159
4399009
4399003
4399
4398kqkgp
4398cmv
43989eteaj
4398990
4398947
43989402910
4398936
439891456
4398893
4398859l
4398815
439880
43987672
4398754
4398741
439872154
43987126
43986920
4398684
43986767
439866
4398626
439860981004215
4398587
439856899
43985667
43985610
439855871
4398542
4398532
439851761
439851
43984859
43984801
43984534
439845
43984321
43984299
43984037
43983anjjx
4398397
43983940
4398382f
439837
43983361beba
43983000
4398277
43982439828
4398203
439820
4398196
439818269
4398143
4398138
439810282
4398099
4398065pop
43980354350
43980047
439800
4397yasmin
4397rolo
4397mvagp
4397asd
4397BWY
439798
439796054
4397959
439794746
439792
439791466
439790kkkk
439788
43978781
4397868
439785139
4397813
439776780
4397727
439772477s
43977172
439771
439770025
4397695
439769
43976687
4397626
4397616
43976002
4397580
439757099
4397550
439753890
43975289
4397489
43974421
43974397*a
4397429
4397402a
439739853
439732148
439731835
4397288
439728
439723wiwi
4397213luisito95463793
4397187
4397136064V
439711202048900
43971
4397059
4397035
4397003500
4397
4396brs
439699550
4396983
43969643
43969538
439690274
43968761
439681
4396800
4396798
43967283k
4396714
4396712
4396689m
4396659
4396604
4396561
4396539
439652639632324
4396480
439646h
4396419
43964
4396396
4396385
43963714
4396351
4396341
43963381
439633007
4396328
4396319p
43963110
4396299
4396291
4396274
43962504
439624
4396217
43962010
43962001
43961T
43961906
439618026
439615
439613613
439612333
439611
439610590
43960945
439606
439603
4396011
4395}}}}}}}}}}}}}}}
4395ms
4395abbiejadey!
439599951
4395977
439597
43959618espectrUS
4395952S
43959475
439593
4395901
439586
4395852
4395828
4395807
4395793
4395744
4395706
4395702
43956sg
439566
439563
439561088
439559
4395581stefany..
4395563
43955300
439552960
439551310
4395429
4395403
43953bvtnc
4395392
439537118
439534872
43953406
439533
43953258
439529hc
439529
4395277
43952525
4395209shan
4395206
4395184
439517584
439515
4395137
439510351
4395041
439501k
43950000
4395
4394yo
4394xiori
4394jason
4394gk
4394BECERR
4394975
43949493
4394916
4394867
4394847
43948166
4394802
439476782
4394765
4394735
43947
4394664
4394616
4394597
4394589
439458
439455
4394506
4394485_jeshica
439446
439443947333
4394427
439440nm
439440
4394391
4394355
4394342
439430678
439429
439428
4394263
43942084388719
43942
439416714
4394160
439415g
43941
439409310
4394066
439406
439401
4393nyvif
4393lin
4393jayx
4393cvxjz
4393M4393
4393995
4393975
4393971
439394
4393924
439391
4393900l
4393894
439386
439385
43938484
43938444
4393824
439381
439380
43937656
439376
439372875
439371682509
439370619
43936966
43936764080
4393657
4393646
43936169
4393607
4393575
439356518
43935
439347lild
4393470
4393451
4393416
4393401brittany
439338222
43933499g
43933307
43932itnyt
43932915
4393288
4393284
43932675
439325
439322
439319
4393170363
439317
439316
4393113
4393099
4393069
4393056
43930381
43930184
43930
4392sls
4392agm
4392932
439290
4392885
43928753
4392822
4392790060
4392757
4392742
43927
4392683
439263
4392615
4392562y
43925596
4392555
43925456
4392531
439251
439249
439245
4392438
4392402
43923912
4392378
439231
43922999
4392287
43922205
4392211
43922
439219663
43921740
439217
4392148
43921308
439213
43921222
43921146
4392107
43921
4392090
4392083roy
43920515
439201a
4391poppet
4391bdh
4391Pedrito
4391982
4391961800
439194
4391917
43919
4391876
439187
4391859
4391840
439182
439180
43917470
43917268
439171004
439170B
439167
43915899
4391570e
4391532
4391504
4391474
4391469
4391442
439143
439140
439136
43913385
4391327
439130
439129je
439129
43912778
43912698
4391234
4391232
4391218
439121
439119
43911726
439116j
4391158
4391142
43911310
43911003
43910819
4391069460adilen
43910513
43910370
439103070
43910227
4391
4390shi
4390rhino
4390mt
4390cg
43909k
4390994a
4390955
4390945
4390930002574836
4390916
43909
43908883
4390885
4390864
4390843
4390829*
439082
439079
4390758
43907147
4390705
439070
4390693
4390685
43906723
439065
4390646141werty
43906322piscis
4390601
4390575
439054
439052
4390509
4390490M
4390484
439044ionut
43904395
4390426
4390403
439039
4390379
43903480
439032801
439025
43902475
43902009
4390193
439017
4390150
43901305
439010d
4390093
4390084
4390058134
4390038
4390003806
4390/*-
439-8516
438swan
438scream
438nona
438john
438fmtjg55
438esra
438e49
438carroll
438cac
438HYHFC57
4389rv
4389mariella
4389PORTER
43899879
4389983
43899703
4389967
438995
43899245c
43899
43898781
4389864
4389856
4389792
438974
4389666so
4389658
4389624
438961
4389592
4389566
4389541
43894864147150
43894678
438944
4389426
4389372
438935136
4389285
4389244
4389201
43892
438916sh
4389139
4389133
4389121
438909842
438907
438905
4389042
4389036
438902
43890016
4389001
4388pxbq
4388hard
4388bq
4388baby
438899703
438897103m
43889657
438895
438891
438890185
438889
438886
438879509
438876031
438872871
438870ichd
4388699
438869
4388673
4388669
438864
43886122
4388598
4388588847
438857
4388557
4388552
438854777
4388515
4388464444
43884434
4388437
4388435
4388424sara
4388407
438840
438838377
438836996c
43883535
4388325
4388303
43882929
43882894388289
4388268
4388245
438823
43882185
438816
438814006
438813550
438812
43881121
4388100
438805844
43880400
4388022
4388018
438801361
438801
4388
4387linkin
4387ar
4387SAMMY
438797708
4387952
43879450
4387920mmy
438791508
4387909
43878dwzvi
4387873
4387853
4387828
43878169
4387761
4387759
438774819
438773745
4387717
4387704
4387685
43876574374
4387641729
438762jean-
4387611
4387598
43875919
4387587
438758133
4387575
438755974d
438754831
4387532
4387528
4387493
4387482
4387465
4387457
4387435
438742600
438739988
438737014
438734
4387278
43872549
438724
438720019
43871987
43871622
438715546
438714502
4387124
438712
4387101
4387076
43870620
4387052
4387042
4387
4386spumoni
4386fn
4386cookie
4386980a
4386978
4386971
438695037
4386905538
43868whneg
43868567
4386844
4386826
4386823
438681
4386784
438675svb
438673800
438671
43867
4386691
4386646
4386644
4386626
43866
4386551
438653
4386517
438647
4386455
4386448211419905
438642ab
438641960
4386400
438639233
4386351
4386347
4386341
4386314
438630
4386256
438622
438620101ppandre
43861741
438614
4386126
438612
43860n
4386075
4386065
4386044
4386025
438600
4386
4385star
4385isme
4385MARTIN
438599
4385940
4385933
43858912
4385836
4385832
43858171
4385803
4385792
4385771
438576582
4385730
4385708c
438570
4385693
4385649
4385641
438561n
43855you
4385574roshan
4385550
4385540
4385504
43854521
4385449
4385425
43854
438538
438532022
4385318
438530
438528a
4385258
4385250
4385230
43852257
43852160258
438520403.
438519860
438516438516
438512
4385085
4385068
43850592
4385032
438502
4385005
4384sr07
4384mg
4384978
4384958
438491p
4384908
438490123c
4384900
4384897
4384888
4384870
4384846
4384840
43848295
4384811
4384804
43847ptttw
438478289
4384775
438476261
43847205
43846m
4384643
43846345LEE
438463
4384595
4384587j
43845741
4384528
4384501M
43844877
4384485
4384422
438441h
438437
43843628
438435
4384333
43843127
43843067
438429357
4384249
43842484cdst
4384224
438419bay
4384194
438416990
438411
43840sdjzn
43840d
4384099
43840598603659
438404
4384004
4383slcp
4383rize
4383metal22
4383jojo
4383999
438398842
4383937
4383931
438393
4383890
4383882
4383853
4383848
4383834
4383812
43837t
4383791
4383764
4383730
4383727
4383710
4383688909youyou
438365
43836285a
43835865
4383553
4383534
4383510
4383484
438346
438343
4383385
4383374
438335512wayne
438334154
438334
4383320
4383300041
4383258
43832224
438321
4383204
438320
4383180
438317038
4383170111
43831543vanex
4383150119
4383150034
4383148
438313
43830a
4383080198
43830269
438301
43830
4382me
4382hala
4382adam4382
43829882
438294beqa
4382932
4382922
4382894
4382857
4382846
4382816
4382788
4382743
4382725
4382719
4382703
43826977
438266
4382634
43826
438257
4382540
4382511
43825066
43825007
4382496
43824648
438244236
438244203
4382438
4382423
43824064
4382379
4382375
4382360
43823450
4382326
4382310
4382272
4382263
4382254
43822334976
4382222
4382220
4382208
43821993
438217
4382165
4382122
4382104
43821
438209751633549
4382072
438205
4382013
43820059
4381srkn
4381pennst.
4381gc
4381NC
4381974
438195
4381929
4381900hec
4381882
438186
4381846
438180
4381789
4381750
438174jm
4381744
4381742
4381704
43816835052918
4381680
43816735
4381659907
4381653
4381649
4381622
4381595
438157178
4381563lc
438155
438153xD
438153
43815025
438147
4381453tt
4381441e
4381440019
438139mi
4381357
438135
4381340
4381299
43812927
438128
4381250
4381225
4381199
4381160
4381146
43811317
4381119
438111
438109
438108
4381060
43810432
4381032
4381009m
4381005
4380tt
4380kg
4380baza
43809702
43809535
4380944
4380878
438086
4380832
438082
438080
43807913
438076
438075
4380726
4380717
4380699
4380645
43806
438057
43805534378950
438054
4380521
4380505
4380485
4380456
4380423
43803axqbx
4380385
438036cc
4380344
4380323
438032
4380289
4380281
438027
4380261
438024
43802024747
4380197
4380173
4380137338154
438012nan
438012
4380110
4380107
4380091
4380088dvc
4380079
4380070
4380055140
4380040
4380028
43800147
4380
437zakary
437sexy
437sad
437prin
437malissa
437ks811
437hhoney
437folife
437djb
437cpts
437angel734
437ME04002
437EMS
437@28
4379993
437988.07
437987
437984361100
437981332
4379803
43797
4379691
4379595
437955
4379528
43795157
4379509
4379497
43793868
4379378
437936588
437936
437935
437931
4379295
4379252me
4379204
43791a
4379190
43791862
437915
4379121
437911
43790721f1982510
437905
4379006
4378noi
4378love
4378a22613
437899748
4378996daniela
4378967
43789512
437894
4378917
4378901
43789
4378868
4378823
437880v
437878
437876079
43787380
43787313
437872888
437870816
43786tp
43786717
43786456
43786400
43786
43785553145278
437855
4378533
437852049
437850359
437848
437843
437839
4378373
437836
4378343
4378336
437832
437829
4378230
437820
4378187
43781787
437817318
43781664488976
4378162
4378128
437812
4378110
4378100
437807
4378049
4378041
437800
4377severino
4377kgm
4377hell
4377992
437798
437796971
43779234
437791663
4377905
437788
4377845
4377827
43778123
437781
4377777061
437777352
437776
43777421g12mua
4377717
437771
43777
4377677AG
4377656
437765
4377635
437762
43776000
43775zaoqt
437758187
4377566
437754586
4377533
437752559
4377522
43774uefop
4377474
43774530d
43774415225075
4377404
437739367095
4377391
4377357
437733469
43773217
437731943
437731425
4377310
437730412
4377273
4377245
4377231
4377213
437720
437719660kadsing
437719294
43771784
437716398
437714721
4377138l
437713
43771234
4377113
43770f
43770david
4377096
43770760
43770628
43770513
437703
4376mm
4376angel
4376984
437694
437691180
4376903
43768924
4376885
4376857
437685
4376841
4376836817
43767zazwe
4376777
437675
4376735
4376719
437667
43766343
4376616
43765a
437658365h
437656895
43765599
437653260
4376519
4376506
437650
4376488
43764374
4376414
4376375
437636431
43763512
4376332
437632358
437631871J
4376281
4376271
4376260
43762526
43762109
43761977
43761912
437617469
43761319
4376129
437611613
4376111
437610243
4376074
4376064
4376043
4376019
4375zccjp
4375jmd
4375999
437598gbc
437598
43759526
437593705
4375925
4375909
4375897
43758833
437583214
4375819
4375801
43757e
43757716
4375761
4375715
437570628a
4375660
437562
437561
4375600
437559
4375580
437557612
4375567
4375547
437553812
437551197
437550
43754afiqb
437546692544950
4375438
43754350
4375405
4375364
437535633
43753371
437533
437531
437530546
43753008
43752900
4375286
4375260bere
4375248
437522
437521
437520
437519
437518
43751534421219
437515
43751433161424
437513168
43751234
43751183
437511413
43751084
43751026
437510
4375096
4375075
4375050
4375030
4375011283
4375
4374love
4374durc
4374977
43749629
437495709
437492
4374893
4374886
437488
4374861
4374855
43748463
4374810
4374795
4374769
4374756
437475091
4374736
43747240
437470590609860
43746863
437465
43746461crcr
437462
43746101
437456
4374529
4374520
437451149
43745014
4374485401
4374464
43744374
4374400
4374396234
4374379
437434410p
4374330_yucel
4374327red
437432
4374297
437426vdm
4374222
437418100
437414709-9
4374128
4374120
437411
4374104
4374058
4374044
4374036
4374013
4373mandee
4373augusto2309
43739892
4373940
4373938
4373911
437387
4373822
4373784
4373770
4373743
4373730
4373729
43737051KateLinda
437363j
4373614
437361
4373589
4373571
4373535
4373513
43735
4373473
437344
4373430
437342
437337sa
437336690
43733505
437333322
4373312
43733033
437327
4373256
4373242
4373227
4373208
4373204
43731tcfi
437318
437314
4373120
4373102
4373087
