553117
553116467
5531143
55311411
5531137
5531123
5531107
55310933
553108teamo
5531084324
5531081040
5531069
5531050587
5531037
5531030458
5531021
5531007
5531001
5531!@#$
5530pd
5530ni
5530ko
5530goh10
5530cl
553099
553098
5530975
5530970S
553095tobler
5530935
553093
55309219994578
5530904
55309
55308921
55308888
5530867
5530853152
5530852
5530845
5530843115
5530834839
5530815758
5530812
553079
55307887
5530781677
5530778675karla
5530764029
5530755427
5530745
5530733
5530724
553072
55307167
553071
5530707136
5530701861
5530700243
55306909
5530662
55306387
55306334
5530629m
5530605720
5530600021463
55305g
5530591762
55305904
5530583
5530567
5530565262
5530559367
5530552
5530544344
55305396
5530534323
55305168
5530512851
5530511
5530504
55305004
55305
5530496021
5530478
5530473
5530467
5530455304
5530449p
5530449a
5530437
5530413
55304
5530398689
55303869
5530375
5530363642
55303314
5530327a
55303263
55303217
5530314284
55303111
55303050
5530300023746
55303
5530287
553027311920
5530269
55302605
55302530
5530243
553023
5530220
5530214
55302056
55302015530201
553018813
5530181
553017
553016
5530151221
5530147852852
5530145142
55301405
55301332
5530119582
55301091
5530101054021
55300h
5530083
553007
5530054301
55300360
5530033
55300287
5530021
55300135
5530006
553000
553-4558
553-27-40
552thai
552sister
552ntz
552mya.,+1151
552love
552k82
552fricc
552fonsecasalza-
552fjlcl86
552cool4u
552cKY
552bfrfr32
552ada552
5529vqxy6904
5529js
5529focus
55299vanessa
552999830
5529984688
5529982624
5529976
5529975688
5529969609
5529962
552996
55299573
5529946455
552992
5529911427
5529908
552990
5529893424
55298864
552988
5529863fga
552986
55298554
552984564158694960
5529842550j
5529836196
5529823
5529813210
55298085
552980
55297911
552976996
552975
5529728216
5529707796
55297022
5529696676
552969
55296859
552968
5529679838
5529666433
5529661086
552966
5529650243
5529640320
5529635
5529633496
5529631506lupis.
5529622
5529598129
552959
55295777
5529571111
55295485018
552954
5529530524pepe
5529523o
552952
552951207
5529502
5529477635
5529475
5529466812
552946
5529426735
5529424
55294224
55294087
552939125669
5529390742
5529382
55293783
5529374644
5529355
55293428
5529332174a
552931948329355
5529312050
55292yqajq
5529288350
5529278606
552927
5529263
5529259
5529255
55292488
552923
5529222
552921228
5529209898
5529201214
55292
55291943
5529190
5529166978z6
5529163
5529158611
5529157279
5529154454
5529144970
5529141134
552914
5529136180
5529127841
5529126469
5529115344
5529106398
5529095901
55290919
5529084236
5529082353
5529080032
5529065080
5529057
5529052649
552904u
5529045996
5529041000
5529023276mauri
5529021
5528love
5528jk
5528hm
552899nm
5528995631
552899
5528985294
5528974179
552897
5528968VI
5528960458
552895467100
5528948991233399
5528945154
5528940496
5528936caac
5528905349
55288961226
552888
5528873243
5528871
5528850
5528845660jessi.
5528839759
5528802043luis
5528801
552880
5528792213
5528783067
5528779
55287767
5528766
552873
55287112
5528708
55287
552869
5528673
552866B
5528667405
55286572
5528657
552864961412
5528647
55286331188
5528631
5528624961
55286175511992v
552861
5528594316
55285934
5528582
5528569772
5528554015
5528552830558784
5528541
55285322
55285254
5528520101
5528501
5528493036
552849
5528474989
5528469027daniel
552846183
55284548
5528445792
5528443644
5528441
5528432073
55284275
5528422186
552842
5528412
55283rec
5528393
5528388
5528378babacik
55283655
552836
55283546
5528341
55283349
55283245
55283187
552831
55283050
5528302377
55282urjhc
5528297235
5528294
552829
55282858415641
5528280
5528275
5528271560
5528261
55282415
55282314
55282252
55282217
5528213
5528206OC
552820542828
5528200050
55281981za
552819
552818609
5528167583
5528159791
55281464
5528143
5528124a
5528119666
552810ks
5528107801
552809
5528078292
55280740
552806777nao
55280551
5528052407
5528046
55280305
5528022
5528015
5528012
55280043
55280000
5527overbrook
5527lili
5527aa
5527989816
5527981379
5527977018
55279713
55279703
5527965863
5527962
5527948
552792
55279039
55278hugo
5527881164
552787
5527849smsabina
5527844872
55278331
552782
552779j
552779788n
55277767
5527774054
5527771297y
5527767956
5527758988
5527755047
552775
5527747810
552774
5527728165
5527723958
552772
5527700854
55276967
5527686855
552768
5527674g
55276588
5527650427
5527641
5527636465
552762
5527613
552761
5527603
5527592699
5527587
5527582854
5527576026
55275626
55275526942694
5527551
5527548970sagi
5527546466
55275425
5527538878
5527530
5527522
5527517076
552751
5527507740
5527495
5527488544
5527481
5527479
55274766
55274756
552747
55274652
55274576
55274523
5527448
5527446878
552744
55274329
5527422755
5527414
55274066
5527400455
552739670875
55273945
552737788
5527371196
5527368927
5527354
552735
5527339
552733
55273254
5527308734
5527304110
5527299317
5527290
55272848
55272804
5527276271sasndy\\\\\\'
552727
5527262292
5527255898
5527248177
5527245861vanessa
552723ivan
5527221
5527213196
5527201447
55271966
5527187
5527179974
5527172150
5527170490
552717
552716192
55271576
5527152717
5527149
5527141
5527135670
552713
5527121
552712
5527112448
5527111
55271085
5527100
55271
5527092
55270886
55270836
552708
55270687
5527055732
55270526
55270400mychemicalro
5527036
5527035656
55270339
5527028699
5527027
5527021456
5527014340.
55270
5526wade
5526todd
5526pk
5526l
5526anot
55269x
552698432
55269686chopi
5526962
552694856
5526931
5526908
552690101
5526893b
552689
552688
5526859
5526840059881210
552683k
5526834022daf
552683
5526824040000
5526810
552680
552679
5526780147
55267748kim?
5526764835
5526760jr
5526751
5526748
55267412
5526736249
55267192
5526710al
552669663
5526689924
55266859
5526682545
5526682
552666
5526650997
55266482091715
5526639468
5526623927
55266226
552660
5526596
55265889
5526585
55265780
5526566368
5526565185
5526564
5526558
55265533
5526544154
55265426
55265393
5526537632
55265367
5526533
552652d
5526522
5526510
55265058
55264953
55264865
5526481
5526473r0x
5526469
5526460
5526444555
55264412
5526430100
552641
5526402
55264
5526399
5526372
55263433
5526319
5526317
55263073
5526301
5526297
5526286
5526280
5526266
552625070
55262441
5526222755
5526216
55262133
55262106
5526202025
552619
552616b
5526156604
55261488
55261465
55261328
5526125
5526111
55261062
55260925
5526084
55260752
552603jy
552603
55260106
55260
5525td
5525pooh
5525mb
5525lmd
5525dnma
5525clk
5525arthur
5525aa
5525989
552598552598
5525980
5525963
55259601
5525951
5525949
552592
5525915
55259111
552588j
5525878
5525863
5525857
55258449
5525830
55258221
5525816
552579797098158
5525791
552578
5525772
5525766
5525750
55257480
5525726
5525719
5525692
55256889
552566789
55256636
5525658
552565
55256355
55256309
552562R
5525615
5525597
552558bd
5525586
552558
552556
55255525az
5525547
5525545
55255336
552553
552552552
552551833
552550
5525487
552548
5525474
5525456
5525440
5525428gaby
5525415
5525407
5525403
552540
5525396515
55253950
5525373975
55253626
55253617
552534
5525336375
5525334
5525330764
55253130
5525309004
5525295
5525293
5525285956
5525270slmn881110
5525265
5525261421
55252520
5525250
5525246876
5525243
5525229
55252238
5525222149
5525215
5525210378
5525209
55252046
552520
55251965
5525194
552519
55251721
5525165195
552516
552512822521
5525125556
5525121
552511
5525103675
5525095
5525092
552508t
5525089
5525082
5525073888
5525067
5525057
5525052
552504
55250355
5525033
5525021371
5525021
5525007120
55250
5524nucc
5524boo
5524NORWAY
5524999685
5524997799
552499637429
55249781801mimi
552496310278
5524952533
5524945411
5524940084
5524921575
55249108
552489c
5524891
552488
5524870
5524857
5524846
5524836
5524822
55248114
552479
552476
5524751
552473
55247144
552471
55247
552469531
552468ry
5524683290190
552468
5524659
5524652
55246355
552463
552461794
55246143
55245977
55245880
552458
552457
5524559
5524543
55245341
5524530aacr
5524523
55245187
5524508k
5524495
55244858
5524479
5524467336
5524463
55244569
55244516
5524436267
55244255
5524412381
55244070
5524400515
55243980
552439
55243855
5524381
5524372831
552436
5524357311
552434takeme
55243482
552434526
5524333825
5524327936
55243126
5524295383
5524287
552428
5524275554
5524265
552425552425
5524243859370855
55242297
5524226134
5524218
55242119
55242017
55241j
5524195595
552419
5524185355
5524175594
55241670
552416383
55241515850
552415
55241443
5524141349
5524133539
552412Lf
55241284
5524123
5524116
55241122
552410a
55241
5524083757
5524064447
552405
5524041154
552403
5524025
5524020
5524016195
55240113
5524009261
5524
5523rf
5523km
5523jgam
5523gotemhatin
5523enj
5523Point
5523999011
552399097
5523987891
552398
5523973
5523959
552394
5523933878
5523926ch
5523918
552391
5523898851
55238857
55238760
5523837jimmy
5523833261
55238068
552380224422277390
55237955
5523791772hais
5523786464
5523777
5523774
55237674
5523740326
5523734547
5523731091
5523718
5523703322
552370
55236rs
55236985
55236810
5523680288
5523667
5523665
5523660147
5523655
55236521
552365
552364
5523630
5523600276
5523590452
5523587170124
5523572436
5523558
5523541336
552354
5523526739
5523512h
552351
5523504134**
55235
5523480
5523475
55234678
5523451
5523450
5523449
5523446857
5523437401
5523431783
5523429
5523427843
5523412
55234063PERLA
552340
5523398900
5523397578
55233955
55233924
55233887
5523384927
5523377426
5523365417
5523360665
552334860969
5523340899
5523339291
5523336826
5523334864
5523330642
5523329
5523324869
5523322
552332
5523316821
5523313
5523309811
5523304474
55233000
5523299
552329
5523288775
5523283117
55232765
5523272723
5523255
5523253kl
5523251816**nena
5523244560
5523235j
5523235
5523232462
5523223
5523220
5523218355
5523209735
5523208709
55232005147741
5523197455
5523185234
5523182
5523175
5523170002
55231678xu8a8u
552316123654
552316
5523157094
5523156051
5523146968
5523146
5523138
5523136
5523129477
5523124816
5523116178
552311525
5523114
5523112282
5523111011
5523110988
5523093105
5523084348
5523076
552307
5523065isabella
5523063
5523062
5523057785
5523051
5523046473
5523045926
5523042811
5523034588
5523022914
5523021
5523016972
55230118
552300p
5523005
5523$$%%lula
5522hawe
5522a
5522GS
55229977
5522993115
55229885
5522981411
55229805
5522971047
5522963774
55229571
5522951
5522948
5522931
552293
552290712
552288damala
5522883
5522866
552285
552283k
5522827
5522820m
5522813
5522803
5522796
55227873
552277an
5522775028
55227733
552276074
5522752
552273s
55227286
5522718
5522710
5522698078
5522686
5522672546
552267
5522668c
55226688
55226600
5522658
5522654
5522642739
55226423
552264
5522634
55226301
5522622
5522612718
5522608401
55226051
5522601410
552259
5522585
552258
552257029983
5522567043
55225599
5522554
5522552255225522
5522550aar
5522550137
5522539
5522531
5522526
5522522020
5522518454
5522507572
5522506001
5522504946
5522500
5522499385
5522491115
5522489
5522488
5522474034
5522472337
55224699
55224688
5522467852
5522463781lc
5522459
552245
5522448508
55224466
55224454
55224412
5522439
5522431576
5522426886
55224223
5522415451
55224123460
5522406358
5522404670
55224
55223mc
5522385
55223756
55223726
55223605
5522356
5522353
5522342
5522339
5522336
552233366
552233114
55223286
55223223
55223148
55223049
55222851
5522252
55222493
55222448
55222256
5522222
55222146
5522210
55222030
55221999
5522195897
5522191280
5522189175
55221837
5522183145
5522182862
5522178022
5522172
5522164576
5522160
55221570
5522154746
552215
5522147a
5522146
5522143987
5522141025
552213p
55221354
552213130910
5522127
55221212
5522117s
55221144
552211008844332211
55221055
55221031
5522082
55220728
55220630
5522053familia
5522044
552203
5522022
552201a
55220134
552201
5522008
552200667744
552200331111
55220029
55220011
5521mn
5521jada
5521cr
5521989388
5521980882
5521976
5521973586
5521964717
5521960335luisteamo
5521954222
5521950
5521913654
5521909076
55218O
5521890
55218816
5521875555
5521869
5521857802
5521846
5521841
552184
552183404
552182
5521808
5521796e
5521795
5521791
5521781
552177598
552177571a
5521755257
5521749
5521735
5521727
5521719tuvida
5521717
5521715
552170
5521693
5521675
552165
552164283155
5521640559
5521636
5521627
5521602613
55215990
5521584
552157c
5521569
5521566
5521561
5521549k
552154763570
5521532.com
552152
5521510293
5521505
552149
5521486
5521480tuvieja
5521469
5521463
5521459268
55214547
55214521
55214512
55214499
552143b
5521436
5521422
5521415168
5521413
552141
55213va
5521399
5521386496
552138
55213676
5521363019
5521358
55213478
552134
55213352
55213258742651
5521315445
55213096
552130
5521290
55212749
5521251
5521246
5521222
5521214
5521204
55211za
55211988
5521184sa
5521179786
55211766
55211696
5521164
55211562
5521144930
552114
5521132
55211280
55211230
5521120
55211111
5521107708
55210ADOnay
5521097829
5521082766
5521070
5521066428
5521063louise
5521057768180
552104a
552103a
5521031
5521025
5521021
55210070
5521001a
5520rbc
5520km
5520eg
5520dog
5520anang
552098terry
5520978
5520969
552095
5520945744
5520934332
5520930514nasc
552093
5520909294
55208987
5520894302
5520888455
55208818
5520874A
55208686
5520862605
5520857279
5520848088
5520841264
5520833532
5520829545
5520825101
55208211
5520812654
5520811043
5520803247
5520797841
5520788574
5520787014
55207580
5520739231
5520732501
5520718
5520716142**''
5520713377
5520708053
55207053
5520696526
5520681338
552068
5520670886
5520668744
5520662
552061
5520599
5520594romero123
5520587943
5520575955
55205731
55205707
5520559
5520553932
5520553
552055
5520533061
5520522
5520518
5520511175mario
5520508935
5520508
55204mvgeg
5520489904
5520486332
5520482
5520478
5520463
5520444
5520426756
5520419112
5520418912
5520412
552039
5520385554
552037
5520365448
5520363
5520357497
5520356624
5520351
5520341915
5520340918
552032100
5520318549
5520311041
5520306753010594
55203044
5520302
55203
5520297
5520289599
5520269825
5520265140
5520251444
552025
5520232985
5520220762
552022
55202171
55202126
5520202
5520201
5520195812
5520189930
5520183
552017442z
5520168
5520142355
55201403755
5520136
55201278
55201196
5520105476
5520103755
5520101
55201
552008rafa
5520085
55200632
552005996061811157
5520056
552004a
5520043
55200392
5520030
5520028
55200216
552001ne
55200154
5520008
552/52
552/263
552-4698
551va
551tem
551prj
551la
551jessica
551ghetto
551bella
551AME
5519kl
5519PeEmBe
5519BUGZY
551997840
551996may
551996800
55199513
5519950123
5519941
551993stier
55199332
551992a
55199222
551992006
55199156
551991000
55199020
551990.
551989J
55198918
5519888
5519880
55198764
5519846
551984551984
55198397
551982s
551982anim
5519824
55197te
551978t
5519774
5519768
5519755
5519748ALMA
551973B
5519732558
55197278
55197146
5519712
55196971
55196952a
5519693900
55196602
5519656320
551964sothea
5519633
55196264
5519610
5519599
55195959
55195918
55195694
5519566
551956
55195571
55195519A
5519531172
551951970
551951055
551950543
5519495
55194843
5519467
55194617
55194568
55194432
55194221fxpc
551940
55193967
55193767
5519376
551936
5519352200
551935
5519338543
5519329
5519320
5519304123
5519298
5519290912
5519284
5519255625
55192451
551922
5519201997
55191860
5519175350
5519164753
5519151
551914
5519131369
5519120551912000
55191192
5519092597
5519082687
551907
5519066725
55190553
55190303
551902254
5519015
5518ghova
5518av
5518an
5518994343
55189855
5518976787
55189721
5518962
5518953
5518948
5518936850
5518932
551892064
5518902296
55188fede
5518886720
5518876371
5518866146
5518859
5518852
551883fred
5518837378
55188307
551883
5518825000
5518814381
5518809395
5518800393
5518789
5518776
5518766888
5518710
5518708969
5518685819
5518675
5518664134s
55186515308
551865
5518642926
5518602996
551859Al
5518588
5518569182
5518564
5518561170
5518556173
5518550636
5518544
5518542402
5518536929
5518526721
5518520655
551852
5518512
5518507
55184933
5518467313
5518464762
5518436
551843
5518426
5518423
5518414086
551841
5518405400
551839
5518385876
5518374893
5518365755
5518362719
551836
55183598
551835
5518345
5518341910
551834
5518332298
5518328
5518313492
551831
5518307603
551830
551829
5518281
5518271785
5518255140salo
5518254587
5518252946
5518251426
551824302653117102
5518241360
55182400
5518237418
5518223492
5518219700
5518212598
5518209775
5518207
5518196
5518179514
5518171287
5518161405
5518154022
5518149832
5518139b
5518138681mav
5518134880
5518134408
5518128981
5518127312
5518122019neonsrt4
5518121144
55181127
551811
551810lib
5518103857
55181
551809
5518086176
55180811
5518072937
5518069
5518061
55180596813457
55180391
551803
5518026353
5518014
5518005515
5517stingrays
5517nas
5517ari
55179904
55179863
551797965
5517966464
5517953
551795
5517922314
5517913
55179064
55179
5517890363
5517885
55178827
5517870
5517860
5517854267
551783
5517825
5517820333
551781
55178
5517796
5517791
55177712
5517757062\\'
55177435
5517734845
5517733
5517720kool
5517704
55176928
551768
5517670
551766
5517658609
5517649
551764339014
5517641
5517632929
5517611401liz.
5517608
551760
55175965
551758
551757
5517550316
55175443
55175358
5517528809
5517525
5517522203
5517511
5517498014janeth
55174973
551749
55174854
5517480
5517454821
5517450
5517444831
5517428
5517400b
55173830
551736618
551736
5517351
551733
5517328112
5517322318
551731834
5517316864
5517313724
5517309336
5517296198*
5517288922
5517281596cubo
5517258
551724
551722
5517203
55171940610
55171697
5517155
55171536
55171408
55171277
55171197
5517107
5517103
55171
5517067742
5517057146
5517053bs
55170516hilton
5517050
5517045196
5517044
5517030285
5517025922
55170178
5517015199
5517003
5517001055170010
551700
5516xuang
5516st94
5516michael
5516enduro
5516AA
5516998191
5516993035
551698
5516976
55169700
5516969
5516958666
55169555
5516954
5516951
5516933719
5516918445
5516911
5516905413mama
5516900949
5516896
551689
5516885627
5516866410
5516836007
55168314
5516825626
55168212
551680igg
5516800296
5516799
551678abv
5516786416
5516779036
5516772486
551675
551673e
5516721
55167006
551668
551666917
5516643
551663k
5516628
55166244
5516623
551661
5516599
551659879
551659
5516586
5516575
5516563588america
5516558551
5516551158
5516550000
551654
551652
5516516959
5516513732
5516506534
5516504563mao
551649
551648
5516471
5516467034
5516453
5516445562
5516415848
5516402238
55163985
55163699
551636
551634
5516320
5516301
55162880
5516277585
5516263616
551625063789
55162411
5516233071
5516228797
551622
5516213168
5516206054
5516200
5516198152chuy
551619
5516181635
5516172396
5516159722
5516147
5516133
5516121
55161197
55161180
5516111
5516108936
5516104
5516101
551609
5516089
551608
5516061403
55160586
5516055
5516038308
55160311530
5516029p
5516029a
5516021174
5516018736
5516011050
5516005f
5515west
5515oper
5515la
5515apizaco
5515Champ
5515999
551599
551597329
5515959800
55159499
5515945993
55159440
55159263
551591
55159000861
55158989
5515890
551588
551587
5515859518
5515849968
551582
5515807
551580
551578850
55157673
55157576
5515755
5515744172
5515732
5515729
551571sm
5515713690
5515710
55157028
5515698716
551569494
5515683
55156580050
55156113
551560
55155983
551558375
551558015
55155790
5515569
5515561002
5515559
5515557
5515534
55155252515612
5515522BAEL5525828
551552
551551552
55155155
5515510
551550
5515496
5515483123
551545889
551543
5515425
5515411
5515396819itzel
5515382892
5515371057
5515367586
5515361799
55153545
55153502
5515328
5515322102
551531
5515300
551529880
5515284817
5515269674
5515263254
5515256
55152500
5515247
55152341
5515226na
5515213
55152041
55152006
5515198
55151865
551515m
55151555
5515154
5515151
551513579
55151344
5515123678
55151222901
5515113126
551511
5515105
5515103142
55151
55150918
5515077601
5515077
5515071107
5515067778
5515062451
551506
5515058504pfsz
55150578
5515050871
551504725529011995
5515037
5515035269
551503
5515026
5515020078
551501love
551501717
5515015
5515000
5514wlmi
5514kjd
5514fectt
5514ash57
5514984860122489
5514978130
5514977011
55149669876
5514956340
5514951269
5514939768
5514928
5514916755
5514908153
5514902247eli
5514899141
5514893905
5514887
55148847
551488
5514870924
5514869789
5514868784
551486
55148570500
551485
55148440
551484
5514831278
551482
5514811027
5514809865yes
5514797
5514793016
5514790829
5514784463
5514778667
5514770
5514763685
5514755
5514744
5514721
551470
55146j
5514690av
5514681413
551467
5514658
5514652
5514646lolo
5514635nnkbda
5514635
55146250
5514595891
5514569965
5514566
551455aa
55145514
55145490
5514535
551452413
551452
5514515253
551451158
55145
5514473
5514463491
5514446888
5514441
551440
5514386259
5514379
5514366940
5514366
5514361365
551436
5514348428
5514348
5514323
5514314909
5514314
55143
55142832569
5514281
55142735
5514263550
5514255788
5514251
55142369
5514228
5514225
5514215
551421
55142085
5514202263
55142
5514195
551418
5514175
5514155141
5514132769
5514128652
55141240
5514123476
55141216
5514113
5514104336+
551410
55140nan
5514091987
5514079
5514062801
5514057227
55140527
5514047377
5514044514
5514043
551403
5514025
551402290472617
55140204
5514019
5514004337
5514-as
5513slb
5513lim
5513cb
5513abh
551399
5513983477
5513978
5513972
5513950l
55139444
55139393
5513938040
5513928953
5513927672
5513926330
5513916842
55139114
551391
5513902753
5513900
5513899986
55138940
55138900
5513881431
5513873945
551387
5513865696lapto
551385y
5513857373SaNdY
551385476
5513848683
55138446
5513843k
5513841
5513828
551382
5513813888
55138120
5513775950
5513772610
5513769638
5513767549
5513759
5513755
5513752661
5513744613
5513738564
5513732
5513722
55137192
55137095
5513703
55137008
5513698055
5513689
5513681756
55136780
5513674
5513671
5513665714
5513656784
55136440
5513636630
5513632
5513625
5513615108
5513609987
5513604870
5513600spa
55135984
5513596421
55135957770
5513593079
551359
5513587738
5513583512
5513582901
5513581453
5513580021
5513575689146812
55135702
55135666
5513565865
5513560144
55135534
55135458
55135430as.
551354
5513525
5513507215
5513499
55134845
5513477
55134688
55134598
5513453698
551345
55134455
5513441243
55134404
5513434114
5513426
5513424*
5513421515
5513419129
5513411332
5513402731
5513398665
5513384
55133774813
5513363952
5513360181
551336
55133455
551333014
5513321045
5513318
5513316834
551331
5513301926
55133000
551329
5513286
55132583
55132512
5513248
5513246573
55132410
5513240
5513227644
5513220162
5513217211
5513213
55132062
551320
5513197201
5513190
55131891
5513177a
5513167
5513158209
5513155131
551314.roze
5513132
5513125
5513121
551311990
55131160
55131128
551311
5513103
551310
55130920
5513082
5513079579
5513064
5513057
5513056616
5513055130
5513054
55130456541
55130426
55130367
55130345
55130281
5513021858
5513013
55130082
5513007
5513+5513FDG
5512ppi
5512juni
5512conde
5512bb
5512995
5512990201
55129812
5512970718kokta
5512961
5512948469
55129445
5512936746BERENICE
5512922358
5512911839
5512900233
5512893089
5512883922
5512878234
551287510257100211
551287
5512866
5512856
5512851
5512843601
5512835
55128138
551280
5512791L
55127886
5512785
5512776
5512753
55127418
5512733
5512719
5512713
551270
5512699
5512691
5512682
5512672870
5512666412
5512662417
551265
5512647
55126362
551263
5512626
5512615
5512612
551260
55125C
551259
5512581512
55125628
551256
5512550
551254431
55125400
5512504
55125
5512494506
55124788
551247722
5512468132
5512463585
551246
55124579
5512443
5512438769
55124300
5512427
5512408
5512401
5512400272
5512397
551239
5512389
55123845510733
5512372
5512369221
551236698
5512361
5512359866
5512356322
55123552
55123516
551235
5512349594
55123380
5512328
5512323
5512318503
5512298
5512288
551227281
55122580
55122574
5512255025
5512250
5512241840
551223
551221kiko
5512200
5512182
551218
551217
5512166
5512159499
5512156
5512154201
5512150
5512140paolag
5512132
55121311
55121255
5512124
551212200
5512119
55121093
55121040261---
5512096
5512084945
5512078
5512075213
5512066
551206
551205
5512042
551204
551203
5512027242guadalupe
5512026
5512022
5512020
5512004200
5512002
5512000
5511trin
5511o
5511hana
5511JJ
5511993
5511981
5511980
5511973
55119657
551196
55119439
5511925
551190120
55118950
5511891475
55118899
55118833
5511871
5511860950
5511843
55118221
5511819
5511801
55117ec069
5511778877
5511767074
5511762778
551176
55117501
5511744
55117313
551172
5511713k
5511696
55116871
5511676
5511672
5511668
55116600
5511651
5511633
551163
5511625342
551162
55116146
551160
551159j
5511583
5511579
551157
5511563
5511556655
55115545
55115500
5511534
55115167177649
5511504942balam
55115
55114959
5511490
551148
5511475
5511463670
55114604
55114477
55114450
5511441
5511431
5511425
55114144
5511408leomaerys
5511407
5511406
5511403
55113801
5511378
55113729
551136
551135
551134555
55113366
5511323
5511313
5511300385
55112kit
5511295123
551128
551125j
5511257
55112554
55112534
551123h
5511236
5511222526
55112168
55112088
55111r
551118m
551117
55111606
55111579
5511137
55111288
55111155
55111022
55111
55110e
5511087
5511085rodriguez
55110708
5511067
551106
551105
551102nam
551102
5511012
55110055
5511000hk
5511
5510taten
5510mg
5510kp
5510fred
5510b
55109l
55109902
551099
551097
5510947
551093wan
5510936942
551092tl
551092
5510912
55109031
551089
5510880
55108749
55108404
5510827302
5510825
5510807
5510795
5510775
551077
5510748
5510738
5510731
5510721
55107173
5510710
55107041
551069599456798
5510679
551067106steve
551066127714
5510637
5510628652
551061346181994
55105828
551056
55105520
55105421
551054
5510539361
55105292721491
5510528
5510525268
5510515
5510502510
55105000
551047ch
55104671
5510462
5510456553
5510441
5510410
55104
5510386
551037
5510355103
55103516
551034
55103172
55103028
55103007
551030
551029
5510286a
551028
55102785
55102722
5510264
55102511
55102426
5510229
55102200
5510214
55102047
55101993
5510192
55101789kennackashcornell
55101717
55101698
5510162494
55101612
5510152956
551014e46
5510145
55101432
5510137
5510131671
5510130c
551013
5510126190
5510122533
551011709251130148
5510113042
55101061
551010026288
5510100001315
55100mainz
5510082269
5510078091
5510075080
551006ma
5510063903
5510059020
5510056472
5510052382
5510049243
5510045266
5510041
551004
5510038
5510032
55100204203
5510018201091
551000t
551/2/9826-713
550what?
550w3rd
550shbysharl
550nrock
550montori
550madison
550king
550iresqu
550gurl
550ford
550e21
550cord
550cdssgdl
550brit
550aspyder
550algal98
550ENT
5509truman
5509caro
5509999
5509989
5509979
5509965d
5509944
550993
5509920
550990
5509892
5509884
550982c
55098211
55097isi89
5509782
5509734
55097055rh
5509696p
5509692
5509668
5509628
55095966
5509562
550955
5509537
550952
55095
5509470
550945
550943
5509416
5509406
550939
5509385
550936734a
550936
55093455
5509296
5509284
5509263
5509254
5509244
5509233
5509207
550919303
550919
5509164
550913
5509111
5509107
55091050
55090kahyan
5509085
55090682
55090364440
5509025
5509018
550900
5508south
5508obyxx
5508kss
5508edj
5508adi
5508998
5508980
5508941
5508918
550890
5508897
550889
55088656
5508860
5508844
5508828k
55088
5508770
55087653
5508755087
550874
550872
5508704
550869
5508665
5508663
5508655
55086314
55086
5508599245
55085722
550854l
550853786g
550849
5508449jh
5508433
5508421
55083917
5508387
550836
5508342
550833
55082880.f
550828
550823484
550821
550818
5508153
550813
550811t
5508106
55081012
55080jen
55080955
550807rs
5508061
5508051a
55080500
5508033
55080244
550801
5508!!!
5507peanut
5507hom
5507d
5507am
5507BK06
55079disr
5507940
5507911
5507870
550779
550776
5507731
5507704
5507686
55076
55075837
55075696
550755075
550752
5507499
550748888888888
550747
5507454
5507413
55073655
5507352
5507321
5507272
5507266
550725
550722
5507204
550720
5507196
550717
550714247
550711
5507101
5507090100
55070878
5507072
550705
550703
5507010
5506ys
5506shonore
5506julian
5506girl
5506eva
5506aguirre
5506@ONDER
55069655
5506962
550694
550693
550692
55068964
550688
550686
550685510
5506836
550682
550680
5506782520rock
5506779
5506771
5506759
55067222
5506710
55067
5506682
5506678
5506667
5506656
5506627
5506623
550660770
550660
55065943
55065556
5506543
55064nmrss
55064719
5506458nm
55064353
5506427
550636746337982
5506360
550631
550629
55062791
550625
550624130
5506239
55062041
550617927
550617
5506167
55061506
55061256
550611nb
550609
550607m
55060589jhoana
550605
5506036
5506009
5506
5505wampie
5505turtle
5505sax
5505jw
5505emalee
5505dvjas
5505bbu
5505amh
55059yntss
5505977
550597473
55059598
5505906
5505896
5505884
5505863
5505830
5505826
550581
55057j
5505759
5505755
5505736
5505713
5505708
5505702
55056m
5505693
550566i
550565680850
55056186
550561145744
550560
55055z
55055819
550558
550556
55055505
55055390
550552
550550k
550550a
5505505
5505503zidane
5505499
55054639
550544
550540
55053738
5505355
5505339123
5505310cm
5505298
55052805
550525
550522
550520520819
550520
55051jv
55051987
550517
5505147
550514
550513253651
550512415
550511
550510
5505091k
55050893
550507
5505045
55050240
5505019
550500
5504teamo
5504o9
5504kc
5504ej
5504ck11987
5504996
55049692
55049013
550489
550487j
550485
550483
5504820
5504798
55047893
5504782
5504778
5504772
5504735
5504682
5504660
5504624
550460221
55045acb
5504550
5504522
5504519
5504504
550449
5504467
5504455
5504443
5504412
55043679
55043639
5504336
5504320
550430kk
5504293nini
5504278520
5504274
5504255
5504242
5504232
5504220
5504213
5504204
550419
5504163k
550416
5504143
5504138
5504123
550411
55041-55041
5504092
5504083
550408
5504072
550407
5504051
55040428
5504026
550402
55040154
5504000
5503yoda
5503vc
5503to
5503leigha
5503jessita
55039mcpjo
5503994
5503982
5503969
5503949
550394
5503929
550391
550389
5503885s
550387
5503823
55038169
5503801
5503793
55037458
550372
55036zicda
550367
55036482
550363388
5503620
5503587
550355
55035363
5503522
550350
55034898
5503437
5503421
550341
550339
550336
5503352
5503341
550333
5503322
5503313
55032nathalia
5503285
550328165503
5503277
550325e
55032550531006
5503234
5503231
5503223
55032219972009
550321m
550320
550319
550317
550316
550314
5503134
5503120
5503115
5503100
55030942
550309
550307
550304
550301
55030
5502zw
5502udszg
5502four
5502conor
5502afis
550299874
55029898
550296
550294
5502904
55029
550289
550286
5502851
550281
55028055
550279
55027847
550276354
5502752
55027501
55027443
5502706
5502679
5502654773031
5502650
55026124
550260
550258FUCKYOU
5502566
5502556622
5502550
55025364565802
5502528
5502516
5502502
5502498
5502484
5502473
550245
550244
5502423
5502402
5502396
5502376
550236
5502345
5502340
5502324
5502305
5502293
5502266
550226
5502242
55022288
55022165
550221
5502183
55021552219254
5502149
5502139
55021013
5502085
550207
5502060
5502058
5502045
5502023
5502011
5502000018200
550200
5501tim
5501star
5501life
5501kj
5501fl
5501cd
55019j
550199
5501945
5501941
550192
550190686
550189
550187443
5501855
550184295226
5501839
5501823
5501816
5501809
5501791458974
55017877
5501775
5501767
5501757
5501727
5501699
550168
550166z
5501653
5501627
55016003
5501579
55015653
5501554
550155
5501540
5501524
5501505
5501493
550144
550143474
55014
5501388
5501375
5501364
55013590
55013329
550132
550129
5501270482440
5501264
550125224394
550124
5501230006
5501219
5501214n
55012002
55011821
5501180
550117
55011600
5501157
5501150a
5501141
55011352
5501121
5501109
5501090008445
5501089b
5501071
5501068
5501056
5501042
5501033
55010303
5501017
55010111293
5501005
5501001142
5500vera
5500smw
5500ramirez
5500kangta
5500jm
5500ikim
5500gas
5500emma
5500ch
5500TSP
5500996
5500956D
5500945
550092
5500910a
55008938
550088m
55008800
5500868c
55008275483835melito
550080779535033
5500803
5500794
5500790001388
5500788
55007553
5500745
550074
5500720
550071583
5500713
5500709
55007072
5500695
550068053
550066ajm805
5500655
5500642
550064
5500631
5500611
5500605
550060
5500596
5500575
550055s
55005559
55005310
5500528
550052
55005137
5500508
550050
550048guru
5500477
550046
5500453
55004444
55004395
5500426
550041301
5500407
5500398
5500390003898
55003744
5500369
5500349
5500346
5500332
5500329
5500308
550030
5500272
550026
55002464g
55002299
5500227
5500224
5500222
55001johanna
550019
550017
55001475
55001420
55001347
550012984
5500121
550012
55001113
5500110
5500100048249
550007
550004w
5500043
55000123
5500
55/400
55/284
55.tresoskr.....
55.lol255
55.99.
55.39.25.57
55.24love
55-eudys
55-55-22
55-29070644
55-18386149guzz
55+55*110
55*tech*1993
55*632147
55**ilovetyler
55&/&&"&
55%%LUPE
54zhangyi
54zatt
54z54z54z
54yoyo
54yer54y55o
54y_y4nk
54y4nk
54y4n6
54xxmb
54xe54
54wy26
54winchester
54willys
54west
54weeksql?
54w62p60
54vox537r
54vistaz
54vi32ll77y9
54v83s
54v493
54unix
54ul5t0n3
54u71
54ty4revo
54turnbull
54tulin
54tudorcresent
54trucker
54tree
54travisteddybear
54toothac
54tmn1
54titans
54th&crenshawho
54tensix
54tdfgku
54tanker
54talbotgate
54t8ac
54t4n45
54swpbvp
54superc
54sucks
54stwp
54stripes
54st2552
54spm1oo4
54speed
54sooners
54sn3lldr1v3
54smash
54skydogg
54simp
54shuyu121
54sg1e
54senior05
54screwu98987
54scadoo
54sarah54
54sandfield
54salute
54sa82
54ry58
54rulzki54
54rossroad
54ronrons
54rocks
54roberta
54rny4rny
54ripon
54riddle48
54rerfad
54ref94
54red111
54rc45m
54rainbow
54r4m4yne
54r4hph14n
54r4h1qu1j45
54r26tdj
54qta172
54qe9l1312
54q12
54puppys
54pudding79
54pp0627
54please77
54pizza
54pink
54pilar45
54perthstreet
54people
54pasha
54paddle78
54packers
54p4_4z4h
54otters
54oranast
54opossums
54oksilat
54officer25
54oc35v9g2
54o16234
54nw5xqln
54nunca
54nt14g05
54normantongrove
54nn37
54nikki
54nederland
54ndy_chumil@yahoo.com
54nd4l
54nd15h.,.
54nd10wb
54nanners
54n6kutw1j4y4
54n453
54n1c3k
54music
54muah
54morgi
54monkey
54mmmbop
54ml0v3l@nd
54mito56rls
54mimi
54mikecastro
54mico
54member
54mba82
54maylibriseida54
54mass
54manzana
54mangum
54malik
54mabe
54m4n7h4*
54m33r4
54m06t;4
54lxna
54lu11pogie
54lovers
54lover
54loud
54loc
54lkop
54liqin
54lho6benypc
54leggedchildren
54lb6r
54lacher
54l9e6m
54l1n45
54kr4l
54knight
54kgvara
54keith
54k-r-i
54justin84
54jules10
54jswv3s
54jk29
54jjonas
54jill
54jfkw54
54jesuslives54
54jericho
54japanese
54james
54jake
54jackboi
54j16n
54incomple
54idfv
54iadf
54hqp77
54hotfuzz
54hoove
54hoops
54home
54hj78f
54hilly
54hickory
54hbcn
54harlem
54h4b4t
54gylr87
54gunit
54greg
54grail
54gracE
54golf
54gi74
54genclik
54ge2006
54fuckcity
54frogs
54freeme
54frag
54fourthree
54flute
54flores
54fish
54fighting4103
54fcbm1094
54familyw
54ey8z11
54evelyn
54esherman
54erty
54eps1
54eminem
54elmo
54elio
54ee82
54dusty
54dragon04
54dougie
54donova3009
54dk049
54diva1
54dewo
54dean
54dd52320
54david
54darhippyaid5057
54daniel21
54daises
54daggot
54dacmy16easn
54d4f4
54cyn54
54crip
54cowcare
54corrrourroad
54cor66
54cook
54comets
54coca4
54cns22
54ck88
54ci12
54chrisb
54choink
54chev
54chblabla
54chains
54cent
54cami9
54cameron90
54cKLee
54c3w2
54bs51cs
54brodrick
54boyz
54bong
54bobcat
54bnbc
54blocc
54black
54bikben89
54bff6
54bethune
54berny
54bell
54becca
54bears07
54bb35r
54basketball
54barb
54bainst
54b3q25y
54b1n9
54aron
54aries
54ar0n
54annoy64
54andre14
54anc32
54amor..
54amainstreet
54alverno
54allday1
54alison
54alberta
54al11va
54ai08ri
54ads??
54ad03
54acid79
54ab0cd2
54a410a
54a+cluv
54Y*738
54Tigers
54THREG
54Sunday
54STREET
54RcM72
54PURPLE57
54PEPPO
54NERD45
54NAHTAN
54MASTERS0716
54LOVEBUG
54LIVE
54K3Y
54JOHNCENA
54JAS2:3TH
54HELLOMOM
54GTPPLAYA
54Ford
54EKH54
54ChAi45
54CENA
54BELTOO-
54ABC81acj
549xzrjz
549ufezj78
549shira
549pz7xc8kl
549nhxz
549mil2720
549love
549kallen
549j5tcevli
549fe3c9
549elk6615
549djt9f
549bny
549aka7359
549a2147
549BI8
5499yinga
5499sd
5499ptl10
5499angie
5499974
5499935
549991788
549991
5499900016171
54998817
5499845
54998248
549981
5499799
54997787
54997555
54997363
5499730
54997004
5499655
54996
549958187
5499577
549954995499
5499526
54994913
549946
5499451r
5499448
5499443
54994269
5499410
54993T
549938110j
549936369
549931
5499292
5499227
5499216
5499199
549919
549917335
5499151
549914517
5499124
5499122
549911
54991031
54990853379344
54990630
5499040
5499030
54990
54989978
549895831
5498932
54989
5498838
54988
54987oso
5498797
5498765
54987556
5498747
549873
549872
549871
5498703
5498698191
549866
549863
5498623986P
5498609
5498588
54985701
5498547822
5498540
5498534
54984871123
5498474
54984477
549843568
5498416
5498405
54983920
549838165
549836333
5498336
54983299
54983061
549830
5498290
5498261
54982525
5498251
549823
54982211
5498203
549820
5498168
5498158
549815193VL
549815
549814
5498135
549812431Q
5498114
549810
54980738
549806
5498047
549803
5497sggcn
5497as
5497992086
549798941
5497987
5497956
5497930
549792000
549788
5497859
5497839b
54978277
5497812
5497794
5497770
5497753
5497744
5497726
549771r
5497693
5497673
5497637
5497580
549757023
54975497
5497504
549746
5497456497r
549745497r
5497420
54974123
5497403
5497368210
5497365s
549735370
5497331
5497325a
5497312
54973,4
5497256
5497216
54971744
5497165
5497158
54971463
54971328
5497125
5497119
5497114
5497102
5497090
5497075
5497025
5497012
5497
5496ok
5496jyoe
5496cs
5496Tzt
54969909
549696617
5496943
549692404
54968871
5496827
5496790
549678b
5496782
549676644
54967590a
54967198
5496709
54967
549666539550225602123
5496640poon
5496605
5496586915
549657
5496564
54965528
549654
549652
54964bcrn
549646
549643
54964018
5496380
5496369
549635
5496349
54963247
54963
5496236
549622
54961923
5496179m
5496173
549616
5496159687
5496148
5496118
54961015
5496077
5496066
549604
549602813
54960006
5496
5495tymwx
5495rocker
5495hong
5495cv
5495996jrs
5495977
549596
5495955
5495921
54958shttf
5495870
549584
5495821328B
54957996
549579
54957803
5495766
549575
54957445
5495712
549569
5495677
5495664
5495612
549559
5495562
54955533
5495533
549549782
5495489
5495482
54954658
5495452
549544
5495426
5495371
5495359
5495349
5495298
5495278
5495250
54952363
54952145
54951967
5495169
549514
54951288
549512
549511
549509
54950708
5495067
5495056
5495045
549501m
5495006
5494yaca
5494me
5494kiwi
5494jake
5494ebj
5494CAP
5494984
549496
5494936123
5494926
5494915
5494886
5494874
5494859c
5494840
5494837
5494824
549482
54948
5494786
54947578
5494746toto
549472494
5494722
54947120
5494696 !@
5494670
5494649
549464
5494629
5494610
54946091
549459
549456
5494549419887
5494510
54944gatobombon
5494477
5494464
5494443
5494422
5494404
54943jr
5494364
549433kc
549432
549428
5494261
5494242k
549423
5494209
5494201
549418mnl
5494180
549417210
549415
54941397
549412
5494110sl
5494103
549407mik
54940575278190
5494054940
549404
5494010
5493triste
5493sh
5493kim
5493ben
5493945
5493923
5493862bc
5493838
5493773
54937585
549371522
549367900
549366i
5493569
549354935493
5493531
5493518
5493496
54934733
549344
54934343
54934110
549339132
5493388j
549335
549332
54933
549327
5493261068
5493235
5493215
54932017
549315
5493125209214788811
5493123
5493121kelly
549311887
54931018
5493072
5493069
5493040
549302197746410
549301245768
5493
5492star
5492ny
5492klu7456
5492dee
5492995ng
5492985
5492972
5492963
5492929
549291
5492889
549288
549286
5492849
5492833
549281
549278
5492748
54927224220139
5492715
54927
549268731
5492677
5492668
54926126
54925rczp
549258
54925569
54925492
5492540
5492533
54925
5492499x
549249
5492484191232
5492475
549241
54924
5492386
549238
549233
5492322
549231040
5492300
5492286
54922780
549225
5492243
5492219012159326
5492212
5492198
549217
5492151
5492122
54921
5492086
54920735499599
549205
5492039
5492027
5492018
5492012
5491vcoako
5491space
5491mm
5491az
5491983
5491978
5491947
54919245830
5491915a
5491884
549187
5491848
549184
5491834jes
5491833
5491810
54917@R!U$
54917806
54917777
5491745
549171
5491677
5491650
5491634
54916030
54915a
5491591
5491582
5491556a
5491538b
5491506
549149
549142
5491404
5491367
54913544
54913405042711
549133
5491295
5491287
54912605
5491234
549122000221945
5491189
549118
54911597
54911494
549112691
5491108
5491101
549109a
549109
5491076
5491060
54910131
5491001
5490yd
5490tr
5490nmv
5490joy
5490dita
5490ba
549094joyce
5490921
5490919
549091
549089
549086
5490847
5490840
549083
5490827
5490788
5490754
5490732
549072359
5490657
5490643s
5490623e
549061k
5490586p
5490550
549054890
5490514
5490506
549047
5490457
5490440
549042
5490402
549039
54903583
549033
5490298
5490221
54902199
5490201
54901859
549016
549015
54901230
54901117
54900705eve
54900612
5490055
5490042qa
54900328065646
549002
5490000
549*/cj@M
548x45ek
548star
548shine
548rir
548ptekmutt
548opso
548mich548
548lovesme
548l268
548halo
548ghgdf
548flekg32
548bt43he
548bayridg
548april
548aed5
548Muirfield
5489versace
5489smile
5489of
5489jv
5489cry
5489aaa
5489JESUS
548999526
5489976
5489941
5489920
5489903
54899
548989
5489881
548984
54898365
5489819
548979696
5489771
548976sergioyeca
54897389
5489725
5489717
5489702
54896890
548967
54896649
548965741
5489643
54896332
54895910
54895670
54895550666
5489519
54894950
54894529
548943818
5489434
54894042275
54893710
548936tyrone
5489364
548935491
548933
548932371
5489311
54893
548925
5489243
5489231
5489218
54892013
54891sygnissa
54891833
54891653
54891595
548913008
54891265
5489114
54890yngzj
548908
548904
54890348
5489015
54890
5488rr
5488pqsw
5488kcp2006
5488eg
5488d2z
5488cj
5488ahbx
5488990
548898
5488971
5488967
54889528
548894
5488935
5488912
54889!@#cat
5488874
5488863
5488856
5488825
54888026
54887799
5488771
54887542
54887486
548873842
54887266
54887176
5488709
5488681
5488675
54886374
5488594
548855
548854
548852131
548849
548847689
548845
5488442
5488417
5488396
5488376
54883668
54883304
548831
5488293
548828
5488237hisham
5488211
548819
548818
548816
5488150
548814
548812
548811495
548811230
5488109
5488079
5488051
5488027
548800801
5488,juanjito
5487mimi
5487jwtm
5487gera
54879e
5487999
548796794t
5487948u
548793fm
5487931
5487923
548791832
54879*c
54878911
548788keny
5487884
548788
548785
5487828
5487808
548780
548777920
548777022yuan
54877597
548772
54876a
54876787
5487627
5487611
54876
548757842
5487570
5487552
54875489
54875456
548754095v
5487519
54874922
548748659859
5487482
5487466
54874578
5487439t
5487435
54874
5487384
548736642
548734
54873101a
548731
54872li
54872916
548728
548723
5487192
548717
54871312
54871178
548711
5487100
5487071
548706
548701
5486rtvc
5486hv
5486ags
54869795
54869720**
548697
5486940219
5486918
5486908
5486901
5486887
5486879
548683d
54868328
548681
5486798
5486754867
548673748611
548672000
54867148
5486690
54866793
548666
548664
5486627
5486612
5486586
5486581
54865673
5486561fabi
548655921a
548654935
5486548142
5486506
5486496
548648798
5486428
54864230
548641
5486388
5486324
54863
5486299977
54862806
5486274
5486269
5486255
5486252
54862488
54862242529
548621793.
5486213
54862+
5486193
54861830
5486150
54861444
548612024979281
5486118
548610762730
54861010
54860866
54860510
548604
5486022
5486018
5486001
54860
5485penang
5485marcy
5485Dinesh5485
54859632
5485953
54859347
5485924
548591
5485905
54858881
54858719
5485852
5485843vm
548583711S
54858206
5485811
54857lu
5485795
54857786
54857719
5485764
5485735
54857
54856789
548566489855215
548565
54855754
548556140
5485550
5485549
548553
548551962309
54855112a
54855
548549807
548549547
5485492
5485488
548548523
548546309
54854378
54854305
5485422
54854049
5485393
5485373
5485362109
548534
54853144
5485294
5485284
548527
54852584
5485247
548523
5485220
5485217
548521
54852028a
54852
5485170
548516
5485154
5485140
548513
5485123456
5485119
54850700
54850517
5485039
54850195
5485005
5484xkjh
5484ty
5484ky
5484gdr
5484cd
5484ab
548496
5484948
5484931bnm.
548490
54848890
54848569
5484838
54848225
5484799
548478
5484768
5484755
548474
5484702milagros
5484682
548467
5484657_cabron
5484647
5484642001
54846336
5484621
54846112
54845j
5484591
5484575
5484544tiamu
5484536
548452
548451
54845
548449
5484451
54844
5484345
548433kitiou
548431
54843043
5484290
5484265
5484242
5484227
54842
54841799
54841727
54841671
548415
54841313
548412641
5484117
54841101.y
54840qeadp
548409
5484078
5484070
5484028
54840184
5484012
5484001
5484
5483qygoy
5483juzam
5483e
5483cec
5483984sh
5483933
548390
5483887
5483884
548387
548384
548383
5483764
548373177900
5483718
5483708
54836p
548366
5483632
5483621e
5483604palomita
5483588
5483574
54835683
548354835483
54835381
548351274
5483502
5483493
54834762
5483445
548342506
5483406
548336
5483275
548324512
548323
548321
548320
54831995
548317sl
5483174
5483163
548314
548313
5483127
5483113
5483111500
54831
54830963
5483070
5483068
548303
54830166
5483001jv
5482uwcei
5482sungkla
5482pink
5482ghj
5482aj
54829a
5482964
548296
54829333
548290609
54828786
54828525551829
548283
5482827
5482785
548277
5482756
54827221
5482709
5482693
5482686
54826479
5482620
5482616
548261
548260
548258
54825540
54825525
54825412
5482523
54824u
54824823
548248
54824259
5482408b
548240629
548239187
548238
5482367j
5482360
5482351
548234
548233
5482322
548231m
54823
548228
5482258b
54822412
5482226
548220
54821977
54821679
5482163
5482154
54821475
548213
5482117r
5482109
548208#
548207
5482016
5481y5461
5481manurulewow
5481_oby
5481976
5481948
5481930
54819
54818866
5481863
54818
5481773
548176s
5481735
54817317cinthia
5481717
54817146
5481701
5481697
5481635
5481633
5481614ye
5481588n
5481576
54815425
5481501
5481494
5481459
548143
548139421
5481387
5481362
548135
5481326
5481312
5481258
5481234
54812300
548122
54812017
548120
548119
5481186
54811755481172
5481163
5481153a
5481134
548111773
5481105
5481085678
548106
5481036
5481019
548100220077
5480seth
5480nmb
5480ko
5480fat
548099
54809833
5480930
5480900017
54808eechaw
5480890
548087
5480840franco
54808378
54808164
548080
548078906
54807751
5480761
548075
548072
5480659
54806453
5480637k
54805787
548056
5480548
5480543
5480533
5480514
54805022
5480483
548044
5480395
5480368
548034
548033
5480320
548030A
54802949
5480285
5480273
5480251
54802408
5480206
54802007
548020
5480179
5480165
548014344
548013
54801115
54800924j
5480076
5480071
5480047
54800304
5480029
5480017
5480000
548-2218
547vane482drivedown
547rose
547pig
547pag21
547newyork
547mat22
547j192
547h82
547esplanade
547engrbnh
547d14
547as
547adf
5479natz
5479kl
5479dewey
547999
5479970
547996
5479949
5479937
54798800
547983162910
54798044
5479780
5479727
547971
5479697
547969
547968
5479661
547965
5479626
5479621
547962
5479596
54795794
547956
54795479I!
5479547
5479528
5479467cjy
5479454
5479403
5479375
5479362
5479360
5479336
547931
5479303
5479267
54792440
5479212
5479202r
54791l
547918030
547913
54791018
54790d
54790612
547904
5479001
5478zeus
5478wwwn
5478rlc
5478quan
5478k5478k5478k
5478972
54789654393
547896321omG
5478963
54789598050608140221
54789456123
54789373
54789231u
547891023
547890
5478880s
5478879
547886
54788456210
547883pys
5478827
5478812
54788024
54787sok
5478796
547877002
54787674
5478747
5478725
54787
547869
5478658
5478633259
5478624
5478603
54785736
547855596
547854734
54785412
5478532
5478523
5478522
547852
5478495
54784823
5478471
547843795
547842
5478418
5478404
5478396103
547837678
547836ilovemymom
5478354
547833
5478320
5478318
5478315
547831262
5478297
54782835
547825
547824
54782214
5478213600
5478205
54782
54781801
5478162
547814746
5478137
547812z
547811
547809
5478083
547807teh
5478074
547806
547804
54780321jose
5478023
5478002
5478/978
5478
5477tk
5477pp
5477mex2
5477meee
5477matt
5477jgdb
5477exit
5477dance
5477MJ
5477KISS
54779aspin
5477943
54779225
547791205
5477903
54779.
5477879
54778463
5477840
5477825668
54778
5477762
547774218
54777104
547770
547769277
5477686
5477652vovo
547765
54776396
54776163
5477605
5477577
5477560
54775477kenny
5477537iscool
54775150
54774900
5477487
5477482
5477461
547745547
54774479
5477434
5477417
5477411j
54773jiwy
5477394W
54773883
547737916
54773582
5477345
5477323
5477303
54772m
5477286
5477270
5477255
5477245
547721062810
54772
54771912811
547716
5477123
54771211
547709
547707
5477031
5477023
547701
5477!!84a
5476jk
5476973
5476959
5476933a
54769264
5476896
5476880
5476866
547685
5476802
5476781
5476767
54767
547667
547666
5476635
54766102387
54766
5476572
5476554
54765476
547654
54764srm
5476423
547641lc
547638
54763463
5476332
5476300
5476298
5476284
547627_r
54762680k
54762483
5476199
547618tap
54761852
5476173
547615915
54761346
547611
54760897450656
54760614
5476049
5476011
54760
5475loved
5475leon
5475kirk
5475be
54759663
5475923
5475909
5475900
5475895
54758652
5475848
547582san
547580
5475786
5475757
547575
5475731
54757165
547569y
547569789
54756849
54756454
5475607@
5475592554755925
5475592
5475581
547556
54755475
5475541
5475527
5475519
5475491
547547l
547547e
5475446
5475431
5475406
547540467
54753tris
54753762584166
54753687
5475303
54752942
5475287589631139
5475261
547521
54751983
5475181
5475161
547513
547509
5475074
5475043253428969
54750163
54750030
5475
5474sm
5474linds
5474fy
5474bella
547499
5474974
547497
547491
54749020093
54749006
54748drew
5474897
547489
5474878
547485
547484
5474825
5474790
547478654126
547478426
5474776
5474769
5474754747
547474
5474715
5474712
54747
5474677
547465
5474639
54746181
5474613
5474597
547456456532
547455
5474541dingo
5474532
5474520
547450
5474486
54744711
5474465
547446
547443r
54744213061196
5474401
54743872
5474367
5474316
54742841
5474272
5474231
5474223
547420
5474190
5474186gwenn
54741794
5474139
5474114
5474104
54741
54740JI
5474088
5474052atl
5474042
54740175
5474004
5473sh
5473gvsfb
5473cdn
547399
5473985
5473961
5473955
5473937
54739187978279
547391
547390
547388
5473866
547378
54737416
547372
5473712
54737089
547370
547369821
547369283
54736745
5473654t
547361
5473604
54735rmzsf
5473596
547357959
5473546
5473509
54735
5473473
54734629
54734215275021
5473413
54734088
5473396
5473361
54733589
547335
547333
5473309
547326
54732479
5473244kmc
54732396
54732341
547321
5473203
547319
5473186
5473169
5473145
5473123
547311
54730968
547304p
5473034054730340
5473029
5473008090
5472wi
5472ss
5472ppm
5472pass
5472mooney
5472m
5472lp
5472ling
5472ld
5472korm3link
5472js
5472casper
5472baby
5472airo
5472ADY
5472999
5472984
547297
5472954
547292
5472912
547288k
547288
5472870joseltn15
547286
5472824
54728085472631
547280252
54728
547272joidi
5472718
547269lm
547267lg
54726745
54726659
5472652
54726414410
54726295679761
547261534m
5472602
54725d
5472571
54725508alejandr
5472544
5472533
5472522232421
54724dtums
54724840
5472477
54724572
547244
54724136
54724102
5472410018
54724
5472392NC
54723677
5472352
54723393
54723166
5472300
54722hjii
54722848
547228
54722545
5472243
5472234
5472229854
5472216
54721990
54721877
5472170
54721350
5472122
547212
54721127
54721114
547211
5472092
5472085
5472054720
547205146
54720472
54720225473089
5471peluco
5471k03r
5471itfn
54719928860822cq
5471982
5471954719
54719329
5471915
54719
547189
5471872
5471858
547183
5471820
5471809
5471790
547178
54717570
5471755
547174628
5471725h
54717009
54716795471679
54716414
5471630
547161578298
5471596
5471590
547158
5471563
5471550
547153
54715174
5471508
547149fix
547149
5471470
5471441
547143
547141J
54713977
547135
547133434
54713035
54713
54712900
547128
5471259
547125
5471237
5471223
5471214
54712103v4
54712
547118lr
54711814
5471168
547116
5471132
5471114
54710ca
54710885
54710623
5471057
5471051
5471007
5471005
5470wtcsu
5470robin
5470mon
5470king
5470holly
5470a
5470993
547099
5470973karina
5470957
547095
547093
547091907
547090apq
54708iaye
5470866
5470857
5470822
547079
5470745*-+
5470737
547071
54706970
54706761123456
5470664
5470644
547062
5470592
5470571
5470565
5470550
547054
5470521
5470507
547049
547048b
547046
547045
5470422
5470387l
5470378
5470330
547032
5470317
5470306
5470269
5470257
5470253
5470239
5470227
5470190
5470181
5470171
5470143
54701247
5470109
5470108
54701
5470088
547007
5470039
5470029
54700182258
5470011
547000st
5470001
546vsver
546shiebang
546schaffer
546rock
546plm
546moodyblock
546massave
546love
546lbottomless7
546key
546hello
546ezmag339200
546dra
546david
546chino
546celeste0405
546blue546
546bayanluma
546asd*
546a2b
546a00
546JIM
5469sm
5469regt
5469manuel
5469kjmc
5469iuohp
5469ank
54699995259
5469986
54699752
5469970
546996
546995
5469919
54699123
5469900018637
5469897
5469891
5469863
546985
5469823969
54698051
54697a
54697611
546975
5469731055
546969fs
5469667978
54696522
5469632
5469615
546957865
5469557
54695469j
546954695469
546953523
54695336
5469527
546951
54695
546948632
5469469511
5469454
5469430
54693911
546937
5469367
546934
546932
546931512594
5469287
5469258
5469248
546924
5469221557
5469216
546921
5469199
546919
546917
546916214
5469160391
5469139
5469132
54691234
546912
5469109432+asca
546910
5469066
5469043ar
5469012
5469000b
5468wzfr
5468oppie
5468jjbmi
5468colette
54689alif
5468979095
5468974
5468971
5468966
5468955
5468946467
5468939668
546892457
546891593
54689121
54689
546889
546888
5468864
546886
54688403
5468814
54688
5468788
546877256
54687600
5468736
546872601
546872
54687110
5468688416
5468665
5468656
5468636p
5468619y
5468606
54686
5468584
5468562
54685468a
5468536
5468522063
546851
54684962
54684856
54684766
5468469
5468460924
546845135468
5468440
546841
5468409
54683KMG
5468389866
5468355
5468341
546834
546832100
5468312
5468309
5468302
54682red
546829713
546829
5468279130
54682754
5468266
5468262123
546825sbq
546824d
5468239
5468233658ChEt
546822331122
54682161994
5468211
54682013
546819
5468161
54681397
5468137
5468129156
5468113
5468103c
5468091345
54680745
5468046223ugur,
5468043
5468026
546800
5468*vny
5467playboy
5467mom
5467hut
5467er
5467dr
5467asd
5467Pete
546798435
54679804hlb
5467975
5467927
54679
5467896
5467891230854
54678900
5467868
5467847
546782546782
54678210
5467810
54677c
5467785
5467758
5467739
54677196vv
54677
5467684
5467626
5467596
54675839
54675528
5467549820
5467530
54674597
54674424
5467430
5467421
5467389
5467381A
5467359571
546734212
5467331
54673200
5467300
546729822916
5467282
5467271784
54672494
5467235
546723
546722
5467217
5467172
546716
5467150
5467115404
546711
5467081
5467060
546705546
54670204
54670000
5466sam
5466lar
5466kima
5466jhon
5466eg
5466ct
54669v
546699
546698
5466973
5466952
54669471
5466942291
5466934
54669262
5466916824F
54668876
54668799k
5466868
5466851
54668370
546682
5466781
54667653
5466734
54667138
54666r
546669782
5466695
546669
546666
546664
546661985
54665e
5466562
5466546
54665412
54665262
54665247
5466521m
5466499
5466486
546645987
5466456
546643m
5466431
5466419
5466406
5466382
546636860k
546636095
546635yv
5466346
5466321
546631
54663
54662789
54662680
546625
546624
5466231
5466221r
5466201
54661964602514_tilki
5466160
5466142
5466105
54661
546609
546606mrz
5466045848
5466028
5466010
546600eb
54660
5465wal300
5465val
5465ser54
5465lw
5465hunter
5465g
5465bcm
546599
54659711
546593
5465924
546589
54658854
546588
546586543
5465836
546582246853122648
5465806
546579269
5465783
5465768
5465762
546575
5465742
5465701825
546569355
5465690123
5465687*wc
546566
54656456
546564
546563
5465588
546558
5465562
54655564014182
54655465l
5465546
546552
5465492yaz+
54654887
5465472533
546546roro
546546546445645
54654654
5465465
546546213213879879
54654564546
5465445
54654403
546543
5465401
5465391
5465381
5465378
5465338
5465314
546530945
5465304
54652840
54652749
546525a
5465253
5465241
5465211
54652
5465195
54651910
5465167
546515
5465134
5465132
546512
5465113k
54650mel
5465070a
546506
54650415740318
5465002
5464serra
5464nene
5464la27
5464kelvin!
5464jk
5464ijk777
5464honoapiilani
5464goto
5464KING
5464996
54649826
5464960101
54649490
546493
546492
5464913
546491
5464901
5464898
546489
54648863
5464859
5464849114869681291
5464832224
5464820
546479058
5464772183
5464751
5464741
5464735
5464724506
5464718telenor85
54647120
5464706
5464689
546468258
5464675
54646677
5464664
5464658
5464654
5464643491
5464623847
546462
546460
54645j
54645871
5464578
54645683
5464563
54645441
54645405585555
5464537
5464524
5464522
5464518
5464500
546449
54644848
5464472935minazz
5464463
5464454643
5464452
546443
5464413a
546438
546435
54643429301986
546434
5464333
5464331
54643261
546432
54643079
5464291250035132
546428263772
5464273802
5464256918
5464252
5464233a
5464225
5464213033
5464209291
5464200
54641SSj
54641987
5464190
5464186
546416
54641575
54641481
54641463
5464140
5464130
54641258
54641221
54641122
5464102207
54640765
5464062
5464047102
54640263
546401jh
5464009
5464000a
5463zxagx
5463tjk
5463mom
5463love
5463line13
54639g
5463978
546393
5463925
546391
54638z
5463881
5463855=ME
5463834
546381991
5463809
54638
54637a
54637980
5463782
54637718
5463759
5463739p
5463736
5463728
5463694
5463660
5463639
5463614
54636*9
5463587
546358
546354639
5463534
546352
546348yoany
5463442
546343
5463420410
5463396
5463387
546333
5463316
54632ut
54632kcypd
546329387
5463285
546327
546324me
546324
54632337
5463222
546321f
5463218
5463212
5463201
54631990
54631901
5463181
546316
546314
54631259
54631201230546312
546311975
546310
54630tz
546309
5463085
5463072
5463066j
546305
5463042
54630217985
5463018
54630134
546300
5463
5462star
5462lina
5462iz
5462dog
54629nspmx
546298
546297
5462965
5462957
5462945
546293cmr
5462926020
546292
546291
546287913
54628789
54628654
546286
5462855
5462831789ace09
5462821
5462815
54628145
5462803MITCH
5462797363-ben
5462787377
5462756
546273
54627123
546270
5462690
5462688
5462686ori
5462664
5462662
546265
546262elj
5462607
5462594
546259
5462586
546257
546256
546254625462
5462542
5462525
5462513544
546249
54624845
5462479436burak
546247
54624658
54624581
5462434479
546241005
54623jeg
54623964759
54623759_avi
5462374
54623608
5462354623
5462350619
54623393
5462330
5462323
5462313
5462311rockrock
54623022
54622okund
546226
546225
5462249742
5462233
54622279
5462211402
5462209!@#$%am
5462207483
54622005
54621r
546219
54621710
5462164dt
5462162
546214d
5462143c
5462136878
54621308
546212a
54621117
546211
54621023
54621
54620911
5462070
5462040
5462012345
5462
5461me
5461j
5461gold
5461c6b5
5461998mom
5461973
5461951
5461945641
5461900
54618918731
546188
5461860
546183
546180aa
54617921
5461761
5461746
5461733
5461725
546171
546167
5461649594H
5461643
54616389
5461630
5461624
5461604
546158
5461556
546154
546152
5461492
546148
5461461
54614522
54614335#
5461426
54614150
5461404
546138
5461366
5461354
5461330
5461329
5461325
54613119
54612s
54612923
5461281
546127
5461265755A
54612595
5461251
546123k
5461237tj
546123079*
54612229
5461187
5461143
5461133
546112648m
5461123
546112
54611000
5461094
5461078
5461068
546106123
5461044
5461021580
5461011
5461005
54610000
5460megst
5460lbny
5460gee
5460fc
5460aqqss
5460998j
54609723
5460946
54609353
546092jingen
5460890
5460850
546082
546079
5460764
5460741877
546072
546068mb
5460685
54606622083859
54606540
5460652
546061j
5460619
5460561
5460546054605460
546054
5460519
546050
5460489
5460466
546045
546041
54603628
546032
54602940810
546027
5460241
5460235032145678
5460224a
5460223
546021019121
54602021
5460191
546018
546015
54601409
5460132L
54601278
54601
5460050
54600300
5460023
54600123
546000
546/94
546-7898
546+3054l
545zoeyy
545wood
545vanessa
545tro
545theoaks
545sheridan
545sam
545rio4891
545ory
545k3r5
545jrf545
545jovi698492
545james
545gum466
545eileen
545dumont
545daren
545bordeaux
545bird
545ace
545Siempre
545LLB6ZX4
545COFFEE
5459ll
5459carol
5459989
5459961
5459934
545991100r
54599004
545989
54598689
5459829
5459815
54597a8aoa68
5459788
545975354
5459730
54597135
5459710
5459690
5459675
545966
5459633
54596187
5459608
54595941
54595760
545957
5459552
54595282
5459512
5459501
545948
545945
545941
54594
54593698
54593538
5459334
5459325
5459298
5459293
5459280
5459274
5459254
54592427
545923
545919978247
5459192020
5459182
5459166
5459165
5459160
545915406
5459128
545910
5459093
5459075
5459065
5459037
54590251
54590
5458yo
5458fummofu
545899
5458986
545892708
5458922
545890455
5458890ye
5458880
545887
545884
5458814
5458802
54587992
5458779
5458775
545877
545876
545874072
545871849
5458705
54587029
5458687
545866
5458644
545862111
5458605
545857
54585652\\';l
5458565208
5458557
5458546
54585458__1
5458544n
5458540
54585256
5458512
5458507
5458486337
54584546
5458445
5458436
5458429
5458423
5458410
54584
5458396
545833hd
5458304791gurkan
54582804
5458262
5458246
545823
545821
5458184
5458173
5458159
5458143
545813
5458102
54580723
54580545800
5458040
545803
5458026
5458001100051980
5457vickery
5457hmis
5457anea
5457UJOY
545799228
5457988
545796724
545796
54579516
5457900410
5457895jackaro1
5457887
5457876
545787
5457864
5457845
5457839
5457828
5457807876
5457804NKL
5457799
545779
54577781
5457776249918380.1
5457763
545776
545775
545774
5457720
5457717
5457707708
545769
5457664
5457640
5457635
54575p-
545759593
5457591
5457586
5457585956
5457582203
545754
5457518
5457501
54574920
54574785
5457459
5457435898
545740
5457362
54573465452113
545734314
5457321
545731
5457288
54572688
5457262
5457242
545721jeremybaby
5457216
545717102
54571558
5457147
545713
5457115
545709
5457045
5457031
545701
54570
5456sc
5456rk
5456nook#
5456kwjr
5456kiko
5456dede
5456c5v4622588
5456acs
5456987
5456985
5456974
54569650
5456945
545693
545690
54568994
5456887011
5456878910
5456869
5456846132
545683
5456828586
5456818
5456808
54567poxsm
5456787
5456777
5456763
5456741
545672
5456710
545670
5456691
545668
5456656
5456653090
54566456
5456645
545663
5456626
5456599
5456590
5456587
5456575859
5456571
545656yurassy
545656545
54565565
5456537
545650747
545650
5456477
5456465
54564577
5456454
5456446
5456428
5456422o
54564
5456391
545638545638
5456375
5456367
5456343
545633wh
5456331a
5456308
5456301
5456299
5456288
5456284
545626
5456246
5456214
54561jh
545619
5456185
54561710
545617
545616671
54561601
5456140
54561393
54561282
5456112
545610
5456098
545609
5456065
5456053
5456030
5456017
5456012
54560009
5455you69
5455szz
5455marty
5455jac
5455cla
5455bk
5455anna
54559rod
54559922849
5455987
5455973
5455960
5455942
5455913k
5455882
5455866
5455839
5455812
5455790
545578963
545576
5455736
5455726
5455708
54557005
545570
545567k
5455666
5455658487
5455654
545564251442
5455634
5455630
5455627
54556007
5455582m
5455565852
54555595
54555555
54555487
5455543
545554
545553
545552
5455508
5455484
545546
54554567
5455454
5455437a
545543
54554133
545537k
54553734966
5455343
545532667s
5455312
54553
5455272
545525
5455245
5455233
5455228
54552226
54552121
5455187
5455168
5455151
5455145er
5455136w
545512dark
5455112
54550o0o
5455041
545501
5454xvdct
5454wjerf
5454sh
5454rb
5454m
5454love
5454lily
5454kj
5454kev
5454jr
5454jack
5454hi5
5454egv
5454dd
5454cm
5454boo
5454ash
5454JJ
5454BX
54549911
54549744
5454970
5454948
5454935
54549207
545490
54548nbyfm
5454895
54548860
5454881
545487215
5454868
5454862SImuLAdor
545485
545484
545482
54547889
5454785214
5454775
5454767
54547546
545474
545473
545472590
545471
5454689
54546770edgar
5454673
5454660382
54546565
5454644
5454640
54546363
5454627
5454621
545460
54545van
54545b
545459sr
5454590
5454585lv
545457!m
54545656767688
5454564
5454552
545454sh
545454n
545454j
545454carmen
545454B
545454666
545454565656
54545454d
5454543
5454536
5454521
545452
5454513vb
545451
545450
545449
54544877
5454460
54544545667
545445120
545444
545443679
54544192
5454409
5454405427,
54544
545439
545437rp
5454372
5454357
545435
54543421
5454334
54543211
545432
5454310
5454302
54542pink
5454292
545429
54542842
54542626
54542601
545424
54542360
5454233
545422a
54542115
54542008
54541981
545417689
545417123
545417
545416078
5454159071
5454150b
5454148
54541456123
5454139
5454128
5454123
5454120
5454106
5454104
545410
54540990
54540803
5454045
5454031
5454024
5453mj
5453jc173
5453as
5453Leevon
5453973391
54539555
5453905
54539
5453875
545386
5453836
5453830010
5453803
5453783k
54537751
54537594
5453743228o
54537269
5453710455
5453701
54537
5453691
54536684
5453638
5453628
5453626
545362
54535avipa
545358
54535567
5453530
5453519
5453459
545343992
545341578620
5453364
5453355
545334666
5453329
5453322658
54533030
5453298143
5453287
54532678
5453260975
5453258
54532384
5453224
5453219
5453202
545320
54531976
54531849
5453174
5453160
5453157
5453154
54531484945
5453141013
545313
545312618
54531234
545312
5453113
54531
545308
5453044844aydemir
545302
5453000
5452shealin
5452kaki747
5452gella
5452at94
5452997
54529905lm
545298k
5452979
545297
5452955
545295
5452938
54529
54528fuwo
54528877
545288
5452867j
5452862
54528510
5452840
54528308
5452820
545280
54527929
5452776
54527457
545273
5452726
545268avz
5452651
5452647
5452637
5452624
54525k
5452580
54525751
5452569
545255f
5452558
545255
5452525
5452511
545248687
5452479
5452442442
54524016
54524
5452384
5452370
5452361
5452341
54523346007813
5452330
5452320
54522904271582
54522798239
5452276
5452254
5452241
5452230
5452208
5452191
5452153
545215
5452143
5452135
545212
545211j
5452109
54520d
5452079
5452072
5452062qwe
5452057987beyza
54520492
5452032
5452019
5452008
5452004
5451tb
5451lc
5451jlg
5451gracie
5451986
5451976
545195
545193222
5451923
5451919
5451904
545189721
5451859
545184
5451807
54517a
5451792
545178
5451769
54517609
545175
5451737k
545173454
5451704
5451687
545168
545167
545164
5451633
545162
5451617
54516111
5451603
54515w
5451583st
545157
545156
5451545
5451531
5451525356
545152
5451504
54514994
5451488
545144
5451430
54514143
5451410
5451394
5451386l
5451380
5451349
5451337768
545132822671
545130
545127
5451262
545125
545124
5451235
5451222
54512172
5451208
5451192
545118
54511627
5451159
5451143
54511363
5451128774
54511154
5451102
5451100017540
54510a
5451098
5451092
5451085
5451051
54510407
5451014
545101
5450okma?
5450l
5450jess
5450astor
545098
5450929cc
5450910146849397
5450885
545087
5450854c
5450845
5450835
545083
5450809
5450775!!~
5450756
545071
5450700045
5450690021167
5450624
54505995
5450591
5450570
5450545
54505359s
5450523
5450511
545050003
545048
5450465
54504503
5450441
5450421
5450401
5450382
5450373
5450353
5450315
545030
545028
5450251
545022
5450211
545017
5450165
545015
545014
5450124
54501205224126
54501173137670
5450108
5450100034681
5450098
5450087
5450080
54500701
5450056
5450043
545002
5450003
545/23010229496
545-3967
544topp
544tantan
544sava*
544sam544
544nview
544marie
544h304r
544fuckyourself
544feejay
544dami3567
544_89
544YIYO
544PaUl
544AND966
5449meif
54499rrbah
5449997
544999
5449985s
5449944
5449938
5449906farah#@
5449897
5449822
54498
544978
5449769
5449757786
544972
54497
5449676
544966
544963d
54495916876445
54495516.c
5449534
5449501
5449494
5449473
544945238
5449435
54494182008
5449395
54493842
5449373925
54493562
54493238
54493100
54492xdtzf
54492653
5449253990
5449243065
5449216
54492
5449150
5449141
54491259
54491069
5449091
544907123
5449050450097
5449038
5449022
5449011
544900
5448total321
5448ea
5448SK94
544899
544897
5448965k
544895carter
54489410
5448923
544889944
5448881640
5448863294
54488377taliah
544883
5448804357
5448788397@
5448774
544877
5448761
5448731
5448711
544870
54486856
5448669DWS
5448646
544864
5448635680
544863
5448629
5448610
5448601
54485a
5448586
544858
544856
54485355
544847a
544847
5448454
54484041
544840
5448389
544836
5448335
544833
5448319
5448314175
5448269
544825
5448238
5448203
5448192
544815
5448128lara30
544811
544810
544806
5448022
5447wasmynumber
5447holland
5447986
544793636
54479
544788g
5447867
5447852
544784412
54478437d
5447807055
5447790
54477821
544777
5447746
5447732
5447718
544770
544768
544766
5447647
5447635
5447633629
5447627
5447621
5447617
5447614
5447609
544759
5447564
5447556
5447497484
5447494
54474746
544746
544742088
5447419
5447413
544741
5447406j
5447387
5447364amc
544733
5447315
5447307
54472lsc
5447287
54472705
5447266
5447248
5447239464
5447207
54472055
54472
54471873
544715
54471414
544713
5447102
544710
54470711
544705z
5447012
54470011
5447
5446thatsmynumber
5446pcabr
5446mk
5446ch
5446a
5446CARLINST
5446986
54469790
544697
5446960400
544693
5446914328
54469098
5446899
54468948
5446889
54468640
5446831
54468214
5446818
5446799
54467916
544678
5446769564
5446769
54467516
5446746390
54467421
544672
5446714306
5446699
5446689745
5446672411
544667
544666322
5446658
54466560
544664
544660
5446593637
5446591
544654pmo
5446545
54465152
5446509730
54465050
54465
54464985
54464945
54464851
54464764
54464699
5446459
5446433p
5446426
5446417
5446409454
5446394
5446367
5446342
54463261
5446323
544632
5446295
544628
544627
54462538
5446244
544623
54462190
54462138
5446194
5446163
5446161
5446154461
544614
5446123
544611tx
5446119
54461170
544610aa
544610
5446096544
544609
54460846
54460818
5446076
5446068
5446045
544604
54460376
5446028327
54460177
54460141
54460091
54460
5445mtb
5445lu
5445993229
5445976888
5445947
5445938616
5445895
54458890
544588420005445884200
5445872a
5445862
544584
5445821125
5445814
54457959
5445780
5445749
5445729
544571
5445697314
5445694288
54456702
54456608
54456542
54456463
5445640
54456288
54456196
544561
54456019
5445597
5445586
544557
54455668
5445559999
5445555
5445536
5445533681
54455231
54455110
544550
5445499763arzum
5445478408
544547
5445466313
544544kad
544544544
5445442
5445439821
54454357153481
5445424
5445404
5445399
5445363
5445357
5445342
5445331
54453223
5445317
544531
544529432
5445279
5445270
5445263564
5445242
54452299
54452151
5445202
54451fvren
54451989
5445175
544516
5445115421
5445106c
544510
5445099
5445087
5445084502
5445052
5445023
5445018
54450123
5445001990
5444xmjyx
5444om
5444chard
544499
54449895354
544493
54449136
54448885444183
544488
5444873
5444828
544481a
5444809analau
5444783670
5444759
5444710619
5444696
5444690
544467777
544466
5444643
544463141212
5444620
5444617
5444585
544455
54445444
544453
5444521
544451
544450
54444kacnx
544448
5444457718
5444444
5444430
5444428268
544441
5444406
544436
5444338
5444332h
5444327
544429
5444285
5444270
5444263
5444257549
5444229
5444210680
544417s
5444149
54441140
544409mr
5444063
544405
5444040
54440383
5444024
5444019
5444
5443mg
5443joy
5443c*
5443bitch
5443@
5443992
5443968
54439529
54439089
54439
544388
544387
5443863784my
544377
544376
5443747
5443735
5443711
54437013
54436999
54436959alvarez
5443687713122115
5443677899
5443670
54436522
5443649
5443640
5443637425
54436331
5443628m
544362
5443604
54435894
5443569935
54435582
5443550741
54435448
5443532
54434942
54434632
5443445
5443439a
5443418
544340
54433951
5443366
544336
54433577
5443353
54433358ab
5443323
5443314
5443301498
5443298172
544328
54432768y57829108
54432684
544325
544323
5443192
54431832
5443168
5443166
5443155
5443141064....
5443138
5443135141
5443128a
5443123265
544312
54431158ISBN
54431033
544307
544306
54430566
5443040
5443024
544301
544300
5443
5442valencia
5442AK
5442998
544298oloya
5442942
5442916
5442914
544290
54428962
544289
5442871413555880
54428530
544285
544281
5442807909
5442783268
54427632
5442733
544272
5442706
54427024
5442686
54426629
5442656
5442636
544263
5442620
5442619151
54426006
5442563
5442556
54425500
5442541341
5442538
544252c
544252
5442504181
5442497
5442487
5442471636
54424616
54424495
5442430220
5442426
54424000
54423f
54423784
544236
5442353
544234195545982
544232122
5442313
54422810
5442271
54422594067824
544225763
544225
5442224
544222
5442199179
5442196535
54421785
5442164
544216
54421511
544215
54421436716181
544213497
5442132
5442115
544210581
5442093372
54420884
544208
5442047
5442039
544202
54420133
5442012
5442005
54420
5441yasmin
5441momo
5441maryfeliz
5441fh
5441black
54419j
5441990
544198
5441965
5441951
5441944
544192
5441902
544189
54418645
5441844x2
54418407
5441804
54417993
54417798
54417646
54417549
5441747147
5441713
54417053
5441700
54416913
54416741420
54416546
544165
5441645
54416386
5441636987
5441620
54416133
544159789
54415946
544159
5441578544
54415431
5441536
54415293
54415092
54414978
54414838ri
5441463
5441447
544143
54414123
5441401fzs
54413926
544139
54413679
5441361
544135456
544135
54413323
5441326
544130987
5441302
54412982
5441290385842
54412824
54412621
5441254412
54412345
54412201-45113343
5441212
5441210
5441204
5441199
5441166
544113
5441111
544109
5441078
544107
54410665
54410595
544104
5441028
54410223
5441006
544100
5440yaabh
5440opelea
5440cassve
5440986love
5440973
5440937
5440931bap
544093
54409001
5440863
544084
5440825
5440806
54407892
544076521993
5440754791508732
5440744
5440706
5440691
5440688
5440678
544067109m
5440659
544063796e
5440611
544060
5440592
5440573921211
5440566
5440555
54405424
544052
5440506123
544049610
5440476
5440460sam
5440459
54404530
5440443
5440421
5440416
5440406
544040
5440399
544039
5440378
5440368
5440343
544032u
54403112
544031
544028g
5440265
5440241
5440230
544021997
54402097
5440205,yo
54402005
54401930
54401805
54401718344
54401666
5440159a
5440149
54401345
544012
54401126
54400hunter
5440080
5440076
5440062
5440053
5440026
5440015
544.1.6
544-2749bobbileigh
543zuwail
543xj7
543troy2456
543tezqv
543t7
543ssse
543smc8632
543sen
543rttttTH
543pmrc
543ougs
543nonza
543mx703
543mky
543meg21
543marie
543leng
543kissme
543king2456
543jr6446
543jim
543hp6
543hcfv521
543ery2u
543djk
543bunch
543at
543amber
543abc
543PDLML54
543NUNO
543M12v
543Fish
543ANSAR453
5439tmg
5439mt
5439jelenita
5439et
54399985
5439981H
543997a
5439961
54399084
54398tjpxo
543989565
5439880
5439876
5439857
543983988
543981k
5439797328a
5439767
5439756
5439730
5439726918
5439708397
5439687747
54396806
5439671
543966088
5439643
5439608
5439574
5439566
54395571
5439552
543954
5439525
5439519
54395119
543950
543947968500
543945
543943
5439384
5439369
54393603
5439358
5439354
54393405
5439334
5439313187
5439299343
5439281
54392786
5439258
54392188
54392009
54392
5439189
543918
54391714
543917
54391595
54391414
543913
543912
54391
54390802
5439071
5439062
5439033
5439007
5438tmmw
5438miel
5438ab
54389j
5438994935
54389826
5438963
5438953
5438922667
5438919154325
5438907794
5438873134
5438862
5438858
54388348g
543881
5438791
543876929
5438692
54386675
54386512
5438633
543861717
543861
5438599146
5438583
54385525
5438542
5438503485
5438460
543844
543843
5438419
543841
54384
5438383210
5438382
5438364738
54383571jue
5438338
54382shhvz
5438279
543825
543824
54382297
5438224
5438202
5438188
5438183
5438145
5438113
5438105265
54380a
5438055
5438030holako
5438029401
5438016
543800147
5437phak
5437kids
5437jo
5437dog
5437derek
5437KIDS
5437968123
543794a
54379100
54378w
5437883
54378570
5437838
5437783f
54377762
5437762
5437759
5437745
543774
5437735
5437708
5437694
543766587
5437659
5437636839
54376174
5437596
5437577687
5437545
5437522
54374zyors
54374677
5437437699as
543743
543742
5437391
5437362
5437354
5437339
5437333157
54372890
5437283385
5437242733
5437239
54372259
5437219
5437180510
543714
5437097
5437088
5437036
5437012
5436pwl
5436jm
5436c
5436Kiew
543699
5436987
5436956
543693
5436924
5436897285
5436878
5436869
5436856
54368521
5436815
54367chum
543679
5436789
5436780
54367662
543675
543673a
543673
5436717818
5436712
5436699s
5436690l
5436678
5436664
5436638987
5436604
5436591
5436569-1655203
5436549
5436543
5436534
543652
5436505
543650169
5436489366
5436487
54364636456
543646
5436429
5436410
5436388
5436383
543637425
5436325
5436312
5436305494
54362l
54362723
5436259696
5436239
5436222
5436219
5436208
54361j
5436193
5436182409
54361362441556
5436118
5436105SB
543609
543607500
543605
5436035366
54360
5435win
54359l
5435984693
5435972618
5435940s
543593
5435927
5435907
5435897
5435871a
5435844
5435831123
54357K
5435795113
5435779
5435732
5435721
54357075
54357
5435697
54356791
5435664
5435659
543565
543562pp
5435610
5435594
5435586905ercu
5435567
5435549
543554
54355263
5435514
5435511
5435507
5435487
5435484
5435478
54354606
543545
5435447
543543sla
543543986
5435423
5435418
5435400
543537
5435360
5435333
5435331
5435321951
5435320
54352789q
543527
543525
5435233
5435220
5435212ABYLOVE
543520
54351948
5435160
5435154351
5435150
54351400
5435123
5435120134
5435105
54351
5435092
5435085
5435073
543507
54350660
54350480
5435001397
54350
5434mela
5434anie
5434ab
5434AB
5434985385emre
5434978
5434946
5434940
5434929
5434919
54349
543489
5434881
5434867
54348341
5434798
5434793971yhy
54347820
543477
5434763
5434731
54347047252313
5434692
5434683
5434663
5434655
54346173
54346060
543460
54345907
5434575716Ss
543456426
5434550
543453
543452
5434512
54344fuck
5434482
5434480
5434469
5434455
543444
5434428
54344048
543440
5434368
5434360198
5434349
5434346
543434
5434335gabriel
543432321
5434312
54342csqmb
5434277
5434268
54342534
543425
5434231393
543423
5434205pmcd12
54341994
5434192
5434174
543415
5434145743
54341150
543411
54340770
5434043
5434000
54340
5433slow
5433nashinX
5433jab
5433freedom
5433dg
5433am
5433996
5433989
5433933254525657
54339283
5433920228
5433896
5433874726
543386521828
5433852d
5433822
5433815
5433787
543378
5433757
5433752
5433744877
543373
5433715k5431046
5433708
5433692
54336789
543365
5433643
54336295433629
54336205
5433612
543360
5433596
5433592
5433560
5433554
543354484
5433525m
543351dn
5433516
543350
5433484789963
543346
5433459
543341
5433406
5433396
5433366
5433360
543334508
54333333
5433303
54332ioha
54332902
543328
543327
54332636
5433255
54332508
5433248
54332435
54332287
5433209
54332022
54332
5433196
5433193135
5433186
5433180
543317284556
543317
543316
54331507
5433141937
5433139
5433123
543312122
5433120
543311
54330i43.
54330942
5433069
5433050
54330255hg
5433009
54330001
5432xx
5432snoopy
5432sexy
5432red
5432q1
5432noomjuju
5432mi
5432leigh
5432kids
5432eugenia
5432eddy
5432dq
5432action
5432a1
5432`
5432F
54329DS
54329818987
543297
5432963
5432926
54329252k7
5432922
543291316
5432900
543289
5432880
5432879610
5432875
5432869
5432828
5432815
5432810thefox
5432806391
5432801
54328
54327895ta
5432766
543276
543273
543271dt
5432709
5432685
5432662
5432652
5432646
5432630
54326217
5432612
54325s
5432596
5432590
5432583
5432578369
5432553374SONER
543254625
543254325432
5432543
5432533q
5432533022
54325290r
54325152
543250077
5432499
54324912
543248555
543247
5432457619
5432441sni
5432424
5432416
5432412
543240
54323skht
5432373
5432360
5432342
54323351
5432333
543233
5432329
5432306657
543230
5432299
5432295
5432288772
5432283
5432257gorf
5432237
5432234299
5432224
5432219
5432217
5432206
543220
54321zz
54321zoom
54321yui12345
54321ya
54321xyz
54321x
54321wil
54321vina
54321twins12345
54321tryky
54321td
54321ss
54321sr
54321sol
54321shoot
54321shaira
54321russianckhix
54321roldan
54321rd
54321ra!
54321poo
54321paty
54321o0
54321nigger,57
54321mumn un
54321mmm
54321mf
54321mb*
54321marouf
54321ln
54321liz
54321lana
54321ksa
54321knd
54321kk
54321kdm
54321js
54321joke
54321jo
54321jcg
54321isa
54321im
54321holly
54321hi
54321hellokittymml
54321happytime
54321god
54321fatih
54321ezhik
54321esnupi
54321enb
54321elcaballete
54321eer
54321e
54321diane
54321dddd
54321daniel
54321cxz
54321cs
54321choco
54321caz
54321car
54321c1
54321bx1
54321booger
54321bj
54321beta
54321bang
54321ass
54321angel@
54321albadri54321
54321al
54321aj
54321_frq
54321T
54321QWERTYU
54321Q
54321PM
54321O
54321KJNR
54321D
54321Bonneannee
54321Ale
54321@cotton
5432198
543219125
5432190
543218899
54321789
543217132885
543216k
543216a
543216685
5432165033
54321612345
5432157
5432156789
543215432154321
54321530
543215019384
5432145
5432136
543213394
543213221047
543212g
5432126
543212388jm
5432121
543211jung
543211967001
543211200371261
54321109
543210op
543210love
543210jp
543210cfjh
543210abc
54321094180
54321090
5432107a
5432107896
5432107
54321067150040
543210543210
54321031189
54321009909
543210*
54321...jc
54321-m
54321*
54321!blastoff!
54320897
543206
543204
543202532533
543201d
543201
5432002
5431toon
5431sellmell
5431my
5431dom
5431CI
5431997
5431987
543197620
54319708
543195083
543194877
5431935LR
54319243
54318810445
5431871
5431865
543185~
543185247
5431850b
5431842
5431830
5431819
54317ct
543177
543176365
5431754
543175
54317414
5431714
5431709
5431704
5431690
543166
5431647
5431624
54316
5431597046649746
5431593
5431578
54315726
5431571
543155th
543155
543154565
543151ve
5431507
5431488
5431480
543146312
5431439
54314100
5431397
5431370
543135556
543135
5431347
5431331
54313281
543132
5431301
54312snow
543129325
5431284
543128
5431274121992125
5431267
543125876
5431247
5431243a
54312399
543123787
54312260
543122
5431211p
54312021
5431192dc
5431170
5431146
5431144
543113
5431112
543111
543110
5431098
5431073
5431063
543105s
5431054
54310299
543102
543100830
543100
5431*mpj
5430yea
5430taly
5430mm
5430lpl
5430chern
5430992
5430956
54309328
5430925
543091LAC
543090
5430899
5430887
543088000e
543084
5430775
5430749
5430708
5430682
543066325
54306437
543063687
5430624
543060
5430591lashy19
543059
5430567
54305555
5430543
5430533
5430511
543050
543049e
5430486
543046rb
543045
543042501
5430423
543041
5430352
543034
543033
5430308
5430300
5430298/
5430294
543025
54302387
5430223
5430218
5430185
5430179
5430172
543016
5430156m
543015
5430143
5430137
54301081
543010
5430096
54300744
5430058
5430047
5430041
54300345
5430024
543002
5430015
5430011
54300075
5430
543-0032
543$2999
542zac
542tuIPl
542pooh
542n2427
542meadow
542lockerrox
542jlh4433
542jamie
542byp76
542bkw828
542bdu81
542PLZ
5429snqgp
5429lp
5429g129
5429aa
5429A101
5429999
5429954
54299489
54299322
5429927
5429905
54298ttylkoko
54298867
54298696
542986
5429854
5429846
5429820
54298161
5429808
5429770
542976
5429746
54297253
54297200
5429705
54296973
54296871OSCAR
5429678
54296660
5429629
5429623
54296199
54296
5429578
54295555
54295402
54295312713
5429522
54295145
5429506
54294977
5429489
542948
5429457
54294397
54294158
5429408
5429401..
5429395
54293764810+-0103853171
5429365
5429354
5429307
5429291
54292854
5429262
54292559
54292436
5429234sv
54292280
54291902
542916
54291473
5429123
542911
54290855
542908
5429077
542906092828o
54290359794665
5429018
54290054
5429002
5429.gd
5428tt
5428pogh
5428js
5428ggrrrr!!
5428e3ave
5428Yolanda1980
5428985
54289752
54289635
542896
5428949belen
54289308
542892
5428903
54289
54288JEN
542889
5428877t
5428870
5428840
54288384
54288365
5428831
54288203
5428816
54288061
54288043
5428802temple
54287iwazo
54287846
54287616
5428760
5428756
5428751
5428739
54287154
54287101
5428705
5428699
5428697
542869
54286821
542865
54286289
542861096
5428607
54285987
54285804
5428566
5428550
54285432
5428540
54285259
54285160
54284ioj
54284934
54284903
5428461256
54284469
54284254
5428419
542841
542838
54283642
542834888
54283392
5428322mina
54283034
542829CoRrAdO1
54282851
54282801lovme
5428268816
5428248
542824
5428233
542822
5428212
5428209
54282
542819
54281624
5428150
542813900
5428137
5428130021
54281288
5428111
5428108
54280desel
54280964
542809
542807629
54280615
5428059123ani
54280563
5428033
542803
5428027
542801
54280054
5428001526082901
5427oil
5427ama
5427CRIS
5427994
5427981
542796
5427921
542791638
5427908
5427901155
542789++542879
5427869
5427862
54278533
5427819
54277869
54277785
54277512
5427745
5427727
542771
5427702
542768
54276779
54276726
5427667
54276456
54276370
54276213
5427602628
542759
54275864
542757
542755
54275468
54275353
5427521
5427504
5427491399
54274789
54274754
54274724
54274331
54274287
54274225
5427407
5427400
54273820
542736482
542736
5427344
542734
54273304
542731
54272959jaqui
54272874
542726
542725
54272353
54272119
542719aj
5427196
5427175
5427164516
5427151
5427146
5427139
5427132
542712
5427098
54270811
5427077
54270654
54270452
54270406
5427031
5427026
542700e
5427002
5427-0
5426soup
5426mg
5426kar
5426hill.rd
5426encsr
5426bl
54269957
54269932
542698949
542698712
5426981
54269786
5426962
54269555
5426930
5426919
5426914
5426909
54269
54268862
54268827
5426878ari
5426875
5426865z
54268640
542685542685
5426850
54268364
54268220
5426803
54268
5426798
54267926
5426759s
54267504
54267488
5426736
5426718
5426708
5426702
54266996
542668
5426663
54266545
5426647
54266371
542663
542662
5426617
542660542660
54265a
5426591
542658166
54265704
5426569
5426562
54265514
5426549
5426548
5426542622
54265249
542650
54264858
5426474
5426464126031993
5426461842
542644
5426435612
5426432203
54264227435
5426421d
5426421
542641
54264050
54263912
5426363
542636
5426355
5426335
54263201
54263088
542629jr
54262841
5426282
542626MG
542626
54262470
5426226
54262050
542619880807
54261941
54261922
54261896
54261840
5426175
5426165
54261606
542615985359
54261527
5426144
542614
5426128
5426120
542611
54261
5426096
542609
5426080
5426064jab
542606
5426051s
5426045....
54260356
54260227
5426012
54260015
5426
5425seR
5425kab123
5425hfssh
5425dk
5425987
542598
542596
5425950dq
542594
54259257
5425922
5425910
5425909
5425900258
54258911222
5425878M
542586
5425848r
54258369
5425812
5425801
5425799
542577
5425768
5425752038
5425745
54257313
5425725
542571828
5425706192
54256980
5425693
542569
54256851
5425674
54256666
542566
5425652
542564
54256314
54256256
54256254
54256130072
5425608
54256
5425594
5425584
542557401992
5425570322
54255685425595
5425565
54255600
542555425
5425543
5425534290
54255263
5425525
542552
54255100
5425500934
54254T
5425488jc
5425483275
54254713
542546
5425457
5425450
5425447
54254304
542542542
54254122
54254095
5425406
54253926
54253830
54253779
542536667
5425359
54253420
54253273
5425321
5425317336
5425301987
54252880
54252795413639
5425278
5425268
54252519
54252473110
5425244
5425217
54252123
542521
54251992
5425169
54251505
54251480GK
54251413
5425136
54251346
54251254
5425122
5425101c
54251
54250as
5425097
5425089
54250819
542507
5425055
5425047
5425037
54250322
5425027
54250201
5425
5424ta
5424pd
5424macbeth
5424JDL
5424990
54249780
542497
542496
54249519
5424944
542492
54249091811504
5424901
542489
5424882fbf
54248776
5424861324
5424847
5424839
542482g
542481
5424797
5424789
542477
5424751
54247373721
54247200
542470
5424665685
5424654
5424647
5424627
542462
5424614
5424604
54245927
5424570
5424558
542455
5424546
542452
5424481
5424464
542446
542445
5424440
5424425
5424400
5424391
5424373
542436
54243441
54243346
54243234
54243121
54243
5424283
5424266
54242619
5424252606
542425
542423rose
542422sale
542421
54241b
5424189
5424184
5424180750836006
5424163
542414
542413
54241223kuriti88
542411pesek
5424118
542411242
5424105
54241029
54241
5424082
5424077
54240252504952527
542402
54240000
5423wesd
5423maple
5423dia0183
5423ct
5423999835gs
5423997
542398vp
54239701
54239415423941
5423940882
5423938
542392
5423914
542390
542388798
5423873
542386
5423855
5423845f
54238426
542382demi
542382148
542381
54238
5423791748
5423769
54237515
5423745
5423729277
542372513
542372216.
54237097
5423682
54236731
5423668
54236535
5423649
54236370
5423579
5423570t
54235602
542355452451
542354J
54235420
54235355
54235345
54235259
54235137
54234iavoq
542349
54234869
5423483
5423467
54234546
5423432
5423424
542341818680276
54234061
5423399
5423388
54233587
542335342nov*
54233452
542334123
5423330
54233284
5423310
542328
542326
54232566
54232523
54232295
5423220
5423215
5423212d
5423211
54232055
542320
542319
5423188
5423181
54231729
5423169712sakura
54231675
542316
5423154
54231457
5423137744
5423131194
542313
54231234
54231126
5423108
54230trax
5423093k
542309
5423070
54230582
5423054
5423048
542304
5423034
5423021
5423012065
54230070
54230014
5422ui
5422kro
5422homero
5422ati
5422985910
542298
5422962048
5422945
5422932a
54229306
5422928
5422918*
542291578
54229100
542290n
5422895
5422889
5422865
5422860
54228545carlos
5422836
5422820
5422799
54227794
54227610
5422734
5422723
5422702
5422682
5422667
5422646
5422627
5422618
542259801036
5422577
5422561
5422546
5422542254
5422540
5422527
542252154
5422510
5422508
54225
5422497295w3ys3l
54224695422469
5422460
5422454
5422427
542240
54223903
5422370
5422361
542235689o
542234
5422331
5422326a
542232016
542231
542230
54222800
542226
542224
5422230
5422219
54222100
54221951
54221887623778
5422174
5422168450
5422133_flor
5422124
542212
54221186
5422111a
5422103
5422097
542209
542208
5422077
54220716
5422057
5422048
5422041
542203
542201541
5422000
5421yulian
5421rockyabb
5421oh
5421mtd
5421flo
5421ass
5421988
5421986
54219711990
5421925
54219216
542191bmw
542191
5421906
542190123456789
5421897a
5421885
5421871
542187
5421859
5421855
542185
5421847c
54218358
5421830
54218065
54218010
5421799
5421778
542176
5421748
5421721
542170
54216t
54216893
5421673
54216613
54216419
54216378
5421634
542163
5421621
54216178
54216044789450
542159
542157
542156297
54215603
5421559
5421555
5421549
5421545
54215433
54215321
5421522
5421517
54215054topo
54214980
5421495
54214845
54214758
542147
54214670
54214611
5421456
5421451
54214460235adk
54214335
54214284
5421413
54214053
5421398
542139
5421378gbabu
542136crap
542136782
5421364
5421360856183758
542134
54213388
54213375422188
54213318
5421321
542132
54213042
54212850
54212820
542126889
54212554
5421251
5421245
542124
5421231184
542122kmg
542121
542120859
5421202
54212
542119
5421187
5421178
5421172
54211695hd
5421166
542116
5421146
542114
5421138
54211351
5421127e
5421125
54211187
54211151
5421107
5421102
54211006
542110
54210kids
54210924
5421075
5421068
5421062
5421054210
5421028
54210210963852741
5421014
54210119
5421006
54210000
5420rimsn
5420ff1961
5420art
5420LA
5420990
5420963
5420958
5420952
5420948
5420919
542090s
5420892
54208760
5420861
542084531
542083M+
54208321
5420824459618722
542081
54208
5420796
542078
5420759
5420752
5420743
542073219
5420717
5420701
54206asmvc
542069
542065
5420644
5420612
54206099
542059
5420580
54205756
54205687
542056
5420546
54205420b
5420532
54205
542049
5420475
5420452
54204430
5420435
5420419m
5420416
5420412
5420400022114
5420386
5420373g
5420370
5420362508569957217
542036
542033
54203128
5420300
542029
54202829
5420261
5420234
5420233790
54202214
54202181
5420215
542020550110
54202006
54201e
5420198
5420194591.......
542019
5420178
54201645420164
5420154
54201377
5420129misdosamores
54201234
542012
5420112
54201100
5420103wael
542010
54200kl
542008anna
542008
5420079
542007
5420064
5420054200
5420032kh
5420028
5420008
5420000542
54200
542/20550110
542-0863br
541zxxn
541xrnt
541t10132.
541s27a65muel
541pud
541mob
541kornbitch
541iva56
541gary17439016
541dchold
541and14all
541als
541Puppy0756
541NVC
541DUB
5419nat
5419ce
541999a
541999
5419970
541996ivon
54199614715989
5419941234
541993((rg138))
541991b
541990l
5419908paxyta
54199032
5419900414
541988686
5419882
54198766
541986387478
5419855a
5419847575
5419841
541982LBm
541980201156
541977t
54197749
5419749
5419691168
