27776
277744
277723s
277713
277707
2776bean
2776937
277678141
27767513
2776669
2776595
277656
27763903
277633
27762987
277612
2776067
277598
277581
2775655
277561
277555
27752775
277516
2775012
2774977
27745cass
27745920
277453
27744
2774272
2774086
277382
2773694
2773550
27733
277326a
2773195
27729902a
277291
277289
2772823
27727
2772631
2772525
277232
277211
277207
2771989777
2771972
2771961abeer
27718235
277177
277168
277163
27716
277146
277130
277123
2771129451838
27711
2770rep
27708@2557
2770746179
277052
277033
2770263a
27701879
2770156
277012
2770008
276cane
2769freak
276988
27698
27697
27696
27695
2769228
276910
27689
276887
276882
2768764
276860
27684k
27683614
2768246
27682
2768022
276799
276789
276779
276775
2767558
2767408
27672537
276710
2767083
276700
2766999
2766678
2766573
2766257q
276619
276607
276589
2765615
276556
276547
276537
276531
2765194
2765
2764hjt
276492
27647
276431
276419
276409
27639ill
27638883860884
276384
2763623
27634
2763343
2763135
27631234
276311
276310
2763058
2763031907
2763
276296
276291434
2762755
2762636
27625brock
2762527
27623070
2762190
2762133
2762005
2762
2761980
2761961a
276176
2761594
2761325
276127
2761217
276118
276116
276110
2761
276080
276059
2760333
27601
276007
275ranger
275bloodsta
275988
27598
27596
27594933
27594
2759249
275911
275903276s
275896
2758686690
275860
2758545
275848846
275836106
275829
2758256
275810
275805
275800
275795
2757814g
2757697
27574168
275731
275719
275712
2757
2756959
275688
275681
275658
2756365
275627
275619
2756*
275589
275577
27555
27554267
2755269
27551
2754919
275474
275471
2754627546
275460
2754393656
2754172wasim2
275400
275399kty
2753807
275369
275360
27532
275308
27530542144
27529945
27529
27528536
2752841
2752746
2752669
2752619
27526
2752471
275235
2752280
27521a
275212
2752043212
2752004
275199313
2751987
27519842008
2751980
2751972
275192
275188kim
275182
2751700
2751689
275150cat
2751407
2751369
275134
27512
275110
2751080T
275092716w
27507
275022
275011
274fcadb78
274aud
274_rep
2749771
27496
27495
2749325
2749210
274916
27491042
274900
2748869
2748824
2748693
27486390
2748553
274830736
274822
2748124
2748078
274802
27480
274789
2747693
274747
27474
274735
2747147
274711
274705
27469
274680
274678
2746724
274668
274662
274652
274648
27464
274612
274599
2745969
27459100
2745868
274579128
27457
2745561
274551
274546
2745432
274523
274510
2745-232
2744shigh
2744abs
274498
274491
274485
27447
2744573270296
274443
274438
2743998
27438
2743782
274374
274367
274349
2743381
2743276
27432
2743155
27431
274303
274299
2742821515
274273
2742684
2742574
2742535
27425
274225
274214P
274212
274200
274195
274181d
274173
274154
2741415
274139
274137
2741353
274123
27411
2741060704
2741011
2740rat9
2740921
274084
2740749
2740506
2740423
274036
274023
273rims
273free
273999
273985
273981
2739614
27395
273935
27392
2739061
27390
2738899
2738516
273843
2738391
27383
2738259
273811
273800
273790
273786
273778
273757
273717
27371
273700
273681
27365232551419
273648
2736326
273619
273618
27359
2735810
2735702
273560
273546
273540
273529
27351987
2735092
27350
2734960bo
27349367
273488
2734789
273467
273456
27345
273443
27342734
2734058
273400m
2733couple
273376
2733666
2733533
27333
2733227332
273315
273309
273299
2732869
273280
273274
2732610
2732546210
273234
2732255
2732211
273207
2732004
2731sat
2731jimmy
2731995
2731980
273186
2731675
2731643
27315
27313645
273128
273121
273118
2731077200
273105
273102
2730dst
273089
273081
27308
273071
27306
273054
273049
2730372
2730291
27301980
273014
2730078
273002
272pAngel$
272995
27299
2729830
27297
272939
27293002
272928
272925
272921
27292
2729100
2728sex
2728bb
272898
2728862
2728817
2728652696395269
2728546
2728533
27284657
272845
272834
272826
27282528
272825
272824
272818
272811931
27281
2727vivi
2727ck
272784
272782
2727777
272767
27276499
272758
27275
272745
2727422
27273434
272727kenan
272720
2727147
272708
272706
272702
2726honey
27269393
272688
2726823
272681
27267792
272655
2726525
272649
272647
2726352
272630
27262627
272616
27261480
272610
272605m
2725five
2725951at
27259
2725676
2725636123
27254823
272538wm
2725346
2725242
2725230
272518as
27251
272508
2724972
272494
272479
272466
2724514
272443
272440
2724359
27242529
272417
272412
27241
272403
272401
2723sr
272399
272385
272369
2723657
272358
272349
2723466
272331
2723282534
2723276
2723268
2723239
272305
2723007
27230
272295
2722874
272283
272277
272273
2722556
2722539
2722530
272247
2722435
27224
272237
272230
27222722a
27222533
27222110
2722208
272212
272208
272203
2722001
272200
2721998
2721986
2721963
272188
272165
27216
272144
2721386
272134
272127
27212419
2721179
272115
272109
272105
272103
2720vr
272086
2720794
2720598
2720514
27205
2720344
272027
272021
2720189
272018
272016
2720145
2720
2719sbr
271993sugababes
2719933
27198608
271976d
2719623a
271957
27194K
2719416
2719327
271923
271921
2719150405
2719102
27190
271888
271881
2718769
2718691
271852
2718477
2718319
27182nnsh
271823
27181206
2717wood
271796
271789
271787
271772
27177
271761
2717519
2717510
271745
271729
27172717271
271724
2717226
27172
271713
271710
271706
2717013
271697
271662
271656
271650
271649
2716452
271633
27162620
2716224
271620
2716177
2716061
2716005
271596
271592
271582
27157
2715659
2715607
2715421
271529
271519
2715127
271509
2715071
271505
2714970
27149402
271490
271484
271481
271476
271464
271461
27146
27144
271431
271418
271413
271409
271404
27140
27139093
2713882
271376
2713717
271360
271347
271342
2713242
271320
271318
27131327
27131006612743
271309
271307
2712ikpv
2712929
2712885
2712773
2712609
2712500
2712482vdap
271243
271240
2712273
27122535
27122522
27122519
271221
27121999
27121972
27121962
271218dm
27121284de
271209
27120110
2712001
27120
2711po
2711980
2711966
271192kb
2711861
27118
2711706
271163
271159
271154
2711530
271148
271145
271136
2711304
27112512
27112002
27112
27111977
27111966
27111927
27111422
2711000024199
2710meat
2710988
271092z
271091luis
2710879
2710845
2710648
271055
271047
2710401
271039
271037
27102521
27102508koob
27102004
27102000
2710199447JAVIER
27101971
27101959
2710152
271009
2710002
270gurl
270cary2006
270992twj
270971
270957
270951
270949
2709358
2709315
27092603
27092527
27092519
27092307
27092009
27091998
2709198296364487
27091971
27091958
27091909
27091828
270917
27090512
2709
270894mada
270893jkt
27089329
270886687
2708831
270875
270872
27086204
2708587
270858
270851
270846
27084
27082550
27082522
27082516
27082010
27082004
27081974
270811
27081
270808813
270806mj
2707prettymom
2707ghw
2707989
2707930422
270789n
27078
270770
270762
270760
270756
270753
27074915
270739527
270738
27072552
27072548
27072539
27072511
27072008
27072000
27071977jyd
27071970
270716
270709151
27070
27069610
27069402
27068
27067435
270666
270662
270656
270652
270641
27062549
27062509
2706211
27061999
27061972
27061968
270612
270605a
27060104
2706
2705aj
270582m
270570
270568
27055300
270540
270537
27052540
27052522
2705252
27052514
270524
27052004
27051997
27051975
27051956
270517
27051
2705045and
2704mona
2704902007
2704801977569
270473
270462
270457
270454
270446
27042517
27042000
27041975
270412
2703jaxie
2703bc62
2703ad
2703977
2703922050
2703871
2703820
270372
2703627
270358
27034807
27032806
27032537
27032512
27031999
27031974
27031968
27031949amba
270315092529
270303rockyou
27030
2702ijo
270290kb
27027902
270273
2702704
2702595
270255
2702480577
270244
270242
2702328
27022526
2702230
27022008
27022003
27021973
27021963
270218
270214071984
270211
27020608
2702/rose
2701al
27019162
2701823
270175
270165
270161
27015668
270149
27012904
27012537
27012523
27012520
27012513
27012009
27012003
27011974
27011945
2701187
270115
27010517457768
270088
270076
270072
270060
270059156006
270052
2700371
27002867
270026
270024
2700174
270011
270007
270005
27/7/93
27/12/92
27/12
27/11/85hurtado
27/10/87
27/10/1984
27/04/94
27/02/95
27.9.92toni
27.12.93
27.11.05
27.01.1993
27-11-1993
27-06-94
27-05-1990
27*36*71*
26y4you
26wg22by
26vine
26trouble26
26thmay
26thfeb
26temmuz
26steve
26sofita
26setiembre
26saz8lg
26rye23
26rojal26
26rock
26richard
26redd
26r1091
26pink
26peet
26onnad
26nov91
26nov71
26nov08
26noiembrie
26nadia
26mhofhe08
26mayo92
26may98
26may1995
26may1990
26marzo2000
26marco
26mar1995
26love25
26lizette
26krjdra
26killer
26juni
26july93
26july1991
26juin
26jp27
26jandec7
26jackie
26ipod06
26inches
26hurst
26helena
26hannah
26gmgpkm26
26gatos
26fieldway
26feb07
26escalade
26elaine69
26diane
26deenero...
26dec1980
26deagostode89
26deabrilde1981
26de10de1991?
26chris
26bucks
26bills
26beau
26baki
26august06
26aug1993
26aqf2u
26aout1992
26amre07dr79
26adonis
26_lampard_26
26_02_91
26SHOTS
26MANZANITA
26Guapa
26@05@88
269sep
269mar
269MAGDA
269999
269974
26997
269952
269948
2699445
2699346
269926
2699152527
269901
26988962
269875
269873
269868
269867
269836
2698281
26982254
269809850104
269800
2698
269798
269796
2697937930
269779
26976982
2697620
26975
269739
269713
269698
269695
26968
2696607
269636638
269614
2696069
269603
269602
26960
2695934103
2695784
2695597
269545
2695393
269530
269524
269510
26947903
2694657269
26946055
2694353
269430
2694008
269393
2693890
26937821
269349
2693436
2693341
26933
2693223
269302
2692xiko.fashion
269292123456789
269272
2692656
269258
2692535
269246
2692303
2692274
269225
2692193
269219
26921173
2692007
2691jb
2691996
2691981
2691977
2691970
269192532152
269182
2691520
269150
269147
26914487
269128
269122
269111993
269109
269107
2690rc
2690628
269054
269041
2690307
269021
2690121
26901
269007
26900
268VV268
2689estef
268993
268989
268984
268952
268940
26892
268917
268914
2689111
268904
26890000
2688919
268886
2688835
268870
268869
268860
2688582
2688547
2688526885
268847
268822
268818
2688081
268806
2687883
268765200
268741986
2687327
2687273
268721
268715
268711
268705
268701
2686jets
268695
26869
2686764k
2686688
26866461
268655
268647
268625
268615
268602
268596
2685842371
268565
26855
268541158
2685368
268531280
2685228
268512
2685075
268500114
26850
268496
268487
268479315
268468
268459713143879562
268459173o
268448
268426842684
268424862
2684139750
268412
268405
268391
268374
2683548
26835
268329905
268322
268312783
268301
2682997
2682861
268280
2682751
2682725
2682679
2682621
2682534
26825011
268249385
268240
268230
2682278
2682265
2682212
268210
2682037
2681967
268185
268183
26818
2681652j
268157
2681489
2681435
2681423
26814
2681204
268111
2681073
268105
268100
2680523
268029
268012
268002
267skt
267991
2679875September
267976
267967
26796
2679513
267945
26794
26792david
26792443
2679189864
267911
2679016
2679
26789459
2678910450
267891
26788095
267879
26787
2678676
2678585
267850
267835
2678309
267826
267816
267804
267788
267775
26776790
2677566
267748
2677344
26772765
267718
267717
267700
267685
267673
26766
267655954
2676355
267622
26760812
2676062
267600
2675987
26758
2675765
267547
2675390
26752969
267510
2674babies
267489
2674866
267472
26746
26744832
267447
2674330
267419
267413
267390
26733
267321
26730
2672931
26727881
267268878
26726
2672536
2672527
2672492
2672305
26722672
2672225
2672039
2672007
2671996
2671992
2671987
2671973
2671969
2671822
267166
2671557
267145
267135
267129
26711967
267111
267100
2670greve
267077
2670647
2670549
267048
267036
267026
267019
266rxzen82
2669amoy
266989
266979
26694
266912
26690980
2669004
26690
2668977
266884
2668798
266866
266857
2668437
266830
2668271
2668246
2668024
266788
2667710lan
26676542
266753laarni
266745
2667267
2667250
266724
266720
266711
2666wrcz
2666778
2666693
26666833
2666666
2666513
2666340
2665cool
266588
2665699
266558
2665520
2665401
266529
2665
26648558
266484
26646845
2664561
26645391
266446
266442dorchester
266435225
266433
26642
266418
266408
266405903
2663945
266370
2663621
2663608
266357
266354
266351
2663429
26633648
266332
2663248
266320hh
26631891
2663126
26631
2662akyno
2662941
266290
266284
26627
26626632
26626
2662548
266254
2662537
266246
26623998
266236
26623
266228
2662147
266213
266207
2662010
26620
2661996
2661979
2661977
266187
2661827
2661626616
266160
2661439
266133
2661266
266123
266112352
2661070
266100
2660834
2660629
2660527
266046
266043
26604056
266039
266026
266010
2660002
265soy433rum
2659931
265991
265987
2659795
265971
2659533
265948
2659387
2659300
26590804
26589236
265891
265887
265874
265861
26585
265838
265836
265813
265800
2657954gks
265788752
2657734
26577
265752
2657447
26572800
265725
265721
2657
26569529
26568
265676
2656691
265666
265660
265647
26563644
265628
265624
26561
2655uqrnf
265577
265550
265545
26554
2655212
265507
265500
265490
265488
2654852
2654785692
2654708
2654632735558
265455
265444
2654338
26542894
265412
265405
2653bole
265392
265388
26538581
26537225
265369
265365263
265358
26534me
265348
2653410678
2653388
265332j
2653167
265310
265300v
2653
265295
2652923
26529*2
265273
265269
2652664
2652536
2652534
2652532
265252
265247
265243
265239
265222
265209
265201
2652007
2652
2651999
2651984
2651976
265189
2651808
2651711
265166
2651581
265150
2651484
26514577
2651311
265128
265122
2651212
265120
265117
2651077309
265105
265092
26508736
2650812
2650770
265076
265052
26505
265040
265032
265024
265021
265016
2650115
265000
2649frin
264996
2649932
2649889
264982
2649789
26497
264960
2649568
2649505010118
264945
264918
264917
26491205
2649103
26490
264899
2648957
2648792
2648762
2648618
264830
264826362753
264825
26482124
2648192
2648159753
26481379
264805
26480122598399
2647909
26479
26478255
264772
264750
2647431
26474
264735
264729
264721
264720201048
264715
264714
26470305
26469536
264690
264680
26467756
264669
264654
26464966
264649
26464626
26463693
2646258
26461987
2646179
26461637
264614
264610
26459767
2645926
26458562
2645660
26455612
264554409
264545
2645318970
2645306
26452635
2645211
264512
26450241
264488
264480
2644623
264456
2644522me
264444
2644396
26443466
264427
264422
264413311
264411
264400
26439999
264373
264364
2643590
26435700
264353
2643517
2643510
264339
2643355
2643297
2643211
264314
264311
26431
26430253
2643024
2642948
2642826428
26427041720798915
2642683
264264264
264258
2642539
2642526
26423544
2642311
264226
264217
2642006
2641998
2641981
2641975
264194
2641761
26416685
264153
264146
2641392
264130
2641239
2641169
26410906
2641082
26410
26408472
264067
264050093
264043
2640375
2640340
2640326
264016
2640060
26400
2639at
263968
263963
26395664
26394641
26393776
2639272
263926
263914
263911
263890
26388537
263873
2638517
263845
2638307
2638258
263820
26381
2637harley
263794
263790
263784
26378
2637684
263758
2637523
2637518
263745
26373959663
263733
2637327
263729
263723
26371959
2637106262580
263705
263696
26369002
263685
26367674
2636674
263663
2636586
26364656
263638
263630
263626
2636201
263605
2635keb
26359
263586c
26357582
2635680
2635482
263547
2635433
263538151
2635327
26352962
2635223
26351201
263511
263504500
263490
2634891
26348490
2634699
2634459
26343442
263429
2634124
263410
2633eri
26339904
263388
263377
2633650
2633531314
2633450
2633392
263335
263326
263313
263309
2633
263294
263288
26326745
2632548
2632535
2632526
263236
26323226
2632286
2632239
26322
2632145
2632073
26320000
2631997
2631981
263190
263188
2631840
2631772
2631717
2631689
26316
263150
2631394
263135
263129
263127
263116
26311
2631008
26309728
263085
2630781
263076
2630673
26305400
2630416
26303214al
263030
2630213
26301990
263014231
263006
262vicky
262lutrm47
262999
2629900017286
26299
262984
262979
262976
262969
2629616
262953
262945
26294359
262933
26293
262924
26292110
2629200822
26291233
262909
2629046
2628oj
2628AJJA
2628954
262894
262886
2628821
262874
262861
26285711
262847
262828
262820
26281985
262815
2628138
262803
262800j
2627n45th
262798
262791
262790
2627866
262780
262778
262749
262746
262742
262732
26272831
26272533
2627234
26272015
26271990
26271306
262702
262699
26269653
26269
262688
262679
262678
2626713
2626632
2626620
262647154
262642
26262s
262626a
2626262
2626237
26262303
262619
26261212
2626080
26260584
262604
2626010
26259215
2625881
262586
262585
26257c
2625746
2625683256
262561
262556
2625547
262551
2625410
26254
2625382
2625312
26252736
2625115
26250917
262504
2625004
2624devon
262495
262489
262488
262482
262480721
262476
262471
262462
262456
262442
262434
262431
26242702
26242512
26242123
262414
262407kidz
262404
2624012005
2624
2623emc
26239
262388
262385
262374
262371
262356230
262351
262343
26233109
262327
2623208
262319
26231234
2623085
262293
26228
26227
262260
2622547
262253
262245
2622412
2622375
26223536
2622341
262233
262229
26222224
26222033
26222
2622174
262211
262207
262201
2622004
2621998
2621987
2621983
262198
262189
262188
262181
26218
26217162
2621693
262164
26215052
262146
262124
2621198
262118
26211005
262105
2621030045
2621000
2620sm08
262099
262088
2620668
26206012
262049
2620445
2620421
2620329887
262025
2620202
262014a.
2620101
26201
262008103131
2620052
262-2750
2619960
26199429
2619933
26199
261986shtator
26198
261968
261957
26195328449
261943
26193217
261924
261913s
26191236
26191
2619046
2619007
2618james
2618972
261887
261879820
261874
261872
261866286
261857633
261835317
261831
261828
261817
261809
261806
261788
261780
2617676
2617546
26175343
261748
261742267
261741
26173440
26173108
261728
261723
261720
261716
261712
261710
26170706
2617025
261700
261699
2616934
261690
261688
2616766
261666
26166583
261660
2616592
261654
261644
261634
261632
26163
2616204
261612
261610
261605
2616001
261594
261592
2615834123
261576
2615699
2615472
26154186
2615339
2615268
26152236
261520
261516362568
261515
261511
261508
261501581
2615
261484
26148
261474
2614689
2614685
261463
261453
261450
261446
261431a1
261423
261418f
261414
2614121k
2614
261398
2613935
2613883
2613811825
261377
26137451
261361
261358
261351
26135
261340
2613330
261331
26132840
26132361lc
26131475
261312
26130023c
2612rosy
2612914016
26128962
2612768
261262
2612611878
261259
2612494
26124292610243
261242
261240
2612343
2612278724
26122518
26122516
26122390
26121973
26121969
26121962
26121952
261216ayd
26120385
2612000
2611lilaina
2611983
2611967
2611934
2611864
2611851
26117
26116920
26115k
261155
261153
26115
2611451
261142
261134e
261128082515
261124ked
26112008
26111967
26111922
2611126123
2611000
261093s
26109116
261089-15-16
26108330
26107158
261069f
2610625667
261061
2610473
2610428695
2610396
2610312rkb
26102538
26102514
261021
26101971
26101966
26101329
26101010
261003g
260poPpy
2609ash
260994libra@
260986o
260979lay
260974254
260965
260962
260958
2609552
260952
26094673
260942
260939
26093006
26092550
26092523
26092
26091966
260918
260915
26090987
260905teamo
260895lynn
2608876
260870
26085505
26085
260846
26084
260839
260833241
26082527
26082518
26082003
26081999
26081993_pauline
26081977
26081963
260817
2608120
2608*#
2607sam
260791kim
26078671
260770
2607673
260765ih
260764
260759
260753
260748
2607409
260730bl
26072802
26072526789
26072524
26072506
260721
26072004
26072001
26071978
26071966
2607191
260717
2607111
26071009
260706419162
26070274.
2606aolo
2606902535
2606682171
26066213
260655
260650
260640
260638
26063348
26062538
26062523
260624
26062
26061971
26061968
260619
2606123
26061
2605cr
260590m
2605763
260567
26056
2605588
260549
2605447
26053938
26052541
26052536
26052524
26052522
26052148
26052003
260520
260515
26051212
2605101
260505m
26050000
2604me
26049999
260495surik
26049
2604824
26048
260466
260454
260451
2604483
260447
260437
26042550
26042537
26042522
26041969
26041802
26041604
260413
26041004
26040608
260403f
2604
2603992
260384km
26036824
260364
2603558s
260350
260346
26034498
26033108
26032537
26032005
26032
26031971
26031966
26031701:-)levit
26031497
26031108
26031
26030608
2602951314
2602902
2602823213
26027347
2602719
260265
260258
2602494
26024
26023108
26022903
26022547
26022540
26022537
26022102
26022003
26021995_skita
26021989bgs1946
26021968
260217
2601jde
2601995
2601987
260187y
26018
260170
260167a
260162
260160
260155415
260154
260141
26012537
26012521
260121
26011995dai
26011967
26011929
260116
260110
26010612
2601012201
2601001
260096
260091
2600710
2600632a
260061
26005950
260052
26005
2600445
260042
26003800
260034as
260020
2600102
2600091
26/7/92
26/12/2527
26/12/1994
26/08/1992
26/03/93
26/02/2006
26/01/29
26.3.91
26.06.93
26-493
26-09-1993
26-08-2528
25ydnas
25xsu1
25wilson
25wa18
25vball
25uniform
25toyota
25tiger
25thmay
25thjuly
25thapril
25terd
25tar5
25sweet
25snoopy
25smiley22
25setembro
25sep1995
25sep
25sanny13
25ritche
25repyt
25punales
25princess
25pleasure
25peaches
25octubre1983
25nurse
25november1995
25no89
25nate
25mutong
25minutes
25milkshakes
25midge
25mei94
25may89
25may1998
25may1993
25may02
25marz
25martie
25maret94
25mar2523
25maidorinela
25loves
25lions
25leland
25kisses
25kimimissu
25kct80
25junho
25jun87
25july1993
25july03
25juicy
25jr25
25jk96
25jesus
25january1994
25janeiro
25james882
25jaar
25hermosa
25gunit
25glenina
25girlie
25foxtrot
25februarie
25feb96
25f9xeu
25erika
25emo25
25edward
25dillon
25desetiembre
25desember
25demarzode1996
25decrev
25dec05
25dancer
25cutie
25csqhlg
25cookies
25codes
25chinatown
25chan2552
25cash
25carol
25cancer
25botany
25blue
25black
25asdf
25april2006
25ao08ry88
25anne
25amigas
25abril1974
25Outobro
25JAZMIN
25DEMARZO
25DEAGOSTO
25August
259letisha259
2599lua
2599988
2599897
259984
2599699clear
259956
2599516c
259951
25993?
259936
2599345
2599303
25992810
25992099
259916
259911
2599064
2599
259890
259876
25986g
25986
259855
259853508kielo
2598419564
2598324
259816
25980you
259804
2598
259792
259781
2597759
259751
259746k
2597393
25973
259722
25972
259717724
259704
259696
25968995113
2596768255
2596728j
259656
25965
259643
25963414
259629
2596150
25960
2595996
259596
2595670
25956
259552
2595234
25952
259515
2595065
2595045
2594derek
259489
259466
259456
2594536
2594522444
259433
259429
2594091
2594028789
259399897
259382
25936546
25935
25933915
259334
259329
2593221
25932
2593136
25931
259307
259304
2593017
259297
259283
259275
2592714
25926229
2592592.926
2592535
2592527
2592386
259226
25922
259214
259210
259206
2592007
259200
2591984
2591963
25918
25916931
2591504
2591362
259134
25911ra
25911407
259108
2590975
2590801
2590744
259059t
2590441
2590334
259022
259011
259002
259000012
258mfps
258ewq
2589cine
2589abc
2589980
258993
2589741
258974
2589710
2589694
258969
258966
2589637
258963271291
25896325
2589631470
2589631
2589625
258953
258947
2589407
25893
258925892589
2589196
2589130258
25890039
2588sg
258897
258896
2588877
258885
25887
258867
258858353
258855
2588525
258852420
258852258852
258852123
258851
2588460
258841
25884
258823
2588179
258815
25880747
258801
2587gja
2587981
2587978
258795
2587946
258793
258791
258789963
258789258a
25877993310
2587767
25877355
2587696
258755
258751
2587469
2587439
258741j
258741963
258741369
2587412369
2587411
2587281
25872222
25871893
25871349
2587124
258708
2587036
2586wl
2586989
258696
25868582515569
258679
258678
258671097
2586691
258664
2586597
258656036
2586479
2586402
258630
258604
2585dream
258595
25858706kj
25858
25857
258563
258559
258556
258553597
25855
2585428692
25854092331867
2585348
2585289
258522
258515
258509
258504
2584dancing
2584924
2584844
25847976
2584769jason
258470
258469371
258468
25846506
2584625846
258461973
25845746
258456a
258456753159
2584567139
258456654852
25845623
25845613795
2584561379
258456000
258449
258447
25844
25842a
25841974
258417
258407
25840010
2583des
258396
2583912
258388
25838123
258376
2583735
258369a
258369741
2583695_20
25836910
258364
2583598
25835279
25835
2583428
2583353
25833
258323
2583192
258316
258314
258311
258305
2583019
2582AR
258290
258288
2582809
258276702
2582649
258258c
2582588
2582582
2582534
2582530
2582528
25824813301254
258246
258238
258236
258229
2582269
25822
258212
2582079
258204
2582012
2582007g
2582005
2582000
2581998
2581987
2581971
2581966
258196
258189
2581831
2581713
258167
258159753
2581595c
258158
2581488
2581479mariana
2581463
258136
2581326
2581280
258119
258113
258103
25810
2580s
2580gier
258098
258095
2580924
25808972
2580887
258083
25807007
25806694
258066
2580596
25804565
258044
258038
258035
25802b
258028
25802525
25801994
258019191
25801818
258017
25801230
25800512
2580039
2580025800
25800168
258000c
25800005
257mygal
257lord0
2579935
257981
25797823
257955
25794eu
25794
257932856
2579259
25791906
2579136
25790888
2579
257899
257895
2578894
257888
257877
25786910
25785tra
257858
257855
257853
257839
2578331
25782021
25781363
257810@@
257804
2577989
25779610
257788
257753
257744
25773807
2577324
257726
25771924
257718
25771207
257700
257692964
257680
257673721
2576610
257659
257636
25763005
2576232
257612
2576
257598787s
257592
257587
2575786
257556
257552
25754aa
257543
257537
257534
257533
25753074
2575259
2575179
2575085
2575
257499
257492
257474
25745755
257440
25742
257411
25741
257390
25738
257368
257361
2573437
2573336
257323
25732
257311
2573
2572987
257297
25728a
2572822
257273
2572685
257264
2572627131
257259
2572535
2572524
257240
2572361
2572232
257212
2572005
2571996
257198
2571971
25719297
2571900
257180
257176
2571717
2571567lmg
257151411
25714
257137
257120
2571184
25711384
2570rrrk
25708299
2570773
257068
2570541
257045
25704214660823
2570345
2570257
2570226
2570207
25701485
257002
256mnb
256994
256985
2569798
256964
25696211
25695941
2569525474
256947
2569412
2569292
256922
2569145
25690922752327
2568995
256899
256887
2568780049
25687102
25687
256863
256851769
2568479
256846
256841065
2568404
2568318
25682988
25682180
256816132
2568025
25679640
256795
256787
2567822
2567678
2567497
256744
2567385
2567380
256730
256724
2567134
256712
256702097
2566979
2566925669
256690
2566874
256678
25667696jose
256666
256658620
2566514
2566418
2566362367
256630
2566200
25661802
25661422
2566083
25660786
2566036
2565980
256591
256581985
256573h
2565717123
256569
2565680
2565589
256553
256547
2565456
2565422
256537
256532630
2565277
2565220
2565103
256504
256497
256489
25648604
25648292
256478
256474879
2564736
256464
256458
256455
256449
2564362
256431628
256425
256423
256415
256412
2564028
256401
256397
2563932
2563881
2563733
25636684
2563589
2563472
25634033
2563327
256327
25632537
2563204
256317
2563134
256309
2563077
25630260
256301
25630
256285
2562809
2562653
2562587
256255620
2562533
2562529
2562511
256250
256239232
256226
256219
256212
2562101
2562042b
2562
2561998
256198
2561973
2561963
256189
2561855
256181
256171
2561598
2561562
2561510
2561489
256143
25613772
256134
25612mum
2561223
256111
2561015
2560hiko
25608307
256082
2560703
2560671987
256062
2560511
256048
256043
256030
2560291
2560256
2560222
2560154
25601092
2560087
256006
25600547
2560018
2560
255sonlomaximo
255lz4
2559876314
255966
255955
25594672
25594
255925
255923073
255914
255906
255900d
2559
2558929
2558922
2558916
255889
2558822
2558752
2558654
255855380
25585
255845
255826
2558211
2558206
255819822
255801
255793
255791
255781
2557777
2557644
2557576
255754
2557399
255733
255718
2557049
255704
255698547
2556890
255682
255673501
255666
255665
2556617la
255656
25565357
2556528
255649
255647
255642
255633919
255626
25561304
2556110
2556030
255598
255594
2555896
25558594
2555828
255573
255558
25555553366
2555552
2555442
2555404
255533
2555202
255513837
2554989
255496
255486379001
255475
255468
255466
255458
255452
25545
255443
25543943
255437
25543
255425
255420
2554158
255414
2554089
25540
255389
2553834
255375
255366
2553641RD
255359
255355850
255352
255345
255332
255325
255322
2553201
255319m
255310615
2553030525
255301
25530
2552do
255280
2552731
25527073
2552643
2552612
2552583a
2552543
2552533
2552528
2552525525
2552505
25524allah
25524409123
255243
25524255
2552417
255225p
255224
255215
255208
255203
2552003
2551997
2551984
2551968
2551962
255195
2551875cx
255180
255172
255169
255164
2551556
2551540
25515065
255149
25514463
255137
255136
255130
255125522553
25512526
2551236
2551213
25511920
2551182641
255111
255106
255105
2551020
2551
2550755
2550654
2550558
255054
25505045027093
25505
255041
255036
2550303
25502535
25502522
25502
25501751
255014
2550100
255001
254jinma
2549986
25499126
254984
254965
254960
2549577
254955
254950
2549451
254933423
25493
254925492549
254923
2549202
2549123
254906
254901
254896
254885
254879
254876
25487432
2548685426
254865
25486
2548554
254854
254850368j
25485
254844
2548369
254834
2548281112
25482499
254820203003
2548184
2548113
254803
25480040
2547ni
2547896
254783
25478145879
2547678
254765
2547571
254744
2547331
25472517
2547223
2547190
254718832
254713905
254711
254703
254698529
2546978
254693
25469
25468892
2546825468
254681
2546789
2546743
2546727
254658
254651
25464
254631924
254628
25462518
254617
2546135213
254607
254605
25460178
2545XCDT
2545941
254589
2545856525
2545825
2545789
254577
254568
2545662
254563
25456143
2545562
254554
2545511
25454ljt
2545447
25454
254531
254526
2545183
2545151
2545140
25451015
2545084
254503
2544SEFO
254491358
254488
254480
2544742
25447315
254468
2544561
254452ohs2006
254440
254435
25442551
25442523
2544211260
254411
2544
254399
254396
2543904
254385
254379
2543716
254369
254365
254360
2543580
254356
2543395
2543290
25432528
25432
254316
254312
254303
2542mj
2542958
254289
2542877
25427172
254270
2542659
2542613
254260
2542588
2542570
2542533
2542531
2542527
2542520
254251016
2542475
25424299
254238
2542359
254226
25422538
254223
25421999
2542177
254213
254211
254210
254203
2542003
2541997
2541984
2541978
2541971
254193
2541855
254184
2541802
25417864
254178
254173
2541724
2541684
254158141528
254156
2541545
2541432
254136987
2541365
2541326
254127
2541255
254122
2541166
254110
254105
2541025410
254101
2540ohio
2540842km
2540834
2540711
254068
25406
254050
2540474
2540447
2540311
254029
25402703
254026
254023
254020
254012
254010
2540093
2540002
254
253bcu
2539god
25399743
253996
253984
253977
2539746
25397
2539648
25395665
2539488
253944
25393371
253933
25393
253926337
25392510
253923409
253921
25391995
25391230
25391113
25391
2539057
2538mook
253896
25389
2538869
2538712
253861
253858119
2538556
253851781cf
253849
2538462unitec
253842
253838
2538330
25383
25382537
253823
253821
253816644
253811974
2538066
253804413
2537nick
253799
253797312
253792228
25379
253781
2537777
2537689
253754720
253751469
253749
2537411
2537374
253730
2537242
253724
25372010
25372
25371253
2537111
253706
2537
2536987
2536911
25368931
253683
253680
253677
2536764
2536697
253668
253664477
2536619
253656871
2536558
253652
2536501
25364198
2536383014
2536360
253633
2536312755
2536275l
253626
2536255
25362538
25362528
25362516
253624
253618427
25361234
25360s
2536088
253607
2536044
25360216
2536
25359673
253592763
2535888
2535860
253583
253579
253576
253574
2535678
25356198
2535589
2535510
25354520
2535401
253538452
2535366
253535483
253532096
2535289
25352549
25352531
25352525
25352511
25352412
253523
253518
25351501
25351234
2535101
253506
253505
25350375
253499
253492846
25348520
2534789
2534772
253474
253472
253460
2534555
253451
253448
2534443
2534376
25343546
25342805
25342537
2534235
253420150
2534180
25341013
2534012535
2533ta
2533991
2533954
2533933
253385
25337656
25337214
253370
253365
25336
2533521
2533487
2533434
253335
2533339b
25333261
2533315
25332655
253326
25332550
25332538
253323a
25332
25331818
2533155
25331234
2533111
25331010
253310*
25330709
25330607
25330220
2533007
2532x{;u06duh
2532959
253293
253291
253285
253281
253275
2532711
2532702
2532641
253262
253257
253255
25325274
2532521
253245
253240
2532393
253231
253230
2532299
25322550
253225322532
25322520
25322233
25322052532205
25321991
25321821
25321513
253212211FOR
25321122
25320906
25320701
25320210
2532008
2531_001
2531984
2531960
2531929
2531864
2531821
25317860
2531750
2531645
2531628
2531563
253152
25315
25314
253135
2531336
25313152
25312552
25312550
25312536
25312524
25312323
25312208
253120253023
25311987
2531135
25311234
25311228
25311113
2531111
25311006
25310728
2531
2530nittaya
2530bird
2530923
253090
253089
25308826
253085
25308271
25307946512268
2530774
253070
253067
253056
253049
253044
25303540
25303102
2530255
253025332536
25302507
25302425
25302258
25302006
2530200
2530176
2530161
2530145644
2530125
2530116
253011180
25301103
25301009
2530087
25300352
253-0063
252smm
252love
252girls
2529kt
2529dsw7
252996
252990
2529866
252980
252978a
252974
252973
252970
25296644205209
252961
252956
252952
252948
252945
252938
252935
25293
25292929
25292549
25292536
25292523
25292511
25292500
2529222
25292121
25291981
25291812
25291626
2529157
2529142
25291234
25291207
25291112
25291010
25290917
25290801
25290609
25290508
25290139
25290000
2528racing
252890225
252886
2528810
25287776
252874627
252863
252858
252852
252850
252839
2528348s
25283333
252832
25283030
2528277
25282548
25282519
2528250
2528206
25281977
25281423
25281213
2528111
25281009
25280427
252803244
2528
2527q
2527chai
252797858
252797
252794
252787
25278377
252780
2527792
252772
252771
2527610
252758cf
252753
252741280
252740
252737
252734663d
252732
2527291090
25272725
25272519
25272510
252725089
2527226
25272139
2527200
2527191
25271504
25271308
25271010
2527100
25270814053164
2527036
2526mm
2526korn
2526amber
252698741
25269
25268788
2526812
25268
252676383
2526740
252667
25266252
252656
25265429
2526504
2526462
252645
252644
25263674
252634
2526322
2526314715
2526300
2526277
25262705
2526256
25262550
25262546
25262521
25262501jJ
2526241
252619952
2526181930
252616961
2526156
252614183
25261315
25261224
25260804
2526032517
2526025
25260
2525wd100
2525rob
2525me
2525kit
2525k
2525elaine
2525doss
2525cat
2525baby
2525anna
252597
252596
2525900
252583
2525775
2525741
2525710
2525669
2525666
252564
252561
25255l
252558
25255654
25255525
252554
25254848
25254646
25254334
25253f
25253728194
2525369
25253535
25253310
2525321
25253008
25252929
2525262
252525yus
252525t
252525e
252525as
252525Aa
2525257
25252545
25252538
25252525252525
25252514
25252481labebe
25252466
25252278
25252255
25252000
25251975
25251818
252513250
25251234
252512132
25251204
25251111
25251025
25251010
25250715
25250617
25250531
25250401
25250301
2525.
2524cc
2524999
252496
2524936
25249119
2524859
252484
252479
252476
252471489
252466
2524630
252460
2524553
2524525
252449
25244522.
2524394
252436
252434
25243
25242547
25242531
25242513
2524226
25241811
252414865
2524130811
2524121981
2524100
25240713
2524047
25240216
2524009
2524003
2523plunkett
2523997
252394
252389
2523860
25238515
2523847
252380214167
252375
2523698
252367
252366
252363
252350
25234y
252347158
25234645
2523390
2523369656
2523341
25233112
25232704
25232548
25232532
2523252
2523220
25232000
25231839
25231710
2523143
2523125
25231130
25231111
25230619
25230405
2522noi
2522mb
2522911
252290
252285
2522800
252275
252268
252266
25225911
25225833
25225570
252253355225
252253
2522518
2522507
252241
25223908
25223141
25223019
2522271123456
25222532
25222517
25222511
25222226
25221976
2522172
2522136
25221194
25221022
252206
2522046
2522000
2521naphat
2521996
2521994katytahf
2521984
2521976
2521931
2521868
252181
252177
252176
25217552
25217416j
252171
252167
252165
2521647
2521589loveu
2521546
252153
25215172
2521495
25214718
2521462
2521458
252145
252142
252139
252136
2521333
25213295
25212745
2521265
25212544
25212529
25212518
2521233
25212285
25212192
2521195
25211538
25211304
252113
25211238
2521123
2521111
25211006
25210620
2521025210
2521000
25209514
25209229
252084
252082
25208
25206747
2520617
25206100
25205765
252050
252039
252034
25203
2520259
25202541
25202517
2520234
25202152
2520163
25201475
25201313
2520125201
2520111
25200im
2520086
2520058
2520032
2520004
2520
251yvonne
251girl
251amor
2519park
2519jj15
2519JPD
25199310
2519889
2519864
25198341
2519792522
251970cw
251960
251956
251953
251951
251948
251945
2519400
251934
2519312
25192537
25192530
25192513
25192152
25191734
2519116
25191
25190000
2518love
25189631
251889
25188017
25187891
25187840
251874
2518712
251867
2518657
25186
251857
251847
25184432
251839
2518302
25182533
25182521
25182503ss
2518248
2518212
25182007
25181989
2518155
25181423
25181286c
2518120
25181010
251809
2518074
2518025666
2518
251799
25179266
2517909
2517890
2517826
251779
251775
251773
251766
2517625176
25175741
251742
251737
251735359
25173
25172529
25172520
2517246
25172343
25172248
2517193
2517161
25171221
2517036
2517
2516as
251695
251691
25168
25167537lm
25167
2516679
251655
2516434
2516381
2516371
251634
251631
2516272
25162531
251625162516
251619
2516119
25160778
25160662
25160317
251601
2515bwb
251591
251587
2515826
251571
25156787
251564
251557a
251552
251550
25154247
25154
25153364
251529
25152639
25152548
2515229
2515210
2515124
2515111
2514pick
2514jamalazri
251498525
251493
251487
2514840
2514814
25148
251476
251475
2514676
251466
2514640
251459
25145577
2514528
25145098
251446
2514312
251426141986
2514235
25142204
25141994
251419
25141305
25141106
2514077
251405
2514025140
2513bln
251397
2513945
251391
251387
251381
251376
251373
251368
251363
2513589
2513478
251345
251344
251338
251336
251335
25132s
25132516
2513220
25131960
251315
25131325
2513126
25131112
251304
2513001
2513//
2512manea
251296g
25128998
2512811
25128
2512775
2512734
25126j25126
251269
251259
25125627
2512533
2512531
2512528
2512513
2512453
25124212512421
251241
251235ju.
251233035
2512307
2512305
2512273
25122540
25122521
25122518
25122514
25122505
251219922721990
25121964
25121956
25121805
251212141591
251210
25120716
251204323
2512018
2512007
2512001
2511cam
25119910
25119709
2511901
251186nov
25118614
251184407296
2511758
251162
2511577
251155
251154
251150
2511486
2511465
251143
2511371994
2511345
25113083
2511297
25112542
25112516
25112505
2511237
251122g
25112002
25111984lfrp21
25111973
25111969
25111963
25111912
25111602
25111125
25110lela
25110407
25110162
2510moal
25109999
2510949
25109182
25109057036830
25108413x
25108332
25107400
2510694
2510681
2510619
25106
251052
251050
251049
251047
2510435
2510406
25102611
2510236
25102024robbo
25101964
25101959
25101
2510060
251002max
25100152
250sxx
250potterman@
250lbs
250bigred
2509kk80
25099603
25099048
250989eu
250988patrick
25096106
250956
2509504
25094337
25094
25093165
25092523
25092520
25092511
25092124
25091999
25091971
25091727
250904d
2508990
250894123456
250891maro
25089017
250884vc
25088200
25087
250866
25086
25085730
25085430
250849
250843
250840
250838
250837
2508287
25082538
25082524
25082514
25082009
25081999
25081972
25081966
25081961
250816
25081022
2508050
250803m
25080000
2508/219
2507ch
25079821
25078020
250772
25077
250767
250764
250763
25076039j
250752
2507406
250738
25072541
25072537
25072009
250720
25071999
2507199494
25071966
2507190
25071308
25070844
25070499
2506992
2506978kj
250691c
25068847
25068205
2506786
250663
250656
250651
250641
25063713
25063
25062547
25062539
25062509
250622cra
25062000
25061984ja
25061970
2506169
25061220
250605m
2506006
2505itayi
2505Kanchit
25059372
2505917
250588585010
25058517
25058
2505602s
2505585
250551
250549
250541
250537
25052539
25052523
25052518
25052508
25052410DJ
25052
25051998
25051964
25051960
25051811
25051502
25050728
2505022
2504ej
2504988
25049336
250485wera
2504806
2504708
25046269
250462
250450
2504426
250438163r
250433231131
25042705
25042539
25042506
25042004
25041982151981
25041969
25041959
2504153
25041111
25041036
25040687
25040508
25040127
2504
2503js
2503992
250391ccr
25038800
250379p
250371
250367
250363
250360
250357
250349
25034271
2503391
2503338
250326
25032510
250324
25031986g@ns
25031961
2503160aq
25031115
250310
25030412
25030211
2502emf
2502991
250295mdf
250271
250264
250261
25025944
2502563
250243
2502355
250230315739
25022539
25022516
25022503
250221
250220
25021962
250219
250207piss
250203EDNA
2501tam
2501chochi
2501994
2501891
250187702
250172
25016360
250154
250152
2501443
250138
2501297
25012539
25012522
25012513
25012499
2501245
25012318
25012000
25011974
2501190
250118
25011206
25010506
2501014
250095
250085
250081
250079
2500534
25004686
25004300
25003816
250036
250030
250027
25002524
25002100
250018
250015
250003
25/2/1991
25/11/87
25/11/1994
25/102008
25/09/98
25/07/92
25/03/91
25/01/91
25.january
25.10.90
25.02.1993
25-fer-15
25-11-1993
25-07-92
25*03*90
25 10 88
24zero
24yohirimar
24x3948
24womanizer24
24vinziel
24valera
24uleo
24troop
24toes
24tita
24tiger
24thmarch
24thapril
24tgo24
24terry
24sunshine
24stuby
24stacyandkaty68
24south
24smith
24skittles
24silver
24septembrie1995
24sept86
24sep1985mb
24sara
24sandy
24ryan32
24roxs
24rootz
24rockyou24
24ride
24redstop
24realestbitch
24rage
24race
24pussy
24poohbear
24pitney
24pictures
24peaches
24outubro
24ohyess
24ofmay
24octobre
24oct1995
24o597542
24nov89
24nov1990
24norma
24nicole
24ncaa8
24nasaf
24n48fan
24mustang
24monkeyz24
24mm20
24miy7
24miriam
24minn
24milbesos
24me724u
24mayo90
24mayo1993
24may92
24may2002
24may1995
24mary
24marshall
24mars
24marco
24march1990
24manny24
24mai1992
24m578
24lovejuan
24lord24
24l82528
24kiss
24kilates
24kenken
24junior
24juni91
24junho
24june1992za
24june1984
24july72
24julio84
24juli1988
24julho
24juana16
24jhon
24jewelry
24jean
24japon
24jane
24jan89
24jan1989
24isgreat
24hrsex
24hrs
24hottie
24hollie
24help
24haters
24hailey
24green
24gone
24girl24
24gaby02
24fun247
24for25
24fevereiro
24februari
24feb1989
24eyes
24eric
24energy
24eagles
24duke
24drew
24dolphins
24disco
24diego
24diamonds
24diamond
24dewitt24
24destiny
24demarzo@
24dejulho
24decembrie
24dec89
24dec1992pawan
24dec1991
24deabrilde1996
24de19992
24dch2
24dapark
24d8v7m5
24cr26
24chocolate
24chellotape
24casterton
24canine
24br68ia
24blue24
24bitch
24benny
24beautiful
24beans
24bars
24balla
24ax54=
24aug89
24ariel
24april78
24april04
24always
24ahilym11
24agos95
24a47i8
24_fire
24SEVEN
24RTSRN
24NOVEMBER
24KETIA
24INCHES
24GOYAM
24FEBRERO
24DEJUNIO
24CuTiE07
249nnkqq92
2499nui
24999924
249981650
249976
24997452
24997254
2499686
24995418
249948
24993576
249932
24992552
24992233
24992009
24991989
249919
249917915
249910586
249903
249900023393
2498979
249893876
249888
2498754
24987195
2498606
249844
2498346
24982523
2498225
249814
24981
2498000
249798989
24979
249784
249767
249759818
249752661
24972031
249715
24971
24970000
2496cell
249680
249677
249667
2496592
24964121
24963161
2496275
249617
2496
24959492
249593200
2495733
24955443
2495378
24952751
24952533
249521
24951952
249512
249510
2495051112
249501
249500
24948265
249464hb
24945798
24945
24944
249431
24941791
249407
2493xx
2493901
249366
249355
2493481
249328
2493137
2493023971
24929985
249282931
24927521
2492712
2492536
2492531
2492495
249246215
249230
249222
249219
24921307
249210
2492028
2492
2491984
2491975
249192849
249191
24919
24918343
24918093
249170
2491613
249153
2491357680
2491251
249120
2491127
249112
24910983
249105
249103
249100
2490FH
2490644
2490568
2490511
2490434
249040
2490297
249027301032521
249020
249015
249009
2490044
248nancy
248las842
248chevy
24899874
248990
248988
248981
24896677
248957
248944
248935
248929
2489191
248915unplugged
248911
24890902
24890691
24890000
24889459
248889
2488825
248879
2488722
24886tg
2488646
248858
24885
24884551415
248842as
2488422482
248836
248829
248825
248822
24882056
2488137b
248810
248800
2487sun
248795332
248790
248788
248775432
248770
24876736
248758
24874323
24873153
248729
24872426
248723
248716399
248714
248712
248710
2487036
248698235
248690
2486868
24868
248679315
248679135a
24867663
248672
24866842
2486647g
248659731
24865757
2486555
248653197
248653
248651379
248650a
248646
24864135
24864
2486359
248633
248632
248629
24862684
2486255i
2486248624862
248621
2486179350
248615975300
248615
2486112
248610
24860967
248605
2486015
248595
248591
248580
248573
2485663
24856205
24855604
2485431459
248535
24852153001a
2485151
2485053
248500
24849711
24849506
24849500
248490637
248485
2484831815987
24847
2484679
24846364
248460
24845372
2484511
24844311
2484398
248425
248422
248420
248412
248402
2484
2483910
24837852
248369
2483668
248361
248347
248340
248336
24832484
2483213
24831992
248311
24831
248301
24829jmp
2482911
248286
248282056
248275
2482631
24825545
2482534
2482469491
248246
2482403
24823772
2482312
248227
248222
248210
248202
248201
248199
2481985370
2481978
248191
248184
248177
2481719
24816782
248163264
248163
24815907
248136
2481331
24812815
248124
24811771
24811070
248106
24810372
248103
248099
248088
248074
24807
24805089
248046
2480438
2480277
24802
248017
2480157
248009
248004
248-3810
247xtr lf
247spyz
247ridge
247pop
247party
247mah
247los
247jlo
247hotty
247god
247dawn
247dancer
247christ
247angel
24799634
24799049
247989336
247981
2479788
247961
24795650
247928
24792524
24791234
24791086
2479015289
247896
247888
24788
24787807
24787
24786298
247855555
247851
247839
247835
24782
247815312
247811
2477krisbreaj
2477858
24778
2477662
247766
24774isel
247747
24774230
247739
24773446
24772628
2477251
247724
24772
247713787
247704
247700
24769
247683
24768
247678
24765454
24764970
247642
247629
2476191
2476123
24761009
2475sfd
247596
2475925
247584
247572
2475687
2475545
24755241
247541
247530
24752258
2475158
24751168
247511
247506
247503
2474per
2474907
247489
24747t
2474789xo
2474786
247478462
247477
2474739
247458
2474495
2474365
247432
247427
2474256
2474247
247419
24741636
247406
247398890
247392p
2473894
2473838
247373
2473706
24736569
247364
24736011
247357
24734541
2473364
247325
247321
247319
247311
247310
247304
2473027
24729
247285
2472722
247254
2472534
247252
2472478
2472472
24722819
24721857
247208
2472003
2472
2471982
247196
247191
24718923
247185
247177
2471660
247164
2471547
247154
247149
2471452
2471300
2471111
2471103
247109
24710461
24708lks
2470862
2470763
24707
247062
2470551868
247034
24702470
247014
247007
246xxx8x
246sert
246pol
246jazz
246dixie
246bitch
246BIG
2469irene
246999
246988
246987
24696vs
24695728
2469483
246943
246935
24693
246917
246915
24691356
24690959
246903w
2468wl
2468ty
2468te
2468ss
2468sexy2468
2468sarah
2468rock
2468punk
2468me
2468mate
2468ld
2468kw
2468kr
2468jp
2468ja
2468henri
2468guitar
2468g
2468cyi
2468cell
2468boy
2468aw
2468ar
2468aeiou
2468aceg
2468abcd
2468VE
24689sh
24689753
2468962
2468919
2468911
24689000
246886542
246880
246879135jahn
246876
24687319tj
2468710
246869
2468597
24685678
24685555
24685411
2468537
24684848
2468454
2468420
246841
24683690
24683007theng
24682whata
24682a
2468266
24682468c
246824682
24681995
24681961
2468179
246813B
2468137950
246813579b
24681350
246811622
246810s
246810jl
246810]
24681099
2468103
24681024
246810121
24680s
24680op
24680cookie
2468037
2468010
2468007
2468...
2467pors
246797
24678910
246785
24677642
246763
246758
2467474
246736
24673371
24672633
246721
24671
246697233
246694745
24668981
24668518
246681
246677
2466670
2466429
246634105
246632
24662420
246619
246614
246612
2466065
2465878
24658524
2465846
246582
2465790
246566
246558027
2465492
24654
2465368
246530
246522
2465111
246508
24650502465050
2465
2464fox
24648434
246477
246466
246464
24645295
246448
2464405
246436
246426
246420
2464145
246411
246409
246405
246402
2464
246389
246381
2463749f
2463643
24634
24632463l
2463090
2463054392
2462923197642
2462900
246288
2462847
246281
2462762
246264
24626228
246260
246254
2462538
2462534
2462524
24625200
24624832
2462442802
246233
2462290
24622462
24622020
24622
246211rty
246205
246204
246202
2462005
2461exam
24619912/1
2461952
246190
2461842
24618103
24617950
24617142
2461698
246156
24615346
24614
246133
2461288326
246124
246121
2461111
24610986
2461036684
2461023204122251
2460937
246086
2460729
246068
246061
2460590
2460530
2460465
246041
2460334
24601a
2460113
2460000
245bal
245Pat00
2459981
245995
245990
24598713
24597525
24597281
245969
24596
245947
24593485
2459302
245923
2459214
24591721
245914
245908
245907
24590450
24590097
24590/df
245890320
245887
2458815
2458700
245861
24585162
2458242
245819
245814
245812
24581
24580
245796
245793
245788
2457853
24578404
24577223_chile
2457689
245767000
2457614
2457564
2457546
245748l
245740
245739522
245727
245715
24571201
245707
24570
2456hc
2456925
245690
245689112jin
24568790
2456813579
245676
245669
245667
245658
245657
245653617
2456511
2456473
245643
2456405
245639
245638279c
245637596
245630
245623
2456123
24561
245603
24560
245595B
24559056
2455877
245586
24557
245568
245561
245556369a
2455464
2455451
24554
245531
2455260
245515
2455053
24550000
2454ash
245493
245486
245482
245480
245478
245472
245468
245455
245445
245439
245432022
245423
2454202
24541779
24541661
245414
245412
24540447
2454
245392
245389
24538569
24538
2453671
2453578
245346
2453380
2453351
245330
245317210
2453148
245313
24530953
245308
24530501
24530434
245302
245296
245290
245281
245277
2452727
2452581
245254
2452531
2452525
24525063
2452466014
24524579
2452406
245239
245236ardi
245229
2452281
24522430
2452128
24521
2452024
2451989
2451983
245198
24519600
245194
245185
2451825
2451776
2451725
245170
245162
24515418
2451532
245141
24513693
24513390
245128
245120
2451167d
245116
245112
24511
24510860
245105
2451
245088
2450768
2450616
245060404030-8
24506
245050
2450452
24503
245029
245022
245014
2450050
2450025
244wek244
244beta
244999
24499
244973
244967
24494916
244938
24492778
244920
244910
244904
244900
2449
244890
244886
2448825
244880
244878
2448707
24486516
244860
24485698
2448545
244852
24485054
24485
244841
244836
2448300
244827
24481132
2448
244783
244776335
24476695
24476
24475712
244752
2447503
244747
244737
24473
244720
2447036
24470
24468792
244685
24468
244667
244656
24465231
244645
2446365
2446341
24463143
24462048
2446158
24461018
2445tiffany
244590164t
244586
24458300
2445818
24457787
24457430
2445672
244558
244545
2445434
244539
244527
244519
24451354
244508
244486
244480
244469
24446200
244456
244449
2444463
244436
244432
244426
2444210619
24442
24440958
2443921
244387
244377
2443697
24436453
24435279
24435
2443480
2443414
244333
244330
2443265
244324
2443205
244319
2443083
244305
2442am
244294130
24428341
244280981
2442677
244264
2442534
2442532
244252
244247
2442442
244240
24423695
244232
244228
24422552
24421992
24421551
2442123
2442115
244206
2442*ID
2441982
2441949
244187
2441827
2441715
244166
2441618
244151
244147
24414101
2441332
244129
2441247
244117
244109748
2441087
244104
2441018
244098
24408429
244071
24406917
2440654
244060
24405158
2440402
244035
244031
244024
24402245
244007
243mister8
243crkpz27
243999
243991
243987170
2439825
243980
2439773
243964
24396
24393
243911
24390383
24389879
243888
243881
243862
243858
243849
243833
243828
243820
243815
243803
243800
24379
24378012
24377041
24375901
2437515
243743
243736801
243735803
243722
24372
2437194
24370898
243701
2437000
2436zx
2436alpha
243696
24369272
243689
243684
243678
243673
24367007
243664
243655
243649
243645
243641
243636
243634
24363
24362436m
24361991917
243611
24361
2436007235J
2435face
243589
24358
2435682
24356436
2435621
2435510
243547
24354
243532
24352300
2435210j
24351243
2434port
24349913
24348
243458
2434565
24345123
243447
243445
2434375
243431
243416
24341047
24341
243401
2433biff
2433978
2433942
243388
24338294
243373
2433703
243359
24334727
243344
243340
243331
24332876
243315
243304
24329769
243291
243277
24327066
24325563
2432533
2432523
243250
243243243
243230
243220
243215
243206
243203
24320177
2432
2431996
2431985
2431978
243195
243193
243190
24317c
24317149
243168
243159
2431514
2431432
243140
243137
24313360
243126
2431225
243118
243113
24310418
2430mr
2430ca
243088
24307679
2430680
2430562
243044
243042
243039
2430300
24302530
243021
24300701
243001
242shottaboo
2429m00
2429enne
24299017
242987
242984
2429752
242972
242958
242955
24295313
2429445
24294
242932
24292bby
242926
242923
24291007
242901
2428nica
2428993
242894
242890
2428833
24287424
24287
24286588
24286458*
2428582
242850607080
24284859
242844
24284
2428315
242828
242824282428
242822
242814553
24281016
24280792
2428013
2427superdude
242795
24279118
242780
242770
242766
242763
242757
24275524226
2427539
242749
24274773
242740
24273
24272775
242726
24272526
24271892
242716
242712cg
242711
2426todalavida
2426esdg
242695
242689
242686
242683
242680
242674625
242671298
242669
242666
2426628
242659
2426550
242653269
2426529ximena
242652
2426502
2426464
242644
242636666
242632791c
242628j
24261706
2426136
2426112
24260311kb
242602
2425cord56
242599
24258415a
242578
2425703
242567
24255721123
2425529
2425468
242541
242532449
24252829
2425270
24252631
242526242526
24252519
24252008
2425191
242514599
24251236
242505
2424you
2424jose
2424ja
2424ahah
2424953
242492
242487
242485
242483
242481
242477
242471449
24246868
242467
24246597810
242463
242460211
2424567777
24245166
242441
24243877
2424349
24243258
2424308
242425took
24242527
2424252526
242424s
242424M
2424245
24242424a
24242019j
24241818
2424172
24241324
24240899
242405058989.
2424008
24240000
2423luv
2423djm
2423924473
242388rubs
24238
24237801
2423627
242356
24235
242334
24232523
2423209
242320
24231580
24231
2423025790
2423010
24228820
24228292602972
24227971
242273
242271
242265
242263
2422539
2422535
2422525
2422516
242240
2422399
242237
242233
24223
2422249
242221
24221861
2422175
24221108
24221
242204
242202
2422003
2421gee
2421987
2421981
2421976
2421952
242190
242186
242164
242159
242155
24215099
242147
242143
242136
2421326
24212c
242127
242123361
242119
242109
242108
2421045282
2421000022903
2420978
24209428
242090
24208
24207517201
2420614
24205296
2420512
242046
242039
2420300127
242029
242022
24201
24200046
2419jev
241992m
241987p
2419836112347764
2419808
24197381
24197
241960
24195978
24195696
241955
24195327
241952
241949
2419357
241929
241923
2419121
241908
24190306
2419
2418Jason
2418941
24189
241888
241887
241880
241879
241874
2418727
241871
241867
241865
241864
24185
2418413
241833
2418262
2418220
2418186
241818
24181611
24181210
2417MJL
241798
2417924179
24178813
24177778
24176515
24176
24175138
2417463
241741
241737451
2417356
24172966
2417255
24172303
24171994
24171631
24171207
24171100
24171
241703
241701
241700156z
2416carol
241691
241688
24168
241674
2416704
2416635
241656984
241654
241650
241636
24163205
241622
241617rs
241616
24161313
24161101
24161
2415mama
2415honey
241599
24159309
241583
2415773
2415747
241569
2415682
241561
2415569
241550
241543
241540
241534
241532
2415302
241526
2415254
24152415j
241520
241514
2415099
2415011
2414life
241496
241494
241486
24148
241470
24146*
241453
241452
241450
241446
24144
241438
2414332
2414311
241429
241422
241419
241416
24141
24140213
241399917694
241399
241393
2413927
2413904
241389
2413862
24138299
241381
2413680
2413629
2413608
241357
2413523
24134949
241348
2413461a
241343sydneyjo
241341
241335
2413319a
241326
241323
24131691
2413157
2413126
241307....
241305lm
24130301
241302198977
241302
241301
2412xander
2412birthday
2412a
24129429
2412900
2412840
24126855
241265
241260
2412535
24125260
241252
241248
2412457
2412455
241244
241242106434251
241242
24124
2412376
24123520067
24123199
24122830
24122519
24122501
24122002
24121996squallecolt
24121967
24121959
2412194
2412128
2412024120
2412006
2411raef
2411as
2411af
2411982
2411978
2411962
2411930
24119000
24118823
2411819
2411711
241167
241162123
2411597
2411579
24115530
2411489
241143
2411407
2411300002339
24112538
24112518
24112510
2411241
24112002
24111998
2411198
24111977
24111963
2411186
241116
241113k
24111124
2411013
2410sweetjan
2410911
2410905
24108859
24108452
241082209123
2410732a
2410732
241068
241066
241061
2410588
2410531
24105029yt.
241045
241036boy
24103
2410273
24102537
24102477
2410233
24101999
24101971
24101520
24101345
24101238
2410054
241/27
240vac
240points
240bravo
2409ybybb
2409ab
24099350
2409898
2409780
240965
240962
240955
240937
24092542
24092538
24092008
24092000
24091972
240919
2409112
2408roca
2408999
2408974
2408917
240883442
2408770
240866248
240861
240859
240856
240850
24084
240830058
24082717
24082539
24082521
24082508
24082004
240820
24081998
24081973a
24081969
240815
240810
240799_e
24077trg
240771
240760
240750
240740
240737
24072539
24072521
24071999
24071975
24071965
24071956
2407195
24071410
240710320320752
24069
240679505
2406725724
240663
240652726
24064e
240644k
24063995
240639
2406300
24062516
24062513
24062498
24062004
24062
24061993m
240619783
24061966
24061205
2405joel
240581m
240559681
2405532
24054819
240540
2405334
24052521
240523
24051998
24051965
24051710
2405123
2405
2404love
2404987
24048
24046815
240463
240460
240457
240451
240439
24043
24042550
24042512
240424789
24042009
24041972
24041968
24041949
2404190
24041
24040803
24040166oliver
2403926
240390q
2403851
240371
2403679
240367
24036573
240364
2403612
240357
24035510
240349
240342a
240339
24033042
24032538
24032520
2403243
24032096
24032001
24031978
240319722
24031201
24031015
240306dz
24030308
2403011390
2402gghg
2402_xiluva
2402958
24028011145169
24027
240263
2402614
24026
240254
24025
240245
240240480
240238
240227j
2402241
24022210
24022003
24021975
24021955
2402150
240213
2402031
2402030
2401w49st
2401ma
2401admv
2401988
24019842
2401955
240191garu
2401901010
2401852
240170
240169
240166
24016
240158
240152
24014519
2401370
240128130433
24012523
24012502
24012001
24012
240119952538
24011974
24011970
240113j
2401066
2401050
24010
240098
240090
240088
240081
240077
2400741
240072
24007
24006
240053
240050
240042
240035
2400314
240026
2400073
240003
2400008
24/6/93
24/3/93
24/12/1994
24/10/1991
24/07/93
24/06/2530
24/02/89
24.377.497
24.10.94
24.035.011.8
24.03.1991
24.01.1984
24-6-1991
24-1-1987
24,1993
23yz13
23y140037z
23wind
23whwhdn
23whatever
23west
23wayne
23vf23
23vaughn
23troy
23total78
23titnin
23times
23thenumber
23teamoamor
23taylor
23takethat
23super62
23stratus
23star
23st56
23skiddoo
23sing
23shorty
23setembro
23septembrie
23sept06
23sep1990
23sep08
23secrets
23sd32
23sasha
23s11c73
23rrrrrr
23ronnie
23rockstar
23richard
23renato
23rdstreet
23rdjune
23rachel
23punky
23prince
23please
23pinky23
23pazz32
23otiv&asi
23osian23
23okt91
23octo
23oct93
23november1994
23nov83
23nov1989
23noiembrie
23nisan1923
23nigga
23nicole
23myspace
23morenyc
23monbriefwalk
23mj23mj
23mitch23
23mike92
23micheal
23meowmeows
23meadroad
23mayo1994
23may92
23may
23matt
23marzo93
23march06
23maio
23mac1958
23lynx
23lovejoy
23louise
23lornestreet
23loopy23
23lkjh
23limeclose
23lf0886
23leeward
23lebronjames
23lawera23
23lalo
23kyvpc
23kicks
23kelsey23
23kathy
23justbu
23junio1992
23junho
23june01
23jumpman
23july93
23july1991
23julio1985
23ju08$
23jordon
23jordant
23jor23
23john
23joel
23jg23
23jeff
23jared
23janeiro1986
23jan91
23jamar
23isno1
23is#1
23irie23
23hottie
23hotmail
23honey_child
23hermosa
23grumpy23
23golden
23goalie
23ginger
23gayshalae
23garcia
23games
23frogs
23forever
23fist
23febrero2006
23feb1996
23eyore
23est45
23erdf
23eggs455
23ed25td
23dork
23dj2006
23dic1988
23destiny
23desetiembre
23demarzode1994
23demaio
23dedici
23dec1995
23deabrilde1992
23dany88
23daniel
23dalaneylon
23da8819
23cutie
23cross
23coolis23
23colts
23civic
23chivas
23chicken
23chica
23che23
23chares
23cats
23carragold
23butter
23bunsAlAgAn24
23buddy94
23bryan
23bradley2
23bookie
23bitches
23bergen
23becky
23basket
23bamboo
23av23
23are-=
23april2008
23april1991
23appels
23anthony
23amy82
23amanda
23alline
23alexis
23aja004.
23again
23abril1989FATINHA
23abc
23_2_26
23SCHOOL
23O88O2e
23Molly2
23ISBLACK
23DEENERO
23CRicket!!
23Beanster4
23APRIL2005
23ANGELS
239state
239electric
239boy
239bitch
2399bexy2399
239995117
2399764r
2399607
2399419
2399259
23991321
239911
2398cd
2398974
239882
23986665
239864
2398601
239856
239850
2398416
2398261
239801
2397harveychloe
23979
239764
2397512
2397315
23972464
2397079
23970
239698
239674254
239672531
2396612
2396517
239645676
2396357
2396160
239612l
239608
23959759
23958421
2395748
2395691
23955470
2395406
2395383
239530
239526
2395215
23952062
239506
239500
2394zmz
23949073
239475461
2394657269
239456
2394494
23944
239439
239436
239418
239412
2393pimp
2393cole8
23939808
239384
239377
23937047
23935307
239346
2393333
23932593
239322
239320
23931234
239308
239304
2392ny
23928329
2392758
2392562
2392539
2392533
2392529
23925
239246
239224
239223
239214
239210
2392044449
239204
2392026969
2392007
239200
2391996
2391993michi
2391986
2391968
239192
239189
23918
23917
239151
239147
239131
239129
2391245
239117
23911
239101
2390weop
239089
239085
23908
23907632
23906
23905033
2390247
239019
239018
2390074
2390031
238wat
238k5678
238hbt
2389chris
238998
23898153
23897
2389588
238925
23891213
238909
23890
238890
23887zach
238869
238860k
238853
238839
2388369
2388359
238834
2388209
238816
238814
23881227
238807
23880
238799
238795
238789
2387758
23876493
2387307
238729
2387256
2387055
238699
23868520
23867318
238666
23865558
2386466
2386446
238640
238627
238616
23861
23860
2385zippys
2385997
238592
2385793
23857
238565
238556
23854
2385347
23852_c
238520
238517
238510
238507
238505
2384984215
238480
2384610
23845366
2384494
2384320
23842003
238405
238400
2383linds
2383913
238375y
23837
23835723
238343
238341
2383360
2383230
238312
238305
238303
2382@SD
238291
23828
2382744
2382651212726
23825
2382483
238237
238228
238227
2382120
238209
2382041789
2382007
2382
238199
2381981
23818jp
238181
238156
2381432
238125
23812140
238119
2381021142
238098
238096
238088
2380783
238074
238070
23806581
23806019
238053
2380506
238038
238033
23802922
238023
2380195
238016
23801192
23801042
238008
238001
237DS128
23799674
237985
2379730
23795816
237951
23793733
23793639fc
2379256
23792142
2379187
237916
237912
23791027
237901
237900
2378fm
23789401
23789200
237885
237868
237858228
23784839
23784667
23784262
2378407
23783
237825
23782378k
2378224
237819
23781065
237801
2377house
23779496
23778657
237780
23777076
237769
237756d
23774
237734a
2377216
237717632
237712
2377078
237701
237681
23767
2376559
237650
2376423
2376273
23762469
23760kid
23760
237586
237584
237576
2375714
23756
237548
237526
237519
237512
237508
2375001
2374boyz
2374908
2374518
23744704000123
23742435
237421
2373kt
23738123
237376
237372
2373651
2373573
23734231
23733173
2373252
23732111
2373189
237314
237310
23730581
23730352
237290
2372825637
23727834
237277
237271
23726cj
237260
2372590
237245
237239
23723615
237236
237229
23722
2372006
237200
2371db
2371997
23719930
2371979
2371964
2371828
23718
237172
2371464
2371410
23713s
23713403
2371331
23712371
237122
2371201
2371181
237112
2371095
237106
2371031191
23710
2370944
2370896
237082
23707452
237068
2370527
237049
23704
237035
2370205
23701825t
2370093
2370
236eddyyang
2369n199
236992
23698285
2369756
236967
2369523
236943
236935
236930
236928
23691553
236902
2369-6
2368984
2368947
236888
23688216
236868
2368629
236854
236848
23683548
236830
2368185***
236809
2367pooh
2367918
236773
2367714
2367651
236752
236750
236735
236726
236710
236691
2366799470
23667
2366654
236655
236650
2366462
236643miles
236639
236633
2366311
23662532
236612
236608
2366044
23660
2365k
236599
23658907
23658205
236577
236573
23657
236563
23656
236557
23654aden2090
236548
236542
2365393
2365326
2365196
236518
2365102
236503
236492
23649
2364824
236476
236473184
236470
2364578
2364548
2364523
236449
236444
2364330
23642578
236422182
23641960
2364155
236410
236401
2363apts
23639317
236384
23637702
236373436
236371
2363696
2363664
2363648
2363625
23636
2363560
2363559
23635305tyvlkjr
236350
2363487
2363456st
2363422
236332
23633
236320
2363188
2363133
2363114
2363068robito10
236302
2362984
2362933
236282528
2362814
2362776
2362728a
23626243
236258
236256
2362535
236253
23625139
23625087
2362477A
236245
236241
23623894
23623648xiuky
2362326
2362255
2362227
23621460
23621396
23621077
236206
2361999
2361986
2361981
2361966
2361930
236190
236185
236163
236159478
2361574
2361516
2361417944
23613915
236134
236131
2361263
236119
2361161
23610561
2361028
2360959
236095
236088
2360829
2360713
236069j
2360660
23605i
236050522
236036
236030
236023
2360179
2360147
236010
2360052
2360
235spruce
235lcacz65
2359sami
2359927
2359894
23598233
235981
235978
235965
23596132
2359561
2359533
23594
2359399
23592923
2359236
2359142
2359129
235912
235901
2358916
235886
235884
235882
235881
2358714ms
235870
235860
235858
2358467
235843
23584
235836
2358339
23583
23582358s
2358225
23582100
235816
235811
235801
235793
23578963
235785
235781012
23578
2357793
23577603
2357725
235771656
2357701
235759
235745
235735
23573
2357259
235723
235721
2357184
235711131719
2357053
23570253
2356golf
2356P00
235693
2356913
23569
235689oi
2356891
235684
235678060306
23567594210
2356737
235672
235669
235664
235661
2356526
235652
23564885
235647
235644
23564123
23563a
2356333
2356290
235627
2356256356
235624
235620
2356140
235610
2356057
2356028835
2355stroy
2355930
2355896
235584
2355790a
235568479
2355665
235557
2355529
235538
2355331
235531
235528
2355231111
2355225
23552
23551622
235512
2355100
23550607
23550
23549990
2354940
235488637
235485
2354807
235474
235471
2354688
23546577
2354632
2354614
235442
23544
2354355
235434
235432
235428
2354219
23541add
235418
235413
2354051
2353938
2353884
2353819
23537603
2353699
2353647
23536268
235359
23535062596883
23534905
235345
235334
23533150
235331123
2353271
235325
235324
235318987
2353094
2352pw!!
2352cd40
235295
235290
23528235
235280
2352748
2352645101
2352624
235255
23525352
2352532
23525249
2352433
23524
235237
2352321
235229
235225
235223
2352213
2352184
235215
235208
2352008
2351986
2351982
2351980
2351958
235194
235187
23518407
23518
235169
235161
235157
235151
23514964
235144
23514
235134
2351258
2351209
2351200536
235114342
2351065
235100
2350sw
235090
235086
2350821
235080
2350698
235061
2350595
2350522
235044
23503lfl
23503539
235026
2350202
235014
235012
2350045
235002
2350000
235/Tor60na14do.
234xyz
234wer
234was
234marvinteamo
234kika
234fra
234eva
234cookie
234baby
23499203
234980
23497969
23497292
234962
234950
23494499
23494
23493647455405
234923
2349151
2349131
23490hwy16
234908
23490
234898
234885
234877
234866
23486
234859
2348475
234835
234828
2348164
234801
2347888
23478270
234782
2347701
2347612
234745
23474119
23472a
234728
2347172
23471620
23471
23470
2346973
23469626962
234687
2346810
234680
2346766
2346751
2346614
2346564
23464
234637
234629
234625
2346181324
2346129z
234609
234603
2346
2345mj
2345hec
2345chriswifeuknow
23459876
23458951
234579801600
2345782
234572
23456m
2345695
234567m
23456789m
234567898
2345671
2345665432
23456184456
2345616
2345555
234553
2345432
2345421
234539
234534
23453
2345263
2345250
2345234
23451987
234518
234516
234515
2345118
2345102
234510
234505
2345006
2344Tospaga
2344854
234468
234458
2344541
23444662
2344360
2344321
2344152656
234415
2343957
2343911
234382t
234372
2343686
2343664
2343640
234356
234353
234348
2343432
2343415
23433888150293
23433449
234330
2343273
234325
234318
234311
234309
2343031
2343
234296n
234292
234289
2342855
234280
234272
234266
234256366
2342537
234253025122532
2342524
23424839
234244
234241
234237
234234234432
23423308
2342304
23422285
23421968
234202
2341981
234195
2341940
234189
234188
234187
2341819
234178
2341665
234162
2341596
2341566842
2341459
2341411
234139
234136
2341285
2341210
234120
234118
2341169l
23411379
2341111
234104
2341029
2340967
2340925
234087
234084
2340705454
234062
234044
2340361
234026
2340243rn
234011
2340
233yeah
233phuket
233KEY
23399
2339878
2339687
2339511
23394
2339359
2339160
2339159
2339092
2339045
2338pakang_ll
23389285
23388
233871
23387
2338632
233860
2338571
2338514
233844
2338347
2338290
23382411
2338140
233805
2337beep
233798
2337914
2337806
23375291k
2337363
2337337
233723372337
233704
2336sc08
2336931
2336851
2336808
2336791
233675
2336718
2336680
233661
233656
233650
233638
233635
2336221
2336191745c
2336106
233608
233605
2336001
2335909
233580
2335791
233570
2335639
233556
233552
2335492
233544
233535
233533
23353001
23352608
233523
2335117
23350812
23350421
2334kids
2334PR
233495
2334918
23349
233488
2334731
233464
2334623
23346020
233454
23345232511934
2334455
23344367
2334321
233430
2334266
233417
233415
2334124
233407
2334022
2333mj
2333943
233383
2333703509
2333684
2333643
233354035
2333448
233339
233334
23333333
2333323
233328
23332333h
23332132
2333184
2333123
233307
2333018
233295
2332933
233292
2332905
2332866
2332841
233276
23326907
2332658022
233261
23325757
2332537
2332527
2332524
2332441
2332423
2332419
233239
233233008
233226
23322532
2332216
233219
233217
2332149
2332129
23321078
2332077
233204
2332009
2331981
2331970
233192
233190
233182
233179436
2331769
233163
23316
233152
233148
233145
2331403
233138
2331331
2331292
2331276
233125
233121
23311
2331024
2330990
2330986
233087
233078
233077
2330524
233046
233039
233038
2330320
23303
233027
233018
233004
232stang
232joo
232babe232
2329862
232984
232982
232970h
232967
2329630
232952
232951
23294394
2329301
2329290
232925
23291665
232909241452
2329008
2328beau
2328922623
232888
232884
232877
232875
23287479
2328654
232859
232853
23285
232836
232833
232832
23282529
2328212
23281428
232809
2327debbie
23279828
2327927
232790
232785
232781471
23277j
232777
232771
232768
232761
2327534
23275
2327438
232741
2327333
232728563
23271924
23271504
2326beam
2326aa
232693
2326907
23268805
2326833e
2326777
232673
232671
23266843
232654
232650
23264808
2326430
23264
232638
23263
232629asawa
23262930
232620
23261990
23261830
2326162
232611701
23261163
23260a
23260312
2325jpmg
232597
2325897
232587
232585
232580
2325746
2325716
23256811
232566
2325604
232558
23255406
232548
23254477
232543
232541
23253529
23253225331617
2325313
23252920
23252804
2325262
2325258
23251982
23251457
232512292
23251
23250123
2324south
2324pj
2324989
232495
232493
2324898
2324848
23248
2324733
232459
232452
232445
232443
23244
23243299
2324257
232425262728
23242510
23242423
232419
2324189
2324135
23241314520
2324110
23240825
2324007
2323sss
2323s
2323jb
2323clk
2323ak
23239977
232395311
23238X
23238266
232381
2323749
232367
232365
2323557sha
2323542
2323500
2323446
232336
2323341
23233194
23233030
23232t
232328
23232534
2323251
232323t
232323f
2323238
2323232k
23232315
23232121
23231990
23231987
23231728
2323153
2323133
2323124
23230810639929
23230507
2322grand
2322958
232289
2322823
232278
2322705
232265
232259mh
2322575
2322538
2322523
232249
2322452
232239
232236
232230
23222675
23222522
23221979
232214
2322108
23220827
232206
2322005
2321kpkc
2321998
2321993d
232199
2321988
232198
2321972
2321957
23218629
232182
23217885434
232172
2321703
232168
2321609
232159
232155
2321463
23214567
2321443
23214
232136
232134
232130
232125006m
2321231
232120895
23211755
2321130
2321054872
2321044879
232102293
232098
2320934280
232077
232063
23206
2320483
2320403
2320298
2320281441
232026
232024
232019
232015
2320141jlv
232013
23201058
2320095
2320020889
231zx0
231reform
231_jen
23199l
23199374
2319879
23198316
2319761
23197
2319670
231964
23196
2319573
231952
231949
23194711
231935
23193
23192104
23192006
231918
231915
2319107
2319074
2319011
2319004
231899
231897
231891
231881
23187403
231856
2318536
23185
231847
231845
231831
231825
23181823
231816
231810ee
23180117
2317me
2317fer
231792
231787
23178596
231778
2317728
23176176
23175486279226
231750
231745
2317408
2317392
231736
231733
2317305
23172627
2317222
23171723
231715
231701
231693
231690
231688
2316859
23168231
23167
23166
231653
231649
231639
2316330
2316250
231623162316
23162
231615
2316123
2316112
231606
2316043
2315aabb
2315971
231595
231592
2315899
2315831
231578
2315681
231566
231562
23155
231541
231536
2315321
2315299
2315261
231522
23152
23151925
2315122
2315090
231508
2315073
2315041
2315022j
2315007s
2314mm
2314954
2314945
2314921
231491
231479
2314723
23147
2314628
2314567
231453
2314473
231441
2314366
2314357d
231435
231433
231430
2314264
23141730
23141259
2314108
231402
2313jr
231393
231387
231380
231374
231368
231362
231358
2313562
2313423134
2313353
231332
231330
231323r
2313202
231316
2313128
2313120
23130707
2313024
2312sa
2312991
23129525305574
2312929
2312881
231285a
23128380
23128099
231275wali
231264
231255860j
2312537
2312531
2312520
231245899
2312436231
231242
2312369
231232231232
2312300
2312290801
23122549
23122518
23122388
23122305
23122012
23121973
23121968
23121954
231215
23121223
2312119
23120621
2312009
2311kiss
23119986
2311984
2311966
231192b
231190he
23118818186490
2311871819585981
231184cute
2311817
2311799
231170
2311580
231156
2311543
231153s
231150789
2311469
231141
2311357
2311321
23113
231129310533
23112539
23112516
23112003
23111998
2311199
23111971
23111968
23111961
23111910
23111123
2311025
2310951335
2310921
231091a
23108917
231085l
2310830
2310777
2310775664
2310765551
2310728
2310719
2310709016
2310669280
231064
2310625752
2310555
231053537
23105159
2310501
2310445169
2310444640
2310424654
23104
2310321313
23102549
23102538
23102518
2310242
23102010
23101998
23101968
23101964
23101962
23101804
231017
23101497870
23100608
23100000
230meggie
230forever
230bucks
2309jjck
230992primaveralove
230991ela
23099
23098089
230962
23096
230953
230948
230931080606
23092930
23092538
23092516
23091987s
23091972
23091969
2309193
230915
2309140634
2309097710478
230903120512
2308pink
2308angel
23089
230885a
23087899
230870
230866
230859
2308545
230851
230847
2308458111
230839
23082551
23082539
23082519
23082308x
23081999
23081973
23081965
2308055
23080000
2307pm
2307pang
2307foxy
23079100R
230788c
23077
230763
230760
230755
230747
230741
230738
2307307
23072540
23072525
23072521
23072517
23072006
23071967
23071959
23071809
230715
23071408
23071003
230703182
2306jts
2306944
230690tierney
23068800
230681**
23067
2306630
230658
230654
230651
230643
23063yo
23063207
23063008
2306264
23062531tam
23062005
23061996jemima
23061967
23061951
2306142
2305xr
2305md
2305leah
230590121265
2305894
230579091
2305648
230558
230552i
2305456
230530120331
2305266
23052551
23052519
23052514
2305207
23052005
23051987jm
23051976
2305196
23051208
230501ru
2304lc
23049512
23049400
2304900016
230487p
2304843
230476648
230470832
230463
230458
230450
2304490
23043158
23042517
23042009
23041997
23041971
23041968
23041963
23041404
23041186
23040991anca
2303me
23039407
2303901
230383emb
23037931
230374
230366
23036
230359
230357
230354
230348
230340
23033
230325692005
23032538
23032527
23032521
23032307
23031985m
230318
230314123
230307t
2303,add
2302velvet
2302bo
23029591
23029279
23028679
23027808
230274131075
230271
2302587
230255
2302535
230249
230245
230238
2302301
230229
23022514
2302234
23022004
2302197577
230214c
23021206
23021189
2302100
23020412
2302013
2301pa1707ma
2301amore
230193boda
230191dm
23018
23017
230163
23016
230150
230146
230139k
2301323
23012908
23012541
23012539
23012522
23012518
2301210
23012
23011978
23011966
23011903
230118
230113
230112
23010366
2301//
2300hola
2300996
230092
2300844
230075
23007
23006505
230057
230055
230045
230036
23003
230021
230018
230012
230008
2300070
230-8581
23/7/1994
23/5/94
23/5/92
23/2/94
23/10/95
23/09/1994
23/08/85
23/08/1991
23/06/90
23.jordan
23.7.1994
23.09.92
23.05.95
23.02.28
23-09-94
23-07-1986
23 vanessa villa
22yyxx
22yellow
22ww33
22william
22weed
22wags
22varsa
22twins
22tuttokenor22
22tommy22
22timothy
22they
22texas
22tasha
22sylvia
22stupid
22sony
22solara
22sofia
22snickers
22smc324
22skinny
22simple
22silly
22sheep
22shane
22sexi
22sept
22sc2213
22sassy
22sara24ismael
22s1992
22s04d1992m
22rush83
22rozez
22roma
22rock22
22ricky
22reyes
22ravens
22random
22puppy
22princess22
22player
22photos
22people
22pabloh
22outandbad
22orange
22omar
22ofjune
22octubre1997
22oaeMoir08
22nuts
22nov96
22nov85
22nov2007
22nov1994
22noodles
22ninja
22nick22
22ndofjuly
22ndjune
22myspace
22morocco
22monkeys
22mom33
22milo
22michael
22mei2008
22mayo2005
22mayo1987
22may1994
22may02
22mary22
22mark
22march93
22march1989
22mar89
22manyspots
22manarang
22maio
22mai1980
22madison
22lunas
22loves47
22lovelie
22lopez
22logan
22lime22
22leskm22
22late
22kralc
22kobe08
22kina
22kiki
22kayliec915
22katie
22junio1990
22juni00
22june90
22jun2005
22july07
22julio90
22joshua
22joie
22john
22jenny
22jcmcmb19
22jason
22janeiro
22jan88
22jan08
22jamie
22james
22iv79
22isgood
22iravem
22inch
22horses22
22hg6851
22happy
22gsxc
22georgia
22gangsta
22frog
22four8
22florin22@
22felix
22feb80
22errewaymina
22eric
22elephants
22eeznyl
22ee22
22dogs
22dios
22diciembre1991
22dic93
22dexter
22deuces
22deoct
22dejuniode1990
22dealer
22danica
22dalena
22da1010
22cynthaya
22cskeet
22cows
22coolwhip
22cole
22chloe
22chick
22chance
22cesefske
22cats22
22casper
22callie
22cake
22buchan
22brown
22bright
22brenda
22bradley
22boner
22blue22
22bitch
22bella22
22beautiful
22bd46Y?
22balls
22babygirl
22azul
22avenue
22april1992
22anthony
22andrea
22amorosa
22alexandra
22ailec10ozar8927
22adam
22abril2006
22aa22
22_kykyata
22Tania
22SHAWN
22PRetty$$
22PLAYGIRL
22OCTUBRE
22MARZO1991
22Koser7
22Joshua
22HOOD
22GlenE
22DESEPTIEMBRE
22BABY
22@wark
229girl
229b5e14
229999
229990
22996803
22995sele
2299562
229952
22994
22992299M
229919547513
22991285
229907
229904
229901
229899
229891
229888
229872
229862
229851
2298426
2298296
229825
229814
2298123
229804
2297bj6422
22979
229783
22975810
229750
22974521
229728
2296izan
229697
2296929
2296885
229686270
22968414
22967270
229666
22965229
229644
229633
22963
229621
2296179
229608
229596
2295855
22956817
2295650
2295554
22953339
22952925
229523
22952028
22951215
229508
2295001
2294girl
229485147
22947666
229443
22943431
229428
2294222
229412
22940814
229404
2293dic
2293923
229391
229370
22936350
229351725
22934
22932mks
2293154
229304
229300
2292kkc
2292996
229298
229282
22928
2292537
2292531
2292466
22923793
229223
229215
22921
229207001
2292042
2292015
2292007
2291RP
2291972
2291944
229189
2291789
229174
229166
229154
229146
2291435
22913580
22912515
22911991
229110
229103
2290pablo
229097
22908
229074522
2290620
2290583
229048
229031
2290277
2290121
22901
229007
228west
228hejia
228girl
2289mb
228979
22896pink
2289669
228956
228939200
22893
228921
228903
22890087
2288m
2288chica
2288995
22889900
2288934
2288888
22887y
22887467
22886688
22886031
228859
228856
2288430770
2288426
22883924
228836
2288336
228832
22882530
228820
22881531
228809
228805
228803
2287ph
2287ac
228785
2287791
2287722
22877
228764
228757
2287502
22872692
228720
228714
2287079
228703
2287007
228695
228689
22868
228678
22867
22866495
22864868
228641
228632
228620
228614
2286122
228607
228603
2285morgan
228590
22858703
2285822640
228578
228570
2285468
228536
228532
228527
228519
228516
228511
228501
2284ever
22849
228485
228479
228462
2284560
228452
228439
22843
22842863
228425
22842043820
228417
22841
228407
2283al
228396
228393
22839
2283888
228371771
22835488
228344
22833956
228325
228323
228312
2282nl
228299
228291
22828jj
2282882
228278
2282715
228269
2282592
22825466
2282526
228252
22824845
228244228
228239
228225
22822381
22821656
22821178
22820989
2282045
228201990
2281goldo
22819903028825
2281984
2281970
2281957
22819161236
228189
228181
228169
228164
2281610
228153
22815
22814320
2281314
228121
228113
228103
228101994
2280873
22808022
228070
228063
2280587
2280554
2280495
228044
228043
228036
228027
22801gopage
2280171
2280091
228008
228003
22800080
227yeuvf87
227blue
227990
227987
22798371
227963
227961
22795447
22794bnho97153a
22794
227927
227910
227900
227898
227889
227882
22787313
2278707
22786109
227853
22785100
22784515
227842
22783554
22783
227826976
227823
22782
2278108
2278050
2277jeff
2277cars
22779922
227797
22779125
227786227786
227783
2277788
2277702
227765oscar
22776
2277510
2277481
2277382
227729
227719
22771515
2277136
227708
227706
227701
22768bday
22768
227671
227663
2276602
22765sin
227653
227640
227639
227635
22763
227622h
227620846477399
2276191
22761852
227614
227612
227604
2276018
22759128
22759
227576
2275725
227567teamo
2275607
2275482
22754774
227546
227538
227531
22752pcreaturesw
227526
2275193
227511
227506
227499
2274828
2274722747
227470166
227466
227454699
227451
22745
2274387
227429
227426
22742
227417
2274105
22740413
227401
227400
227397139
227391
22739
227378
227368
2273603
2273537
227349
2273350
2273274
227320
227301
2272ruth
227299
227294
227285255
22728224
227275904
2272727
2272671J
22725732
2272536
2272532
2272526
227248
227242
2272365
227235566
22721713
2272079
2272007
2271999
227199
2271975
2271970
227194
22717145
227163
2271591
227155
2271414
227138
227136
227135
227132
227126
227122
2271053
2270faz
227096
227086
227077
227074
22706m
227060
22704LOVE
227038
2270322
227025
227014
22701076
227008
227002
226kath
226amy
2269998m
226991
226985
226977
226973
22696jmo
2269677
226965
226953
22695162
226945
2269417
226934
226929
226921tn
2269143
226908
226903
226895
226891
226889
226870
2268677
2268595
226855126
22684007
226836
22683
2268293
226815
226811
226808
226801
2267b2b
2267935
2267896
226786
226784
226772
226760
226745
22672008
226711
226706l
2266952
226691
226686
22668488
2266783
2266766
22667
22666847
2266622
2266523
226645
226641265
226630
226621
226616
226608
2265hoperob
226590
226578
226576
22655
226547
226534
226530
22652
226511709
226500
2264985
226491
2264876
2264761
226468
2264641
2264637
2264477
22644
226438
226430
2264275
2264226
226414
2264104
22639
226380
226373
2263599
226351
226349
226326
226321
22631515
2263109
22631
226305
2262njd
226298
2262937
22629
2262859
226278
226267
226266
226259
2262567
2262510
226247
226237addj
2262346
2262329
2262321
22622831
226224682624
226217
226209
226208
2262005
22620
226199
2261981
2261976
2261970
2261963
2261958
22619
22618388
22617357
2261586
226156
22614053
2261313
226124
2261225
22611590
22611444
226112
226110
226101
226096
226092
226083
2260781
226068
226062
226060
22605969
2260449
2260421704
2260323
2260207linda
22601431
226008
226005
226003
225t116
225nik
225girl
225brian225
225bigdog
225baby
225NIGGA
225BOY
2259901
22599
225982
22597865an
22597083
225970
2259663
2259614
2259602
225959
2259538
225937
22592343
225921
22591m123
22591076
2259063
22590557
225898
2258963
225894
225891
22588703
225882121
2258791
2258683
2258617
22585115
2258412
2258406
2258399
225830
2258278
225821
22581912
22581256
225810
22580em
2258003
22580000
225798
2257892
22578116
22577777
225770
225769
225759
22575441
2257530698
22575
225740
225738267k
22572k
22572531
22572
225710
225708
